142
3236 5028 17638839 0 1260 400 351
3428 4998 17638849 1 1260 400 382
3541 5056 17638859 1 1260 400 394
3665 5135 17638869 1 1310 400 397
3945 5229 17638879 1 1370 390 405
4243 5429 17638889 1 1420 380 392
4553 5595 17638899 1 1470 370 376
4855 5738 17638909 1 1460 390 363
5075 5900 17638919 1 1450 390 359
5240 6061 17638929 1 1440 400 361
5376 6180 17638939 1 1430 420 363
5455 6271 17638949 1 1420 420 363
5496 6332 17638959 1 1420 430 359
5506 6363 17638969 1 1400 450 329
5483 6375 17638979 1 1400 460 312
5437 6353 17638989 1 1390 460 317
5366 6280 17638999 1 1390 470 330
5280 6173 17639009 1 1380 480 351
5184 6017 17639019 1 1380 490 367
5097 5813 17639029 1 1370 500 391
5025 5576 17639039 1 1370 510 397
4964 5294 17639049 1 1370 510 418
4918 5007 17639059 1 1380 510 431
4878 4718 17639069 1 1370 520 461
4847 4431 17639079 1 1370 520 491
4826 4130 17639089 1 1370 520 510
4814 3845 17639099 1 1360 520 519
4793 3570 17639109 1 1360 520 533
4767 3350 17639119 1 1360 540 545
4700 3166 17639129 1 1350 540 570
4612 3005 17639139 1 1350 540 606
4510 2899 17639149 1 1340 550 624
4412 2841 17639159 1 1320 550 636
4345 2814 17639169 1 1320 550 595
4299 2837 17639179 1 1310 560 477
4299 2923 17639189 1 1310 560 316
4340 3052 17639199 1 1300 560 10
4536 3471 17639230 0 1270 560 91
4870 3874 17639240 1 1270 560 251
5012 4006 17639250 1 1270 560 344
5151 4109 17639260 1 1260 560 386
5287 4150 17639270 1 1260 560 397
5397 4150 17639280 1 1260 560 413
5489 4121 17639290 1 1270 550 418
5568 4038 17639300 1 1270 550 420
5628 3912 17639310 1 1270 550 431
5673 3757 17639320 1 1270 550 449
5707 3624 17639330 1 1270 550 460
5746 3579 17639340 1 1270 550 501
5801 3592 17639350 1 1290 560 518
5866 3657 17639360 1 1290 560 533
5928 3785 17639370 1 1290 560 564
5972 3955 17639380 1 1300 560 588
6005 4109 17639390 1 1300 560 613
5998 4240 17639400 1 1310 570 636
5961 4357 17639410 1 1320 570 646
5905 4395 17639420 1 1320 570 649
5842 4353 17639430 1 1320 570 647
5761 4259 17639440 1 1320 570 586
5668 4130 17639450 1 1320 570 496
5618 4020 17639460 1 1320 570 284
6519 4024 17639580 0 1350 550 175
6553 3901 17639590 1 1350 550 264
6545 3888 17639600 1 1350 550 338
6526 3851 17639610 1 1350 550 404
6526 3799 17639620 1 1350 550 461
6543 3752 17639630 1 1340 560 485
6574 3718 17639640 1 1340 560 507
6633 3693 17639650 1 1340 560 517
6730 3720 17639660 1 1350 570 513
6851 3820 17639670 1 1350 570 516
6977 3970 17639680 1 1350 570 515
7078 4134 17639690 1 1360 570 526
7162 4275 17639700 1 1360 570 537
7195 4400 17639710 1 1360 570 546
7185 4494 17639720 1 1360 570 557
7145 4544 17639730 1 1360 570 561
7073 4566 17639740 1 1380 580 567
6979 4517 17639750 1 1380 580 572
6871 4381 17639760 1 1380 580 600
6760 4187 17639770 1 1380 580 627
6697 3985 17639780 1 1380 580 638
6666 3781 17639790 1 1380 580 644
6687 3655 17639800 1 1380 580 650
6746 3582 17639810 1 1380 580 668
6831 3566 17639820 1 1380 580 691
6945 3604 17639830 1 1380 580 697
7065 3677 17639840 1 1360 580 694
7209 3822 17639850 1 1360 580 694
7368 3984 17639860 1 1360 580 702
7514 4158 17639870 1 1360 580 684
7642 4328 17639880 1 1360 580 656
7758 4497 17639890 1 1360 580 644
7833 4610 17639900 1 1360 580 638
7869 4686 17639910 1 1360 580 638
7880 4696 17639920 1 1360 580 636
7870 4666 17639930 1 1380 590 655
7840 4610 17639940 1 1380 590 667
7796 4453 17639950 1 1380 590 664
7769 4262 17639960 1 1380 590 662
7745 4048 17639970 1 1390 600 664
7745 3908 17639980 1 1390 600 666
7761 3853 17639990 1 1390 600 694
7810 3853 17640000 1 1390 600 697
7898 3920 17640010 1 1390 600 690
8012 4053 17640020 1 1410 590 678
8139 4232 17640030 1 1420 590 671
8260 4427 17640040 1 1420 590 655
8376 4599 17640050 1 1420 590 645
8453 4755 17640060 1 1420 590 630
8484 4879 17640070 1 1420 590 627
8484 4945 17640080 1 1420 590 625
8453 4973 17640090 1 1420 590 630
8398 4961 17640100 1 1440 600 630
8328 4929 17640110 1 1450 590 628
8272 4884 17640120 1 1450 590 630
8236 4847 17640130 1 1450 590 630
8213 4824 17640140 1 1460 580 627
8205 4811 17640150 1 1460 580 627
8200 4796 17640160 1 1460 580 628
8200 4772 17640170 1 1470 580 639
8219 4693 17640180 1 1470 580 650
8242 4579 17640190 1 1470 580 673
8270 4437 17640200 1 1470 580 679
8298 4259 17640210 1 1470 580 687
8322 4057 17640220 1 1470 580 688
8343 3846 17640230 1 1460 580 684
8353 3629 17640240 1 1460 580 690
8336 3409 17640250 1 1470 590 694
8301 3118 17640260 1 1460 600 691
8226 2805 17640270 1 1460 600 725
8135 2477 17640280 1 1450 600 752
8032 2185 17640290 1 1450 600 761
7923 1926 17640300 1 1440 610 758
7807 1690 17640310 1 1430 620 751
7687 1596 17640320 1 1430 620 745
7568 1608 17640330 1 1410 630 737
7433 1692 17640340 1 1430 630 725
7288 1841 17640350 1 1430 630 713
7138 2071 17640360 1 1430 630 667
6995 2355 17640370 1 1430 630 614
6901 2665 17640380 1 1430 630 533
