134
1627 5680 63086630 0 1370 460 460
1569 5569 63086640 1 1360 470 473
1525 5579 63086650 1 1360 480 465
1574 5615 63086660 1 1360 480 465
1685 5645 63086670 1 1350 490 465
1872 5703 63086680 1 1360 490 474
2095 5783 63086690 1 1360 490 465
2343 5904 63086700 1 1350 500 473
2571 6024 63086710 1 1360 500 466
2771 6144 63086720 1 1360 500 469
2952 6236 63086730 1 1350 510 468
3097 6309 63086740 1 1350 510 474
3193 6370 63086750 1 1360 510 464
3256 6405 63086760 1 1350 520 465
3265 6414 63086770 1 1350 520 468
3240 6407 63086780 1 1350 530 438
3191 6371 63086790 1 1350 530 427
3078 6287 63086800 1 1360 540 433
2967 6171 63086810 1 1360 540 443
2856 6081 63086820 1 1370 530 443
2811 5983 63086830 1 1370 530 455
2798 5881 63086840 1 1390 520 455
2807 5725 63086850 1 1390 520 465
2853 5565 63086860 1 1390 520 465
2920 5344 63086870 1 1390 520 466
3000 5085 63086880 1 1390 540 466
3079 4795 63086890 1 1390 540 464
3136 4524 63086900 1 1390 540 504
3179 4266 63086910 1 1370 540 546
3179 4033 63086920 1 1370 540 566
3151 3830 63086930 1 1360 550 594
3096 3647 63086940 1 1360 550 595
2984 3487 63086950 1 1350 550 606
2817 3307 63086960 1 1340 560 613
2612 3115 63086970 1 1340 560 633
2398 2983 63086980 1 1320 570 649
2241 2910 63086990 1 1310 570 655
2121 2876 63087000 1 1310 570 591
2068 2876 63087010 1 1300 580 409
2900 4278 63087081 0 1310 580 254
3237 4416 63087091 1 1300 580 307
3350 4470 63087101 1 1300 580 317
3454 4475 63087111 1 1300 580 315
3537 4448 63087121 1 1300 580 312
3606 4369 63087131 1 1300 580 315
3638 4256 63087141 1 1300 580 327
3653 4121 63087151 1 1300 580 356
3653 4015 63087161 1 1310 570 387
3673 3961 63087171 1 1310 570 448
3704 3942 63087181 1 1310 570 491
3745 3964 63087191 1 1310 570 509
3809 4060 63087201 1 1310 570 514
3880 4206 63087211 1 1310 570 515
3955 4403 63087221 1 1300 560 522
3976 4583 63087231 1 1300 560 526
3936 4751 63087241 1 1300 560 581
3856 4909 63087251 1 1300 560 628
3738 4956 63087261 1 1310 560 631
3597 4929 63087271 1 1310 560 634
3441 4801 63087281 1 1310 560 620
3334 4656 63087291 1 1320 550 501
3301 4499 63087301 1 1320 550 10
4280 4032 63087431 0 1310 560 645
4418 4032 63087441 1 1310 560 669
4392 4157 63087451 1 1310 560 675
4475 4281 63087461 1 1310 560 671
4601 4438 63087471 1 1310 560 617
4756 4617 63087481 1 1310 560 546
4870 4780 63087491 1 1310 560 521
4941 4932 63087501 1 1310 560 580
4984 5076 63087511 1 1310 560 638
4979 5109 63087521 1 1320 570 649
4948 5102 63087531 1 1320 570 647
4899 5069 63087541 1 1340 570 641
4817 4939 63087551 1 1340 570 638
4731 4757 63087561 1 1340 570 643
4642 4540 63087571 1 1340 570 637
4582 4364 63087581 1 1340 570 636
4575 4261 63087591 1 1340 570 640
4603 4206 63087601 1 1340 570 650
4679 4197 63087611 1 1340 570 658
4818 4269 63087621 1 1350 580 653
5000 4396 63087631 1 1350 580 643
5220 4582 63087641 1 1350 580 638
5443 4789 63087651 1 1350 580 638
5622 5011 63087661 1 1350 580 653
5771 5189 63087671 1 1350 580 667
5838 5270 63087681 1 1350 580 670
5854 5287 63087691 1 1350 580 672
5836 5276 63087701 1 1350 580 673
5798 5178 63087711 1 1350 580 676
5738 5021 63087721 1 1360 580 676
5662 4813 63087731 1 1360 580 676
5622 4674 63087741 1 1360 580 682
5633 4582 63087751 1 1360 580 691
5677 4552 63087761 1 1360 580 719
5774 4574 63087771 1 1360 600 724
5907 4632 63087781 1 1360 600 728
6065 4750 63087791 1 1360 600 720
6226 4905 63087801 1 1360 600 730
6357 5086 63087811 1 1380 600 736
6467 5250 63087821 1 1380 600 733
6516 5417 63087831 1 1380 600 728
6516 5582 63087841 1 1380 600 731
6493 5679 63087851 1 1380 600 736
6453 5733 63087861 1 1380 600 737
6411 5742 63087871 1 1380 600 728
6367 5708 63087881 1 1390 610 727
6317 5646 63087891 1 1390 610 727
6272 5531 63087901 1 1390 610 724
6250 5399 63087911 1 1410 610 725
6243 5255 63087921 1 1410 610 728
6256 5097 63087931 1 1410 610 731
6290 4857 63087941 1 1410 610 733
6338 4563 63087951 1 1410 610 746
6413 4189 63087961 1 1410 610 749
6498 3763 63087971 1 1410 610 749
6589 3302 63087981 1 1410 630 751
6653 2839 63087991 1 1410 630 742
6676 2430 63088001 1 1400 630 730
6676 2057 63088011 1 1410 640 739
6582 1755 63088021 1 1400 650 754
6429 1496 63088031 1 1380 650 777
6234 1265 63088032 1 1370 670 787
6014 1074 63088042 1 1350 680 800
5796 988 63088052 1 1310 690 794
5584 971 63088062 1 1310 710 784
5403 1056 63088072 1 1260 720 757
5240 1263 63088082 1 1230 720 748
5119 1551 63088092 1 1230 720 737
5058 1938 63088102 1 1230 720 742
5036 2327 63088112 1 1230 720 739
5079 2717 63088122 1 1230 720 733
5193 3055 63088132 1 1230 720 535
