192
3975 5358 67061158 0 1420 580 491
3826 5411 67061168 1 1420 580 514
3783 5458 67061178 1 1430 570 517
3770 5466 67061188 1 1440 580 514
3776 5447 67061198 1 1440 580 521
3816 5435 67061208 1 1440 580 584
3912 5421 67061218 1 1440 580 624
4045 5427 67061228 1 1440 580 644
4313 5449 67061238 1 1440 580 647
4607 5478 67061248 1 1440 580 641
4919 5525 67061258 1 1440 580 642
5249 5585 67061268 1 1440 580 636
5580 5644 67061278 1 1460 580 624
5862 5704 67061288 1 1460 580 595
6112 5766 67061298 1 1470 590 570
6302 5827 67061308 1 1470 590 537
6419 5883 67061318 1 1490 590 541
6488 5923 67061328 1 1490 590 536
6488 5953 67061338 1 1510 600 540
6454 5982 67061348 1 1520 590 541
6387 6010 67061358 1 1520 590 546
6292 6023 67061368 1 1530 590 539
6192 6023 67061378 1 1540 580 537
6089 6023 67061388 1 1560 590 548
5997 6000 67061398 1 1560 590 553
5908 5965 67061408 1 1580 580 564
5821 5895 67061418 1 1580 580 574
5734 5769 67061428 1 1580 580 620
5650 5607 67061438 1 1580 580 656
5570 5344 67061448 1 1590 570 708
5488 4988 67061458 1 1590 570 745
5394 4569 67061468 1 1590 570 767
5294 4156 67061478 1 1570 580 788
5204 3785 67061488 1 1570 580 819
5132 3443 67061498 1 1560 590 853
5073 3127 67061508 1 1550 600 905
5009 2846 67061518 1 1540 600 923
4933 2589 67061528 1 1520 600 945
4850 2391 67061538 1 1510 610 933
4734 2221 67061548 1 1500 620 935
4610 2069 67061558 1 1500 620 934
4480 1955 67061568 1 1490 630 951
4352 1885 67061578 1 1470 620 951
4221 1845 67061588 1 1460 630 951
4088 1837 67061598 1 1460 630 950
3978 1865 67061608 1 1460 630 944
3875 1917 67061618 1 1440 620 936
3784 1989 67061628 1 1440 620 902
3699 2058 67061638 1 1440 620 843
3641 2123 67061648 1 1440 620 624
6234 3619 67061909 0 1430 570 578
6273 3691 67061919 1 1430 570 570
6264 3733 67061929 1 1430 570 509
6258 3780 67061939 1 1440 580 414
6279 3818 67061949 1 1440 580 415
6292 3851 67061959 1 1440 580 436
6282 3860 67061969 1 1450 590 447
6258 3854 67061979 1 1450 590 464
6211 3805 67061989 1 1460 600 501
6150 3715 67061999 1 1450 600 551
6079 3598 67062009 1 1450 600 594
6031 3490 67062019 1 1450 600 644
6023 3385 67062029 1 1460 620 668
6042 3281 67062039 1 1460 620 681
6108 3268 67062049 1 1460 620 688
6205 3252 67062059 1 1440 620 687
6322 3279 67062069 1 1440 620 687
6457 3336 67062079 1 1430 630 685
6567 3417 67062089 1 1430 630 687
6660 3504 67062099 1 1430 630 679
6717 3596 67062109 1 1430 630 664
6717 3688 67062119 1 1410 640 671
6672 3782 67062129 1 1410 640 663
6588 3877 67062139 1 1410 640 673
6471 3924 67062149 1 1400 630 687
6331 3939 67062159 1 1400 630 694
6198 3934 67062169 1 1400 630 700
6099 3909 67062179 1 1410 630 700
6022 3882 67062189 1 1430 630 693
5979 3851 67062199 1 1430 630 663
5979 3816 67062209 1 1440 620 488
7078 3322 67062420 0 1470 580 538
7056 3366 67062430 1 1470 580 584
7048 3383 67062440 1 1460 580 594
7040 3391 67062450 1 1470 590 616
7061 3391 67062460 1 1460 600 665
7114 3424 67062470 1 1450 600 690
7189 3465 67062480 1 1460 620 702
7291 3513 67062490 1 1460 620 691
7406 3574 67062500 1 1440 620 700
7529 3642 67062510 1 1460 630 699
7623 3716 67062520 1 1450 640 694
7701 3802 67062530 1 1450 640 688
7767 3888 67062540 1 1450 640 676
7821 3970 67062550 1 1460 640 662
7837 4051 67062560 1 1460 640 655
7827 4108 67062570 1 1460 640 646
7790 4151 67062580 1 1480 630 644
7739 4180 67062590 1 1480 630 645
7678 4185 67062600 1 1480 630 644
7610 4173 67062610 1 1480 630 644
7539 4124 67062620 1 1480 630 636
7467 4046 67062630 1 1500 640 649
7405 3950 67062640 1 1500 640 670
7361 3819 67062650 1 1510 630 702
7328 3686 67062660 1 1510 630 733
7322 3553 67062670 1 1510 630 750
7343 3449 67062680 1 1490 630 796
7382 3364 67062690 1 1490 630 796
7455 3293 67062700 1 1490 630 806
7533 3237 67062710 1 1480 630 808
7619 3196 67062720 1 1480 630 811
7709 3166 67062730 1 1480 630 809
7806 3144 67062740 1 1480 630 800
7911 3149 67062750 1 1450 640 790
8015 3171 67062760 1 1450 640 675
8117 3224 67062770 1 1450 640 478
8225 3305 67062780 1 1450 640 132
8658 4046 67062871 0 1450 640 572
8672 4078 67062881 1 1450 640 589
8672 4097 67062891 1 1460 630 589
8687 4114 67062901 1 1460 630 584
8707 4130 67062911 1 1460 630 594
8726 4140 67062921 1 1470 620 591
8726 4145 67062931 1 1470 620 594
8721 4145 67062941 1 1470 620 597
8711 4145 67062951 1 1470 620 606
8684 4101 67062961 1 1480 610 617
8646 4038 67062971 1 1480 610 661
8605 3937 67062981 1 1480 610 699
8569 3822 67062991 1 1480 610 733
8562 3698 67063001 1 1480 610 743
8571 3614 67063011 1 1480 610 763
8601 3546 67063021 1 1480 610 768
8651 3489 67063031 1 1470 620 779
8715 3466 67063041 1 1470 620 782
8790 3471 67063051 1 1470 620 780
8876 3494 67063061 1 1460 630 777
8970 3547 67063071 1 1460 630 774
9045 3619 67063081 1 1480 630 767
9111 3703 67063091 1 1480 630 750
9172 3818 67063101 1 1480 630 746
9219 3932 67063111 1 1480 630 743
9249 4029 67063121 1 1480 630 742
9267 4115 67063131 1 1500 640 742
9277 4178 67063141 1 1500 640 742
9287 4221 67063151 1 1500 640 743
9296 4251 67063161 1 1500 640 742
9296 4262 67063171 1 1510 640 742
9296 4267 67063181 1 1510 640 740
9296 4267 67063191 1 1510 640 734
9296 4257 67063201 1 1530 630 731
9296 4224 67063211 1 1540 640 731
9271 4172 67063221 1 1540 640 737
9240 4077 67063231 1 1540 640 743
9185 3912 67063241 1 1550 630 751
9108 3701 67063251 1 1550 630 791
9016 3427 67063261 1 1550 630 802
8903 3074 67063271 1 1540 640 821
8793 2669 67063281 1 1540 640 821
8688 2248 67063291 1 1540 640 824
8626 1881 67063301 1 1510 640 827
8591 1551 67063311 1 1500 650 858
8519 1282 67063321 1 1490 660 854
8448 1047 67063331 1 1460 670 861
8338 836 67063341 1 1420 680 860
8200 651 67063351 1 1390 690 863
8072 512 67063361 1 1370 700 876
7941 405 67063371 1 1350 710 878
7804 332 67063381 1 1300 720 884
7664 308 67063391 1 1280 720 885
7545 317 67063401 1 1220 740 884
7446 383 67063411 1 1180 730 879
7361 494 67063421 1 1150 740 870
7301 635 67063431 1 1110 740 861
7278 790 67063441 1 1080 740 858
7278 952 67063451 1 1050 750 843
7318 1118 67063461 1 1050 750 830
7394 1328 67063471 1 1050 750 823
7494 1534 67063481 1 1080 740 820
7617 1734 67063491 1 1110 740 820
7760 1895 67063501 1 1150 740 821
7915 2029 67063511 1 1180 730 824
8054 2131 67063521 1 1210 730 823
8165 2197 67063531 1 1260 720 821
8258 2240 67063541 1 1270 700 812
8306 2249 67063551 1 1290 700 806
8322 2244 67063561 1 1310 690 800
8317 2230 67063571 1 1330 690 797
8301 2195 67063581 1 1350 680 776
8283 2182 67063591 1 1370 670 691
8264 2193 67063601 1 1400 660 407
