160
1725 5756 63066611 0 1210 470 348
1750 5571 63066621 1 1200 470 399
1733 5571 63066631 1 1200 470 389
1696 5627 63066641 1 1200 480 399
1751 5617 63066651 1 1210 490 409
1853 5635 63066661 1 1220 500 413
1986 5672 63066671 1 1230 510 418
2190 5741 63066681 1 1260 510 425
2424 5844 63066691 1 1270 520 415
2679 5971 63066701 1 1280 530 417
2901 6097 63066711 1 1290 530 420
3114 6222 63066721 1 1300 540 418
3322 6347 63066731 1 1310 540 422
3496 6474 63066741 1 1330 540 420
3640 6601 63066751 1 1340 540 418
3764 6685 63066761 1 1350 540 425
3821 6731 63066771 1 1360 540 413
3835 6751 63066781 1 1370 540 398
3819 6746 63066791 1 1390 540 382
3746 6692 63066801 1 1390 540 384
3634 6605 63066811 1 1390 520 387
3497 6471 63066821 1 1390 520 393
3397 6350 63066831 1 1400 520 394
3344 6237 63066841 1 1400 520 393
3321 6105 63066851 1 1400 520 389
3335 5952 63066861 1 1400 510 387
3380 5785 63066871 1 1400 510 389
3445 5632 63066881 1 1380 510 389
3528 5457 63066891 1 1380 510 393
3622 5268 63066901 1 1380 510 393
3722 5068 63066911 1 1400 520 399
3793 4885 63066921 1 1390 520 391
3843 4714 63066931 1 1390 520 415
3880 4588 63066941 1 1370 530 443
3880 4462 63066951 1 1370 530 465
3829 4318 63066961 1 1360 540 492
3745 4162 63066971 1 1370 540 516
3582 4005 63066981 1 1370 540 546
3395 3848 63066991 1 1360 550 569
3192 3725 63067001 1 1360 550 591
3016 3624 63067011 1 1350 550 591
2916 3586 63067021 1 1340 560 592
2867 3586 63067031 1 1340 560 498
2861 3600 63067041 1 1320 570 332
2913 3701 63067051 1 1320 570 136
3003 3869 63067061 1 1320 570 93
3138 4081 63067071 1 1320 570 91
3293 4283 63067081 1 1320 570 125
3461 4471 63067091 1 1320 570 185
3613 4650 63067101 1 1320 570 233
3767 4750 63067102 1 1320 570 259
3894 4818 63067112 1 1320 570 282
4001 4865 63067122 1 1320 570 282
4099 4865 63067132 1 1320 570 302
4178 4827 63067142 1 1320 550 329
4245 4760 63067152 1 1320 550 386
4298 4670 63067162 1 1320 550 431
4346 4565 63067172 1 1320 550 473
4391 4449 63067182 1 1320 550 483
4446 4371 63067192 1 1320 550 492
4531 4350 63067202 1 1340 550 492
4636 4366 63067212 1 1340 550 502
4761 4447 63067222 1 1340 550 504
4874 4557 63067232 1 1340 550 509
4933 4686 63067242 1 1340 550 512
4959 4810 63067252 1 1350 550 535
4936 4932 63067262 1 1350 550 548
4874 5022 63067272 1 1350 550 566
4785 5092 63067282 1 1350 550 580
4664 5092 63067292 1 1350 550 581
4542 5039 63067302 1 1350 550 580
4420 4953 63067312 1 1350 550 569
4359 4871 63067322 1 1350 550 499
4341 4802 63067332 1 1360 550 302
5175 4648 63067452 0 1350 540 399
5249 4529 63067462 1 1340 550 509
5259 4534 63067472 1 1340 550 512
5259 4585 63067482 1 1340 550 522
5321 4593 63067492 1 1340 550 520
5423 4626 63067502 1 1350 550 514
5528 4677 63067512 1 1350 550 507
5635 4745 63067522 1 1350 550 509
5740 4841 63067532 1 1360 560 519
5814 4955 63067542 1 1360 560 526
5869 5044 63067552 1 1360 560 560
5896 5155 63067562 1 1380 570 592
5891 5282 63067572 1 1380 570 592
5865 5348 63067582 1 1380 580 588
5811 5368 63067592 1 1380 580 586
5726 5358 63067602 1 1380 580 586
5619 5275 63067612 1 1380 580 594
5533 5157 63067622 1 1390 570 595
5453 5015 63067632 1 1390 570 594
5404 4834 63067642 1 1390 570 599
5374 4691 63067652 1 1390 570 602
5380 4574 63067662 1 1390 570 605
5424 4517 63067672 1 1400 560 611
5493 4503 63067682 1 1400 560 617
5602 4517 63067692 1 1400 560 617
5750 4590 63067702 1 1400 560 614
5923 4707 63067712 1 1400 560 613
6084 4854 63067722 1 1400 560 614
6229 5017 63067732 1 1400 560 617
6362 5169 63067742 1 1400 560 619
6458 5314 63067752 1 1400 560 619
6514 5466 63067762 1 1400 560 614
6543 5540 63067772 1 1400 560 614
6543 5562 63067782 1 1390 570 614
6543 5562 63067792 1 1400 580 617
6525 5470 63067802 1 1400 580 631
6489 5325 63067812 1 1400 580 636
6459 5124 63067822 1 1400 580 638
6433 4953 63067832 1 1430 570 636
6439 4802 63067842 1 1430 570 636
6467 4725 63067852 1 1430 570 645
6509 4703 63067862 1 1430 570 641
6576 4718 63067872 1 1430 570 641
6667 4795 63067882 1 1420 580 640
6774 4920 63067892 1 1430 590 636
6891 5076 63067902 1 1430 590 636
6996 5234 63067912 1 1430 590 644
7076 5405 63067922 1 1430 590 642
7143 5584 63067932 1 1450 590 647
7179 5743 63067942 1 1450 590 644
7192 5831 63067952 1 1450 590 658
7192 5871 63067962 1 1450 590 670
7185 5871 63067972 1 1460 600 665
7171 5865 63067982 1 1460 600 656
7150 5829 63067992 1 1470 590 656
7115 5775 63068002 1 1470 590 661
7080 5710 63068012 1 1470 590 662
7046 5643 63068022 1 1470 590 665
7036 5574 63068032 1 1490 590 665
7031 5485 63068042 1 1490 590 665
7031 5355 63068052 1 1500 580 668
7060 5198 63068062 1 1500 580 668
7099 4992 63068072 1 1500 580 665
7150 4747 63068082 1 1500 580 668
7203 4476 63068092 1 1500 580 671
7259 4194 63068102 1 1520 590 671
7294 3912 63068112 1 1510 600 673
7315 3666 63068122 1 1510 600 664
7315 3444 63068132 1 1500 600 667
7292 3227 63068142 1 1480 610 669
7244 3015 63068152 1 1500 620 669
7177 2806 63068162 1 1490 630 666
7083 2603 63068172 1 1490 630 667
6970 2428 63068182 1 1480 630 667
6802 2272 63068192 1 1480 630 667
6609 2132 63068202 1 1460 640 669
6398 2063 63068212 1 1460 640 666
6177 2041 63068222 1 1450 650 671
5984 2092 63068232 1 1450 650 636
5810 2205 63068242 1 1450 650 636
5643 2359 63068252 1 1450 650 641
5533 2522 63068262 1 1450 650 641
5462 2684 63068272 1 1450 650 646
5456 2845 63068282 1 1430 640 646
5519 3010 63068292 1 1430 640 611
5628 3175 63068302 1 1430 640 307
