176
4486 5610 67075709 0 1460 540 559
4556 5511 67075719 1 1460 540 583
4608 5598 67075729 1 1460 540 594
4756 5649 67075739 1 1470 550 586
4962 5676 67075749 1 1470 550 586
5206 5703 67075759 1 1460 550 595
5470 5739 67075769 1 1460 550 594
5734 5782 67075779 1 1480 560 594
5961 5828 67075789 1 1480 560 586
6164 5870 67075799 1 1490 560 591
6323 5896 67075809 1 1490 560 592
6431 5914 67075819 1 1510 560 591
6506 5932 67075829 1 1510 560 592
6532 5950 67075839 1 1520 570 574
6522 5968 67075849 1 1520 570 565
6487 5986 67075859 1 1520 570 556
6425 6004 67075869 1 1540 570 550
6366 6004 67075879 1 1540 570 548
6260 5995 67075889 1 1540 570 550
6120 5970 67075899 1 1540 570 551
6028 5923 67075909 1 1560 570 559
5941 5831 67075919 1 1560 570 561
5860 5709 67075929 1 1560 570 583
5778 5515 67075939 1 1570 560 605
5699 5219 67075949 1 1570 560 624
5625 4854 67075960 1 1560 570 636
5554 4449 67075970 1 1540 560 647
5484 4036 67075980 1 1540 570 644
5419 3619 67075990 1 1540 570 694
5340 3299 67076000 1 1530 580 757
5252 2989 67076010 1 1520 590 787
5130 2685 67076020 1 1500 580 815
4978 2467 67076030 1 1490 590 823
4805 2262 67076040 1 1480 600 821
4584 2066 67076050 1 1480 600 832
4364 1922 67076060 1 1470 610 832
4148 1844 67076070 1 1450 600 832
3971 1810 67076080 1 1440 610 830
3820 1836 67076090 1 1440 610 824
3684 1907 67076100 1 1420 610 809
3583 2007 67076110 1 1410 610 763
3504 2128 67076120 1 1410 610 655
3473 2265 67076130 1 1410 610 187
6826 4083 67076310 0 1360 600 216
6722 4021 67076320 1 1380 590 333
6634 4011 67076330 1 1380 590 369
6554 4026 67076340 1 1390 600 425
6479 3973 67076350 1 1420 590 475
6395 3877 67076360 1 1420 590 561
6311 3753 67076370 1 1440 600 613
6231 3608 67076380 1 1440 600 637
6177 3463 67076390 1 1450 600 670
6141 3340 67076400 1 1440 610 700
6141 3231 67076410 1 1440 610 725
6173 3151 67076420 1 1440 610 754
6231 3114 67076430 1 1440 610 771
6327 3107 67076440 1 1410 610 773
6460 3171 67076450 1 1410 610 770
6617 3280 67076460 1 1410 610 759
6776 3420 67076470 1 1400 620 755
6897 3572 67076480 1 1400 620 699
6993 3732 67076490 1 1410 630 661
7014 3897 67076500 1 1410 630 659
6968 4028 67076510 1 1410 630 673
6878 4108 67076520 1 1410 630 691
6731 4153 67076530 1 1410 630 708
6583 4159 67076540 1 1410 630 724
6435 4135 67076550 1 1410 630 730
6315 4092 67076560 1 1410 630 728
6237 4047 67076570 1 1410 630 721
6188 4003 67076580 1 1430 620 690
6199 3959 67076590 1 1430 620 463
7518 3573 67076711 0 1450 600 519
7529 3334 67076721 1 1450 600 634
7516 3319 67076731 1 1450 600 636
7502 3296 67076741 1 1450 600 645
7526 3268 67076751 1 1450 600 641
7574 3268 67076761 1 1450 600 652
7644 3308 67076771 1 1440 610 656
7729 3370 67076781 1 1440 610 659
7825 3448 67076791 1 1440 610 658
7920 3531 67076801 1 1460 620 652
7984 3617 67076811 1 1460 620 641
8027 3706 67076821 1 1460 620 633
8045 3805 67076831 1 1460 620 617
8038 3910 67076841 1 1460 620 617
8014 3992 67076851 1 1470 620 617
7961 4045 67076861 1 1470 620 614
7885 4078 67076871 1 1470 620 611
7793 4078 67076881 1 1470 620 616
7698 4036 67076891 1 1470 620 622
7603 3965 67076901 1 1470 620 637
7536 3845 67076911 1 1470 620 673
7486 3691 67076921 1 1470 620 699
7477 3515 67076931 1 1470 620 724
7503 3362 67076941 1 1480 610 742
7553 3236 67076951 1 1480 610 763
7640 3128 67076961 1 1480 610 791
7767 3074 67076971 1 1480 610 796
7920 3066 67076981 1 1480 610 802
8091 3089 67076991 1 1480 610 803
8267 3156 67077001 1 1470 620 799
8455 3263 67077011 1 1470 620 790
8648 3396 67077021 1 1470 620 780
8817 3543 67077031 1 1470 620 752
8951 3702 67077041 1 1460 630 740
9062 3870 67077051 1 1460 630 742
9118 4011 67077061 1 1460 630 742
9146 4110 67077071 1 1480 630 748
9156 4180 67077081 1 1480 630 748
9156 4208 67077091 1 1480 630 748
9156 4208 67077101 1 1500 640 745
9146 4199 67077111 1 1510 630 752
9120 4145 67077121 1 1510 630 757
9088 4057 67077131 1 1530 630 776
9051 3947 67077141 1 1530 630 790
9018 3806 67077151 1 1540 630 785
8987 3663 67077161 1 1540 630 802
8978 3555 67077171 1 1540 630 818
8983 3472 67077181 1 1540 630 832
9014 3420 67077191 1 1540 630 827
9072 3405 67077201 1 1540 630 828
9147 3415 67077211 1 1540 630 824
9251 3468 67077221 1 1530 630 817
9375 3551 67077231 1 1530 630 821
9511 3655 67077241 1 1530 630 800
9634 3784 67077251 1 1530 630 797
9736 3910 67077261 1 1530 630 773
9825 4034 67077271 1 1530 630 770
9894 4131 67077281 1 1530 630 768
9947 4203 67077291 1 1530 630 771
9989 4259 67077301 1 1530 630 771
10013 4293 67077311 1 1530 630 770
10029 4313 67077321 1 1540 640 771
10040 4324 67077331 1 1540 640 776
10040 4324 67077341 1 1540 640 779
10040 4324 67077351 1 1550 630 780
10040 4324 67077361 1 1570 630 780
10040 4324 67077371 1 1570 630 782
10040 4324 67077381 1 1570 630 780
10028 4313 67077391 1 1580 620 779
10022 4301 67077401 1 1600 630 779
10014 4288 67077411 1 1600 630 777
10004 4271 67077421 1 1610 620 777
9995 4249 67077431 1 1610 620 777
9982 4219 67077441 1 1610 620 777
9964 4182 67077451 1 1610 620 777
9943 4135 67077461 1 1610 620 784
9912 4040 67077471 1 1610 620 790
9851 3915 67077481 1 1610 620 821
9769 3649 67077491 1 1610 620 860
9646 3266 67077501 1 1610 620 878
9509 2804 67077511 1 1600 630 894
9362 2310 67077521 1 1580 620 887
9227 1849 67077531 1 1570 630 897
9114 1411 67077541 1 1560 640 911
9015 1151 67077551 1 1540 660 933
8879 921 67077561 1 1510 660 974
8732 710 67077571 1 1480 680 982
8577 586 67077581 1 1470 690 977
8400 498 67077591 1 1430 690 988
8209 434 67077601 1 1390 710 1002
8009 383 67077611 1 1370 710 1008
7818 355 67077621 1 1300 720 1014
7663 342 67077631 1 1250 730 1011
7531 357 67077641 1 1220 740 1008
7432 391 67077651 1 1150 740 1008
7348 438 67077661 1 1110 740 1005
7274 493 67077671 1 1080 740 999
7213 548 67077672 1 1040 740 997
7156 599 67077682 1 1000 740 987
7106 645 67077692 1 1000 740 978
7059 684 67077702 1 1000 740 991
7018 720 67077712 1 970 740 958
6995 760 67077722 1 970 740 873
6984 826 67077732 1 970 740 570
