128
2032 2622 59508969 0 1460 470 198
1991 2604 59508979 1 1460 480 344
1978 2604 59508989 1 1450 480 349
1968 2623 59508999 1 1460 490 354
1961 2615 59509009 1 1450 500 387
1954 2589 59509019 1 1460 500 445
1943 2551 59509029 1 1450 510 505
1929 2489 59509039 1 1450 510 541
1919 2400 59509049 1 1440 510 564
1913 2293 59509059 1 1460 520 583
1926 2158 59509069 1 1450 530 614
1950 2018 59509079 1 1450 530 633
1981 1867 59509089 1 1450 530 649
2013 1711 59509099 1 1430 530 673
2047 1575 59509109 1 1430 530 682
2082 1453 59509119 1 1450 540 693
2121 1342 59509129 1 1440 540 696
2166 1242 59509139 1 1440 540 691
2216 1149 59509149 1 1440 540 702
2276 1084 59509159 1 1430 550 691
2344 1047 59509169 1 1410 560 702
2420 1030 59509179 1 1410 560 691
2503 1043 59509189 1 1400 560 697
2588 1084 59509199 1 1420 570 697
2676 1143 59509209 1 1400 580 700
2762 1238 59509219 1 1400 580 703
2836 1356 59509229 1 1390 580 705
2902 1490 59509239 1 1390 580 702
2950 1635 59509249 1 1390 580 703
2983 1789 59509259 1 1390 580 708
3007 1950 59509269 1 1390 580 711
3020 2077 59509279 1 1390 580 719
3020 2178 59509289 1 1400 580 728
3020 2263 59509299 1 1390 570 739
3013 2326 59509309 1 1400 560 751
3013 2364 59509319 1 1400 560 785
3013 2386 59509329 1 1410 560 793
3013 2386 59509339 1 1400 550 782
3013 2386 59509349 1 1410 550 782
3021 2363 59509359 1 1420 540 790
3041 2322 59509369 1 1420 540 787
3068 2235 59509379 1 1420 530 799
3087 2134 59509389 1 1420 530 820
3101 2024 59509399 1 1430 520 824
3111 1906 59509409 1 1430 520 839
3120 1784 59509419 1 1430 520 851
3130 1662 59509429 1 1420 530 860
3140 1546 59509439 1 1420 530 869
3152 1445 59509449 1 1420 540 855
3172 1351 59509459 1 1420 540 860
3201 1255 59509469 1 1410 550 861
3250 1177 59509479 1 1400 550 857
3310 1112 59509489 1 1400 560 861
3379 1075 59509499 1 1400 560 857
3464 1070 59509509 1 1390 570 854
3559 1086 59509519 1 1380 580 854
3672 1133 59509529 1 1360 580 863
3785 1199 59509539 1 1350 590 843
3877 1277 59509549 1 1350 590 818
3955 1371 59509559 1 1340 600 817
4023 1489 59509569 1 1340 600 803
4081 1622 59509579 1 1340 600 800
4131 1787 59509589 1 1340 600 805
4166 1925 59509599 1 1350 590 803
4186 2045 59509609 1 1350 590 809
4195 2140 59509619 1 1360 580 820
4195 2212 59509629 1 1380 580 824
4195 2270 59509639 1 1380 580 842
4195 2303 59509649 1 1380 570 858
4195 2317 59509659 1 1390 560 854
4190 2317 59509669 1 1400 550 842
4190 2317 59509679 1 1410 550 845
4199 2279 59509689 1 1410 530 849
4213 2213 59509699 1 1410 530 854
4228 2111 59509709 1 1420 530 863
4235 2009 59509719 1 1450 530 867
4235 1897 59509729 1 1460 520 884
4226 1779 59509739 1 1460 520 893
4215 1654 59509749 1 1450 530 896
4206 1543 59509759 1 1430 530 897
4206 1447 59509769 1 1420 540 899
4226 1358 59509779 1 1420 540 902
4262 1275 59509789 1 1430 550 906
4327 1205 59509790 1 1410 560 905
4414 1144 59509800 1 1400 560 906
4515 1108 59509810 1 1390 570 905
4630 1093 59509820 1 1390 580 900
4754 1093 59509830 1 1380 590 899
4884 1108 59509840 1 1380 600 891
4986 1141 59509850 1 1360 610 884
5077 1186 59509860 1 1370 620 873
5161 1256 59509870 1 1350 630 861
5232 1326 59509880 1 1330 630 853
5278 1396 59509890 1 1330 630 857
5307 1459 59509900 1 1350 640 860
5307 1507 59509910 1 1350 640 863
5278 1544 59509920 1 1350 640 864
5229 1566 59509930 1 1350 640 867
5166 1566 59509940 1 1350 640 878
5101 1549 59509950 1 1370 650 893
5034 1512 59509960 1 1370 650 906
4986 1461 59509970 1 1370 650 909
4959 1401 59509980 1 1380 640 912
4945 1324 59509990 1 1380 640 921
4945 1245 59510000 1 1380 640 929
4976 1161 59510010 1 1380 640 935
5020 1094 59510020 1 1380 640 938
5100 1038 59510030 1 1370 650 935
5219 1005 59510040 1 1370 650 924
5364 994 59510050 1 1380 650 894
5503 994 59510060 1 1380 650 829
5624 1022 59510070 1 1380 650 639
5733 1057 59510080 1 1380 650 1
3772 1843 59510271 0 1430 530 392
3707 1838 59510281 1 1450 530 524
3666 1830 59510291 1 1440 510 563
3627 1853 59510301 1 1430 510 634
3617 1862 59510311 1 1430 500 661
3626 1862 59510321 1 1430 500 687
3631 1862 59510331 1 1430 500 751
3671 1862 59510341 1 1440 490 800
3733 1856 59510351 1 1440 490 834
3828 1856 59510361 1 1450 500 853
3937 1863 59510371 1 1450 500 876
4056 1868 59510381 1 1450 500 885
4185 1873 59510391 1 1460 500 882
4302 1873 59510401 1 1480 500 790
4410 1873 59510411 1 1480 500 120
