121
2491 2641 59518172 0 1360 420 333
2531 2630 59518182 1 1380 430 467
2495 2659 59518192 1 1380 440 493
2490 2667 59518202 1 1390 450 491
2490 2660 59518212 1 1390 460 497
2490 2660 59518222 1 1400 480 504
2490 2660 59518232 1 1420 480 512
2490 2639 59518242 1 1430 500 538
2477 2605 59518252 1 1430 510 551
2470 2533 59518262 1 1430 520 567
2465 2422 59518272 1 1450 530 591
2465 2286 59518282 1 1450 530 620
2472 2122 59518292 1 1450 530 638
2485 1959 59518302 1 1430 530 658
2507 1796 59518312 1 1430 530 682
2537 1629 59518322 1 1420 540 721
2574 1502 59518332 1 1410 550 734
2631 1403 59518342 1 1430 550 752
2702 1308 59518352 1 1410 560 750
2781 1238 59518362 1 1410 560 754
2865 1185 59518372 1 1430 560 760
2958 1164 59518382 1 1420 570 760
3055 1170 59518392 1 1400 580 754
3157 1194 59518402 1 1400 580 750
3258 1248 59518412 1 1390 580 752
3344 1321 59518422 1 1390 580 734
3421 1408 59518432 1 1390 600 728
3478 1513 59518442 1 1380 600 711
3515 1649 59518452 1 1380 600 700
3539 1807 59518462 1 1380 600 707
3547 1967 59518472 1 1380 600 707
3547 2109 59518482 1 1390 600 711
3538 2240 59518492 1 1390 600 727
3530 2337 59518502 1 1410 590 740
3518 2397 59518512 1 1400 580 759
3503 2432 59518522 1 1400 580 793
3497 2439 59518532 1 1420 570 796
3497 2439 59518542 1 1430 560 793
3497 2439 59518552 1 1440 560 784
3503 2378 59518562 1 1430 550 791
3515 2286 59518572 1 1440 540 797
3532 2171 59518573 1 1450 540 797
3553 2054 59518583 1 1450 540 802
3574 1934 59518593 1 1460 530 809
3595 1811 59518603 1 1460 530 814
3612 1688 59518613 1 1460 530 817
3626 1569 59518623 1 1450 540 821
3652 1467 59518633 1 1450 540 823
3684 1375 59518643 1 1440 540 826
3730 1288 59518653 1 1440 560 829
3783 1219 59518663 1 1430 560 829
3847 1161 59518673 1 1420 570 829
3928 1139 59518683 1 1400 580 830
4021 1147 59518693 1 1400 580 829
4121 1174 59518703 1 1390 580 826
4222 1227 59518713 1 1390 600 820
4321 1301 59518723 1 1380 600 808
4409 1390 59518733 1 1360 610 794
4493 1496 59518743 1 1350 620 796
4563 1632 59518753 1 1350 620 788
4626 1789 59518763 1 1350 620 793
4684 1948 59518773 1 1350 620 791
4744 2091 59518783 1 1360 610 793
4781 2223 59518793 1 1380 600 791
4802 2335 59518803 1 1390 600 794
4802 2400 59518813 1 1410 590 791
4802 2433 59518823 1 1420 580 811
4792 2445 59518833 1 1420 580 814
4792 2445 59518843 1 1420 570 811
4786 2429 59518853 1 1430 560 815
4780 2369 59518863 1 1440 560 820
4780 2277 59518873 1 1450 550 827
4789 2165 59518883 1 1460 540 818
4797 2043 59518893 1 1470 530 827
4797 1916 59518903 1 1480 530 831
4791 1789 59518913 1 1490 530 839
4791 1663 59518923 1 1480 540 849
4785 1561 59518933 1 1470 550 855
4805 1467 59518943 1 1460 550 864
4838 1378 59518953 1 1470 560 869
4902 1301 59518963 1 1460 570 855
4994 1238 59518973 1 1440 580 854
5105 1184 59518983 1 1450 590 854
5250 1159 59518993 1 1440 600 869
5394 1159 59519003 1 1420 610 848
5534 1167 59519013 1 1430 620 818
5650 1197 59519023 1 1410 630 823
5752 1245 59519033 1 1410 640 814
5843 1305 59519043 1 1400 650 800
5899 1373 59519053 1 1380 650 777
5932 1441 59519063 1 1390 670 754
5932 1513 59519073 1 1390 670 754
5895 1589 59519083 1 1390 670 770
5842 1640 59519093 1 1390 670 784
5771 1665 59519103 1 1390 670 808
5707 1674 59519113 1 1390 670 821
5647 1650 59519123 1 1390 670 827
5605 1620 59519133 1 1390 670 861
5567 1570 59519143 1 1390 670 884
5549 1509 59519153 1 1390 670 905
5542 1440 59519163 1 1390 670 909
5559 1371 59519173 1 1390 670 924
5611 1302 59519183 1 1390 670 930
5687 1250 59519193 1 1390 670 930
5794 1208 59519203 1 1390 670 921
5904 1192 59519213 1 1390 670 897
5997 1197 59519223 1 1390 670 797
6077 1216 59519233 1 1390 670 624
4201 1880 59519424 0 1450 600 594
4153 1862 59519434 1 1460 600 672
4140 1892 59519444 1 1470 580 672
4140 1905 59519454 1 1490 560 690
4158 1905 59519464 1 1490 550 755
4183 1913 59519474 1 1500 540 800
4234 1920 59519484 1 1510 530 848
4300 1926 59519494 1 1520 530 888
4411 1936 59519504 1 1510 510 902
4560 1949 59519514 1 1510 510 906
4735 1971 59519524 1 1520 510 900
4911 1988 59519534 1 1510 510 836
5054 1996 59519544 1 1530 520 522
