173
3129 5052 66055669 0 1350 800 433
3120 4971 66055679 1 1350 800 448
3069 4937 66055689 1 1310 790 452
3002 4913 66055699 1 1320 780 448
2961 4737 66055709 1 1320 770 458
2926 4510 66055719 1 1300 750 468
2903 4250 66055729 1 1300 730 477
2889 4028 66055739 1 1280 710 492
2905 3751 66055749 1 1270 690 510
2941 3437 66055759 1 1280 680 540
2979 3174 66055769 1 1260 660 562
3024 2997 66055779 1 1250 640 574
3082 2878 66055789 1 1240 630 589
3142 2794 66055799 1 1230 610 594
3205 2738 66055809 1 1240 600 608
3269 2702 66055819 1 1230 580 613
3333 2707 66055829 1 1210 560 616
3398 2784 66055839 1 1210 550 614
3476 2910 66055849 1 1210 550 613
3575 3107 66055859 1 1200 540 613
3687 3356 66055869 1 1200 540 613
3786 3641 66055879 1 1200 540 619
3869 3974 66055889 1 1180 540 616
3940 4276 66055899 1 1180 540 624
3994 4558 66055909 1 1180 540 628
4023 4702 66055919 1 1180 540 634
4036 4780 66055929 1 1190 530 640
4036 4814 66055939 1 1190 530 668
4027 4829 66055949 1 1210 530 682
4018 4839 66055959 1 1210 530 690
4018 4839 66055969 1 1220 530 693
4018 4832 66055979 1 1220 530 699
4018 4791 66055989 1 1220 530 702
4029 4728 66055999 1 1230 520 694
4029 4644 66056009 1 1230 520 700
4034 4531 66056019 1 1230 520 707
4027 4400 66056029 1 1240 520 713
4017 4240 66056039 1 1240 520 713
4006 4065 66056049 1 1240 520 719
4006 3879 66056059 1 1240 520 722
4006 3687 66056069 1 1240 520 721
4032 3520 66056080 1 1240 520 725
4067 3371 66056090 1 1230 520 739
4112 3218 66056100 1 1230 520 742
4159 3084 66056110 1 1220 530 740
4215 2963 66056120 1 1220 530 742
4277 2873 66056130 1 1210 530 742
4332 2815 66056140 1 1210 530 739
4384 2779 66056150 1 1200 540 739
4435 2756 66056160 1 1200 540 739
4486 2764 66056170 1 1200 540 736
4539 2793 66056180 1 1190 540 736
4598 2859 66056190 1 1190 540 734
4665 2964 66056200 1 1170 550 733
4744 3095 66056210 1 1170 550 733
4831 3272 66056220 1 1180 560 731
4909 3463 66056230 1 1180 560 731
4976 3663 66056240 1 1180 560 733
5036 3821 66056250 1 1180 560 737
5076 3937 66056260 1 1180 560 740
5102 4025 66056270 1 1180 560 740
5118 4097 66056280 1 1210 560 746
5123 4168 66056290 1 1210 560 745
5123 4237 66056300 1 1210 560 749
5118 4307 66056310 1 1210 560 749
5112 4376 66056320 1 1210 560 751
5106 4438 66056330 1 1220 560 749
5106 4480 66056340 1 1220 560 751
5100 4509 66056350 1 1220 560 749
5100 4535 66056360 1 1240 550 749
5100 4559 66056370 1 1240 550 749
5100 4578 66056380 1 1240 550 749
5100 4591 66056390 1 1240 550 749
5100 4600 66056400 1 1250 550 749
5100 4606 66056410 1 1250 550 752
5100 4612 66056420 1 1250 550 751
5100 4623 66056430 1 1250 550 752
5100 4637 66056440 1 1250 550 752
5100 4642 66056450 1 1250 550 752
5100 4642 66056460 1 1250 550 752
5100 4642 66056470 1 1250 550 752
5100 4642 66056480 1 1250 550 752
5100 4642 66056490 1 1250 550 752
5100 4642 66056500 1 1250 550 752
5100 4627 66056510 1 1250 550 752
5100 4604 66056520 1 1250 550 755
5109 4569 66056530 1 1250 550 758
5114 4528 66056540 1 1250 550 760
5114 4488 66056550 1 1250 550 763
5123 4430 66056560 1 1250 550 750
5123 4360 66056570 1 1250 550 750
5123 4245 66056580 1 1250 550 750
5123 4124 66056590 1 1250 550 753
5123 3990 66056600 1 1250 550 754
5123 3848 66056610 1 1250 550 754
5148 3700 66056620 1 1250 550 759
5167 3587 66056630 1 1250 550 763
5184 3499 66056640 1 1240 550 763
5210 3398 66056650 1 1240 550 767
5242 3292 66056660 1 1240 550 771
5278 3183 66056670 1 1240 550 773
5327 3120 66056680 1 1220 560 774
5379 3058 66056690 1 1220 560 771
5435 3001 66056700 1 1220 560 768
5497 2973 66056710 1 1210 560 770
5562 2961 66056720 1 1210 560 770
5628 2982 66056730 1 1210 560 770
5697 3039 66056740 1 1200 570 771
5774 3120 66056750 1 1200 570 771
5848 3229 66056760 1 1200 570 770
5908 3347 66056770 1 1190 580 771
5960 3471 66056780 1 1190 580 771
5993 3558 66056790 1 1200 580 771
6007 3612 66056800 1 1200 580 771
6007 3645 66056810 1 1200 580 773
6007 3671 66056820 1 1200 580 774
5991 3693 66056830 1 1210 590 774
5976 3705 66056840 1 1210 590 777
5963 3715 66056850 1 1210 590 776
5950 3725 66056860 1 1210 590 773
5935 3730 66056870 1 1220 600 773
5918 3730 66056880 1 1220 600 770
5899 3720 66056890 1 1220 600 773
5874 3699 66056900 1 1220 600 776
5844 3664 66056910 1 1220 600 777
5812 3619 66056920 1 1220 600 782
5784 3564 66056930 1 1240 600 784
5764 3507 66056940 1 1240 600 787
5759 3447 66056950 1 1240 600 790
5759 3392 66056960 1 1240 600 788
5780 3340 66056970 1 1240 600 793
5802 3295 66056980 1 1240 600 797
5841 3258 66056990 1 1240 600 797
5891 3226 66057000 1 1240 600 787
5957 3194 66057010 1 1240 600 790
6016 3170 66057020 1 1240 600 794
6069 3152 66057030 1 1220 600 794
6126 3141 66057040 1 1220 600 794
6186 3133 66057050 1 1220 600 796
6250 3128 66057060 1 1220 600 797
6307 3134 66057070 1 1220 600 796
6360 3139 66057080 1 1210 590 797
6410 3146 66057090 1 1210 590 797
6455 3155 66057100 1 1220 600 796
6497 3160 66057110 1 1200 600 799
6529 3165 66057120 1 1200 600 799
6556 3165 66057130 1 1200 600 799
6579 3171 66057140 1 1200 600 799
6601 3171 66057150 1 1200 600 797
6617 3179 66057160 1 1200 600 797
6628 3179 66057170 1 1200 600 796
6634 3185 66057180 1 1200 600 796
6634 3185 66057190 1 1200 600 788
6634 3185 66057200 1 1200 600 767
6628 3185 66057210 1 1200 600 645
6614 3185 66057220 1 1200 600 3
4921 3866 66057952 0 1250 540 130
4867 3831 66057962 1 1260 540 260
4846 3831 66057972 1 1260 540 304
4823 3847 66057982 1 1260 540 334
4814 3847 66057992 1 1270 550 371
4814 3847 66058002 1 1290 550 377
4819 3847 66058012 1 1290 550 418
4829 3847 66058022 1 1300 550 488
4883 3847 66058032 1 1300 550 543
4964 3867 66058042 1 1310 550 567
5086 3893 66058052 1 1310 550 595
5225 3915 66058062 1 1310 550 611
5376 3933 66058072 1 1310 550 611
5499 3940 66058082 1 1320 550 617
5588 3940 66058092 1 1320 550 611
5655 3929 66058102 1 1320 550 611
5690 3921 66058112 1 1320 550 543
