194
1213 2762 59548265 0 1560 480 410
1151 2797 59548275 1 1540 490 475
1126 2854 59548285 1 1540 490 480
1121 2879 59548295 1 1530 490 489
1121 2879 59548305 1 1520 490 559
1116 2879 59548315 1 1520 490 585
1116 2879 59548325 1 1500 500 620
1116 2869 59548335 1 1500 500 682
1116 2804 59548345 1 1480 500 720
1116 2702 59548355 1 1480 500 750
1116 2591 59548365 1 1470 510 784
1124 2460 59548375 1 1440 510 790
1138 2317 59548385 1 1440 510 805
1158 2170 59548395 1 1430 520 820
1179 2030 59548405 1 1430 520 832
1191 1901 59548415 1 1420 530 827
1198 1778 59548425 1 1430 530 831
1198 1658 59548435 1 1430 530 839
1193 1569 59548445 1 1430 530 839
1193 1502 59548455 1 1450 540 833
1193 1455 59548465 1 1450 540 791
1210 1423 59548475 1 1460 540 672
1233 1400 59548485 1 1470 550 384
1322 1901 59548596 0 1580 560 617
1322 1857 59548606 1 1580 560 670
1317 1864 59548616 1 1580 560 643
1317 1894 59548626 1 1580 560 636
1322 1894 59548636 1 1580 560 644
1335 1886 59548646 1 1570 560 664
1367 1877 59548656 1 1570 560 708
1411 1865 59548666 1 1570 560 740
1485 1853 59548676 1 1550 550 751
1579 1841 59548686 1 1560 550 753
1687 1841 59548696 1 1550 540 753
1775 1841 59548706 1 1550 540 749
1844 1851 59548716 1 1530 540 655
1901 1869 59548726 1 1530 540 244
2003 2654 59548846 0 1510 510 374
2091 2703 59548856 1 1510 510 595
2076 2717 59548866 1 1510 510 560
2012 2712 59548876 1 1510 510 550
1994 2689 59548886 1 1510 510 554
1977 2653 59548896 1 1500 520 588
1961 2609 59548906 1 1500 520 638
1946 2535 59548916 1 1500 520 702
1951 2440 59548926 1 1520 530 737
1969 2298 59548936 1 1520 530 782
1998 2147 59548946 1 1520 530 818
2028 1989 59548956 1 1520 540 836
2048 1851 59548966 1 1520 540 852
2061 1726 59548976 1 1520 540 857
2081 1610 59548986 1 1530 550 858
2105 1524 59548996 1 1530 550 797
2143 1452 59549006 1 1530 560 562
3072 1737 59549357 0 1480 540 149
3037 1743 59549367 1 1480 540 262
3020 1743 59549377 1 1480 540 335
3003 1743 59549387 1 1470 530 407
2996 1735 59549397 1 1470 530 468
2989 1730 59549407 1 1470 530 538
2989 1722 59549417 1 1480 530 574
2989 1709 59549427 1 1470 530 609
2996 1687 59549437 1 1470 530 633
3035 1658 59549447 1 1470 530 647
3093 1628 59549457 1 1470 530 661
3178 1614 59549467 1 1470 550 667
3265 1614 59549477 1 1470 550 673
3354 1629 59549487 1 1470 550 664
3421 1658 59549497 1 1470 550 664
3474 1694 59549507 1 1470 550 672
3490 1724 59549517 1 1470 550 669
3476 1758 59549527 1 1470 550 664
3442 1789 59549537 1 1470 550 670
3375 1817 59549547 1 1470 550 663
3293 1860 59549557 1 1470 550 663
3202 1868 59549567 1 1480 540 675
3123 1854 59549577 1 1480 540 697
3049 1817 59549587 1 1500 540 719
2994 1753 59549597 1 1500 540 731
2951 1671 59549607 1 1500 540 759
2945 1587 59549617 1 1500 540 785
2969 1510 59549627 1 1500 540 812
3014 1438 59549637 1 1500 540 829
3074 1374 59549647 1 1490 550 832
3161 1330 59549657 1 1490 550 827
3267 1300 59549667 1 1480 560 768
3389 1300 59549677 1 1480 560 518
4221 2696 59549838 0 1490 490 198
4111 2678 59549848 1 1490 490 198
4084 2661 59549858 1 1490 480 216
4075 2633 59549868 1 1500 470 340
4075 2593 59549878 1 1500 470 473
4089 2535 59549888 1 1510 460 564
4105 2465 59549898 1 1510 460 642
4131 2371 59549908 1 1520 460 690
4160 2248 59549918 1 1520 460 746
4185 2107 59549928 1 1510 470 785
4194 1971 59549938 1 1510 480 829
4194 1845 59549948 1 1510 490 843
4194 1726 59549958 1 1510 500 866
4194 1620 59549968 1 1500 510 861
4194 1541 59549978 1 1490 530 864
4204 1480 59549988 1 1480 540 861
4233 1422 59549998 1 1470 550 818
4275 1373 59550008 1 1480 560 670
5680 1524 59550258 0 1470 560 559
5720 1531 59550268 1 1470 580 638
5711 1549 59550278 1 1470 590 638
5711 1570 59550288 1 1480 600 644
5719 1585 59550298 1 1480 600 643
5719 1609 59550308 1 1470 610 670
5710 1640 59550318 1 1480 610 699
5692 1688 59550328 1 1480 610 725
5665 1732 59550338 1 1480 610 759
5628 1774 59550348 1 1500 600 796
5585 1804 59550358 1 1500 600 799
5534 1812 59550368 1 1510 600 808
5476 1805 59550378 1 1520 590 812
5414 1778 59550388 1 1520 590 823
5358 1730 59550398 1 1500 580 822
5325 1667 59550408 1 1500 580 831
5306 1604 59550418 1 1500 580 837
5322 1545 59550428 1 1500 580 839
5363 1490 59550438 1 1500 580 840
5420 1451 59550448 1 1500 580 834
5496 1434 59550458 1 1500 580 823
5578 1434 59550468 1 1500 580 794
5655 1453 59550478 1 1500 580 797
5727 1479 59550488 1 1490 590 793
5766 1509 59550498 1 1490 590 791
5777 1535 59550508 1 1480 600 780
5769 1568 59550518 1 1470 610 776
5751 1605 59550528 1 1460 620 784
5734 1611 59550538 1 1440 620 783
5718 1611 59550548 1 1410 630 800
5700 1578 59550558 1 1410 630 832
5679 1520 59550568 1 1410 630 839
5657 1428 59550578 1 1410 630 849
5638 1298 59550588 1 1410 630 855
5619 1143 59550598 1 1400 630 858
5602 988 59550608 1 1400 630 857
5579 842 59550618 1 1400 630 857
5552 701 59550628 1 1400 650 860
5529 595 59550638 1 1400 650 854
5497 528 59550648 1 1400 650 876
5459 487 59550658 1 1420 650 888
5414 459 59550668 1 1400 660 896
5360 453 59550678 1 1400 660 905
5301 461 59550688 1 1420 660 896
5220 499 59550698 1 1420 660 902
5143 555 59550708 1 1400 670 909
5074 622 59550718 1 1400 670 906
5028 687 59550728 1 1400 670 905
4996 739 59550738 1 1390 680 892
4982 783 59550748 1 1390 680 824
4982 825 59550758 1 1390 680 636
6954 1808 59550969 0 1580 560 592
6954 1777 59550979 1 1580 550 693
6934 1788 59550989 1 1580 550 693
6919 1821 59550999 1 1580 540 691
6910 1821 59551009 1 1580 540 699
6910 1821 59551019 1 1580 540 700
6882 1821 59551029 1 1590 530 722
6861 1821 59551039 1 1590 530 731
6841 1814 59551049 1 1590 530 739
6825 1795 59551059 1 1590 530 754
6796 1766 59551069 1 1580 530 770
6759 1726 59551079 1 1580 530 797
6726 1675 59551089 1 1570 540 800
6699 1617 59551099 1 1580 550 809
6684 1565 59551109 1 1580 550 815
6678 1512 59551119 1 1570 560 817
6687 1459 59551129 1 1570 570 820
6706 1419 59551139 1 1570 580 821
6736 1387 59551149 1 1560 590 812
6781 1367 59551159 1 1550 600 794
6835 1372 59551169 1 1550 600 790
6889 1394 59551179 1 1540 600 774
6940 1437 59551189 1 1530 610 768
6980 1497 59551199 1 1520 620 762
7015 1569 59551209 1 1510 630 762
7032 1650 59551219 1 1510 630 771
7043 1727 59551229 1 1510 630 821
7049 1759 59551239 1 1530 630 864
7049 1759 59551249 1 1540 630 896
7043 1759 59551259 1 1550 620 911
7036 1726 59551269 1 1550 620 951
7017 1672 59551279 1 1560 610 976
7002 1606 59551289 1 1560 610 996
6993 1536 59551299 1 1570 610 1012
7003 1467 59551309 1 1570 610 1021
7025 1400 59551319 1 1570 610 1017
7067 1347 59551329 1 1570 610 949
7126 1307 59551339 1 1570 610 782
