255
2376 6300 64878119 0 1290 520 134
2368 6266 64878129 1 1290 520 178
2351 6309 64878139 1 1290 520 233
2351 6309 64878149 1 1290 520 287
2351 6309 64878159 1 1280 520 335
2351 6309 64878169 1 1280 520 334
2351 6309 64878179 1 1290 510 341
2351 6300 64878189 1 1290 510 358
2356 6276 64878199 1 1290 510 369
2364 6244 64878209 1 1290 510 392
2372 6198 64878219 1 1290 510 441
2381 6119 64878229 1 1290 510 486
2392 6018 64878239 1 1290 510 526
2398 5870 64878249 1 1280 520 564
2398 5722 64878259 1 1280 520 600
2403 5577 64878269 1 1280 520 639
2403 5424 64878279 1 1270 520 649
2393 5265 64878289 1 1250 530 658
2400 5141 64878299 1 1250 530 658
2407 5043 64878309 1 1240 530 655
2415 4963 64878319 1 1230 530 646
2433 4932 64878329 1 1230 530 647
2447 4927 64878339 1 1220 540 636
2457 4939 64878349 1 1200 540 568
2457 4987 64878359 1 1200 540 136
2404 5327 64878420 0 1140 550 70
2392 5422 64878430 1 1140 550 144
2392 5451 64878440 1 1140 550 178
2387 5472 64878450 1 1140 550 206
2392 5490 64878460 1 1140 550 249
2402 5502 64878470 1 1140 550 279
2420 5515 64878480 1 1140 550 325
2458 5530 64878490 1 1140 550 372
2508 5545 64878500 1 1140 550 420
2583 5571 64878510 1 1140 550 464
2677 5598 64878520 1 1140 550 504
2784 5626 64878530 1 1140 550 532
2886 5652 64878540 1 1140 550 554
2989 5677 64878550 1 1140 550 566
3089 5700 64878560 1 1140 550 578
3186 5728 64878570 1 1140 550 584
3278 5760 64878580 1 1140 550 580
3353 5799 64878590 1 1160 550 572
3416 5836 64878600 1 1160 550 560
3450 5867 64878610 1 1170 550 567
3459 5888 64878620 1 1170 550 539
3450 5904 64878630 1 1190 540 452
3429 5932 64878640 1 1190 540 260
3307 6387 64878700 0 1250 530 48
3307 6463 64878710 1 1250 530 93
3307 6472 64878720 1 1270 520 132
3307 6478 64878730 1 1280 520 180
3312 6478 64878740 1 1280 520 250
3312 6467 64878750 1 1280 520 315
3322 6437 64878760 1 1290 510 372
3328 6394 64878770 1 1290 510 420
3328 6332 64878780 1 1280 500 465
3333 6263 64878790 1 1270 510 512
3333 6184 64878800 1 1270 510 570
3343 6086 64878810 1 1280 520 613
3351 5978 64878820 1 1280 520 641
3360 5847 64878830 1 1280 520 679
3369 5724 64878840 1 1270 520 716
3381 5606 64878850 1 1270 520 731
3390 5489 64878860 1 1250 530 757
3396 5372 64878870 1 1250 530 760
3409 5269 64878880 1 1240 530 760
3420 5176 64878890 1 1230 530 760
3431 5111 64878900 1 1230 530 749
3444 5061 64878910 1 1220 540 731
3454 5020 64878920 1 1220 540 710
3467 5005 64878930 1 1200 540 526
4078 5412 64879151 0 1130 510 3
4042 5372 64879161 1 1130 500 239
4023 5360 64879171 1 1130 500 250
4011 5353 64879181 1 1150 500 286
4011 5345 64879191 1 1150 500 335
4017 5336 64879201 1 1130 510 369
4028 5324 64879211 1 1140 510 407
4058 5318 64879221 1 1140 510 430
4099 5318 64879231 1 1140 510 443
4160 5328 64879241 1 1140 510 461
4215 5349 64879251 1 1140 510 475
4265 5377 64879261 1 1150 520 495
4308 5409 64879271 1 1150 520 491
4342 5441 64879281 1 1150 520 510
4370 5473 64879291 1 1150 520 522
4386 5503 64879301 1 1150 520 541
4386 5533 64879311 1 1150 520 539
4377 5568 64879321 1 1150 520 550
4357 5607 64879331 1 1150 520 546
4331 5638 64879341 1 1150 520 551
4301 5664 64879351 1 1150 520 556
4265 5674 64879361 1 1150 520 561
4223 5674 64879371 1 1150 520 564
4178 5663 64879381 1 1150 520 560
4129 5646 64879391 1 1150 520 569
4085 5620 64879401 1 1150 520 580
4051 5587 64879411 1 1160 520 592
4023 5541 64879421 1 1160 520 609
4002 5488 64879431 1 1160 520 614
3991 5429 64879441 1 1160 520 633
3998 5370 64879451 1 1160 520 644
4017 5317 64879461 1 1160 520 641
4059 5267 64879471 1 1160 520 658
4124 5231 64879481 1 1160 520 671
4205 5207 64879491 1 1160 520 672
4287 5191 64879501 1 1170 530 694
4366 5183 64879511 1 1170 530 710
4442 5183 64879521 1 1160 530 730
4511 5183 64879531 1 1160 530 730
4567 5183 64879541 1 1160 530 739
4615 5188 64879551 1 1170 540 746
4645 5193 64879561 1 1170 540 746
4659 5193 64879571 1 1170 540 746
4659 5201 64879581 1 1170 540 736
4659 5207 64879591 1 1170 540 696
4642 5220 64879601 1 1170 540 392
5004 6241 64879772 0 1220 500 117
4999 6307 64879782 1 1220 500 180
4992 6307 64879792 1 1240 500 249
4986 6312 64879802 1 1250 510 289
4981 6293 64879812 1 1250 510 344
4972 6261 64879822 1 1260 500 388
4967 6199 64879832 1 1260 500 439
4967 6122 64879842 1 1260 500 492
4975 6036 64879852 1 1280 500 542
4987 5922 64879862 1 1280 500 602
4999 5794 64879872 1 1270 510 649
5009 5657 64879882 1 1270 510 685
5018 5533 64879892 1 1270 520 708
5024 5406 64879902 1 1270 520 727
5030 5275 64879912 1 1250 530 720
5037 5181 64879922 1 1250 530 727
5044 5110 64879932 1 1240 530 725
5051 5069 64879942 1 1240 530 720
5056 5050 64879952 1 1230 530 724
5056 5050 64879962 1 1230 530 705
5065 5050 64879972 1 1220 540 594
5073 5084 64879982 1 1220 540 144
6003 5515 64880172 0 1220 540 12
6003 5515 64880182 1 1230 550 108
6003 5515 64880192 1 1230 550 163
6003 5515 64880202 1 1230 550 214
5996 5555 64880212 1 1230 550 282
5983 5577 64880222 1 1240 550 322
5968 5602 64880232 1 1220 560 349
5954 5627 64880242 1 1220 560 376
5940 5652 64880252 1 1220 560 394
5926 5678 64880262 1 1220 560 415
5911 5698 64880272 1 1220 560 442
5896 5709 64880282 1 1230 560 461
5882 5709 64880292 1 1230 560 468
5866 5701 64880302 1 1230 560 464
5849 5673 64880312 1 1230 560 473
5830 5632 64880322 1 1230 560 486
5811 5575 64880332 1 1230 560 496
5794 5513 64880342 1 1230 560 501
5782 5439 64880352 1 1230 560 517
5777 5362 64880362 1 1230 560 522
5783 5288 64880372 1 1230 560 512
5797 5237 64880382 1 1230 560 515
5815 5200 64880392 1 1230 560 522
5835 5183 64880402 1 1230 560 535
5853 5183 64880412 1 1230 560 536
5874 5195 64880422 1 1230 560 545
5898 5226 64880432 1 1230 560 548
5917 5268 64880442 1 1230 560 553
5933 5318 64880452 1 1230 560 550
5950 5380 64880462 1 1230 560 551
5962 5440 64880472 1 1220 560 550
5970 5495 64880482 1 1230 560 550
5979 5523 64880492 1 1230 560 556
5979 5535 64880502 1 1230 560 559
5984 5535 64880512 1 1230 560 567
5984 5535 64880522 1 1230 560 560
5984 5529 64880532 1 1230 560 566
5978 5506 64880542 1 1230 560 570
5973 5472 64880552 1 1230 560 584
5973 5427 64880562 1 1230 560 589
5973 5369 64880572 1 1230 560 616
5973 5302 64880582 1 1230 560 634
5973 5223 64880592 1 1230 560 658
5973 5141 64880602 1 1230 560 671
5973 5053 64880612 1 1230 560 675
5978 4961 64880622 1 1230 560 685
5978 4869 64880632 1 1230 560 699
5978 4769 64880642 1 1230 560 721
5978 4664 64880652 1 1220 570 722
5972 4576 64880662 1 1220 570 734
5962 4500 64880672 1 1220 570 749
5946 4433 64880682 1 1200 570 768
5926 4383 64880692 1 1200 570 796
5899 4349 64880702 1 1200 570 809
5865 4327 64880712 1 1190 580 821
5827 4327 64880722 1 1190 580 821
5768 4339 64880732 1 1190 580 815
5708 4362 64880742 1 1190 580 814
5648 4398 64880752 1 1170 580 806
5596 4440 64880762 1 1170 580 800
5547 4485 64880772 1 1170 580 780
5519 4535 64880782 1 1160 570 676
5503 4607 64880792 1 1160 570 420
6650 5442 64881003 0 1240 530 139
6650 5442 64881013 1 1240 530 175
6650 5442 64881023 1 1250 540 287
6650 5442 64881033 1 1240 540 368
6679 5434 64881043 1 1240 540 410
6684 5445 64881053 1 1240 540 446
6692 5453 64881063 1 1240 540 474
6700 5465 64881073 1 1240 540 504
6705 5479 64881083 1 1240 540 533
6705 5496 64881093 1 1240 540 557
6712 5514 64881103 1 1240 540 561
6712 5534 64881113 1 1240 540 583
6702 5555 64881123 1 1230 550 588
6693 5575 64881133 1 1230 550 600
6677 5594 64881143 1 1230 550 611
6656 5611 64881153 1 1230 550 611
6636 5624 64881163 1 1230 550 616
6611 5629 64881173 1 1230 550 622
6582 5629 64881183 1 1230 550 620
6551 5615 64881193 1 1230 550 624
6524 5593 64881203 1 1240 540 627
6500 5553 64881213 1 1240 540 636
6477 5503 64881223 1 1240 540 637
6461 5438 64881233 1 1240 540 650
6451 5370 64881243 1 1240 540 664
6451 5298 64881253 1 1240 540 668
6458 5244 64881263 1 1240 540 662
6474 5203 64881273 1 1240 540 666
6498 5179 64881283 1 1230 550 681
6529 5170 64881293 1 1230 550 693
6566 5170 64881303 1 1230 550 690
6605 5193 64881313 1 1230 550 694
6644 5227 64881323 1 1230 550 699
6680 5271 64881333 1 1230 550 696
6715 5316 64881343 1 1230 550 696
6745 5357 64881353 1 1230 550 697
6767 5392 64881363 1 1230 550 697
6783 5411 64881373 1 1230 550 700
6790 5421 64881374 1 1230 550 703
6790 5421 64881384 1 1230 550 707
6790 5421 64881394 1 1230 550 717
6836 5399 64881404 1 1240 550 725
6866 5363 64881414 1 1240 550 763
6898 5321 64881424 1 1240 550 793
6929 5273 64881434 1 1250 560 797
6961 5226 64881444 1 1250 560 817
6987 5188 64881454 1 1250 560 821
7010 5154 64881464 1 1260 570 820
7027 5128 64881474 1 1260 570 818
7035 5117 64881484 1 1270 570 808
7035 5117 64881494 1 1270 570 776
7035 5117 64881504 1 1270 570 86
