193
970 2656 59575394 0 1500 520 242
1000 2662 59575404 1 1510 510 384
1000 2673 59575414 1 1510 510 417
1000 2683 59575424 1 1520 510 414
994 2683 59575434 1 1510 510 440
994 2683 59575444 1 1500 510 490
994 2683 59575454 1 1490 520 543
994 2675 59575464 1 1490 520 613
994 2634 59575474 1 1470 520 663
994 2569 59575484 1 1470 520 721
994 2469 59575494 1 1460 530 754
994 2323 59575504 1 1450 530 782
1005 2147 59575514 1 1460 530 799
1014 1968 59575524 1 1450 540 817
1021 1796 59575534 1 1450 540 820
1016 1629 59575544 1 1460 540 830
1004 1515 59575554 1 1460 540 817
996 1430 59575564 1 1460 540 829
996 1364 59575574 1 1460 550 800
996 1328 59575584 1 1480 560 702
1007 1308 59575594 1 1480 560 373
1049 1780 59575705 0 1570 580 544
1090 1769 59575715 1 1570 580 620
1096 1779 59575725 1 1550 580 617
1096 1779 59575735 1 1560 570 610
1120 1756 59575745 1 1560 570 617
1161 1728 59575755 1 1560 570 628
1210 1696 59575765 1 1560 570 641
1269 1667 59575775 1 1540 560 638
1332 1645 59575785 1 1540 560 641
1402 1627 59575795 1 1540 560 646
1472 1620 59575805 1 1540 570 641
1542 1620 59575815 1 1540 570 630
1602 1635 59575825 1 1540 570 356
1642 2321 59575945 0 1500 550 368
1676 2405 59575955 1 1500 550 501
1676 2454 59575965 1 1490 550 505
1663 2475 59575975 1 1500 540 509
1663 2493 59575985 1 1500 540 521
1670 2503 59575995 1 1480 540 569
1670 2503 59576005 1 1500 540 591
1670 2503 59576015 1 1500 540 658
1670 2440 59576025 1 1500 540 719
1670 2341 59576035 1 1500 540 767
1684 2176 59576045 1 1510 540 812
1705 2010 59576055 1 1510 540 836
1733 1856 59576065 1 1500 550 866
1750 1710 59576075 1 1520 560 854
1762 1587 59576085 1 1530 560 869
1770 1494 59576095 1 1520 570 873
1778 1421 59576105 1 1540 570 878
1786 1351 59576115 1 1530 580 872
1797 1294 59576125 1 1530 580 861
1814 1245 59576135 1 1530 580 740
1842 1198 59576145 1 1530 580 249
2651 1576 59576296 0 1500 600 103
2675 1618 59576306 1 1500 600 398
2675 1636 59576316 1 1500 600 449
2658 1646 59576326 1 1500 600 474
2658 1646 59576336 1 1500 600 488
2658 1646 59576346 1 1500 600 537
2663 1637 59576356 1 1500 600 605
2685 1613 59576366 1 1500 600 636
2719 1579 59576376 1 1480 610 669
2781 1550 59576386 1 1480 610 697
2857 1535 59576396 1 1480 610 697
2942 1529 59576406 1 1460 620 705
3028 1542 59576416 1 1460 620 707
3106 1565 59576426 1 1460 620 707
3179 1596 59576436 1 1460 620 708
3229 1632 59576446 1 1460 620 702
3253 1677 59576456 1 1460 620 694
3259 1727 59576466 1 1460 620 702
3220 1775 59576476 1 1440 610 700
3148 1817 59576486 1 1450 600 696
3053 1831 59576496 1 1450 600 694
2969 1831 59576506 1 1460 600 699
2890 1811 59576516 1 1470 590 707
2821 1777 59576526 1 1470 590 711
2766 1733 59576536 1 1470 590 721
2719 1682 59576546 1 1490 580 721
2694 1630 59576556 1 1470 590 751
2694 1577 59576566 1 1470 590 767
2707 1521 59576576 1 1490 590 788
2734 1462 59576586 1 1490 590 824
2774 1405 59576596 1 1490 590 830
2823 1357 59576606 1 1480 600 817
2873 1315 59576616 1 1460 600 830
2926 1280 59576626 1 1460 600 823
2984 1257 59576636 1 1450 600 785
3053 1243 59576646 1 1460 620 636
3139 1250 59576656 1 1460 620 53
3846 2423 59576776 0 1460 600 450
3860 2479 59576786 1 1470 590 494
3823 2484 59576796 1 1490 580 517
3802 2466 59576806 1 1470 580 546
3778 2425 59576816 1 1480 570 606
3752 2349 59576826 1 1490 560 641
3725 2249 59576836 1 1490 550 694
3706 2130 59576846 1 1500 540 731
3706 2007 59576856 1 1500 540 762
3718 1879 59576866 1 1480 540 805
3718 1750 59576876 1 1490 530 840
3718 1622 59576886 1 1480 540 853
3710 1523 59576896 1 1480 540 860
3715 1443 59576906 1 1470 550 860
3740 1369 59576916 1 1460 550 860
3779 1305 59576926 1 1470 560 866
3843 1249 59576936 1 1460 570 796
3924 1201 59576946 1 1470 580 514
4910 1489 59577077 0 1440 660 391
4945 1522 59577087 1 1440 660 423
4930 1541 59577097 1 1460 660 446
4923 1560 59577107 1 1460 660 501
4901 1589 59577117 1 1460 660 566
4869 1624 59577127 1 1460 660 622
4830 1664 59577137 1 1470 650 659
4793 1701 59577147 1 1480 650 681
4759 1735 59577157 1 1480 650 697
4739 1744 59577167 1 1500 640 713
4727 1749 59577177 1 1490 630 728
4698 1712 59577187 1 1490 630 760
4669 1650 59577197 1 1500 620 771
4639 1575 59577207 1 1500 620 779
4639 1509 59577217 1 1490 630 780
4662 1449 59577227 1 1490 630 779
4697 1403 59577237 1 1490 630 774
4757 1373 59577247 1 1490 630 770
4821 1355 59577257 1 1490 630 756
4892 1364 59577267 1 1490 630 731
4963 1393 59577277 1 1490 630 688
5029 1436 59577287 1 1480 630 668
5063 1481 59577297 1 1480 630 662
5079 1524 59577307 1 1460 640 664
5079 1565 59577317 1 1450 650 702
5069 1574 59577327 1 1440 660 721
5060 1574 59577337 1 1440 670 743
5050 1544 59577347 1 1440 670 782
5030 1490 59577357 1 1420 680 802
5004 1403 59577367 1 1420 680 826
4993 1279 59577377 1 1420 680 832
4983 1131 59577387 1 1430 690 817
4978 985 59577397 1 1430 690 830
4962 838 59577407 1 1430 690 823
4939 712 59577417 1 1410 700 818
4912 600 59577427 1 1410 700 821
4881 540 59577437 1 1430 700 824
4846 513 59577447 1 1430 700 826
4806 508 59577457 1 1430 700 829
4755 531 59577467 1 1420 710 832
4697 576 59577477 1 1420 710 819
4647 635 59577487 1 1420 710 817
4597 702 59577497 1 1420 710 832
4549 769 59577507 1 1420 710 817
4516 816 59577517 1 1400 720 829
4492 851 59577527 1 1400 720 808
4483 876 59577537 1 1400 720 696
4483 899 59577547 1 1400 720 254
5957 1586 59577718 0 1450 650 443
5950 1643 59577728 1 1450 650 516
5942 1681 59577738 1 1450 650 535
5942 1708 59577748 1 1480 650 595
5942 1732 59577758 1 1500 640 671
5933 1751 59577768 1 1510 630 719
5907 1765 59577778 1 1520 620 751
5865 1757 59577788 1 1530 610 767
5811 1735 59577798 1 1530 610 794
5754 1680 59577808 1 1530 610 796
5702 1610 59577818 1 1530 610 812
5670 1530 59577828 1 1530 610 820
5650 1453 59577838 1 1530 610 826
5650 1376 59577848 1 1550 620 827
5677 1308 59577858 1 1540 630 830
5717 1245 59577868 1 1540 630 832
5776 1202 59577878 1 1540 630 829
5836 1185 59577888 1 1530 630 823
5898 1185 59577898 1 1530 630 812
5958 1220 59577908 1 1510 640 803
6017 1270 59577918 1 1500 650 800
6058 1331 59577928 1 1490 660 799
6089 1407 59577938 1 1480 670 797
6104 1481 59577948 1 1480 680 803
6104 1554 59577958 1 1470 690 827
6095 1577 59577968 1 1450 700 890
6095 1577 59577978 1 1450 700 906
6090 1572 59577988 1 1450 700 937
6074 1535 59577998 1 1450 700 991
6049 1467 59578008 1 1450 700 999
6039 1379 59578018 1 1450 700 1008
6055 1301 59578028 1 1450 700 1006
6089 1227 59578038 1 1480 700 997
6146 1172 59578048 1 1480 700 944
6224 1128 59578058 1 1480 700 665
