186
2518 3461 38175429 0 1440 500 301
2502 3489 38175439 1 1440 500 325
2475 3506 38175449 1 1430 510 336
2457 3506 38175459 1 1430 510 368
2440 3506 38175469 1 1430 510 394
2423 3497 38175479 1 1430 510 443
2406 3488 38175489 1 1420 500 470
2390 3457 38175499 1 1420 500 513
2381 3413 38175509 1 1420 500 556
2381 3319 38175519 1 1420 500 594
2396 3188 38175529 1 1420 500 614
2422 3033 38175539 1 1420 500 622
2460 2864 38175549 1 1410 510 634
2494 2691 38175559 1 1410 510 645
2526 2516 38175569 1 1410 510 647
2553 2361 38175579 1 1410 510 636
2574 2228 38175589 1 1410 510 636
2592 2109 38175599 1 1420 520 630
2610 2026 38175609 1 1420 520 567
2627 1968 38175619 1 1420 520 392
2591 2368 38175750 0 1430 500 399
2628 2409 38175760 1 1430 500 456
2623 2428 38175770 1 1430 500 463
2623 2428 38175780 1 1430 500 468
2631 2419 38175790 1 1430 500 488
2649 2419 38175800 1 1430 500 522
2674 2409 38175810 1 1440 500 562
2714 2397 38175820 1 1440 500 585
2763 2385 38175830 1 1440 500 617
2834 2374 38175840 1 1430 510 620
2912 2360 38175850 1 1430 510 627
3002 2355 38175860 1 1430 510 630
3098 2355 38175870 1 1430 510 616
3193 2360 38175880 1 1430 510 538
3269 2368 38175890 1 1420 500 309
3432 3103 38176040 0 1450 480 450
3394 3115 38176050 1 1450 480 473
3373 3161 38176060 1 1450 480 473
3373 3154 38176070 1 1450 480 490
3383 3122 38176080 1 1450 480 522
3393 3074 38176090 1 1450 480 566
3403 2996 38176100 1 1440 490 614
3429 2882 38176110 1 1440 490 649
3455 2745 38176120 1 1440 490 666
3479 2600 38176130 1 1430 500 693
3492 2472 38176140 1 1430 500 697
3498 2356 38176150 1 1430 500 702
3498 2235 38176160 1 1430 500 705
3503 2129 38176170 1 1430 500 690
3514 2032 38176180 1 1430 500 584
4209 2206 38176391 0 1440 460 509
4118 2280 38176401 1 1440 460 551
4091 2299 38176411 1 1440 460 553
4084 2299 38176421 1 1450 460 548
4091 2292 38176431 1 1440 470 551
4096 2292 38176441 1 1440 470 548
4107 2281 38176451 1 1440 470 560
4144 2255 38176461 1 1430 480 574
4195 2220 38176471 1 1430 480 584
4261 2193 38176481 1 1430 490 592
4327 2177 38176491 1 1430 490 585
4393 2169 38176501 1 1420 490 585
4442 2174 38176511 1 1420 490 588
4481 2190 38176521 1 1430 500 592
4505 2213 38176531 1 1430 500 594
4510 2240 38176541 1 1430 500 592
4502 2275 38176551 1 1430 500 592
4476 2316 38176561 1 1430 500 591
4433 2345 38176571 1 1430 500 591
4378 2370 38176581 1 1430 500 602
4323 2370 38176591 1 1430 500 614
4273 2364 38176601 1 1430 500 611
4232 2338 38176611 1 1430 500 622
4199 2291 38176621 1 1430 500 639
4172 2230 38176631 1 1430 500 649
4165 2156 38176641 1 1430 500 663
4171 2082 38176651 1 1430 500 693
4201 2008 38176661 1 1430 500 694
4237 1946 38176671 1 1430 500 708
4293 1891 38176681 1 1430 500 710
4361 1850 38176691 1 1430 500 697
4449 1832 38176701 1 1440 500 614
4570 1832 38176711 1 1440 500 382
5265 3023 38176881 0 1500 460 420
5265 3023 38176891 1 1500 460 443
5265 3023 38176901 1 1500 460 453
5239 3026 38176911 1 1500 460 497
5239 2990 38176921 1 1490 470 570
5239 2892 38176931 1 1490 470 616
5248 2753 38176941 1 1490 470 643
5270 2609 38176951 1 1480 470 669
5288 2489 38176961 1 1480 480 700
5299 2386 38176971 1 1470 490 730
5305 2274 38176981 1 1460 500 737
5305 2176 38176991 1 1480 500 743
5299 2087 38177001 1 1480 500 748
5305 2019 38177011 1 1480 500 748
5321 1959 38177021 1 1490 510 745
5342 1904 38177031 1 1490 510 691
5383 1848 38177041 1 1490 510 512
6566 2222 38177432 0 1470 480 196
6639 2265 38177442 1 1460 490 315
6653 2300 38177452 1 1460 490 412
6653 2329 38177462 1 1460 490 477
6636 2360 38177472 1 1460 490 524
6607 2393 38177482 1 1450 500 562
6558 2427 38177492 1 1450 500 591
6505 2439 38177502 1 1450 500 619
6448 2445 38177512 1 1450 500 627
6396 2430 38177522 1 1450 500 636
6347 2403 38177532 1 1450 500 652
6307 2353 38177542 1 1450 500 663
6275 2270 38177552 1 1450 500 675
6264 2166 38177562 1 1450 500 678
6264 2085 38177572 1 1450 500 678
6295 2027 38177582 1 1460 500 678
6341 1984 38177592 1 1460 500 666
6397 1966 38177602 1 1460 500 665
6459 1975 38177612 1 1460 500 650
6522 2001 38177622 1 1460 500 637
6586 2047 38177632 1 1460 500 636
6624 2093 38177642 1 1470 490 634
6646 2138 38177652 1 1470 490 630
6646 2172 38177662 1 1470 490 634
6646 2203 38177672 1 1470 490 636
6638 2214 38177682 1 1470 490 645
6638 2214 38177692 1 1470 490 647
6629 2214 38177702 1 1470 490 658
6629 2159 38177712 1 1470 490 669
6619 2078 38177722 1 1470 490 691
6619 1969 38177732 1 1460 500 697
6625 1835 38177742 1 1460 500 705
6631 1684 38177752 1 1450 510 710
6631 1538 38177762 1 1440 510 713
6631 1412 38177772 1 1430 520 717
6625 1299 38177782 1 1420 530 719
6609 1197 38177792 1 1410 530 725
6586 1118 38177802 1 1400 540 730
6556 1055 38177812 1 1400 550 722
6523 1012 38177822 1 1390 560 727
6487 983 38177832 1 1380 570 734
6447 964 38177842 1 1360 570 742
6396 964 38177852 1 1350 580 760
6337 975 38177862 1 1350 590 753
6279 997 38177872 1 1340 600 754
6224 1032 38177882 1 1320 600 751
6174 1079 38177892 1 1310 610 737
6141 1134 38177902 1 1310 610 669
6118 1196 38177912 1 1310 610 509
7595 2054 38178103 0 1490 510 66
7580 2169 38178113 1 1490 510 373
7570 2228 38178123 1 1500 500 402
7570 2270 38178133 1 1500 500 468
7563 2309 38178143 1 1510 490 527
7563 2346 38178153 1 1520 490 594
7544 2376 38178163 1 1520 490 617
7521 2392 38178173 1 1520 490 636
7489 2399 38178183 1 1520 490 645
7451 2394 38178193 1 1520 490 637
7409 2372 38178203 1 1520 490 644
7363 2340 38178213 1 1510 500 662
7322 2278 38178223 1 1510 500 670
7303 2199 38178233 1 1510 500 681
7297 2108 38178243 1 1510 500 687
7326 2033 38178253 1 1510 500 688
7375 1976 38178263 1 1510 500 687
7436 1930 38178273 1 1510 500 681
7511 1905 38178283 1 1510 500 667
7587 1900 38178293 1 1510 500 662
7653 1909 38178303 1 1520 510 655
7711 1939 38178313 1 1530 500 655
7745 1975 38178323 1 1530 500 656
7761 2015 38178333 1 1530 500 659
7761 2070 38178343 1 1530 500 662
7752 2135 38178353 1 1530 500 664
7742 2207 38178363 1 1530 500 693
7736 2262 38178373 1 1530 500 731
7736 2275 38178383 1 1530 500 739
7736 2259 38178393 1 1530 500 779
7736 2225 38178403 1 1530 500 817
7736 2153 38178413 1 1530 500 842
7742 2056 38178423 1 1530 500 863
7755 1981 38178433 1 1530 500 866
7774 1915 38178443 1 1530 500 855
7824 1854 38178453 1 1530 500 791
7895 1813 38178463 1 1530 500 542
