208
1913 5101 61067520 0 1330 460 257
1857 5059 61067530 1 1330 460 270
1788 5059 61067540 1 1340 470 280
1788 5068 61067550 1 1350 460 287
1820 4923 61067560 1 1350 460 281
1883 4686 61067570 1 1360 470 292
1968 4389 61067580 1 1360 470 302
2072 4087 61067590 1 1380 470 316
2188 3812 61067600 1 1380 470 322
2299 3637 61067610 1 1370 470 339
2393 3521 61067620 1 1370 470 356
2475 3445 61067630 1 1380 480 356
2526 3391 61067640 1 1370 480 348
2560 3352 61067650 1 1370 480 338
2583 3336 61067660 1 1380 490 335
2598 3336 61067670 1 1370 500 214
2564 4555 61067800 0 1370 510 101
2678 4693 61067810 1 1370 510 117
2686 4777 61067820 1 1370 510 158
2686 4813 61067830 1 1380 500 186
2670 4808 61067840 1 1380 500 176
2645 4784 61067850 1 1380 500 218
2595 4709 61067860 1 1400 500 265
2529 4599 61067870 1 1400 500 330
2437 4424 61067880 1 1400 500 391
2330 4183 61067890 1 1390 480 449
2213 3898 61067900 1 1390 480 473
2074 3605 61067910 1 1390 480 490
1939 3372 61067920 1 1380 490 496
1853 3179 61067930 1 1380 490 497
1797 3082 61067940 1 1380 490 493
1783 3043 61067950 1 1380 490 473
1802 3043 61067960 1 1380 490 447
1843 3059 61067970 1 1380 490 205
2886 4851 61068291 0 1390 460 55
2877 4921 61068301 1 1400 470 141
2877 4948 61068311 1 1400 470 139
2877 4954 61068321 1 1400 470 173
2907 4922 61068331 1 1400 470 255
2959 4837 61068341 1 1400 470 315
3026 4716 61068351 1 1400 470 341
3113 4595 61068361 1 1420 470 353
3212 4474 61068371 1 1420 470 358
3320 4370 61068381 1 1400 480 353
3414 4279 61068391 1 1400 480 339
3488 4222 61068401 1 1400 480 334
3549 4183 61068411 1 1390 480 107
3850 4794 61068511 0 1370 480 96
3942 4853 61068521 1 1370 480 247
3959 4894 61068531 1 1370 480 316
3959 4919 61068541 1 1370 480 312
3959 4933 61068551 1 1380 480 320
3959 4933 61068561 1 1380 480 340
3916 4845 61068571 1 1380 480 351
3851 4736 61068581 1 1390 470 361
3763 4638 61068591 1 1390 470 391
3661 4550 61068601 1 1390 470 418
3583 4469 61068611 1 1390 470 435
3520 4414 61068621 1 1380 470 440
3479 4378 61068631 1 1390 470 446
3459 4355 61068641 1 1380 480 448
3454 4355 61068651 1 1380 480 439
3460 4347 61068661 1 1380 480 442
3468 4312 61068671 1 1390 480 452
3482 4256 61068681 1 1390 480 460
3511 4158 61068691 1 1380 490 474
3548 4007 61068701 1 1380 490 475
3582 3820 61068711 1 1380 490 486
3610 3627 61068721 1 1370 500 496
3635 3477 61068731 1 1370 500 501
3651 3356 61068741 1 1370 500 512
3658 3252 61068751 1 1370 500 522
3658 3170 61068761 1 1370 500 520
3652 3102 61068771 1 1370 500 517
3647 3060 61068781 1 1360 500 514
3642 3036 61068791 1 1360 500 504
3642 3023 61068801 1 1370 510 488
3642 3023 61068811 1 1370 510 148
4683 4158 61069032 0 1420 470 276
4756 4188 61069042 1 1400 480 339
4741 4376 61069052 1 1410 490 368
4704 4472 61069062 1 1410 500 362
4668 4505 61069072 1 1410 500 367
4641 4540 61069082 1 1410 500 377
4621 4550 61069092 1 1410 500 382
4595 4543 61069102 1 1410 500 387
4538 4491 61069112 1 1410 500 389
4461 4375 61069122 1 1410 500 409
4420 4216 61069132 1 1400 500 420
4413 4053 61069142 1 1400 500 438
4428 3893 61069152 1 1400 500 440
4469 3774 61069162 1 1400 500 458
4536 3682 61069172 1 1400 500 474
4619 3645 61069182 1 1370 500 477
4719 3645 61069192 1 1370 500 478
4820 3659 61069202 1 1370 500 478
4922 3715 61069212 1 1370 500 477
5034 3820 61069222 1 1370 500 472
5154 3957 61069232 1 1380 500 466
5265 4103 61069242 1 1380 500 440
5354 4281 61069252 1 1380 500 417
5427 4480 61069262 1 1380 500 420
5484 4666 61069272 1 1400 510 418
5524 4848 61069282 1 1400 510 425
5553 4984 61069292 1 1400 510 425
5564 5091 61069302 1 1400 510 446
5558 5155 61069312 1 1400 510 467
5541 5192 61069322 1 1410 510 494
5527 5210 61069332 1 1410 510 504
5514 5210 61069342 1 1420 500 509
5489 5156 61069352 1 1420 500 515
5455 5065 61069362 1 1420 500 536
5411 4869 61069372 1 1430 500 554
5366 4641 61069382 1 1430 500 563
5320 4392 61069392 1 1430 500 578
5286 4177 61069402 1 1430 500 595
5255 4031 61069412 1 1440 490 600
5231 3930 61069422 1 1440 490 609
5221 3875 61069432 1 1440 490 606
5221 3852 61069442 1 1440 490 613
5221 3852 61069452 1 1440 490 619
5221 3852 61069462 1 1440 490 613
5226 3893 61069472 1 1430 500 613
5226 3953 61069482 1 1430 500 602
5248 4085 61069492 1 1430 500 603
5269 4233 61069502 1 1430 500 611
5290 4391 61069512 1 1420 500 609
5304 4470 61069522 1 1420 500 609
5313 4499 61069532 1 1420 500 606
5319 4499 61069542 1 1420 500 606
5339 4487 61069552 1 1420 500 614
5359 4437 61069562 1 1420 500 620
5380 4359 61069572 1 1420 500 614
5402 4232 61069582 1 1420 500 613
5424 4105 61069592 1 1420 500 622
5463 3995 61069602 1 1420 500 624
5505 3896 61069612 1 1420 500 628
5550 3824 61069622 1 1420 500 634
5615 3779 61069632 1 1420 500 636
5701 3752 61069642 1 1420 500 638
5801 3767 61069652 1 1430 510 633
5912 3817 61069662 1 1430 510 634
6023 3891 61069672 1 1430 510 636
6136 3979 61069682 1 1430 510 636
6231 4064 61069692 1 1420 520 639
6315 4135 61069702 1 1420 520 641
6368 4199 61069712 1 1420 520 644
6405 4263 61069722 1 1420 520 644
6430 4331 61069732 1 1430 520 639
6439 4403 61069742 1 1430 520 639
6439 4462 61069752 1 1430 520 636
6429 4501 61069762 1 1430 520 636
6409 4527 61069772 1 1430 520 634
6383 4546 61069782 1 1450 530 639
6352 4560 61069792 1 1450 530 638
6304 4551 61069802 1 1450 530 636
6238 4529 61069812 1 1450 530 634
6159 4456 61069822 1 1450 530 638
6071 4347 61069832 1 1450 530 639
5987 4214 61069842 1 1450 530 641
5945 4119 61069852 1 1450 530 645
5930 4052 61069862 1 1450 530 641
5930 4005 61069872 1 1450 530 645
5936 3982 61069882 1 1450 530 641
5962 3982 61069892 1 1450 530 639
6001 3993 61069902 1 1450 530 641
6074 4048 61069912 1 1450 530 636
6155 4128 61069922 1 1450 530 631
6242 4224 61069932 1 1450 530 634
6309 4294 61069942 1 1450 530 634
6343 4319 61069952 1 1450 530 636
6354 4314 61069962 1 1450 530 639
6361 4284 61069972 1 1450 530 644
6361 4221 61069982 1 1450 530 647
6354 4137 61069992 1 1450 530 645
6371 4069 61070002 1 1450 530 644
6395 4028 61070012 1 1450 530 638
6431 4006 61070022 1 1450 530 643
6499 4017 61070032 1 1450 530 641
6587 4064 61070042 1 1450 530 638
6692 4134 61070052 1 1430 530 647
6799 4229 61070062 1 1430 530 645
6911 4334 61070072 1 1430 530 636
6996 4445 61070082 1 1430 530 638
7063 4513 61070092 1 1430 530 637
7106 4549 61070102 1 1450 540 638
7124 4564 61070112 1 1450 540 638
7124 4564 61070122 1 1450 540 640
7124 4557 61070132 1 1450 540 641
7124 4517 61070142 1 1450 540 643
7110 4457 61070152 1 1460 540 644
7094 4362 61070162 1 1460 540 644
7083 4285 61070172 1 1460 540 649
7099 4221 61070182 1 1460 540 650
7131 4177 61070192 1 1470 550 659
7173 4155 61070202 1 1470 550 658
7234 4148 61070212 1 1470 550 656
7308 4166 61070222 1 1470 550 653
7387 4209 61070232 1 1470 550 646
7467 4268 61070242 1 1470 550 614
7526 4340 61070252 1 1470 550 475
7058 5126 61070384 0 1470 520 556
7058 5126 61070394 1 1470 520 605
7061 5228 61070404 1 1470 520 614
7084 5260 61070414 1 1480 510 614
7157 5232 61070424 1 1480 510 605
7262 5219 61070434 1 1480 510 595
7374 5202 61070444 1 1480 510 472
