277
2817 5876 35312770 0 1180 440 110
2844 5940 35312780 1 1180 440 254
2813 5976 35312790 1 1180 440 342
2806 6016 35312800 1 1180 440 399
2801 6016 35312810 1 1190 450 444
2801 6016 35312820 1 1190 450 522
2807 6009 35312830 1 1200 460 570
2830 5961 35312840 1 1200 460 624
2865 5886 35312850 1 1210 470 670
2907 5786 35312860 1 1210 470 697
2961 5686 35312870 1 1220 470 728
3023 5585 35312880 1 1210 480 730
3087 5449 35312890 1 1220 480 740
3149 5310 35312900 1 1220 480 749
3198 5204 35312910 1 1210 490 754
3239 5122 35312920 1 1220 500 758
3270 5060 35312930 1 1200 500 761
3290 5016 35312940 1 1200 500 763
3303 4984 35312950 1 1190 500 760
3303 4964 35312960 1 1190 500 749
3309 4958 35312970 1 1180 510 742
3309 4958 35312980 1 1170 500 725
3309 4964 35312990 1 1160 500 700
3304 4994 35313000 1 1150 500 560
3304 5041 35313010 1 1150 500 158
3463 5896 35313110 0 1150 490 244
3495 5961 35313120 1 1150 490 362
3495 5972 35313130 1 1160 490 492
3483 5972 35313140 1 1160 490 536
3467 5960 35313150 1 1160 490 592
3417 5895 35313160 1 1170 490 636
3348 5795 35313170 1 1170 490 662
3266 5680 35313180 1 1170 490 688
3170 5559 35313190 1 1190 480 702
3072 5431 35313200 1 1190 490 721
2973 5308 35313210 1 1190 490 728
2906 5224 35313220 1 1190 490 730
2863 5165 35313230 1 1190 490 731
2836 5130 35313240 1 1180 490 730
2826 5110 35313250 1 1180 490 721
2819 5101 35313261 1 1180 490 713
2819 5101 35313271 1 1170 500 703
2819 5101 35313281 1 1170 500 699
2852 5079 35313291 1 1160 500 622
2881 5086 35313301 1 1160 500 382
4055 6115 35313551 0 1140 460 259
4055 6115 35313561 1 1140 460 371
4029 6138 35313571 1 1140 460 443
4029 6138 35313581 1 1160 470 473
4029 6138 35313591 1 1180 480 554
4039 6107 35313601 1 1190 470 627
4066 6056 35313611 1 1200 480 681
4105 5973 35313621 1 1200 480 725
4142 5888 35313631 1 1210 480 746
4173 5800 35313641 1 1210 480 750
4201 5730 35313651 1 1200 480 762
4220 5671 35313661 1 1200 480 762
4237 5620 35313671 1 1200 480 760
4253 5578 35313681 1 1190 480 754
4266 5542 35313691 1 1190 480 754
4279 5520 35313701 1 1190 480 730
4291 5510 35313711 1 1170 490 663
4312 5510 35313721 1 1160 490 389
4640 6127 35313821 0 1140 500 327
4652 6158 35313831 1 1140 500 438
4638 6168 35313841 1 1150 490 533
4621 6168 35313851 1 1150 490 592
4602 6168 35313861 1 1160 490 622
4565 6156 35313871 1 1180 490 641
4516 6112 35313881 1 1180 490 647
4458 6049 35313891 1 1190 490 641
4402 5976 35313901 1 1190 490 643
4352 5910 35313911 1 1210 490 641
4320 5862 35313921 1 1210 490 643
4297 5825 35313921 1 1220 480 643
4283 5800 35313931 1 1210 490 643
4272 5786 35313941 1 1210 490 647
4264 5780 35313951 1 1210 490 647
4258 5770 35313961 1 1190 490 647
4258 5765 35313971 1 1190 490 643
4258 5765 35313981 1 1190 490 644
4258 5765 35313991 1 1170 490 646
4258 5760 35314001 1 1170 490 649
4263 5760 35314011 1 1160 490 656
4268 5753 35314021 1 1160 490 658
4274 5748 35314031 1 1150 490 665
4282 5742 35314041 1 1140 480 667
4290 5731 35314051 1 1130 490 691
4302 5716 35314061 1 1130 490 716
4311 5682 35314071 1 1120 490 751
4316 5636 35314081 1 1120 490 790
4316 5565 35314091 1 1120 490 821
4311 5467 35314101 1 1120 490 849
4294 5352 35314111 1 1120 490 870
4270 5224 35314121 1 1120 490 900
4247 5103 35314131 1 1120 490 905
4226 4999 35314141 1 1120 490 921
4209 4904 35314151 1 1110 490 936
4197 4829 35314161 1 1110 490 944
4189 4781 35314171 1 1110 490 945
4189 4752 35314181 1 1110 490 944
4189 4743 35314191 1 1110 490 941
4189 4743 35314201 1 1090 490 927
4189 4743 35314211 1 1090 490 915
4197 4760 35314221 1 1100 500 903
4225 4817 35314231 1 1100 500 787
4253 4902 35314241 1 1100 500 407
5844 5672 35314492 0 1230 490 175
5839 5725 35314502 1 1230 490 247
5825 5760 35314512 1 1230 490 317
5809 5803 35314522 1 1220 500 412
5798 5851 35314532 1 1220 500 516
5782 5898 35314542 1 1210 510 594
5763 5942 35314552 1 1210 510 631
5741 5984 35314562 1 1210 510 667
5720 6026 35314572 1 1210 510 694
5696 6063 35314582 1 1190 500 717
5666 6097 35314592 1 1190 500 728
5634 6121 35314602 1 1190 500 742
5601 6133 35314612 1 1200 500 755
5561 6133 35314622 1 1200 500 751
5516 6110 35314632 1 1190 490 756
5462 6066 35314642 1 1210 490 763
5402 5985 35314652 1 1210 490 768
5337 5864 35314662 1 1210 490 777
5276 5716 35314672 1 1220 480 796
5240 5579 35314682 1 1220 480 790
5220 5452 35314692 1 1210 490 800
5234 5332 35314702 1 1210 490 811
5254 5232 35314712 1 1210 490 817
5292 5164 35314722 1 1190 490 820
5339 5117 35314732 1 1190 480 827
5403 5092 35314742 1 1170 490 818
5470 5092 35314752 1 1170 490 822
5544 5116 35314762 1 1160 490 822
5632 5173 35314772 1 1160 490 822
5729 5266 35314782 1 1150 490 817
5832 5383 35314792 1 1160 500 821
5929 5499 35314802 1 1150 500 824
6017 5615 35314812 1 1130 510 822
6110 5733 35314822 1 1130 510 817
6188 5853 35314832 1 1130 510 822
6256 5954 35314842 1 1130 510 822
6293 6040 35314852 1 1130 510 819
6303 6093 35314862 1 1150 510 822
6296 6129 35314872 1 1150 510 822
6279 6153 35314882 1 1150 510 822
6257 6167 35314892 1 1170 510 824
6232 6178 35314902 1 1170 510 824
6210 6183 35314912 1 1180 510 825
6189 6183 35314922 1 1180 510 825
6169 6183 35314932 1 1200 510 825
6146 6177 35314942 1 1200 510 827
6120 6163 35314952 1 1210 510 827
6090 6123 35314962 1 1220 500 827
6055 6067 35314972 1 1220 500 833
6016 5981 35314982 1 1220 500 837
5979 5861 35314992 1 1240 500 846
5945 5719 35315002 1 1220 500 866
5917 5594 35315012 1 1220 500 860
5896 5485 35315022 1 1220 500 866
5886 5388 35315032 1 1210 510 875
5881 5307 35315042 1 1210 510 876
5881 5252 35315052 1 1200 510 878
5887 5215 35315062 1 1200 510 878
5892 5196 35315072 1 1190 510 878
5892 5190 35315082 1 1190 510 879
5892 5190 35315092 1 1170 520 878
5905 5204 35315102 1 1170 520 876
5918 5250 35315112 1 1160 520 876
5939 5318 35315122 1 1150 520 876
5965 5394 35315132 1 1150 520 875
5992 5471 35315142 1 1140 530 873
6021 5549 35315152 1 1140 530 870
6050 5601 35315162 1 1140 530 870
6072 5633 35315172 1 1140 530 869
6088 5653 35315182 1 1140 530 870
6099 5662 35315192 1 1140 530 870
6107 5668 35315202 1 1140 530 867
6112 5668 35315212 1 1140 530 870
6121 5668 35315222 1 1140 530 870
6128 5653 35315232 1 1140 530 872
6136 5626 35315242 1 1140 530 873
6136 5589 35315252 1 1140 530 875
6142 5544 35315262 1 1140 530 876
6142 5496 35315272 1 1140 530 879
6142 5442 35315282 1 1140 530 879
6142 5390 35315292 1 1140 530 882
6154 5339 35315302 1 1140 530 884
6172 5288 35315312 1 1140 530 884
6199 5236 35315322 1 1140 530 885
6233 5203 35315332 1 1140 530 887
6282 5183 35315342 1 1140 530 890
6339 5183 35315352 1 1140 530 893
6411 5215 35315362 1 1140 530 888
6487 5272 35315372 1 1140 530 888
6568 5353 35315382 1 1140 530 890
6648 5435 35315392 1 1140 530 890
6710 5518 35315402 1 1140 530 885
6760 5579 35315412 1 1140 530 885
6780 5626 35315422 1 1140 530 882
6780 5664 35315432 1 1140 530 882
6758 5696 35315442 1 1140 530 878
6729 5725 35315452 1 1140 530 878
6694 5737 35315462 1 1140 530 878
6654 5737 35315472 1 1140 530 876
6615 5728 35315482 1 1140 530 879
6576 5711 35315492 1 1140 530 879
6539 5682 35315494 1 1140 530 882
6505 5637 35315504 1 1140 530 885
6477 5581 35315514 1 1140 530 890
6454 5517 35315524 1 1140 530 893
6439 5452 35315534 1 1140 530 897
6433 5393 35315544 1 1140 530 896
6440 5338 35315554 1 1140 530 897
6455 5299 35315564 1 1140 530 900
6485 5277 35315574 1 1140 530 897
6517 5267 35315584 1 1140 530 897
6564 5287 35315594 1 1140 530 894
6620 5330 35315604 1 1120 530 888
6668 5389 35315614 1 1120 530 887
6709 5440 35315624 1 1120 530 885
6744 5489 35315634 1 1120 530 885
6779 5534 35315644 1 1120 530 884
6801 5574 35315654 1 1120 530 884
6815 5595 35315664 1 1120 530 884
6815 5605 35315674 1 1120 530 887
6810 5605 35315684 1 1120 530 885
6805 5605 35315694 1 1120 530 885
6794 5593 35315704 1 1120 530 887
6779 5562 35315714 1 1120 530 888
6762 5520 35315724 1 1120 530 893
6751 5468 35315734 1 1120 530 896
6745 5415 35315744 1 1120 530 897
6745 5363 35315754 1 1120 530 900
6770 5321 35315764 1 1140 530 903
6801 5284 35315774 1 1130 540 905
6854 5264 35315784 1 1130 540 909
6908 5264 35315794 1 1130 540 908
6974 5264 35315804 1 1130 540 892
7047 5309 35315814 1 1130 540 892
7110 5366 35315824 1 1130 540 892
7175 5433 35315834 1 1140 550 893
7242 5500 35315844 1 1120 550 894
7307 5563 35315854 1 1120 550 894
7345 5603 35315864 1 1120 550 897
7367 5631 35315874 1 1120 550 902
7375 5646 35315884 1 1120 550 905
7375 5660 35315894 1 1120 550 911
7365 5674 35315904 1 1110 550 917
7353 5679 35315914 1 1120 560 923
7341 5679 35315924 1 1120 560 923
7330 5679 35315934 1 1120 560 924
7318 5651 35315944 1 1120 560 927
7301 5611 35315954 1 1120 560 933
7281 5549 35315964 1 1120 560 941
7267 5482 35315974 1 1110 550 935
7272 5406 35315984 1 1110 550 943
7290 5326 35315994 1 1110 550 949
7338 5247 35316004 1 1120 560 956
7388 5199 35316014 1 1120 560 956
7456 5172 35316024 1 1120 560 959
7534 5160 35316034 1 1120 560 958
7617 5180 35316044 1 1120 560 947
7690 5222 35316054 1 1120 560 937
7756 5271 35316064 1 1120 560 933
7803 5322 35316074 1 1120 560 858
7817 5374 35316084 1 1110 550 543
7320 6254 35316175 0 1150 540 480
7294 6213 35316185 1 1150 540 591
7269 6206 35316195 1 1160 530 622
7275 6183 35316205 1 1170 540 665
7286 6183 35316215 1 1180 540 696
7319 6195 35316225 1 1190 530 700
7366 6173 35316235 1 1210 530 702
7416 6150 35316245 1 1210 530 693
7463 6127 35316255 1 1220 530 567
