260
3596 5908 35283277 0 1140 450 120
3570 5940 35283287 1 1160 460 222
3563 5960 35283297 1 1160 460 281
3557 5983 35283307 1 1170 470 398
3557 5990 35283317 1 1180 480 455
3557 5990 35283327 1 1190 470 488
3563 5967 35283337 1 1200 480 539
3592 5924 35283347 1 1210 490 574
3636 5839 35283357 1 1210 490 613
3697 5740 35283367 1 1210 490 625
3759 5631 35283377 1 1190 490 644
3822 5495 35283387 1 1190 490 643
3880 5358 35283397 1 1190 480 643
3934 5223 35283407 1 1170 490 652
3980 5130 35283417 1 1170 490 650
4017 5062 35283427 1 1170 490 650
4047 5009 35283437 1 1160 490 649
4073 4969 35283447 1 1160 490 641
4091 4937 35283457 1 1150 490 634
4103 4922 35283467 1 1150 490 572
4109 4929 35283477 1 1140 500 304
4193 5674 35283588 0 1110 490 247
4205 5724 35283598 1 1110 490 319
4189 5733 35283608 1 1110 490 384
4163 5733 35283618 1 1110 490 436
4129 5698 35283628 1 1100 480 498
4072 5641 35283638 1 1100 480 521
4000 5536 35283648 1 1100 480 546
3917 5399 35283658 1 1110 480 562
3832 5240 35283668 1 1110 480 569
3747 5105 35283678 1 1120 490 572
3670 5001 35283688 1 1120 490 575
3599 4919 35283698 1 1120 490 567
3568 4869 35283708 1 1130 500 545
3568 4858 35283718 1 1130 500 448
4554 6071 35283888 0 1130 470 202
4612 6030 35283898 1 1130 470 340
4588 6012 35283908 1 1150 470 361
4594 6006 35283918 1 1150 470 447
4605 5947 35283928 1 1160 470 541
4625 5863 35283938 1 1170 480 585
4651 5763 35283948 1 1180 480 617
4683 5678 35283958 1 1170 490 616
4716 5598 35283968 1 1170 490 628
4748 5521 35283978 1 1180 490 628
4777 5454 35283978 1 1170 500 638
4799 5397 35283988 1 1170 500 634
4816 5347 35283998 1 1160 500 630
4830 5313 35284008 1 1160 500 613
4843 5291 35284018 1 1150 500 563
4856 5276 35284028 1 1150 500 282
5176 5833 35284139 0 1130 520 253
5197 5874 35284149 1 1130 520 327
5190 5881 35284159 1 1140 510 402
5179 5881 35284169 1 1140 510 444
5166 5881 35284179 1 1150 510 466
5145 5857 35284189 1 1150 510 477
5120 5823 35284199 1 1150 510 486
5093 5787 35284209 1 1170 510 486
5070 5758 35284219 1 1170 510 488
5049 5734 35284229 1 1170 510 499
5030 5714 35284239 1 1170 510 514
5011 5698 35284249 1 1170 510 513
4995 5685 35284259 1 1170 510 526
4979 5674 35284269 1 1170 520 527
4963 5663 35284279 1 1160 520 535
4951 5650 35284289 1 1160 520 540
4944 5638 35284299 1 1160 520 546
4939 5628 35284309 1 1150 520 537
4939 5619 35284319 1 1150 520 542
4934 5604 35284329 1 1140 530 557
4934 5587 35284339 1 1140 530 572
4934 5565 35284349 1 1120 520 588
4934 5535 35284359 1 1120 520 611
4934 5496 35284369 1 1120 520 647
4941 5447 35284379 1 1100 520 673
4946 5383 35284389 1 1100 520 699
4953 5309 35284399 1 1100 520 728
4953 5225 35284409 1 1100 520 746
4959 5144 35284419 1 1100 520 768
4959 5065 35284429 1 1100 520 784
4959 4979 35284439 1 1100 520 806
4953 4897 35284449 1 1100 520 820
4953 4819 35284459 1 1100 520 832
4953 4748 35284469 1 1100 520 825
4953 4693 35284479 1 1100 520 833
4953 4648 35284489 1 1090 520 834
4947 4610 35284499 1 1090 520 836
4947 4588 35284509 1 1090 520 837
4947 4576 35284519 1 1090 520 836
4942 4576 35284529 1 1080 530 825
4942 4583 35284539 1 1080 530 821
4942 4595 35284549 1 1080 530 756
4952 4640 35284559 1 1080 530 517
6299 5234 35284730 0 1070 520 402
6333 5324 35284740 1 1070 520 407
6274 5358 35284750 1 1070 520 420
6274 5410 35284760 1 1080 530 448
6269 5461 35284770 1 1080 530 504
6255 5512 35284780 1 1080 530 527
6235 5554 35284790 1 1080 540 538
6215 5592 35284800 1 1080 540 554
6196 5623 35284810 1 1080 540 574
6172 5639 35284820 1 1090 550 589
6145 5646 35284830 1 1090 550 585
6111 5639 35284840 1 1090 550 589
6073 5609 35284850 1 1100 550 594
6033 5563 35284860 1 1100 550 609
5987 5501 35284870 1 1100 560 619
5944 5406 35284880 1 1100 560 641
5910 5288 35284890 1 1120 560 679
5885 5146 35284900 1 1120 560 708
5885 5022 35284910 1 1120 560 724
5885 4910 35284920 1 1120 560 740
5923 4829 35284930 1 1120 560 752
5963 4773 35284940 1 1100 560 763
6022 4734 35284950 1 1100 560 756
6091 4734 35284960 1 1100 560 759
6183 4774 35284970 1 1100 560 757
6276 4840 35284980 1 1100 560 760
6369 4928 35284990 1 1100 560 760
6453 5026 35285000 1 1100 560 759
6531 5132 35285010 1 1100 560 757
6600 5242 35285020 1 1090 570 757
6652 5356 35285030 1 1090 570 756
6693 5473 35285040 1 1090 570 753
6714 5569 35285050 1 1090 570 750
6723 5643 35285060 1 1080 560 750
6723 5702 35285070 1 1080 560 753
6723 5728 35285080 1 1080 560 753
6714 5748 35285090 1 1080 560 754
6702 5757 35285100 1 1080 560 754
6689 5757 35285110 1 1080 560 751
6672 5749 35285120 1 1080 560 754
6651 5716 35285130 1 1080 560 756
6629 5669 35285140 1 1080 560 759
6600 5595 35285150 1 1100 550 768
6566 5483 35285160 1 1100 550 782
6529 5346 35285170 1 1100 550 803
6495 5200 35285180 1 1100 550 824
6466 5083 35285190 1 1100 550 832
6452 4985 35285200 1 1100 550 821
6447 4915 35285210 1 1100 550 822
6447 4870 35285220 1 1100 550 821
6447 4842 35285230 1 1100 550 818
6457 4842 35285240 1 1100 550 818
6467 4852 35285250 1 1100 550 818
6480 4879 35285260 1 1100 550 830
6497 4947 35285270 1 1100 550 830
6515 5013 35285280 1 1100 550 829
6531 5075 35285290 1 1100 550 827
6545 5130 35285300 1 1110 550 827
6561 5171 35285310 1 1110 550 829
6577 5204 35285320 1 1100 550 829
6592 5234 35285330 1 1100 550 829
6609 5251 35285340 1 1100 550 827
6626 5260 35285350 1 1100 550 827
6644 5266 35285360 1 1100 550 829
6662 5266 35285370 1 1100 550 829
6680 5266 35285380 1 1100 550 830
6697 5259 35285390 1 1100 550 830
6712 5245 35285400 1 1100 550 832
6724 5225 35285410 1 1100 550 818
6730 5197 35285420 1 1100 550 822
6730 5160 35285430 1 1100 550 824
6730 5121 35285440 1 1100 550 824
6723 5081 35285450 1 1100 550 825
6716 5046 35285460 1 1100 550 827
6716 5015 35285470 1 1100 550 825
6724 4987 35285480 1 1100 550 827
6734 4965 35285490 1 1100 550 827
6753 4943 35285500 1 1100 550 824
6779 4926 35285510 1 1100 560 825
6813 4913 35285520 1 1100 560 825
6852 4908 35285530 1 1100 560 830
6898 4908 35285540 1 1110 570 827
6952 4914 35285550 1 1110 570 827
7011 4922 35285560 1 1110 570 831
7068 4936 35285570 1 1110 570 831
7125 4954 35285580 1 1120 580 831
7183 4978 35285590 1 1120 580 834
7232 5011 35285600 1 1120 580 836
7276 5050 35285610 1 1130 590 836
7313 5095 35285620 1 1130 590 837
7331 5139 35285630 1 1130 590 837
7336 5184 35285640 1 1110 590 834
7327 5229 35285650 1 1120 600 831
7307 5272 35285660 1 1120 600 830
7280 5313 35285670 1 1120 600 828
7261 5353 35285680 1 1120 600 827
7242 5372 35285690 1 1120 600 824
7218 5372 35285700 1 1120 600 822
7190 5367 35285710 1 1110 590 822
7155 5335 35285720 1 1110 590 821
7117 5288 35285730 1 1110 590 822
7076 5228 35285740 1 1110 590 824
7046 5166 35285750 1 1110 590 827
7022 5100 35285760 1 1110 590 827
7016 5047 35285770 1 1110 590 827
7016 5003 35285780 1 1110 590 828
7044 4981 35285790 1 1110 590 828
7074 4973 35285800 1 1110 590 831
7115 4973 35285810 1 1110 590 833
7163 4993 35285820 1 1110 590 833
7214 5021 35285830 1 1110 590 834
7263 5055 35285840 1 1120 600 834
7299 5084 35285850 1 1120 600 833
7326 5111 35285860 1 1120 600 833
7338 5130 35285870 1 1120 600 833
7338 5139 35285880 1 1120 600 833
7338 5139 35285890 1 1120 600 828
7331 5139 35285900 1 1120 600 828
7317 5117 35285910 1 1120 600 830
7298 5083 35285920 1 1120 600 833
7291 5040 35285930 1 1120 600 833
7291 5001 35285940 1 1120 600 833
7303 4965 35285950 1 1120 600 836
7327 4940 35285960 1 1120 600 836
7362 4926 35285970 1 1120 600 836
7402 4920 35285980 1 1120 600 839
7454 4925 35285990 1 1120 600 837
7514 4939 35286000 1 1120 600 837
7579 4960 35286010 1 1120 600 837
7633 4987 35286020 1 1120 600 837
7679 5026 35286030 1 1120 600 839
7734 5072 35286040 1 1120 600 837
7789 5123 35286050 1 1100 600 840
7837 5169 35286060 1 1100 600 837
7879 5207 35286070 1 1100 600 839
7902 5243 35286080 1 1100 600 842
7902 5249 35286090 1 1100 600 842
7885 5249 35286100 1 1100 600 837
7861 5237 35286110 1 1110 610 837
7834 5212 35286120 1 1110 610 840
7806 5183 35286130 1 1110 610 842
7789 5155 35286140 1 1110 610 846
7775 5126 35286150 1 1110 610 849
7768 5094 35286160 1 1110 610 866
7768 5050 35286170 1 1110 610 864
7781 5000 35286180 1 1110 610 885
7806 4951 35286190 1 1110 610 891
7854 4901 35286200 1 1110 610 909
7904 4846 35286210 1 1110 610 912
7957 4818 35286220 1 1110 610 929
8010 4808 35286222 1 1110 610 938
8075 4813 35286232 1 1110 610 945
8149 4853 35286242 1 1090 620 945
8228 4916 35286252 1 1090 620 936
8288 4973 35286262 1 1090 620 915
8323 5029 35286272 1 1090 620 783
8342 5083 35286282 1 1090 620 183
7792 5778 35286392 0 1120 600 619
7824 5712 35286402 1 1120 600 664
7841 5696 35286412 1 1120 600 690
7855 5696 35286422 1 1120 600 758
7918 5658 35286432 1 1120 600 826
7969 5618 35286442 1 1130 610 840
8012 5574 35286452 1 1130 610 839
8042 5542 35286462 1 1130 610 830
8059 5521 35286472 1 1140 610 647
