272
3428 5909 35317787 0 1190 480 100
3412 5964 35317797 1 1190 470 190
3392 6006 35317807 1 1190 470 260
3377 6054 35317817 1 1190 470 374
3367 6108 35317827 1 1200 470 473
3360 6131 35317837 1 1210 470 530
3360 6131 35317847 1 1210 470 546
3360 6131 35317857 1 1220 460 567
3378 6101 35317867 1 1220 460 641
3415 6047 35317877 1 1220 460 667
3466 5932 35317887 1 1230 460 694
3524 5795 35317897 1 1230 460 730
3582 5643 35317907 1 1220 460 731
3643 5499 35317917 1 1220 460 743
3705 5362 35317927 1 1230 470 755
3753 5261 35317937 1 1220 470 761
3791 5183 35317947 1 1220 470 753
3820 5117 35317957 1 1210 480 754
3840 5066 35317967 1 1210 480 757
3853 5024 35317977 1 1200 480 754
3863 4994 35317987 1 1200 480 761
3863 4980 35317997 1 1190 480 754
3868 4980 35318007 1 1190 480 742
3868 4980 35318017 1 1170 490 711
3868 4992 35318027 1 1170 490 572
3856 5018 35318037 1 1160 490 251
3885 5772 35318118 0 1150 480 105
3935 5845 35318128 1 1150 480 211
3935 5883 35318138 1 1160 470 315
3935 5901 35318148 1 1170 480 488
3935 5907 35318158 1 1180 480 581
3935 5907 35318168 1 1180 480 611
3908 5889 35318178 1 1180 480 634
3865 5851 35318188 1 1190 470 667
3797 5757 35318198 1 1190 470 687
3712 5643 35318208 1 1190 470 697
3609 5515 35318218 1 1200 470 721
3512 5378 35318228 1 1200 470 720
3438 5268 35318238 1 1200 470 725
3376 5175 35318248 1 1210 480 724
3346 5130 35318258 1 1210 480 731
3338 5113 35318268 1 1210 480 717
3344 5113 35318278 1 1200 480 699
3357 5113 35318288 1 1200 480 644
3393 5113 35318298 1 1200 480 372
4201 6176 35318458 0 1150 450 291
4268 6138 35318468 1 1150 450 404
4258 6138 35318478 1 1150 450 420
4264 6172 35318488 1 1160 450 465
4281 6152 35318498 1 1170 450 557
4307 6107 35318508 1 1170 450 616
4336 6046 35318518 1 1180 440 655
4370 5972 35318528 1 1180 440 670
4401 5899 35318538 1 1180 440 697
4430 5825 35318548 1 1200 450 693
4459 5766 35318558 1 1200 460 696
4485 5717 35318568 1 1200 460 694
4508 5673 35318578 1 1200 460 691
4529 5637 35318588 1 1190 460 691
4547 5607 35318598 1 1190 460 669
4562 5587 35318608 1 1200 470 613
4592 5581 35318618 1 1190 470 185
4944 6138 35318718 0 1150 470 230
4978 6164 35318728 1 1150 480 359
4971 6172 35318738 1 1170 480 405
4956 6182 35318748 1 1180 480 486
4939 6189 35318758 1 1190 480 538
4916 6189 35318768 1 1200 480 545
4890 6181 35318778 1 1200 480 551
4851 6143 35318788 1 1210 480 561
4800 6085 35318798 1 1210 480 570
4740 6021 35318808 1 1220 470 570
4691 5970 35318818 1 1230 480 570
4647 5927 35318829 1 1240 480 584
4611 5894 35318839 1 1240 480 600
4592 5876 35318849 1 1240 480 614
4582 5867 35318859 1 1250 470 619
4576 5858 35318869 1 1250 470 614
4571 5848 35318879 1 1250 470 616
4571 5834 35318889 1 1250 470 625
4565 5807 35318899 1 1240 480 641
4565 5771 35318909 1 1240 480 641
4565 5737 35318919 1 1230 470 665
4572 5701 35318929 1 1220 470 679
4581 5662 35318939 1 1210 470 696
4590 5620 35318949 1 1200 470 731
4600 5577 35318959 1 1190 470 745
4611 5524 35318969 1 1180 460 759
4621 5461 35318979 1 1170 470 796
4626 5377 35318989 1 1170 470 802
4626 5279 35318999 1 1160 470 823
4626 5185 35319009 1 1160 470 827
4626 5095 35319019 1 1150 470 845
4617 5007 35319029 1 1150 470 861
4604 4918 35319039 1 1130 480 853
4593 4844 35319049 1 1130 480 861
4582 4781 35319059 1 1120 480 863
4573 4739 35319069 1 1120 480 864
4566 4716 35319079 1 1120 480 864
4566 4705 35319089 1 1110 480 863
4559 4700 35319099 1 1110 480 860
4559 4700 35319109 1 1110 480 866
4559 4706 35319119 1 1110 480 845
4559 4716 35319129 1 1110 480 812
4559 4749 35319139 1 1110 480 611
5739 5562 35319389 0 1170 470 117
5739 5562 35319399 1 1170 490 195
5741 5605 35319409 1 1170 490 280
5712 5659 35319419 1 1180 490 356
5703 5692 35319429 1 1190 500 418
5694 5728 35319439 1 1180 510 497
5679 5767 35319449 1 1180 510 551
5659 5798 35319459 1 1180 510 575
5633 5830 35319469 1 1180 510 592
5600 5860 35319479 1 1180 510 617
5561 5885 35319489 1 1190 500 636
5526 5905 35319499 1 1190 500 658
5489 5905 35319509 1 1190 500 673
5449 5900 35319519 1 1190 490 667
5407 5870 35319529 1 1190 490 675
5360 5820 35319539 1 1190 490 681
5317 5757 35319549 1 1190 490 694
5281 5682 35319559 1 1210 490 693
5252 5587 35319569 1 1210 490 719
5233 5479 35319579 1 1210 490 722
5233 5379 35319589 1 1210 490 737
5240 5291 35319599 1 1210 490 745
5271 5210 35319609 1 1210 490 752
5308 5143 35319619 1 1190 490 755
5357 5094 35319629 1 1190 490 758
5414 5056 35319639 1 1180 490 750
5481 5045 35319649 1 1170 490 759
5558 5066 35319659 1 1170 500 760
5644 5108 35319669 1 1170 500 763
5744 5193 35319679 1 1160 500 762
5852 5306 35319689 1 1150 500 767
5941 5438 35319699 1 1150 500 767
6023 5554 35319709 1 1150 500 762
6099 5668 35319719 1 1150 500 759
6162 5777 35319729 1 1150 500 753
6196 5886 35319739 1 1150 510 753
6210 5962 35319749 1 1150 510 756
6203 6017 35319759 1 1170 510 756
6190 6044 35319769 1 1170 510 757
6174 6065 35319779 1 1180 510 757
6155 6075 35319789 1 1180 510 757
6135 6075 35319799 1 1190 510 760
6115 6075 35319809 1 1200 510 756
6098 6075 35319819 1 1200 510 757
6080 6062 35319829 1 1210 510 757
6055 6018 35319839 1 1210 510 759
6026 5954 35319849 1 1220 500 768
5994 5837 35319859 1 1220 500 779
5957 5703 35319869 1 1240 500 790
5917 5559 35319879 1 1240 500 806
5886 5415 35319889 1 1240 500 817
5859 5296 35319899 1 1220 500 823
5848 5193 35319909 1 1220 500 823
5848 5136 35319919 1 1220 500 826
5853 5108 35319929 1 1210 510 824
5859 5100 35319939 1 1210 510 827
5864 5100 35319949 1 1200 510 832
5880 5122 35319959 1 1200 510 830
5898 5163 35319969 1 1190 510 832
5922 5232 35319979 1 1190 510 829
5947 5298 35319989 1 1170 520 830
5974 5370 35319999 1 1160 520 829
6000 5446 35320009 1 1160 520 829
6021 5489 35320019 1 1150 520 830
6039 5528 35320029 1 1150 520 830
6050 5547 35320039 1 1150 520 827
6056 5555 35320049 1 1150 520 829
6056 5555 35320059 1 1150 520 830
6063 5550 35320069 1 1150 520 832
6071 5538 35320079 1 1150 520 832
6078 5507 35320089 1 1150 520 821
6084 5464 35320099 1 1150 520 822
6084 5404 35320109 1 1150 520 824
6092 5344 35320119 1 1150 520 825
6097 5287 35320129 1 1150 520 828
6110 5233 35320139 1 1150 520 828
6126 5179 35320149 1 1150 520 831
6151 5146 35320159 1 1150 520 833
6188 5120 35320169 1 1150 520 833
6233 5099 35320179 1 1150 520 834
6287 5099 35320189 1 1150 520 833
6350 5112 35320199 1 1150 520 831
6421 5136 35320209 1 1150 520 831
6492 5196 35320219 1 1150 520 833
6560 5268 35320229 1 1150 520 828
6627 5349 35320239 1 1150 520 828
6678 5416 35320249 1 1150 520 827
6719 5467 35320259 1 1150 520 828
6738 5508 35320269 1 1150 520 830
6738 5544 35320279 1 1150 520 827
6721 5581 35320289 1 1150 520 827
6693 5617 35320299 1 1160 530 827
6663 5652 35320309 1 1160 530 828
6631 5667 35320319 1 1160 530 828
6607 5677 35320329 1 1160 530 828
6583 5677 35320339 1 1160 530 833
6559 5677 35320349 1 1160 530 833
6535 5664 35320359 1 1150 520 833
6508 5643 35320369 1 1150 520 834
6481 5601 35320379 1 1150 520 840
6451 5545 35320389 1 1150 520 842
6422 5472 35320399 1 1150 520 846
6392 5395 35320409 1 1150 520 849
6376 5327 35320419 1 1150 520 851
6366 5267 35320429 1 1150 520 852
6376 5231 35320439 1 1150 520 857
6398 5210 35320441 1 1150 520 857
6432 5200 35320451 1 1150 520 861
6472 5211 35320461 1 1150 520 866
6521 5243 35320471 1 1150 520 867
6573 5289 35320481 1 1150 520 867
6619 5345 35320491 1 1150 520 864
6661 5400 35320501 1 1150 520 864
6691 5438 35320511 1 1150 520 866
6710 5466 35320521 1 1150 520 866
6721 5481 35320531 1 1150 520 869
6721 5481 35320541 1 1150 520 855
6721 5481 35320551 1 1150 520 854
6713 5481 35320561 1 1150 520 853
6702 5474 35320571 1 1150 520 853
6688 5449 35320581 1 1150 520 854
6671 5412 35320591 1 1150 520 858
6657 5353 35320601 1 1150 520 864
6644 5293 35320611 1 1150 520 864
6644 5234 35320621 1 1150 520 866
6653 5195 35320631 1 1150 520 869
6677 5168 35320641 1 1150 520 872
6706 5148 35320651 1 1150 520 876
6755 5143 35320661 1 1160 530 875
6815 5148 35320671 1 1160 530 879
6885 5163 35320681 1 1160 530 884
6950 5196 35320691 1 1150 540 884
7012 5240 35320701 1 1150 540 885
7074 5299 35320711 1 1150 540 884
7138 5360 35320721 1 1150 540 887
7191 5422 35320731 1 1150 540 887
7237 5470 35320741 1 1160 550 888
7267 5502 35320751 1 1160 550 894
7281 5523 35320761 1 1160 550 905
7281 5531 35320771 1 1160 550 899
7281 5537 35320781 1 1160 550 906
7276 5537 35320791 1 1160 550 909
7268 5537 35320801 1 1160 550 908
7257 5528 35320811 1 1160 550 905
7237 5496 35320821 1 1160 550 905
7211 5448 35320831 1 1160 550 909
7186 5380 35320841 1 1150 550 911
7165 5312 35320851 1 1150 550 915
7151 5248 35320861 1 1150 550 921
7159 5186 35320871 1 1150 550 923
7182 5126 35320881 1 1150 550 926
7231 5084 35320891 1 1160 550 933
7281 5055 35320901 1 1160 550 929
7343 5042 35320911 1 1160 550 927
7412 5051 35320921 1 1160 550 923
7466 5076 35320931 1 1160 550 911
7507 5120 35320941 1 1160 550 890
7538 5172 35320951 1 1160 560 759
7556 5230 35320961 1 1160 560 163
7225 5954 35321062 0 1180 540 569
7177 5862 35321072 1 1180 540 591
7199 5878 35321082 1 1190 530 611
7221 5861 35321092 1 1190 530 658
7242 5841 35321102 1 1190 530 687
7278 5814 35321112 1 1210 530 681
7317 5788 35321122 1 1210 530 671
7361 5763 35321132 1 1210 530 322
