254
3599 5684 26317896 0 1510 580 58
3599 5684 26317906 1 1510 580 103
3566 5736 26317916 1 1520 590 117
3555 5747 26317926 1 1520 590 120
3555 5754 26317936 1 1490 590 120
3555 5754 26317946 1 1490 590 122
3555 5754 26317956 1 1460 600 130
3555 5754 26317966 1 1460 600 137
3566 5746 26317976 1 1450 600 170
3582 5714 26317986 1 1440 600 213
3615 5663 26317996 1 1420 610 239
3657 5602 26318006 1 1420 610 249
3713 5501 26318016 1 1390 610 264
3773 5373 26318026 1 1390 610 274
3840 5247 26318036 1 1390 610 292
3914 5127 26318046 1 1390 610 316
3989 5010 26318056 1 1390 610 317
4064 4897 26318066 1 1390 610 324
4134 4796 26318076 1 1380 610 325
4197 4702 26318086 1 1380 610 335
4255 4632 26318096 1 1380 610 339
4304 4573 26318106 1 1380 610 353
4341 4521 26318116 1 1370 620 359
4369 4478 26318126 1 1370 620 361
4391 4448 26318136 1 1370 620 356
4404 4426 26318146 1 1350 630 349
4410 4418 26318156 1 1350 630 338
4410 4418 26318166 1 1350 630 244
4532 5737 26318357 0 1440 600 110
4490 5698 26318367 1 1440 600 119
4458 5709 26318377 1 1450 590 119
4415 5662 26318387 1 1450 590 120
4383 5618 26318397 1 1450 590 122
4353 5576 26318407 1 1450 590 125
4326 5515 26318417 1 1450 590 132
4298 5448 26318427 1 1450 590 137
4268 5362 26318437 1 1450 590 168
4237 5265 26318447 1 1440 600 186
4208 5157 26318457 1 1440 600 181
4172 5047 26318467 1 1420 610 200
4130 4933 26318477 1 1410 600 214
4087 4811 26318487 1 1390 610 242
4043 4699 26318497 1 1390 610 247
3999 4596 26318507 1 1390 610 264
3958 4504 26318517 1 1380 610 270
3922 4430 26318527 1 1380 610 272
3896 4368 26318537 1 1380 610 269
3886 4324 26318547 1 1380 610 264
3886 4302 26318557 1 1370 620 232
3893 4294 26318567 1 1370 620 29
5110 5880 26318807 0 1470 550 129
5120 5850 26318817 1 1470 550 187
5115 5859 26318827 1 1470 550 171
5102 5840 26318837 1 1470 550 181
5127 5803 26318847 1 1470 550 181
5155 5749 26318857 1 1460 550 188
5191 5689 26318867 1 1470 560 216
5235 5621 26318877 1 1470 580 287
5282 5550 26318887 1 1460 580 316
5329 5467 26318897 1 1460 600 312
5368 5383 26318907 1 1470 610 314
5402 5308 26318917 1 1460 620 310
5437 5239 26318927 1 1460 620 304
5468 5190 26318937 1 1440 620 307
5497 5161 26318947 1 1460 630 249
5523 5146 26318957 1 1460 630 129
5939 5826 26319068 0 1460 640 215
5971 5876 26319078 1 1480 630 276
5971 5894 26319088 1 1480 630 286
5971 5894 26319098 1 1480 630 286
5953 5881 26319108 1 1510 630 294
5930 5823 26319118 1 1510 630 307
5902 5759 26319128 1 1510 630 314
5864 5665 26319138 1 1520 620 330
5818 5553 26319148 1 1540 630 332
5772 5428 26319158 1 1540 630 337
5722 5298 26319168 1 1530 630 340
5669 5162 26319178 1 1530 630 361
5621 5027 26319188 1 1530 630 372
5575 4892 26319198 1 1510 630 393
5536 4760 26319208 1 1500 640 396
5510 4663 26319218 1 1500 640 399
5490 4589 26319228 1 1480 650 389
5481 4521 26319238 1 1480 650 391
5457 4466 26319248 1 1470 650 389
5442 4419 26319258 1 1440 660 399
5442 4387 26319268 1 1440 660 382
5442 4367 26319278 1 1420 660 291
6773 5479 26319438 0 1480 670 183
6836 5578 26319448 1 1480 670 211
6829 5636 26319458 1 1490 660 230
6808 5673 26319468 1 1490 660 232
6771 5695 26319478 1 1490 660 244
6716 5695 26319488 1 1510 660 260
6648 5666 26319498 1 1510 660 294
6576 5615 26319508 1 1510 660 314
6510 5536 26319518 1 1510 660 332
6448 5428 26319528 1 1510 660 339
6392 5302 26319538 1 1510 660 342
6360 5182 26319548 1 1510 660 334
6344 5087 26319558 1 1510 660 339
6354 5008 26319568 1 1510 660 354
6370 4947 26319578 1 1510 660 368
6397 4901 26319588 1 1510 660 372
6439 4865 26319598 1 1510 660 393
6489 4846 26319608 1 1510 660 388
6541 4846 26319618 1 1510 660 391
6593 4857 26319628 1 1490 660 388
6661 4892 26319638 1 1490 660 396
6738 4951 26319648 1 1490 660 386
6830 5027 26319658 1 1490 660 374
6923 5129 26319668 1 1510 660 351
7015 5269 26319678 1 1510 660 329
7096 5434 26319688 1 1500 670 320
7171 5616 26319698 1 1500 670 329
7229 5772 26319708 1 1520 680 340
7272 5910 26319718 1 1520 680 339
7304 5992 26319728 1 1530 670 346
7320 6026 26319738 1 1550 670 349
7320 6026 26319748 1 1560 660 354
7320 6026 26319758 1 1560 660 367
7308 5981 26319768 1 1590 670 399
7276 5916 26319778 1 1600 660 420
7230 5801 26319788 1 1600 660 420
7181 5662 26319798 1 1620 660 423
7133 5508 26319808 1 1620 660 428
7087 5348 26319818 1 1620 660 420
7046 5210 26319828 1 1620 660 425
7012 5086 26319838 1 1620 660 422
6982 4995 26319848 1 1620 660 422
6954 4922 26319858 1 1620 660 422
6933 4860 26319868 1 1620 660 420
6917 4820 26319878 1 1610 670 420
6904 4798 26319888 1 1610 670 422
6897 4788 26319898 1 1600 680 422
6897 4788 26319908 1 1580 670 414
6897 4817 26319918 1 1560 680 407
6910 4862 26319928 1 1560 680 397
6947 4952 26319938 1 1530 690 388
7000 5049 26319948 1 1530 690 398
7060 5152 26319958 1 1530 690 398
7126 5214 26319968 1 1530 690 388
7186 5289 26319978 1 1530 690 389
7241 5372 26319988 1 1530 690 391
7274 5387 26319998 1 1530 690 392
7295 5376 26320008 1 1530 690 402
7309 5349 26320018 1 1530 690 420
7309 5276 26320028 1 1530 690 430
7295 5174 26320038 1 1530 690 430
7270 5052 26320048 1 1550 690 428
7256 4945 26320058 1 1550 690 428
7247 4853 26320068 1 1560 680 428
7247 4772 26320078 1 1550 690 425
7253 4724 26320088 1 1550 690 418
7266 4692 26320098 1 1550 690 391
7286 4670 26320108 1 1540 700 287
7913 5204 26320249 0 1550 710 81
7943 5277 26320259 1 1550 710 158
7943 5307 26320269 1 1580 720 214
7927 5335 26320279 1 1580 720 254
7906 5359 26320289 1 1590 710 301
7880 5376 26320299 1 1590 710 315
7851 5382 26320309 1 1590 710 337
7813 5382 26320319 1 1600 700 343
7773 5362 26320329 1 1600 700 356
7732 5330 26320339 1 1600 700 364
7693 5281 26320349 1 1600 700 369
7658 5231 26320359 1 1600 700 361
7631 5181 26320369 1 1610 690 367
7614 5134 26320379 1 1610 690 376
7604 5087 26320389 1 1610 690 387
7597 5040 26320399 1 1590 690 394
7597 4992 26320409 1 1590 690 396
7597 4946 26320419 1 1590 690 398
7612 4914 26320429 1 1590 690 394
7628 4889 26320439 1 1580 700 394
7648 4877 26320449 1 1580 700 393
7671 4877 26320459 1 1580 700 396
7695 4877 26320469 1 1580 700 399
7722 4897 26320479 1 1580 700 399
7754 4922 26320489 1 1580 700 398
7788 4951 26320499 1 1580 700 393
7824 4987 26320509 1 1580 700 386
7865 5034 26320519 1 1580 700 381
7907 5088 26320529 1 1580 700 374
7947 5145 26320539 1 1580 700 372
7984 5204 26320549 1 1580 700 372
8017 5264 26320559 1 1580 700 376
8048 5311 26320569 1 1580 700 377
8065 5337 26320579 1 1600 700 381
8076 5348 26320589 1 1600 700 382
8084 5348 26320599 1 1600 700 384
8084 5348 26320609 1 1600 700 389
8089 5340 26320619 1 1600 700 393
8089 5305 26320629 1 1600 700 398
8077 5255 26320639 1 1600 700 399
8058 5183 26320649 1 1600 700 398
8039 5111 26320659 1 1600 700 399
8020 5046 26320669 1 1600 700 399
8011 4987 26320679 1 1600 700 389
8006 4941 26320689 1 1600 700 391
8006 4904 26320699 1 1600 700 391
8020 4873 26320709 1 1600 700 392
8035 4844 26320719 1 1600 700 389
8049 4827 26320729 1 1600 700 389
8065 4819 26320739 1 1590 710 388
8085 4819 26320749 1 1590 710 388
8111 4836 26320750 1 1590 710 388
8148 4865 26320760 1 1570 710 399
8199 4912 26320770 1 1570 710 398
8258 4970 26320780 1 1570 710 396
8327 5036 26320790 1 1570 710 394
8396 5107 26320800 1 1570 710 393
8464 5178 26320810 1 1590 710 389
8514 5247 26320820 1 1590 710 389
8552 5311 26320830 1 1590 710 389
8581 5364 26320840 1 1590 710 393
8595 5391 26320850 1 1620 710 394
8600 5401 26320860 1 1620 710 399
8600 5401 26320870 1 1620 710 388
8589 5393 26320880 1 1620 710 397
8574 5352 26320890 1 1650 710 405
8540 5288 26320900 1 1660 700 415
8508 5211 26320910 1 1660 700 422
8478 5128 26320920 1 1660 700 422
8453 5039 26320930 1 1660 700 444
8447 4952 26320940 1 1660 700 447
8454 4874 26320950 1 1660 700 455
8479 4801 26320960 1 1650 710 466
8510 4742 26320970 1 1650 710 463
8550 4700 26320980 1 1650 710 463
8594 4669 26320990 1 1640 720 458
8637 4642 26321000 1 1640 720 443
8676 4627 26321010 1 1640 720 396
8712 4620 26321020 1 1630 730 282
8746 4627 26321030 1 1630 730 63
8303 5827 26321281 0 1720 700 183
8278 5873 26321291 1 1720 690 240
8267 5894 26321301 1 1720 690 251
8260 5894 26321311 1 1700 680 251
8260 5894 26321321 1 1700 680 254
8268 5878 26321331 1 1710 670 257
8278 5862 26321341 1 1710 670 302
8290 5841 26321351 1 1710 670 337
8313 5815 26321361 1 1710 670 354
8336 5784 26321371 1 1700 680 373
8359 5750 26321381 1 1700 680 369
8378 5723 26321391 1 1700 680 382
8394 5701 26321401 1 1700 680 398
8407 5685 26321411 1 1700 680 397
8416 5677 26321421 1 1700 680 397
8421 5677 26321421 1 1700 680 396
8421 5677 26321431 1 1700 690 381
8421 5677 26321441 1 1700 690 127
