233
3908 5776 26462864 0 1340 520 65
3908 5776 26462874 1 1340 540 51
3908 5776 26462884 1 1330 540 48
3865 5771 26462894 1 1340 550 61
3865 5771 26462904 1 1320 550 63
3865 5764 26462914 1 1340 560 48
3865 5764 26462924 1 1320 570 56
3871 5756 26462934 1 1310 570 80
3879 5751 26462944 1 1320 580 104
3893 5745 26462954 1 1310 580 108
3913 5740 26462964 1 1310 580 132
3938 5734 26462974 1 1290 590 132
3973 5734 26462984 1 1290 590 153
4016 5742 26462994 1 1290 590 175
4068 5753 26463004 1 1290 590 193
4135 5774 26463014 1 1290 590 215
4210 5802 26463024 1 1290 590 221
4293 5838 26463034 1 1290 590 249
4378 5880 26463044 1 1290 590 267
4470 5927 26463054 1 1290 590 279
4582 5974 26463064 1 1310 580 307
4705 6011 26463074 1 1320 590 305
4827 6051 26463084 1 1340 580 312
4913 6097 26463094 1 1340 580 307
4975 6112 26463104 1 1350 580 307
5014 6123 26463114 1 1360 580 269
5031 6123 26463124 1 1380 580 215
5031 6123 26463134 1 1380 580 131
4376 6360 26463285 0 1450 560 144
4358 6403 26463295 1 1440 560 180
4347 6440 26463305 1 1440 560 170
4347 6435 26463315 1 1440 560 187
4347 6427 26463325 1 1440 560 171
4363 6386 26463335 1 1430 550 181
4372 6325 26463345 1 1430 550 218
4378 6233 26463355 1 1430 550 237
4373 6101 26463365 1 1430 550 244
4352 5942 26463375 1 1430 550 264
4320 5755 26463385 1 1410 560 276
4275 5592 26463395 1 1410 560 314
4221 5444 26463405 1 1410 560 340
4160 5296 26463415 1 1400 560 369
4098 5175 26463425 1 1400 560 379
4039 5073 26463435 1 1390 570 384
3988 4986 26463445 1 1390 570 384
3943 4911 26463455 1 1380 580 372
3905 4845 26463465 1 1380 580 333
3883 4803 26463475 1 1360 580 254
3871 4779 26463485 1 1360 580 127
4443 5574 26463625 0 1320 590 249
4583 5516 26463635 1 1310 580 259
4613 5487 26463645 1 1310 580 270
4686 5464 26463655 1 1320 590 264
4788 5379 26463665 1 1320 590 249
4890 5299 26463675 1 1320 590 250
5001 5222 26463685 1 1340 600 260
5134 5160 26463695 1 1340 600 284
5278 5096 26463705 1 1340 600 277
5430 5027 26463715 1 1350 600 277
5579 4943 26463725 1 1350 600 280
5719 4848 26463735 1 1350 620 251
5854 4767 26463745 1 1350 620 170
5955 4716 26463755 1 1350 630 50
7141 6490 26463956 0 1460 630 241
7136 6452 26463966 1 1470 620 306
7111 6473 26463976 1 1470 620 301
7076 6530 26463986 1 1480 610 294
7044 6512 26463996 1 1500 600 294
7002 6469 26464006 1 1500 600 302
6952 6410 26464016 1 1500 600 332
6888 6319 26464026 1 1510 600 363
6805 6204 26464036 1 1510 600 362
6709 6072 26464046 1 1510 600 361
6629 5930 26464056 1 1520 600 354
6554 5805 26464066 1 1520 600 319
6491 5692 26464076 1 1510 610 273
6438 5614 26464086 1 1510 610 233
6393 5560 26464096 1 1500 620 149
6426 6354 26464246 0 1430 630 193
6516 6366 26464256 1 1430 630 274
6540 6411 26464266 1 1440 620 275
6550 6432 26464276 1 1460 620 275
6597 6420 26464286 1 1460 620 270
6650 6370 26464296 1 1470 610 269
6704 6290 26464306 1 1470 610 270
6757 6191 26464316 1 1480 600 275
6808 6080 26464326 1 1500 600 281
6852 5945 26464336 1 1500 600 299
6890 5795 26464346 1 1500 600 312
6917 5656 26464356 1 1500 600 307
6933 5513 26464366 1 1500 620 309
6942 5366 26464376 1 1490 630 309
6942 5219 26464386 1 1490 630 317
6933 5107 26464396 1 1480 630 304
6921 5019 26464406 1 1500 640 305
6898 4952 26464416 1 1480 650 304
6861 4892 26464426 1 1470 650 304
6814 4836 26464436 1 1470 650 306
6768 4795 26464446 1 1460 660 276
6721 4777 26464456 1 1460 660 253
6672 4777 26464466 1 1460 660 213
6622 4791 26464476 1 1440 670 171
6578 4828 26464486 1 1420 680 163
6537 4878 26464496 1 1420 680 132
6510 4945 26464506 1 1410 680 91
6492 5029 26464516 1 1410 680 68
6492 5125 26464526 1 1410 680 29
6511 5199 26464536 1 1410 680 1
6752 5636 26464597 0 1370 670 13
6855 5740 26464607 1 1370 670 27
6898 5781 26464617 1 1370 670 42
6933 5816 26464617 1 1390 670 68
6960 5844 26464627 1 1390 670 86
6973 5854 26464637 1 1400 660 93
6973 5854 26464647 1 1400 660 127
6973 5844 26464657 1 1420 660 148
6955 5831 26464667 1 1440 660 191
6937 5782 26464677 1 1440 660 214
6906 5712 26464687 1 1440 660 240
6858 5618 26464697 1 1440 660 256
6798 5502 26464707 1 1440 660 255
6729 5372 26464717 1 1440 660 269
6662 5243 26464727 1 1440 660 285
6595 5141 26464737 1 1440 660 287
6542 5056 26464747 1 1440 660 302
6506 4998 26464757 1 1440 660 306
6481 4962 26464767 1 1440 660 302
6471 4942 26464777 1 1440 660 285
6466 4942 26464787 1 1420 660 219
6471 4947 26464797 1 1420 660 134
7755 6644 26465007 0 1520 620 144
7780 6664 26465017 1 1530 610 287
7768 6679 26465027 1 1530 610 324
7758 6696 26465037 1 1550 620 322
7749 6685 26465047 1 1560 610 314
7722 6656 26465057 1 1560 610 310
7683 6593 26465067 1 1560 610 312
7651 6526 26465077 1 1560 610 314
7610 6450 26465087 1 1560 610 315
7564 6372 26465097 1 1560 610 315
7533 6295 26465107 1 1560 610 314
7518 6244 26465117 1 1550 620 312
7513 6210 26465127 1 1550 620 312
7519 6186 26465137 1 1550 620 309
7527 6171 26465148 1 1550 620 317
7553 6163 26465158 1 1550 620 315
7590 6173 26465168 1 1550 620 314
7648 6201 26465178 1 1550 620 307
7723 6241 26465188 1 1540 630 317
7808 6288 26465198 1 1550 630 312
7900 6335 26465208 1 1550 630 312
7989 6380 26465218 1 1550 630 311
8077 6425 26465228 1 1550 630 312
8162 6452 26465238 1 1570 630 316
8247 6452 26465248 1 1570 630 315
8332 6434 26465258 1 1570 630 344
8404 6380 26465268 1 1570 630 351
8468 6296 26465278 1 1570 630 367
8509 6192 26465288 1 1570 630 389
8541 6057 26465298 1 1570 630 430
8566 5879 26465308 1 1590 640 452
8579 5673 26465318 1 1580 640 463
8579 5473 26465328 1 1580 640 468
8567 5269 26465338 1 1570 650 463
8550 5101 26465348 1 1570 650 468
8528 4958 26465358 1 1560 660 472
8503 4849 26465368 1 1550 670 510
8478 4760 26465378 1 1550 670 522
8454 4684 26465388 1 1540 680 532
8431 4622 26465398 1 1530 690 524
8397 4578 26465408 1 1520 700 502
8355 4546 26465418 1 1500 710 449
8316 4535 26465428 1 1480 710 327
8263 4540 26465438 1 1470 720 110
7596 5682 26465588 0 1500 710 334
7591 5622 26465598 1 1480 700 333
7580 5577 26465608 1 1490 690 345
7561 5513 26465618 1 1490 690 289
7546 5434 26465628 1 1480 680 223
7537 5352 26465638 1 1480 680 195
7537 5299 26465648 1 1480 680 191
7537 5267 26465658 1 1460 670 193
7532 5254 26465668 1 1460 670 170
7532 5249 26465678 1 1460 670 137
7532 5249 26465688 1 1450 680 63
7532 5266 26465698 1 1450 680 48
7539 5294 26465708 1 1450 680 42
7552 5331 26465718 1 1430 690 3
7568 5382 26465728 1 1430 690 1
7588 5437 26465738 1 1430 690 1
7609 5495 26465748 1 1430 690 24
7629 5543 26465758 1 1430 690 67
7649 5587 26465768 1 1430 690 83
7670 5624 26465778 1 1430 690 98
7693 5655 26465788 1 1430 690 125
7717 5678 26465798 1 1430 690 149
7738 5697 26465808 1 1410 680 148
7763 5714 26465818 1 1410 680 160
7795 5735 26465828 1 1410 680 180
7835 5754 26465838 1 1410 680 176
7873 5769 26465848 1 1410 680 196
7908 5777 26465858 1 1410 680 221
7933 5777 26465868 1 1410 680 267
7954 5758 26465878 1 1430 690 292
7973 5732 26465888 1 1430 690 314
7984 5696 26465898 1 1430 690 310
7984 5653 26465908 1 1430 690 310
7978 5605 26465918 1 1450 700 309
7963 5556 26465928 1 1450 700 312
7935 5507 26465938 1 1450 700 315
7898 5458 26465948 1 1450 700 317
7854 5409 26465958 1 1450 700 315
7812 5366 26465968 1 1450 700 322
7777 5327 26465978 1 1480 700 324
7750 5304 26465988 1 1480 700 322
7731 5290 26465998 1 1480 700 322
7718 5281 26466008 1 1480 700 317
7713 5281 26466018 1 1480 700 304
7713 5281 26466028 1 1480 700 305
7724 5286 26466038 1 1480 700 322
7755 5300 26466048 1 1480 700 339
7801 5318 26466058 1 1450 700 348
7861 5339 26466068 1 1450 700 369
7920 5354 26466078 1 1450 700 381
7978 5365 26466088 1 1450 700 388
8030 5365 26466098 1 1450 700 415
8079 5365 26466108 1 1450 700 425
8119 5365 26466118 1 1450 700 440
8142 5358 26466128 1 1450 700 438
8154 5358 26466138 1 1450 700 443
8154 5353 26466148 1 1480 700 438
8154 5353 26466158 1 1480 700 399
8145 5353 26466168 1 1480 700 256
