223
2501 6787 73044832 0 1220 480 180
2484 6751 73044842 1 1240 500 276
2489 6751 73044852 1 1250 510 282
2494 6736 73044862 1 1260 510 304
2500 6723 73044872 1 1260 510 358
2511 6710 73044882 1 1250 530 388
2522 6697 73044892 1 1270 530 425
2551 6682 73044902 1 1250 540 468
2591 6675 73044912 1 1260 540 501
2647 6675 73044922 1 1250 550 546
2720 6675 73044932 1 1250 550 578
2805 6691 73044942 1 1240 550 611
2912 6715 73044952 1 1240 550 647
3047 6757 73044962 1 1240 550 664
3200 6816 73044972 1 1230 550 702
3354 6886 73044982 1 1240 550 711
3491 6962 73044992 1 1240 550 724
3617 7029 73045002 1 1240 550 730
3713 7082 73045012 1 1250 550 733
3767 7117 73045022 1 1250 550 730
3792 7140 73045032 1 1260 540 724
3792 7147 73045042 1 1260 540 670
3759 7147 73045052 1 1280 540 496
3361 7484 73045173 0 1330 520 60
3361 7484 73045183 1 1330 520 203
3367 7448 73045193 1 1330 520 264
3356 7406 73045203 1 1330 520 348
3350 7358 73045213 1 1320 510 449
3345 7301 73045223 1 1320 510 497
3340 7238 73045233 1 1320 510 536
3333 7160 73045243 1 1320 510 572
3326 7071 73045253 1 1320 510 617
3314 6961 73045263 1 1320 510 641
3298 6842 73045273 1 1320 510 670
3279 6718 73045283 1 1300 520 699
3248 6591 73045293 1 1300 520 710
3210 6441 73045303 1 1290 520 713
3162 6275 73045313 1 1290 520 717
3116 6155 73045323 1 1280 530 717
3072 6065 73045333 1 1280 530 721
3033 5995 73045343 1 1280 530 716
2997 5954 73045353 1 1270 530 705
2967 5944 73045363 1 1270 530 671
2943 5955 73045373 1 1250 540 532
2922 5993 73045383 1 1250 540 56
3232 6705 73045493 0 1230 530 136
3295 6705 73045503 1 1230 530 203
3306 6686 73045513 1 1230 530 311
3332 6669 73045523 1 1230 530 412
3361 6647 73045533 1 1230 530 492
3397 6619 73045543 1 1230 530 546
3443 6582 73045553 1 1230 530 614
3498 6539 73045563 1 1230 530 647
3562 6491 73045573 1 1230 530 676
3634 6437 73045583 1 1230 530 717
3711 6375 73045593 1 1240 540 748
3789 6306 73045603 1 1240 540 762
3858 6247 73045613 1 1230 550 796
3920 6193 73045623 1 1230 550 814
3977 6158 73045633 1 1230 550 817
4023 6132 73045643 1 1230 550 808
4062 6113 73045653 1 1230 550 760
4085 6102 73045663 1 1230 550 186
5037 7314 73045974 0 1270 490 190
5043 7249 73045984 1 1280 490 218
5035 7273 73045994 1 1280 490 322
5029 7238 73046004 1 1280 490 448
5009 7177 73046014 1 1280 490 535
4980 7098 73046024 1 1290 500 592
4946 6997 73046034 1 1290 500 636
4903 6883 73046044 1 1290 500 663
4849 6761 73046054 1 1290 500 682
4788 6657 73046064 1 1290 510 688
4724 6578 73046074 1 1290 510 688
4684 6517 73046084 1 1290 510 685
4660 6494 73046094 1 1280 520 664
4652 6494 73046104 1 1280 520 554
4645 6511 73046114 1 1280 520 270
4639 6801 73046164 0 1240 520 120
4657 6892 73046174 1 1240 520 191
4657 6901 73046184 1 1240 520 240
4663 6907 73046194 1 1240 520 282
4673 6907 73046204 1 1240 520 312
4704 6912 73046214 1 1240 520 348
4748 6900 73046224 1 1240 520 389
4800 6885 73046234 1 1240 520 440
4853 6863 73046244 1 1260 510 465
4908 6825 73046254 1 1260 510 510
4966 6778 73046264 1 1260 510 540
5023 6716 73046274 1 1270 520 570
5058 6649 73046284 1 1270 520 616
5080 6573 73046294 1 1250 530 655
5072 6489 73046304 1 1250 530 697
5043 6398 73046314 1 1270 530 719
4999 6302 73046324 1 1270 530 733
4948 6221 73046334 1 1250 540 727
4901 6150 73046344 1 1250 540 725
4860 6111 73046354 1 1250 540 730
4837 6097 73046364 1 1240 540 733
4824 6097 73046374 1 1250 550 691
4818 6131 73046384 1 1240 550 520
5050 6773 73046485 0 1230 530 155
5082 6790 73046495 1 1230 530 213
5082 6790 73046505 1 1230 530 287
5082 6783 73046515 1 1230 530 381
5066 6759 73046525 1 1230 530 468
5044 6722 73046535 1 1230 530 522
5015 6674 73046545 1 1230 530 561
4978 6610 73046555 1 1230 530 611
4936 6536 73046565 1 1230 530 639
4894 6459 73046575 1 1230 530 670
4853 6379 73046585 1 1240 540 700
4813 6314 73046595 1 1240 540 708
4787 6261 73046605 1 1230 550 724
4764 6226 73046615 1 1230 550 728
4752 6209 73046625 1 1230 550 724
4752 6203 73046635 1 1230 550 721
4752 6208 73046645 1 1240 550 713
4764 6241 73046655 1 1240 550 638
4790 6292 73046665 1 1240 550 372
5208 7246 73046785 0 1250 530 13
5236 7277 73046795 1 1270 520 63
5236 7277 73046805 1 1260 510 105
5236 7277 73046815 1 1270 510 220
5231 7270 73046825 1 1270 510 277
5231 7258 73046835 1 1280 520 334
5231 7240 73046845 1 1290 510 387
5231 7217 73046855 1 1290 510 414
5231 7186 73046865 1 1290 510 443
5236 7152 73046875 1 1290 510 477
5236 7112 73046885 1 1290 510 505
5230 7071 73046895 1 1300 510 532
5223 7031 73046905 1 1320 510 557
5213 6990 73046915 1 1320 510 572
5206 6955 73046925 1 1320 510 594
5206 6925 73046935 1 1320 510 592
5211 6908 73046945 1 1320 510 602
5223 6902 73046955 1 1320 510 619
5242 6902 73046965 1 1320 510 616
5281 6926 73046975 1 1320 510 622
5333 6955 73046985 1 1320 510 619
5388 6989 73046995 1 1320 510 620
5443 7016 73047005 1 1300 520 622
5499 7041 73047015 1 1300 520 627
5553 7053 73047025 1 1300 520 634
5607 7058 73047035 1 1300 520 642
5663 7058 73047045 1 1300 520 647
5720 7058 73047055 1 1310 520 637
5778 7046 73047065 1 1310 520 659
5826 7015 73047075 1 1310 520 673
5866 6970 73047085 1 1340 520 678
5897 6900 73047095 1 1340 520 697
5921 6813 73047105 1 1330 530 702
5941 6715 73047115 1 1340 540 696
5954 6621 73047125 1 1340 540 696
5962 6527 73047135 1 1330 540 700
5962 6429 73047145 1 1330 540 713
5957 6329 73047155 1 1340 550 740
5941 6231 73047165 1 1320 550 754
5920 6151 73047175 1 1320 550 763
5894 6083 73047185 1 1320 550 785
5862 6029 73047195 1 1310 560 790
5826 5999 73047205 1 1310 560 791
5779 5986 73047215 1 1300 560 788
5725 5986 73047225 1 1300 560 767
5667 6015 73047235 1 1300 560 638
5612 6053 73047245 1 1280 570 223
5413 6676 73047326 0 1260 560 180
5404 6728 73047336 1 1250 550 257
5393 6743 73047346 1 1250 550 363
5388 6753 73047356 1 1250 550 478
5388 6758 73047366 1 1240 540 533
5383 6758 73047376 1 1240 540 543
5383 6758 73047386 1 1240 540 574
5383 6750 73047396 1 1230 530 613
5383 6731 73047406 1 1230 530 650
5383 6698 73047416 1 1230 530 688
5389 6655 73047426 1 1240 540 731
5394 6593 73047436 1 1240 540 749
5400 6531 73047446 1 1240 540 756
5406 6475 73047456 1 1240 540 756
5414 6424 73047466 1 1230 550 760
5422 6387 73047476 1 1230 550 759
5422 6366 73047486 1 1230 550 756
5422 6355 73047496 1 1230 550 761
5422 6355 73047506 1 1230 550 751
5422 6365 73047516 1 1230 550 721
5417 6383 73047526 1 1230 550 705
5404 6419 73047536 1 1230 550 691
5398 6464 73047546 1 1230 550 684
5392 6516 73047556 1 1230 550 687
5392 6554 73047566 1 1230 550 690
5392 6576 73047576 1 1230 550 694
5397 6587 73047586 1 1230 550 702
5412 6600 73047596 1 1230 550 699
5433 6612 73047606 1 1230 550 708
5470 6622 73047616 1 1230 550 714
5518 6633 73047626 1 1230 550 728
5578 6646 73047636 1 1230 550 721
5639 6658 73047646 1 1230 550 724
5697 6669 73047656 1 1230 550 727
5737 6669 73047666 1 1230 550 734
5767 6663 73047676 1 1230 550 752
5775 6651 73047686 1 1230 550 770
5760 6618 73047696 1 1230 550 785
5730 6572 73047706 1 1230 550 790
5668 6508 73047716 1 1240 540 791
5598 6445 73047726 1 1240 540 793
5523 6382 73047736 1 1240 540 796
5463 6333 73047746 1 1240 540 784
5430 6309 73047756 1 1240 540 796
5415 6301 73047766 1 1240 540 815
5415 6301 73047776 1 1240 540 821
5415 6301 73047786 1 1240 540 830
5430 6301 73047796 1 1240 540 833
5469 6320 73047806 1 1240 540 848
5527 6344 73047816 1 1240 540 855
5589 6374 73047826 1 1240 540 860
5648 6393 73047836 1 1240 540 866
5694 6411 73047846 1 1240 540 869
5732 6423 73047856 1 1240 540 864
5750 6433 73047866 1 1240 540 858
5750 6438 73047876 1 1250 550 762
