285
1893 5610 11312739 0 1410 450 146
1877 5665 11312749 1 1440 460 282
1862 5715 11312759 1 1450 460 399
1862 5739 11312769 1 1460 470 445
1862 5739 11312779 1 1460 470 472
1867 5724 11312789 1 1450 470 561
1877 5651 11312799 1 1460 480 617
1886 5501 11312809 1 1460 480 638
1886 5300 11312819 1 1460 480 671
1874 5093 11312829 1 1460 480 678
1853 4909 11312839 1 1460 480 693
1835 4741 11312849 1 1460 480 696
1820 4633 11312859 1 1450 480 694
1811 4535 11312869 1 1450 480 700
1811 4443 11312879 1 1450 480 638
1829 4377 11312889 1 1450 480 507
1853 4355 11312899 1 1440 490 338
1944 5658 11313110 0 1400 460 247
1915 5700 11313120 1 1400 460 332
1915 5737 11313130 1 1400 460 393
1915 5747 11313140 1 1410 460 425
1915 5754 11313150 1 1410 460 466
1947 5754 11313160 1 1410 460 516
1992 5714 11313170 1 1430 460 583
2065 5650 11313180 1 1430 460 639
2147 5515 11313190 1 1430 460 676
2234 5347 11313200 1 1440 470 716
2305 5157 11313210 1 1440 470 742
2365 4999 11313220 1 1440 470 771
2417 4878 11313230 1 1440 470 803
2455 4783 11313240 1 1440 470 822
2484 4733 11313250 1 1430 480 839
2506 4710 11313260 1 1430 480 869
2516 4710 11313270 1 1430 480 909
2532 4710 11313280 1 1430 480 892
2552 4801 11313290 1 1420 470 908
2600 4941 11313290 1 1420 470 909
2651 5122 11313300 1 1420 470 908
2706 5333 11313310 1 1420 470 909
2764 5563 11313320 1 1420 470 892
2830 5727 11313330 1 1420 470 909
2901 5821 11313340 1 1420 470 908
2930 5869 11313350 1 1420 470 903
2949 5869 11313360 1 1430 480 905
2961 5834 11313370 1 1440 470 892
2988 5770 11313380 1 1440 470 899
3011 5650 11313390 1 1440 470 905
3029 5480 11313400 1 1440 470 908
3043 5276 11313410 1 1450 470 918
3062 5085 11313420 1 1450 470 942
3080 4904 11313430 1 1450 470 947
3096 4729 11313440 1 1450 470 976
3110 4612 11313450 1 1450 470 986
3116 4515 11313460 1 1450 470 988
3122 4432 11313470 1 1440 480 985
3129 4365 11313480 1 1440 480 976
3135 4313 11313490 1 1440 480 939
3140 4270 11313500 1 1430 490 829
3146 4241 11313510 1 1430 490 650
3156 4225 11313520 1 1420 490 309
3723 5096 11313661 0 1430 490 517
3688 4937 11313671 1 1430 490 559
3633 4903 11313681 1 1440 480 636
3602 4732 11313691 1 1440 480 731
3588 4602 11313701 1 1440 480 830
3601 4500 11313711 1 1440 480 878
3648 4433 11313721 1 1450 480 914
3718 4406 11313731 1 1450 480 943
3796 4406 11313741 1 1450 480 968
3874 4451 11313751 1 1450 480 976
3953 4520 11313761 1 1440 490 977
3998 4605 11313771 1 1440 490 970
3993 4674 11313781 1 1440 490 962
3955 4743 11313791 1 1440 490 932
3868 4821 11313801 1 1440 490 891
3750 4905 11313811 1 1440 490 858
3612 4943 11313821 1 1440 490 821
3530 4943 11313831 1 1440 490 733
3475 4910 11313841 1 1430 490 603
3438 4855 11313851 1 1430 490 338
4368 4970 11314011 0 1450 460 477
4432 4913 11314021 1 1450 460 562
4402 4908 11314031 1 1450 460 616
4326 4825 11314041 1 1450 460 731
4309 4731 11314051 1 1450 460 832
4319 4631 11314061 1 1450 470 893
4348 4554 11314071 1 1450 470 937
4404 4514 11314081 1 1450 470 997
4485 4498 11314091 1 1450 480 1012
4583 4526 11314101 1 1450 480 1023
4684 4586 11314111 1 1450 500 1023
4754 4668 11314121 1 1450 500 1023
4802 4746 11314131 1 1450 500 1023
4783 4823 11314141 1 1460 500 1015
4710 4907 11314151 1 1460 500 978
4602 4995 11314161 1 1460 500 952
4493 5054 11314171 1 1460 500 923
4413 5069 11314181 1 1460 500 869
4352 5056 11314191 1 1470 490 767
4308 5018 11314201 1 1470 490 644
4292 4964 11314211 1 1480 500 461
4292 4900 11314221 1 1480 500 68
4897 5042 11314422 0 1490 490 41
4998 5144 11314432 1 1490 490 332
5059 5177 11314442 1 1510 490 407
5081 5198 11314452 1 1510 490 486
5081 5185 11314462 1 1510 490 591
5104 5156 11314472 1 1520 490 691
5131 5092 11314482 1 1520 490 774
5146 4992 11314492 1 1520 490 836
5152 4868 11314502 1 1530 500 884
5152 4727 11314512 1 1530 500 914
5147 4635 11314522 1 1540 500 941
5147 4577 11314532 1 1540 500 933
5161 4547 11314542 1 1530 510 938
5176 4539 11314552 1 1530 510 946
5190 4547 11314562 1 1550 510 941
5229 4605 11314572 1 1550 510 935
5285 4709 11314582 1 1550 510 941
5333 4844 11314592 1 1550 510 935
5383 4957 11314602 1 1550 510 938
5434 5020 11314612 1 1550 510 941
5487 5050 11314622 1 1550 510 944
5527 5039 11314632 1 1550 510 938
5559 5001 11314642 1 1550 510 956
5592 4946 11314652 1 1550 510 964
5614 4867 11314662 1 1550 510 964
5629 4788 11314672 1 1560 510 962
5646 4714 11314682 1 1560 510 949
5657 4644 11314692 1 1560 510 875
5664 4575 11314702 1 1560 510 681
5670 4509 11314712 1 1560 510 30
6203 5694 11315093 0 1560 440 368
6255 5771 11315103 1 1560 440 494
6212 5806 11315113 1 1570 450 567
6201 5833 11315123 1 1570 440 580
6212 5824 11315133 1 1570 440 649
6212 5754 11315143 1 1570 440 733
6212 5643 11315153 1 1570 440 771
6205 5383 11315163 1 1580 440 809
6191 5190 11315173 1 1580 450 834
6180 5043 11315183 1 1580 450 860
6180 4885 11315193 1 1580 450 860
6195 4769 11315203 1 1570 460 870
6209 4682 11315213 1 1570 460 866
6225 4613 11315223 1 1560 460 860
6244 4554 11315233 1 1560 460 827
6265 4502 11315243 1 1550 470 730
6293 4466 11315253 1 1550 470 584
6338 4453 11315263 1 1550 470 259
6945 5166 11315443 0 1570 460 488
7068 5150 11315453 1 1580 460 567
7068 5107 11315463 1 1590 450 661
7073 5015 11315473 1 1590 450 752
7086 4891 11315483 1 1590 460 831
7086 4781 11315493 1 1590 460 875
7081 4699 11315503 1 1600 460 897
7081 4635 11315513 1 1600 470 908
7088 4585 11315523 1 1600 470 905
7097 4550 11315533 1 1600 470 900
7107 4526 11315543 1 1590 480 875
7113 4513 11315553 1 1600 480 827
7113 4513 11315563 1 1600 480 694
7113 4519 11315573 1 1590 490 249
6902 5506 11315664 0 1580 490 538
6987 5531 11315674 1 1580 490 613
7006 5573 11315684 1 1580 490 659
7022 5585 11315694 1 1580 490 743
7044 5579 11315704 1 1590 480 777
7062 5579 11315714 1 1590 480 793
7076 5579 11315724 1 1590 480 794
7096 5579 11315734 1 1590 480 788
7117 5567 11315744 1 1600 470 768
7140 5554 11315754 1 1610 470 699
7161 5535 11315764 1 1610 470 449
8079 5144 11315964 0 1640 450 220
8106 5203 11315974 1 1640 450 389
8111 5203 11315984 1 1640 460 473
8089 5203 11315994 1 1650 460 521
8045 5296 11316004 1 1650 460 602
7986 5313 11316014 1 1650 470 661
7904 5282 11316024 1 1650 470 699
7819 5231 11316034 1 1640 480 737
7732 5152 11316044 1 1640 480 784
7684 5054 11316054 1 1640 480 814
7668 4964 11316064 1 1640 480 824
7668 4893 11316074 1 1640 480 839
7701 4835 11316084 1 1640 480 863
7753 4805 11316094 1 1640 480 869
7820 4805 11316104 1 1630 490 863
7908 4832 11316114 1 1630 490 860
7983 4885 11316124 1 1630 490 857
8050 4949 11316134 1 1630 490 840
8099 5020 11316144 1 1630 490 824
8133 5079 11316154 1 1640 480 821
8156 5111 11316164 1 1650 480 821
8176 5124 11316174 1 1650 480 825
8199 5109 11316184 1 1650 480 834
8225 5063 11316194 1 1660 480 849
8250 4996 11316204 1 1660 480 864
8271 4885 11316214 1 1670 480 921
8286 4752 11316224 1 1670 480 994
8296 4604 11316234 1 1690 480 1023
8285 4446 11316244 1 1690 480 1023
8257 4302 11316254 1 1700 490 1023
8217 4167 11316264 1 1700 490 1023
8154 4066 11316274 1 1700 500 1023
8060 3980 11316284 1 1700 500 1023
7946 3905 11316294 1 1700 500 1023
7822 3859 11316304 1 1700 500 1023
7700 3837 11316314 1 1700 510 1023
7583 3830 11316324 1 1690 500 1023
7467 3855 11316334 1 1690 500 1023
7348 3896 11316344 1 1680 500 980
7270 3949 11316354 1 1670 510 855
7218 3981 11316364 1 1670 510 720
7206 4008 11316374 1 1660 510 439
8725 5834 11316605 0 1660 480 186
8797 5888 11316615 1 1660 480 367
8813 5914 11316625 1 1680 470 389
8813 5874 11316635 1 1680 470 465
8822 5790 11316645 1 1680 470 594
8816 5688 11316655 1 1680 470 688
8801 5536 11316665 1 1680 470 760
8782 5350 11316675 1 1680 470 818
8762 5148 11316685 1 1670 480 869
8741 4979 11316695 1 1670 480 897
8741 4832 11316705 1 1670 480 948
8741 4733 11316715 1 1670 490 968
8741 4668 11316725 1 1670 490 989
8741 4627 11316735 1 1650 500 995
8741 4613 11316745 1 1650 500 990
8741 4613 11316755 1 1650 510 999
8746 4628 11316765 1 1640 520 994
8746 4687 11316775 1 1640 520 979
8767 4807 11316785 1 1640 520 983
8808 4967 11316795 1 1640 520 986
8862 5118 11316805 1 1630 520 986
8942 5215 11316815 1 1640 520 986
9014 5276 11316825 1 1640 520 989
9080 5293 11316835 1 1640 520 995
9132 5273 11316845 1 1660 520 979
9172 5228 11316855 1 1670 520 988
9205 5148 11316865 1 1670 520 990
9214 5053 11316875 1 1680 520 990
9214 4947 11316885 1 1680 520 987
9201 4856 11316895 1 1690 530 984
9201 4778 11316905 1 1690 530 977
9201 4709 11316915 1 1710 530 976
9206 4661 11316925 1 1710 530 900
9214 4629 11316935 1 1720 530 748
9227 4607 11316945 1 1720 530 364
9432 5285 11317136 0 1690 500 527
9493 5197 11317146 1 1690 500 641
9533 5236 11317156 1 1690 500 708
9572 5260 11317166 1 1700 510 809
9694 5273 11317176 1 1700 510 884
9840 5311 11317186 1 1700 510 923
10002 5350 11317196 1 1710 510 942
10143 5391 11317206 1 1710 510 950
10242 5421 11317216 1 1730 510 942
10312 5435 11317226 1 1730 510 930
10346 5435 11317236 1 1740 510 899
10362 5435 11317246 1 1740 510 829
10367 5435 11317256 1 1750 520 681
10344 5429 11317266 1 1750 520 305
9881 5907 11317416 0 1730 490 382
9921 5827 11317426 1 1730 480 440
9916 5840 11317436 1 1720 480 486
9916 5790 11317436 1 1720 470 616
9905 5697 11317446 1 1720 470 728
9879 5587 11317456 1 1710 480 822
9842 5435 11317466 1 1720 480 903
9816 5254 11317476 1 1720 480 941
9791 5076 11317486 1 1720 480 982
9801 4939 11317496 1 1720 480 1023
9835 4830 11317506 1 1720 490 1023
9908 4760 11317516 1 1720 500 1023
9996 4721 11317526 1 1700 500 1023
10094 4703 11317536 1 1710 510 1023
10184 4703 11317546 1 1710 520 1023
10268 4711 11317556 1 1710 530 1023
10347 4726 11317566 1 1700 540 1023
10395 4732 11317576 1 1710 550 973
10428 4732 11317586 1 1710 550 676
