273
1903 5094 45175348 0 1290 490 207
1898 5183 45175358 1 1310 470 292
1884 5233 45175368 1 1320 470 389
1884 5253 45175378 1 1320 470 423
1877 5253 45175388 1 1340 470 465
1877 5229 45175398 1 1340 470 570
1866 5125 45175408 1 1350 470 639
1857 4968 45175418 1 1350 470 685
1857 4728 45175428 1 1360 480 728
1862 4488 45175438 1 1360 480 743
1862 4225 45175448 1 1360 480 763
1875 3947 45175458 1 1360 490 750
1889 3707 45175468 1 1360 490 757
1909 3552 45175478 1 1360 490 759
1935 3453 45175488 1 1350 500 751
1962 3373 45175498 1 1350 500 693
1990 3319 45175508 1 1340 500 586
2018 3282 45175518 1 1340 500 456
2036 3282 45175528 1 1330 510 88
1837 5101 45175729 0 1280 450 241
1883 5191 45175739 1 1290 460 273
1873 5221 45175749 1 1300 460 282
1881 5188 45175759 1 1310 450 343
1901 5113 45175769 1 1320 460 440
1941 4990 45175779 1 1320 460 516
2007 4817 45175789 1 1330 450 569
2089 4610 45175799 1 1330 460 613
2183 4414 45175809 1 1330 460 624
2270 4245 45175819 1 1340 470 638
2335 4095 45175829 1 1340 470 658
2387 4020 45175839 1 1350 470 667
2418 3978 45175849 1 1340 480 667
2434 3958 45175859 1 1340 480 681
2441 3958 45175869 1 1340 480 696
2448 4000 45175879 1 1340 480 694
2457 4071 45175889 1 1330 480 693
2467 4230 45175899 1 1330 480 685
2478 4435 45175909 1 1330 480 670
2488 4671 45175919 1 1330 480 663
2503 4905 45175929 1 1320 490 666
2532 5050 45175939 1 1320 490 666
2569 5135 45175949 1 1320 490 663
2600 5135 45175959 1 1320 490 669
2643 5059 45175969 1 1320 490 682
2695 4937 45175979 1 1330 480 690
2729 4720 45175989 1 1330 480 731
2763 4492 45175999 1 1330 480 743
2797 4256 45176009 1 1330 480 753
2828 4040 45176019 1 1330 480 777
2850 3880 45176029 1 1330 480 790
2867 3757 45176039 1 1340 490 791
2879 3655 45176049 1 1340 490 796
2892 3581 45176059 1 1330 500 780
2907 3525 45176069 1 1330 500 707
2923 3490 45176079 1 1330 500 541
2942 3485 45176089 1 1320 500 22
3241 4278 45176179 0 1270 510 489
3318 4134 45176189 1 1270 510 561
3311 4018 45176199 1 1270 510 641
3291 3866 45176209 1 1270 510 722
3308 3707 45176219 1 1280 500 779
3331 3624 45176229 1 1280 500 814
3363 3591 45176239 1 1280 500 836
3421 3580 45176249 1 1280 500 860
3495 3621 45176259 1 1280 500 866
3579 3697 45176269 1 1290 510 867
3631 3819 45176279 1 1290 510 855
3662 3910 45176289 1 1290 510 867
3635 3981 45176299 1 1300 510 855
3568 4031 45176309 1 1300 510 830
3474 4062 45176319 1 1300 510 811
3390 4081 45176329 1 1300 510 770
3331 4056 45176339 1 1300 510 703
3288 4000 45176349 1 1300 510 589
3277 3923 45176359 1 1300 510 420
3296 3846 45176369 1 1300 510 89
3936 4264 45176470 0 1320 500 267
4067 4161 45176480 1 1320 500 460
4048 4174 45176490 1 1320 500 539
3967 4084 45176500 1 1320 500 667
3973 3926 45176510 1 1320 500 762
3983 3796 45176520 1 1300 510 819
4003 3708 45176530 1 1300 510 852
4046 3647 45176540 1 1300 510 863
4104 3624 45176550 1 1300 510 896
4175 3643 45176560 1 1300 510 899
4237 3690 45176570 1 1300 510 906
4294 3784 45176580 1 1300 510 906
4316 3872 45176590 1 1320 510 903
4293 3955 45176600 1 1320 510 896
4239 4017 45176610 1 1320 510 897
4144 4075 45176620 1 1320 510 875
4058 4095 45176630 1 1320 510 860
3978 4095 45176640 1 1320 510 820
3935 4054 45176650 1 1320 510 756
3918 3997 45176660 1 1320 510 666
3918 3927 45176670 1 1320 510 532
3950 3865 45176680 1 1330 520 304
4611 4326 45176870 0 1330 520 423
4666 4282 45176880 1 1340 520 441
4666 4282 45176890 1 1350 520 519
4683 4241 45176900 1 1350 520 650
4703 4165 45176910 1 1350 520 760
4723 4057 45176920 1 1350 520 794
4738 3910 45176930 1 1360 520 832
4750 3737 45176940 1 1350 530 837
4770 3658 45176950 1 1350 530 840
4791 3612 45176960 1 1350 530 845
4811 3588 45176970 1 1350 540 852
4836 3588 45176980 1 1350 540 857
4863 3648 45176990 1 1350 540 846
4915 3748 45177000 1 1340 550 833
4968 3902 45177010 1 1350 550 818
5013 4054 45177020 1 1350 550 825
5052 4145 45177030 1 1350 550 822
5078 4198 45177040 1 1360 560 827
5105 4189 45177050 1 1360 560 839
5132 4140 45177060 1 1360 560 855
5157 4064 45177070 1 1360 560 866
5176 3955 45177080 1 1360 560 869
5192 3855 45177090 1 1380 550 869
5217 3762 45177100 1 1380 550 867
5253 3681 45177110 1 1380 550 860
5295 3626 45177120 1 1380 550 825
5336 3589 45177130 1 1380 550 760
5374 3583 45177140 1 1380 550 583
5409 3610 45177150 1 1380 550 42
5603 5125 45177251 0 1360 560 606
5717 5081 45177261 1 1360 560 616
5732 5030 45177271 1 1380 550 668
5742 4987 45177281 1 1380 550 790
5753 4824 45177291 1 1390 550 896
5763 4656 45177301 1 1390 550 935
5773 4485 45177311 1 1390 550 993
5799 4251 45177321 1 1410 550 1014
5826 4071 45177321 1 1410 550 1021
5865 3928 45177331 1 1410 550 1021
5911 3817 45177341 1 1420 540 1015
5954 3725 45177351 1 1430 550 1009
5996 3645 45177361 1 1430 550 987
6037 3607 45177371 1 1430 550 930
6076 3596 45177381 1 1410 560 808
6113 3602 45177391 1 1410 560 527
6537 4452 45177501 0 1390 570 724
6671 4289 45177511 1 1390 570 748
6671 4338 45177521 1 1390 570 800
6665 4258 45177531 1 1400 560 857
6672 4092 45177541 1 1400 560 926
6686 4007 45177551 1 1400 560 952
6675 3934 45177561 1 1410 560 967
6665 3869 45177571 1 1410 560 964
6656 3817 45177581 1 1430 560 952
6650 3789 45177591 1 1440 560 942
6645 3776 45177601 1 1440 560 790
6631 3782 45177611 1 1440 560 75
6585 4858 45177681 0 1430 560 746
6686 4888 45177691 1 1440 560 799
6697 4970 45177701 1 1440 560 808
6691 4992 45177711 1 1450 560 812
6722 4974 45177721 1 1450 560 821
6741 4963 45177731 1 1450 560 821
6751 4948 45177742 1 1460 550 817
6777 4907 45177752 1 1460 550 805
6823 4849 45177762 1 1460 550 768
6882 4773 45177772 1 1480 560 463
7787 4415 45177902 0 1510 560 125
7864 4314 45177912 1 1510 560 572
7871 4405 45177922 1 1510 560 627
7859 4444 45177932 1 1510 560 666
7859 4444 45177942 1 1510 560 757
7852 4471 45177952 1 1510 560 797
7832 4493 45177962 1 1510 560 809
7784 4493 45177972 1 1500 570 821
7714 4478 45177982 1 1500 570 840
7628 4423 45177982 1 1500 570 876
7559 4338 45177992 1 1490 580 918
7513 4234 45178002 1 1490 580 953
7483 4133 45178012 1 1490 580 986
7478 4049 45178022 1 1490 580 977
7495 3977 45178032 1 1490 580 987
7526 3932 45178042 1 1490 580 988
7565 3918 45178052 1 1490 580 988
7622 3924 45178062 1 1490 580 979
7692 3969 45178072 1 1490 580 992
7766 4034 45178082 1 1490 580 976
7838 4113 45178092 1 1500 580 947
7894 4198 45178102 1 1500 580 930
7941 4253 45178112 1 1500 580 929
7964 4289 45178122 1 1500 580 929
7982 4283 45178132 1 1520 590 935
7996 4252 45178142 1 1520 590 941
8018 4204 45178152 1 1520 590 933
8038 4118 45178162 1 1520 590 968
8046 3996 45178172 1 1530 590 984
8046 3850 45178182 1 1530 590 1023
8053 3699 45178192 1 1530 590 1023
8034 3563 45178202 1 1540 600 1023
7998 3437 45178212 1 1540 600 1023
7951 3294 45178222 1 1540 600 1023
7912 3193 45178232 1 1540 600 1023
7877 3121 45178242 1 1530 610 1023
7823 3071 45178252 1 1530 610 1023
7757 3034 45178262 1 1530 610 1023
7684 3006 45178272 1 1530 610 1023
7589 2982 45178282 1 1520 620 1023
7476 2971 45178292 1 1520 620 1023
7350 2971 45178302 1 1520 620 985
7203 2971 45178312 1 1520 620 614
8658 4996 45178793 0 1500 480 88
8647 5163 45178803 1 1500 480 181
8627 5226 45178813 1 1500 480 301
8584 5263 45178823 1 1500 480 367
8584 5282 45178833 1 1510 480 391
8589 5268 45178843 1 1510 480 501
8609 5187 45178853 1 1510 480 592
8639 5062 45178863 1 1510 480 661
8680 4857 45178873 1 1500 480 717
8720 4644 45178883 1 1490 490 785
8759 4426 45178893 1 1490 490 826
8782 4202 45178903 1 1490 490 846
8796 4032 45178913 1 1490 490 870
8809 3899 45178923 1 1490 490 896
8814 3806 45178933 1 1470 490 908
8814 3757 45178943 1 1480 500 896
8814 3737 45178953 1 1480 500 909
8814 3737 45178963 1 1480 500 908
8819 3793 45178973 1 1480 500 908
8841 3881 45178983 1 1480 500 900
8869 4044 45178993 1 1480 500 905
8909 4241 45179003 1 1480 500 902
8963 4460 45179013 1 1470 510 905
9027 4591 45179023 1 1470 510 903
9095 4627 45179033 1 1480 510 903
9160 4600 45179043 1 1480 510 908
9213 4522 45179053 1 1480 510 896
9258 4397 45179063 1 1490 520 899
9289 4241 45179073 1 1490 520 902
9311 4099 45179083 1 1490 520 900
9326 3971 45179093 1 1500 520 899
9349 3853 45179103 1 1500 520 896
9377 3762 45179113 1 1500 520 908
9417 3708 45179123 1 1500 520 848
9465 3680 45179133 1 1490 530 721
9517 3680 45179143 1 1490 530 425
9662 4415 45179254 0 1510 530 502
9676 4351 45179264 1 1510 530 613
9687 4447 45179274 1 1510 530 681
9696 4455 45179284 1 1520 530 773
9796 4491 45179294 1 1520 530 833
9941 4545 45179304 1 1520 530 854
10116 4598 45179314 1 1530 520 866
10267 4644 45179324 1 1540 520 863
10402 4672 45179334 1 1540 520 858
10525 4691 45179344 1 1540 520 867
10604 4691 45179354 1 1530 530 845
10643 4691 45179364 1 1530 530 742
10655 4686 45179374 1 1530 530 524
10204 5372 45179494 0 1540 530 382
10204 5237 45179504 1 1530 530 466
10190 5224 45179514 1 1540 520 546
10161 5101 45179524 1 1550 520 646
10138 4905 45179534 1 1550 520 753
10118 4692 45179544 1 1560 510 867
10101 4488 45179554 1 1560 510 909
10115 4300 45179564 1 1550 510 953
10150 4120 45179574 1 1550 510 997
10242 4023 45179584 1 1540 520 1011
10332 3964 45179594 1 1550 520 1023
10421 3931 45179604 1 1550 520 1023
10515 3920 45179614 1 1540 530 1023
10605 3933 45179624 1 1560 530 1014
10693 3963 45179634 1 1560 530 982
10781 3985 45179644 1 1550 540 796
