320
2117 5088 45446368 0 1340 490 113
2138 5062 45446378 1 1350 490 141
2116 5010 45446388 1 1360 490 171
2106 4930 45446398 1 1350 500 221
2099 4789 45446408 1 1360 500 275
2094 4645 45446418 1 1360 500 310
2094 4495 45446428 1 1350 510 345
2094 4334 45446438 1 1350 520 348
2105 4168 45446448 1 1350 520 351
2118 4033 45446458 1 1350 520 354
2133 3918 45446468 1 1360 520 349
2148 3817 45446478 1 1360 520 332
2164 3737 45446488 1 1350 530 281
2173 3694 45446498 1 1350 530 222
2173 3675 45446508 1 1340 540 68
2116 4487 45446588 0 1300 550 96
2116 4686 45446598 1 1300 550 144
2110 4746 45446608 1 1300 550 136
2110 4769 45446618 1 1300 550 141
2110 4769 45446628 1 1300 550 171
2137 4769 45446638 1 1300 550 237
2175 4760 45446648 1 1300 550 291
2224 4711 45446658 1 1300 550 351
2276 4639 45446668 1 1310 550 386
2332 4536 45446678 1 1310 550 400
2387 4420 45446688 1 1310 550 418
2441 4296 45446698 1 1330 540 428
2494 4192 45446708 1 1330 540 443
2558 4113 45446718 1 1330 540 440
2626 4051 45446728 1 1330 540 456
2701 4023 45446738 1 1340 540 478
2776 4032 45446748 1 1340 540 491
2849 4066 45446758 1 1340 540 495
2933 4153 45446768 1 1340 540 495
3029 4292 45446778 1 1340 540 498
3133 4466 45446788 1 1340 540 498
3235 4628 45446798 1 1340 540 498
3310 4761 45446808 1 1340 540 489
3368 4875 45446818 1 1340 540 492
3395 4923 45446828 1 1340 540 496
3404 4936 45446838 1 1350 530 491
3404 4926 45446848 1 1360 540 489
3414 4910 45446858 1 1360 540 502
3426 4849 45446868 1 1360 540 522
3437 4757 45446878 1 1360 540 537
3447 4653 45446888 1 1360 540 545
3454 4517 45446898 1 1360 540 557
3459 4359 45446908 1 1360 540 570
3467 4191 45446918 1 1360 540 566
3475 4034 45446928 1 1360 540 566
3485 3894 45446929 1 1350 530 567
3502 3761 45446939 1 1350 530 570
3523 3667 45446949 1 1350 530 542
3543 3612 45446959 1 1340 540 483
3556 3583 45446969 1 1340 540 329
3564 3577 45446979 1 1330 540 66
4565 4168 45447159 0 1290 530 81
4563 4207 45447169 1 1290 530 113
4536 4227 45447179 1 1300 530 184
4507 4248 45447189 1 1300 530 251
4476 4248 45447199 1 1300 530 301
4449 4248 45447209 1 1300 530 344
4421 4218 45447219 1 1310 540 366
4394 4173 45447229 1 1330 530 397
4371 4100 45447239 1 1330 530 428
4354 4007 45447249 1 1330 530 442
4343 3902 45447259 1 1330 530 456
4336 3797 45447269 1 1330 530 465
4336 3708 45447279 1 1330 530 465
4356 3630 45447289 1 1310 540 491
4387 3589 45447299 1 1310 540 492
4438 3573 45447309 1 1310 540 509
4493 3573 45447319 1 1300 540 520
4552 3605 45447329 1 1300 540 512
4609 3662 45447339 1 1300 540 513
4653 3736 45447349 1 1280 540 520
4690 3834 45447359 1 1280 540 520
4702 3938 45447369 1 1280 540 514
4702 4047 45447379 1 1280 540 509
4682 4153 45447389 1 1280 540 517
4656 4253 45447399 1 1280 540 514
4625 4327 45447409 1 1280 540 514
4590 4387 45447419 1 1280 540 505
4567 4418 45447429 1 1280 540 494
4550 4429 45447439 1 1280 540 447
4543 4429 45447449 1 1280 540 356
4543 4429 45447459 1 1280 540 225
5555 4287 45447630 0 1340 540 105
5579 4318 45447640 1 1340 540 172
5565 4325 45447650 1 1340 540 233
5546 4320 45447660 1 1350 530 281
5520 4295 45447670 1 1350 530 341
5485 4258 45447680 1 1350 530 392
5444 4187 45447690 1 1360 540 425
5411 4110 45447700 1 1360 540 440
5392 4028 45447710 1 1360 540 466
5382 3946 45447720 1 1360 540 474
5382 3872 45447730 1 1360 540 472
5392 3802 45447740 1 1360 540 486
5423 3754 45447750 1 1350 540 491
5466 3728 45447760 1 1350 540 496
5526 3717 45447770 1 1350 540 509
5590 3737 45447780 1 1340 550 509
5651 3792 45447790 1 1340 550 512
5708 3870 45447800 1 1340 550 514
5742 3953 45447810 1 1340 550 519
5748 4039 45447820 1 1340 550 520
5734 4128 45447830 1 1340 550 512
5699 4224 45447840 1 1340 550 513
5658 4318 45447850 1 1340 550 516
5614 4374 45447860 1 1340 550 526
5582 4406 45447870 1 1340 550 522
5554 4406 45447880 1 1340 550 478
5543 4406 45447890 1 1340 550 405
5543 4378 45447900 1 1340 550 242
6283 4658 45448030 0 1380 550 76
6320 4712 45448040 1 1380 550 190
6320 4724 45448050 1 1380 550 235
6320 4724 45448060 1 1380 550 309
6320 4699 45448070 1 1390 560 374
6306 4661 45448080 1 1390 560 428
6290 4587 45448090 1 1390 560 472
6276 4494 45448100 1 1390 560 504
6263 4388 45448110 1 1390 560 520
6250 4275 45448120 1 1390 560 522
6240 4168 45448130 1 1390 560 533
6234 4082 45448140 1 1390 560 538
6234 4008 45448150 1 1390 560 546
6234 3956 45448160 1 1390 560 545
6242 3933 45448171 1 1390 560 559
6242 3933 45448181 1 1390 560 568
6242 3933 45448191 1 1390 560 560
6294 4008 45448201 1 1390 560 560
6339 4103 45448211 1 1390 560 561
6399 4224 45448221 1 1390 560 563
6462 4334 45448231 1 1390 560 563
6525 4438 45448241 1 1390 560 567
6574 4487 45448251 1 1390 560 567
6616 4505 45448261 1 1390 560 570
6644 4505 45448271 1 1390 560 570
6673 4476 45448281 1 1390 560 581
6698 4422 45448291 1 1390 560 594
6720 4351 45448301 1 1380 550 594
6745 4271 45448311 1 1360 560 594
6770 4195 45448321 1 1360 560 595
6793 4125 45448331 1 1360 560 591
6814 4058 45448341 1 1360 560 570
6840 4009 45448351 1 1380 570 463
6862 3976 45448361 1 1380 570 276
7835 5443 45448541 0 1430 550 78
7835 5443 45448551 1 1430 550 144
7835 5443 45448561 1 1410 550 221
7800 5415 45448571 1 1420 540 306
7768 5353 45448581 1 1440 540 364
7727 5260 45448591 1 1440 540 425
7682 5139 45448601 1 1440 540 465
7640 4999 45448611 1 1440 540 496
7604 4835 45448621 1 1430 550 515
7572 4686 45448631 1 1430 550 530
7557 4547 45448641 1 1430 550 537
7557 4422 45448651 1 1430 550 540
7567 4319 45448661 1 1410 560 539
7601 4230 45448671 1 1410 560 548
7647 4182 45448681 1 1410 560 539
7710 4164 45448691 1 1410 560 517
7780 4164 45448701 1 1400 560 436
7861 4198 45448711 1 1400 560 304
7948 4250 45448721 1 1420 570 141
8207 4668 45449022 0 1440 540 122
8236 4684 45449032 1 1440 560 144
8243 4700 45449042 1 1430 560 171
8243 4700 45449052 1 1430 560 267
8255 4685 45449062 1 1430 570 333
8266 4664 45449072 1 1430 570 389
8277 4623 45449082 1 1430 570 420
8283 4569 45449092 1 1430 570 442
8288 4502 45449102 1 1430 590 465
8288 4419 45449112 1 1430 590 483
8280 4325 45449122 1 1430 590 499
8271 4234 45449132 1 1430 590 499
8263 4162 45449142 1 1430 590 504
8258 4104 45449152 1 1430 590 494
8258 4080 45449162 1 1420 590 478
8258 4091 45449172 1 1420 590 387
8265 4126 45449182 1 1420 590 301
8276 4223 45449192 1 1420 590 156
8287 5036 45449262 0 1420 580 160
8312 5150 45449272 1 1420 580 241
8318 5185 45449282 1 1420 580 274
8318 5194 45449292 1 1420 580 348
8328 5186 45449302 1 1420 580 405
8342 5180 45449312 1 1430 570 444
8365 5169 45449322 1 1430 570 463
8389 5151 45449332 1 1430 570 469
8415 5135 45449342 1 1460 570 468
8440 5122 45449352 1 1460 570 422
8463 5107 45449362 1 1460 570 260
9108 4663 45449512 0 1450 560 30
9192 4646 45449522 1 1450 560 42
9197 4681 45449532 1 1450 560 42
9197 4709 45449542 1 1450 560 48
9170 4758 45449552 1 1450 560 50
9145 4821 45449562 1 1470 560 107
9115 4896 45449572 1 1470 560 207
9080 4941 45449582 1 1470 560 274
9044 4966 45449592 1 1480 570 324
9002 4952 45449602 1 1480 570 374
8957 4902 45449612 1 1480 570 431
8899 4829 45449622 1 1480 570 468
8841 4726 45449632 1 1480 570 490
8809 4641 45449642 1 1480 570 491
8793 4568 45449652 1 1480 570 509
8801 4501 45449662 1 1480 570 512
8827 4456 45449672 1 1480 570 522
8865 4425 45449682 1 1480 570 520
8926 4419 45449692 1 1480 570 515
8988 4443 45449703 1 1480 570 522
9054 4488 45449713 1 1480 570 515
9119 4554 45449723 1 1470 580 516
9168 4627 45449733 1 1470 580 518
9207 4705 45449743 1 1460 570 522
9221 4761 45449753 1 1460 570 543
9221 4797 45449763 1 1440 580 589
9210 4819 45449773 1 1440 580 594
9201 4819 45449783 1 1440 580 605
9192 4806 45449793 1 1440 580 613
9177 4773 45449803 1 1460 580 625
9159 4725 45449813 1 1460 580 636
9143 4671 45449823 1 1460 580 644
9129 4613 45449833 1 1460 580 647
9119 4545 45449843 1 1470 590 665
9111 4452 45449853 1 1470 590 664
9105 4345 45449863 1 1470 590 675
9105 4233 45449873 1 1470 590 679
9098 4124 45449883 1 1470 590 685
9093 4020 45449893 1 1470 590 688
9088 3917 45449903 1 1470 590 687
9076 3808 45449913 1 1470 590 688
9067 3700 45449923 1 1460 600 693
9048 3592 45449933 1 1460 600 691
9021 3534 45449943 1 1460 600 688
8981 3476 45449953 1 1450 600 676
8924 3431 45449963 1 1450 600 669
8855 3395 45449973 1 1440 610 667
8780 3390 45449983 1 1440 610 665
8700 3406 45449993 1 1440 610 653
8616 3437 45450003 1 1410 610 650
8534 3489 45450013 1 1410 610 646
8455 3542 45450023 1 1410 610 638
8395 3596 45450033 1 1400 620 622
8347 3639 45450043 1 1370 620 566
8323 3673 45450053 1 1370 620 440
8323 3702 45450063 1 1350 630 191
9767 5351 45450233 0 1400 560 209
9767 5351 45450243 1 1410 560 242
9767 5351 45450253 1 1430 560 256
9730 5371 45450263 1 1430 560 314
9719 5321 45450273 1 1440 560 374
9708 5236 45450283 1 1450 560 440
9686 5126 45450293 1 1450 560 483
9657 4984 45450303 1 1450 560 515
9625 4825 45450313 1 1450 560 522
9594 4654 45450323 1 1450 560 533
9564 4515 45450333 1 1440 570 533
9535 4387 45450343 1 1440 570 544
9525 4267 45450353 1 1440 570 543
9525 4197 45450363 1 1440 570 546
9530 4165 45450373 1 1430 570 553
9546 4159 45450383 1 1440 580 561
9561 4178 45450393 1 1440 580 559
9604 4250 45450403 1 1430 590 557
9666 4358 45450413 1 1430 590 557
9745 4477 45450423 1 1430 590 557
9817 4581 45450433 1 1430 590 562
9883 4650 45450443 1 1410 590 557
9935 4700 45450453 1 1410 590 561
9971 4717 45450463 1 1410 590 561
9995 4708 45450473 1 1410 600 563
10008 4682 45450483 1 1410 600 583
10008 4628 45450493 1 1410 600 594
10008 4550 45450503 1 1410 600 586
10008 4455 45450513 1 1410 600 591
10000 4356 45450523 1 1410 600 591
9995 4259 45450533 1 1420 610 588
10005 4183 45450543 1 1420 610 563
10017 4121 45450553 1 1420 610 485
10036 4081 45450563 1 1420 610 334
10301 4697 45450834 0 1440 560 254
10301 4697 45450844 1 1440 570 274
10301 4697 45450854 1 1440 570 280
10301 4697 45450864 1 1440 570 306
10301 4697 45450874 1 1440 570 344
10379 4701 45450884 1 1430 570 374
10455 4713 45450894 1 1430 570 392
10544 4728 45450904 1 1440 580 417
10645 4743 45450914 1 1430 590 414
10747 4756 45450924 1 1430 590 425
10841 4756 45450934 1 1430 590 422
10930 4756 45450944 1 1440 600 405
10998 4756 45450954 1 1440 600 332
11029 4756 45450964 1 1440 600 100
10737 5227 45451075 0 1460 600 273
10737 5227 45451085 1 1460 600 311
10711 5236 45451095 1 1460 600 333
10701 5223 45451105 1 1460 600 420
10688 5164 45451115 1 1470 590 491
10664 5071 45451125 1 1470 590 536
10639 4955 45451135 1 1470 590 575
10613 4810 45451145 1 1460 580 606
10593 4663 45451155 1 1460 580 611
10576 4518 45451165 1 1460 580 622
10568 4386 45451175 1 1460 580 628
10586 4259 45451185 1 1460 580 639
10621 4169 45451195 1 1460 580 636
10681 4118 45451205 1 1450 590 641
10762 4093 45451215 1 1450 590 641
10858 4098 45451225 1 1450 590 637
10981 4130 45451235 1 1440 600 630
11106 4179 45451245 1 1440 600 568
11223 4241 45451255 1 1440 600 392
