340
3246 5825 61214501 0 1330 400 60
3178 5782 61214511 1 1340 410 80
3122 5795 61214521 1 1350 410 108
3099 5827 61214531 1 1340 420 98
3073 5784 61214541 1 1350 420 125
3050 5694 61214551 1 1360 430 186
3035 5573 61214561 1 1360 440 249
3024 5364 61214571 1 1370 440 281
3024 5111 61214581 1 1360 450 322
3024 4830 61214591 1 1360 450 339
3037 4583 61214601 1 1350 450 353
3053 4403 61214611 1 1350 450 358
3078 4268 61214621 1 1330 450 359
3105 4195 61214631 1 1330 450 361
3124 4153 61214641 1 1330 460 353
3137 4133 61214651 1 1330 460 334
3151 4133 61214661 1 1320 470 181
3259 5436 61214812 0 1310 460 12
3259 5436 61214822 1 1310 460 24
3259 5436 61214832 1 1310 460 37
3259 5436 61214842 1 1310 460 61
3261 5337 61214852 1 1310 460 115
3293 5238 61214862 1 1310 460 153
3345 5129 61214872 1 1320 460 183
3401 5020 61214882 1 1330 460 218
3462 4937 61214892 1 1330 460 235
3517 4871 61214902 1 1330 460 262
3569 4846 61214912 1 1330 460 304
3606 4846 61214922 1 1330 460 335
3643 4864 61214932 1 1330 460 344
3684 4927 61214942 1 1330 460 344
3728 5032 61214952 1 1330 460 344
3759 5166 61214962 1 1330 460 339
3780 5325 61214972 1 1330 460 344
3805 5504 61214982 1 1330 460 342
3835 5696 61214992 1 1330 460 333
3856 5813 61215002 1 1330 460 339
3869 5880 61215012 1 1340 460 356
3869 5915 61215022 1 1340 460 369
3869 5915 61215032 1 1340 460 359
3869 5907 61215042 1 1350 460 362
3874 5893 61215052 1 1350 460 371
3885 5817 61215062 1 1350 460 386
3906 5708 61215072 1 1350 460 402
3943 5578 61215082 1 1350 460 428
3989 5372 61215092 1 1350 460 452
4046 5132 61215102 1 1350 460 471
4103 4870 61215112 1 1350 460 478
4160 4625 61215122 1 1350 460 496
4214 4430 61215132 1 1350 460 492
4256 4268 61215142 1 1350 460 502
4290 4148 61215152 1 1340 470 504
4321 4067 61215162 1 1340 470 502
4338 4012 61215172 1 1340 470 499
4346 3977 61215182 1 1330 470 488
4351 3963 61215192 1 1330 470 485
4351 3963 61215202 1 1320 470 339
4688 4758 61215623 0 1400 460 103
4738 4720 61215633 1 1390 460 212
4723 4720 61215643 1 1390 460 217
4732 4740 61215653 1 1380 470 218
4758 4690 61215663 1 1380 470 212
4799 4620 61215673 1 1370 470 225
4844 4538 61215683 1 1360 470 240
4879 4464 61215693 1 1350 470 255
4906 4415 61215703 1 1350 470 306
4941 4383 61215713 1 1330 470 345
4978 4372 61215723 1 1330 470 364
5020 4387 61215733 1 1330 480 381
5068 4420 61215743 1 1330 480 382
5118 4489 61215753 1 1320 490 376
5153 4567 61215763 1 1320 490 376
5177 4652 61215773 1 1320 490 372
5159 4731 61215783 1 1320 490 372
5122 4800 61215793 1 1330 500 382
5071 4862 61215803 1 1330 500 389
5014 4878 61215813 1 1330 500 391
4947 4857 61215823 1 1330 500 398
4874 4812 61215833 1 1330 500 389
4802 4742 61215843 1 1340 490 389
4736 4685 61215853 1 1340 490 400
4673 4637 61215863 1 1340 490 397
4641 4607 61215873 1 1340 490 388
4629 4587 61215883 1 1340 490 374
4629 4575 61215893 1 1340 490 307
5362 4857 61216053 0 1340 470 49
5289 4842 61216063 1 1340 470 76
5289 4842 61216073 1 1340 470 91
5284 4811 61216083 1 1340 470 131
5284 4758 61216093 1 1350 470 210
5293 4697 61216103 1 1350 470 262
5312 4627 61216113 1 1340 480 314
5346 4552 61216123 1 1350 490 342
5390 4484 61216133 1 1350 490 384
5444 4439 61216143 1 1340 490 404
5502 4409 61216153 1 1340 490 415
5559 4396 61216163 1 1330 500 435
5614 4411 61216173 1 1340 500 443
5663 4445 61216183 1 1340 500 439
5702 4498 61216193 1 1340 500 439
5735 4561 61216203 1 1340 500 439
5742 4632 61216213 1 1340 500 448
5717 4705 61216223 1 1340 500 449
5671 4778 61216233 1 1340 500 440
5603 4852 61216243 1 1340 500 452
5524 4888 61216253 1 1340 500 456
5437 4888 61216263 1 1340 500 463
5346 4871 61216273 1 1330 500 463
5260 4828 61216283 1 1330 500 466
5198 4785 61216293 1 1330 500 460
5151 4749 61216303 1 1330 500 456
5126 4718 61216313 1 1340 490 447
5126 4697 61216323 1 1340 490 420
5139 4683 61216333 1 1340 490 312
5173 4673 61216343 1 1340 490 22
5935 5135 61216584 0 1360 500 184
5998 5080 61216594 1 1360 500 249
5998 5085 61216604 1 1360 500 257
5977 5123 61216614 1 1360 500 272
5992 5095 61216624 1 1370 500 294
6011 5042 61216634 1 1370 500 334
6037 4973 61216644 1 1370 500 373
6065 4880 61216654 1 1370 500 389
6095 4783 61216664 1 1370 500 420
6124 4708 61216674 1 1360 500 455
6143 4648 61216684 1 1370 510 477
6154 4596 61216694 1 1370 510 498
6163 4557 61216704 1 1370 510 497
6163 4526 61216714 1 1360 510 499
6163 4517 61216724 1 1360 510 507
6163 4517 61216734 1 1370 520 512
6163 4517 61216744 1 1370 520 530
6163 4522 61216754 1 1360 520 524
6163 4564 61216764 1 1360 520 519
6163 4630 61216774 1 1360 520 515
6163 4738 61216784 1 1360 520 522
6175 4864 61216794 1 1360 520 512
6193 5001 61216804 1 1360 520 518
6227 5091 61216814 1 1360 520 516
6271 5151 61216824 1 1360 520 522
6316 5190 61216834 1 1360 520 521
6360 5203 61216844 1 1350 520 532
6403 5180 61216854 1 1360 510 532
6453 5134 61216864 1 1360 510 538
6503 5036 61216874 1 1360 510 540
6554 4923 61216884 1 1370 510 544
6598 4799 61216894 1 1370 510 536
6639 4714 61216904 1 1370 510 536
6669 4656 61216914 1 1370 510 536
6692 4616 61216924 1 1370 510 544
6710 4590 61216934 1 1370 510 535
6724 4576 61216944 1 1370 510 516
6734 4569 61216954 1 1360 510 387
6856 6140 61217175 0 1410 460 75
6856 6140 61217185 1 1410 460 153
6847 6172 61217195 1 1420 450 215
6847 6181 61217205 1 1420 450 220
6847 6176 61217215 1 1440 460 218
6852 6159 61217225 1 1450 460 280
6868 6079 61217235 1 1460 460 342
6868 5956 61217245 1 1460 470 391
6858 5751 61217255 1 1460 470 448
6844 5532 61217265 1 1470 470 485
6844 5305 61217275 1 1460 480 517
6860 5094 61217285 1 1460 480 532
6886 4929 61217295 1 1450 480 548
6927 4795 61217305 1 1450 480 559
6980 4713 61217315 1 1450 480 565
7042 4653 61217325 1 1450 500 568
7112 4608 61217335 1 1440 500 561
7182 4575 61217345 1 1440 500 551
7253 4555 61217355 1 1430 510 527
7322 4543 61217365 1 1420 520 344
7690 5369 61217886 0 1430 520 101
7721 5369 61217896 1 1430 520 219
7716 5369 61217906 1 1430 520 272
7693 5385 61217916 1 1430 520 281
7693 5380 61217926 1 1430 520 338
7693 5372 61217936 1 1430 520 430
7701 5327 61217946 1 1430 520 472
7701 5257 61217956 1 1430 520 489
7692 5176 61217966 1 1430 520 501
7692 5100 61217976 1 1430 520 504
7697 5049 61217986 1 1430 520 509
7703 5013 61217996 1 1430 520 504
7703 4989 61218006 1 1420 520 496
7713 4970 61218016 1 1420 520 488
7721 4954 61218026 1 1410 520 389
7541 5754 61218217 0 1450 510 153
7541 5754 61218227 1 1450 510 239
7541 5754 61218237 1 1450 510 251
7541 5754 61218247 1 1450 510 267
7541 5754 61218257 1 1440 500 304
7561 5718 61218267 1 1440 500 317
7586 5684 61218277 1 1430 510 314
7617 5643 61218287 1 1430 510 306
7671 5595 61218297 1 1430 510 287
8578 5168 61218487 0 1430 530 10
8578 5168 61218497 1 1430 530 99
8595 5194 61218507 1 1430 530 124
8590 5214 61218517 1 1430 530 170
8590 5232 61218527 1 1430 530 240
8599 5250 61218537 1 1430 530 316
8604 5273 61218547 1 1430 530 366
8604 5298 61218557 1 1430 530 404
8604 5326 61218567 1 1430 530 440
8604 5356 61218577 1 1430 530 468
8604 5387 61218587 1 1430 530 497
8604 5404 61218597 1 1430 530 515
8596 5417 61218607 1 1430 530 516
8588 5424 61218617 1 1450 540 521
8573 5430 61218627 1 1450 540 515
8553 5430 61218637 1 1450 540 522
8520 5411 61218647 1 1450 540 522
8477 5379 61218657 1 1450 540 515
8426 5319 61218667 1 1450 540 516
8383 5253 61218677 1 1450 540 515
8341 5180 61218687 1 1450 540 513
8320 5109 61218697 1 1450 540 515
8313 5058 61218707 1 1450 540 513
8324 5019 61218717 1 1450 540 513
8342 4996 61218727 1 1450 540 512
8373 4989 61218737 1 1450 540 512
8415 4989 61218747 1 1450 540 512
8465 5021 61218757 1 1450 540 515
8519 5061 61218767 1 1450 540 520
8570 5109 61218777 1 1450 540 520
8603 5139 61218787 1 1450 540 522
8626 5149 61218797 1 1450 540 513
8633 5149 61218807 1 1450 540 519
8639 5132 61218817 1 1450 540 532
8645 5085 61218827 1 1430 530 540
8650 5018 61218837 1 1430 530 540
8656 4928 61218847 1 1430 530 542
8663 4835 61218857 1 1430 530 554
8671 4736 61218867 1 1420 540 564
8680 4654 61218877 1 1420 540 561
8694 4583 61218887 1 1420 540 572
8709 4510 61218897 1 1420 540 586
8724 4435 61218907 1 1420 540 589
8734 4360 61218917 1 1410 550 594
8740 4285 61218927 1 1410 550 594
8745 4217 61218937 1 1410 550 595
8745 4152 61218947 1 1410 550 595
8750 4091 61218957 1 1410 550 595
8750 4037 61218968 1 1410 550 595
8750 3987 61218978 1 1410 550 595
8742 3950 61218988 1 1410 550 595
8733 3922 61218998 1 1400 550 586
8722 3900 61219008 1 1400 550 586
8703 3878 61219018 1 1400 550 588
8679 3854 61219028 1 1400 550 595
8640 3826 61219038 1 1400 550 591
8573 3789 61219048 1 1400 550 589
8488 3742 61219058 1 1400 550 589
8372 3699 61219068 1 1400 550 589
8253 3660 61219078 1 1410 560 591
8133 3630 61219088 1 1410 560 594
8043 3612 61219098 1 1410 560 594
7956 3601 61219108 1 1400 560 592
7877 3601 61219118 1 1400 560 591
7799 3601 61219128 1 1400 560 584
7728 3617 61219138 1 1400 560 580
7666 3626 61219148 1 1400 560 537
7615 3633 61219158 1 1390 570 467
7587 3638 61219168 1 1390 570 312
9115 6246 61219438 0 1480 500 196
9194 6274 61219448 1 1480 500 282
9194 6359 61219458 1 1480 500 304
9178 6371 61219468 1 1480 500 325
9191 6320 61219478 1 1480 500 366
9212 6228 61219488 1 1500 500 386
9239 6053 61219498 1 1510 490 410
9239 5838 61219508 1 1510 490 443
9213 5597 61219518 1 1510 500 464
9172 5370 61219528 1 1510 500 499
9127 5160 61219538 1 1520 510 524
9085 5006 61219548 1 1520 510 546
9060 4883 61219558 1 1530 520 537
9046 4799 61219568 1 1530 520 546
9040 4762 61219578 1 1520 530 545
9040 4757 61219588 1 1520 530 559
9040 4757 61219598 1 1510 530 570
9040 4781 61219608 1 1510 530 569
9040 4821 61219618 1 1500 540 569
9045 4923 61219628 1 1500 540 567
9068 5024 61219638 1 1500 550 566
9094 5088 61219648 1 1500 550 569
9117 5127 61219658 1 1500 550 570
9138 5141 61219668 1 1500 550 567
9164 5150 61219678 1 1500 550 569
9190 5150 61219688 1 1500 550 570
9217 5121 61219698 1 1500 550 574
9245 5077 61219708 1 1500 550 578
9274 5007 61219718 1 1500 550 581
9304 4919 61219728 1 1500 550 583
9336 4819 61219738 1 1500 550 581
9377 4743 61219748 1 1500 550 591
9424 4698 61219758 1 1500 550 589
9469 4673 61219768 1 1500 550 581
9509 4666 61219778 1 1500 550 572
9546 4666 61219788 1 1490 560 560
9573 4677 61219798 1 1490 560 521
9599 4700 61219808 1 1490 560 382
9623 4744 61219818 1 1480 560 83
9708 5218 61220019 0 1500 550 172
9660 5200 61220029 1 1500 550 269
9646 5221 61220039 1 1500 550 316
9646 5221 61220049 1 1500 550 329
9651 5216 61220059 1 1500 550 354
9671 5216 61220069 1 1500 550 391
9704 5216 61220079 1 1490 550 435
9780 5216 61220089 1 1490 550 450
9879 5227 61220099 1 1490 550 466
9992 5240 61220109 1 1490 550 465
10074 5254 61220119 1 1490 550 480
10140 5270 61220129 1 1500 550 485
10194 5282 61220139 1 1500 550 483
10227 5292 61220149 1 1500 550 478
10242 5297 61220159 1 1500 550 473
10242 5297 61220169 1 1520 560 409
10242 5297 61220179 1 1520 560 108
10016 5637 61220370 0 1480 510 172
10004 5587 61220380 1 1480 510 211
9997 5574 61220390 1 1480 510 247
9990 5535 61220400 1 1480 530 280
9976 5425 61220410 1 1480 530 312
9959 5276 61220420 1 1480 530 356
9953 5155 61220430 1 1490 530 422
9959 5051 61220440 1 1510 530 473
9973 4959 61220450 1 1510 530 521
10001 4887 61220460 1 1520 540 543
10040 4830 61220470 1 1530 550 561
10086 4783 61220480 1 1530 550 570
10129 4758 61220490 1 1530 560 570
10173 4744 61220500 1 1530 560 565
10220 4738 61220510 1 1520 570 554
10270 4738 61220520 1 1520 570 540
10285 4732 61220530 1 1520 570 423
10300 4732 61220540 1 1510 580 213
