364
3647 4636 61138762 0 1370 480 15
3630 4720 61138772 1 1370 480 76
3608 4779 61138782 1 1370 480 137
3596 4837 61138792 1 1370 480 200
3584 4875 61138802 1 1370 480 273
3571 4901 61138812 1 1380 480 339
3564 4901 61138822 1 1380 480 361
3555 4901 61138832 1 1380 480 377
3538 4860 61138842 1 1380 480 407
3516 4786 61138852 1 1380 480 447
3490 4650 61138862 1 1380 480 486
3462 4437 61138872 1 1390 470 499
3432 4174 61138882 1 1390 470 505
3401 3905 61138892 1 1380 480 509
3373 3700 61138902 1 1380 480 515
3353 3537 61138912 1 1370 470 513
3341 3461 61138922 1 1370 470 516
3334 3419 61138932 1 1360 480 512
3334 3401 61138942 1 1360 480 488
3334 3401 61138952 1 1360 480 418
3334 3401 61138962 1 1350 490 317
3341 3401 61138972 1 1350 490 1
3584 4696 61139113 0 1370 480 75
3627 4724 61139123 1 1370 480 120
3608 4750 61139133 1 1370 480 134
3608 4750 61139143 1 1370 480 141
3608 4731 61139153 1 1380 480 188
3627 4691 61139163 1 1380 480 267
3647 4617 61139173 1 1380 480 329
3678 4511 61139183 1 1380 480 362
3718 4384 61139193 1 1380 480 389
3763 4255 61139203 1 1380 480 391
3807 4173 61139213 1 1380 480 405
3846 4123 61139223 1 1370 480 420
3883 4090 61139233 1 1370 480 414
3909 4077 61139243 1 1370 480 425
3929 4077 61139253 1 1370 480 441
3946 4095 61139263 1 1370 480 446
3988 4160 61139273 1 1370 480 443
4034 4257 61139283 1 1370 480 441
4089 4414 61139293 1 1370 480 440
4147 4565 61139303 1 1370 480 441
4206 4711 61139313 1 1380 490 444
4256 4838 61139323 1 1380 490 443
4299 4932 61139333 1 1380 490 449
4332 5003 61139343 1 1380 490 449
4347 5034 61139353 1 1380 490 449
4347 5045 61139363 1 1380 490 448
4347 5045 61139373 1 1390 480 448
4347 5045 61139383 1 1390 480 448
4352 5034 61139393 1 1390 480 439
4352 5016 61139403 1 1390 480 450
4361 4961 61139413 1 1400 480 472
4374 4882 61139423 1 1400 480 504
4395 4752 61139433 1 1390 470 537
4423 4614 61139443 1 1390 470 570
4460 4470 61139453 1 1390 470 575
4500 4281 61139463 1 1400 480 589
4540 4104 61139473 1 1400 480 591
4577 3936 61139483 1 1400 480 602
4612 3790 61139493 1 1390 480 606
4641 3687 61139503 1 1390 480 620
4663 3612 61139513 1 1390 480 616
4680 3557 61139523 1 1380 490 617
4689 3514 61139533 1 1380 490 622
4694 3478 61139543 1 1380 490 624
4694 3452 61139553 1 1370 500 622
4694 3437 61139563 1 1370 500 620
4694 3430 61139573 1 1360 500 616
4694 3430 61139583 1 1360 500 613
4694 3430 61139593 1 1360 500 603
4694 3430 61139603 1 1350 510 564
4694 3430 61139613 1 1350 510 522
4694 3430 61139623 1 1350 510 422
4694 3443 61139633 1 1350 510 254
5074 4096 61139904 0 1380 500 101
5043 4115 61139914 1 1380 500 136
5025 4136 61139924 1 1400 510 134
5018 4136 61139934 1 1400 510 137
5018 4122 61139944 1 1410 500 136
5018 4100 61139954 1 1410 500 187
5012 4079 61139964 1 1410 500 222
5012 4058 61139974 1 1420 500 244
5012 4038 61139984 1 1420 500 274
5017 4011 61139994 1 1420 500 322
5025 3976 61140004 1 1420 500 359
5039 3924 61140014 1 1420 500 394
5057 3862 61140024 1 1420 500 405
5081 3798 61140034 1 1410 510 417
5111 3737 61140044 1 1410 510 415
5146 3703 61140054 1 1410 510 436
5188 3685 61140064 1 1410 520 440
5236 3685 61140074 1 1410 520 450
5290 3698 61140084 1 1410 520 460
5344 3727 61140094 1 1400 530 465
5391 3779 61140104 1 1400 530 466
5434 3839 61140114 1 1400 530 468
5459 3905 61140124 1 1400 530 468
5465 3983 61140134 1 1400 530 468
5459 4064 61140144 1 1400 530 468
5430 4147 61140154 1 1400 530 468
5380 4210 61140164 1 1400 530 464
5317 4243 61140174 1 1400 530 473
5224 4256 61140184 1 1400 530 473
5120 4230 61140194 1 1400 530 480
5009 4187 61140204 1 1400 530 485
4924 4133 61140214 1 1400 530 488
4863 4088 61140224 1 1410 520 486
4819 4054 61140234 1 1410 520 486
4794 4027 61140244 1 1420 520 467
4786 4014 61140254 1 1420 520 448
4786 4003 61140264 1 1410 510 372
4811 3994 61140274 1 1420 500 161
5756 4234 61140465 0 1430 520 89
5718 4182 61140475 1 1430 520 208
5692 4164 61140485 1 1430 520 242
5673 4148 61140495 1 1430 520 306
5667 4075 61140505 1 1430 520 348
5667 3991 61140515 1 1430 520 382
5690 3899 61140525 1 1430 520 402
5715 3827 61140535 1 1430 520 415
5757 3781 61140545 1 1420 530 436
5808 3753 61140555 1 1420 530 448
5854 3746 61140565 1 1420 530 450
5905 3767 61140575 1 1420 530 458
5964 3806 61140585 1 1420 530 461
6029 3883 61140595 1 1420 530 461
6074 3967 61140605 1 1430 530 465
6106 4056 61140615 1 1430 530 469
6106 4136 61140625 1 1430 530 485
6082 4186 61140635 1 1430 530 505
6049 4216 61140645 1 1430 530 522
5994 4225 61140655 1 1450 540 515
5928 4213 61140665 1 1450 540 521
5855 4187 61140675 1 1450 540 526
5778 4152 61140685 1 1450 540 529
5725 4121 61140695 1 1450 540 530
5688 4098 61140705 1 1450 540 530
5668 4079 61140715 1 1450 540 533
5661 4073 61140725 1 1450 540 526
5661 4073 61140735 1 1450 540 519
5661 4073 61140745 1 1430 530 522
5669 4073 61140755 1 1450 530 510
5685 4080 61140765 1 1450 530 490
5706 4086 61140775 1 1450 530 443
5734 4096 61140785 1 1450 530 339
5768 4106 61140795 1 1450 530 122
6415 4468 61140995 0 1450 530 39
6415 4468 61141005 1 1450 530 137
6415 4468 61141015 1 1450 530 137
6415 4468 61141025 1 1450 530 148
6415 4468 61141035 1 1430 530 191
6415 4468 61141045 1 1450 540 285
6448 4455 61141055 1 1450 540 372
6462 4408 61141065 1 1450 540 438
6469 4338 61141075 1 1450 540 468
6469 4236 61141085 1 1450 540 502
6476 4130 61141095 1 1450 540 521
6476 4026 61141105 1 1450 540 536
6476 3925 61141115 1 1450 540 559
6476 3840 61141125 1 1450 540 570
6467 3780 61141135 1 1450 540 583
6467 3736 61141145 1 1420 540 589
6462 3723 61141155 1 1420 540 591
6462 3723 61141165 1 1440 540 603
6462 3723 61141175 1 1440 540 603
6462 3732 61141185 1 1440 540 602
6462 3784 61141195 1 1440 540 594
6468 3866 61141205 1 1440 540 594
6485 3979 61141215 1 1440 540 594
6507 4091 61141225 1 1440 540 592
6536 4202 61141235 1 1440 540 594
6569 4278 61141245 1 1440 540 592
6603 4336 61141255 1 1440 540 594
6637 4382 61141265 1 1440 540 594
6672 4406 61141275 1 1440 540 595
6708 4425 61141285 1 1440 540 592
6746 4435 61141295 1 1440 540 594
6785 4425 61141305 1 1440 540 594
6823 4402 61141315 1 1450 550 595
6863 4355 61141325 1 1450 550 602
6894 4287 61141335 1 1460 540 603
6920 4206 61141345 1 1470 550 605
6939 4127 61141355 1 1470 550 605
6955 4049 61141365 1 1480 540 606
6969 3971 61141375 1 1500 540 606
6985 3900 61141385 1 1500 540 606
7002 3850 61141395 1 1500 540 606
7023 3814 61141405 1 1510 540 608
7050 3791 61141415 1 1510 540 609
7081 3785 61141425 1 1510 540 605
7122 3790 61141435 1 1510 540 595
7170 3822 61141445 1 1530 550 514
7220 3871 61141455 1 1530 550 277
7483 5248 61142157 0 1510 510 29
7483 5248 61142167 1 1510 510 94
7483 5248 61142177 1 1510 510 137
7483 5248 61142187 1 1510 510 171
7483 5248 61142197 1 1500 520 191
7483 5248 61142207 1 1500 520 228
7483 5248 61142217 1 1500 520 322
7473 5174 61142227 1 1500 520 396
7454 5027 61142237 1 1500 520 444
7435 4828 61142247 1 1500 520 470
7421 4594 61142257 1 1500 520 491
7421 4381 61142267 1 1500 520 515
7427 4234 61142277 1 1500 520 527
7444 4132 61142287 1 1490 530 536
7458 4068 61142297 1 1490 530 543
7469 4021 61142307 1 1490 530 546
7478 3985 61142317 1 1490 530 543
7489 3958 61142327 1 1490 530 543
7502 3941 61142337 1 1490 530 489
7521 3931 61142347 1 1480 540 310
8042 4542 61142598 0 1470 510 78
8072 4549 61142608 1 1470 510 168
8072 4574 61142618 1 1480 510 213
8057 4582 61142628 1 1470 520 218
8052 4582 61142638 1 1480 530 249
8052 4553 61142648 1 1480 530 309
8063 4482 61142658 1 1480 540 377
8063 4380 61142668 1 1480 540 417
8063 4276 61142678 1 1500 540 439
8087 4201 61142688 1 1500 540 456
8118 4145 61142698 1 1500 550 466
8158 4110 61142708 1 1500 550 465
8199 4093 61142718 1 1500 550 461
8240 4087 61142728 1 1500 550 443
8283 4097 61142738 1 1500 550 312
8135 4922 61142858 0 1480 540 372
8090 4861 61142868 1 1490 530 438
8060 4917 61142878 1 1490 530 438
8054 4917 61142888 1 1490 530 446
8073 4889 61142898 1 1490 530 440
8108 4837 61142908 1 1490 530 438
8166 4784 61142918 1 1500 520 425
8198 4747 61142928 1 1500 520 388
8213 4721 61142938 1 1490 530 285
8742 4473 61143129 0 1520 540 30
8766 4465 61143139 1 1510 540 110
8766 4480 61143149 1 1510 540 141
8771 4503 61143159 1 1510 540 132
8780 4530 61143169 1 1500 550 172
8793 4570 61143179 1 1500 550 225
8793 4610 61143189 1 1500 550 311
8793 4650 61143199 1 1500 550 369
8785 4679 61143209 1 1490 560 425
8773 4693 61143219 1 1480 560 440
8757 4693 61143229 1 1480 560 445
8733 4693 61143239 1 1480 560 452
8697 4646 61143249 1 1480 560 463
8653 4578 61143259 1 1480 560 468
8616 4503 61143269 1 1480 560 468
8583 4429 61143279 1 1480 560 472
8569 4364 61143289 1 1480 560 472
8569 4304 61143299 1 1480 560 473
8575 4268 61143309 1 1480 560 477
8590 4249 61143319 1 1480 560 477
8621 4241 61143329 1 1480 560 478
8660 4250 61143339 1 1480 560 480
8705 4270 61143349 1 1480 560 483
8747 4298 61143359 1 1480 560 488
8773 4304 61143369 1 1480 560 485
8789 4304 61143379 1 1480 560 490
8805 4279 61143389 1 1480 560 501
8805 4234 61143399 1 1480 560 522
8805 4131 61143409 1 1480 560 540
8781 3993 61143419 1 1480 560 537
8761 3833 61143429 1 1460 550 557
8741 3682 61143439 1 1460 550 564
8736 3556 61143449 1 1460 550 588
8736 3447 61143459 1 1460 550 602
8727 3328 61143469 1 1450 560 628
8717 3208 61143479 1 1450 560 637
8703 3090 61143489 1 1450 560 650
8684 2994 61143499 1 1450 560 655
8651 2911 61143509 1 1440 570 655
8608 2838 61143519 1 1440 570 659
8531 2780 61143529 1 1440 570 662
8420 2732 61143539 1 1440 570 661
8286 2705 61143549 1 1440 570 659
8150 2713 61143559 1 1430 570 659
8037 2744 61143569 1 1430 570 647
7940 2799 61143579 1 1440 580 617
7858 2888 61143589 1 1440 580 480
7817 3000 61143599 1 1440 580 267
9463 5343 61144290 0 1520 540 124
9434 5377 61144300 1 1520 540 215
9434 5397 61144310 1 1520 540 220
9428 5376 61144320 1 1520 540 242
9428 5328 61144330 1 1520 540 307
9416 5185 61144340 1 1520 540 387
9405 4984 61144350 1 1520 540 417
9388 4744 61144360 1 1520 540 461
9373 4546 61144370 1 1520 540 486
9360 4372 61144380 1 1520 540 513
9346 4215 61144390 1 1520 540 546
9329 4115 61144400 1 1520 540 574
9311 4040 61144410 1 1520 540 595
9293 3983 61144420 1 1510 540 592
9277 3956 61144430 1 1510 540 600
9268 3947 61144440 1 1530 550 605
9263 3947 61144450 1 1530 550 605
9257 3966 61144460 1 1530 550 602
9250 4028 61144470 1 1530 550 603
9268 4121 61144480 1 1520 560 599
9301 4251 61144490 1 1520 560 600
9355 4373 61144500 1 1520 560 599
9403 4491 61144510 1 1520 560 594
9446 4546 61144520 1 1520 560 592
9474 4576 61144530 1 1520 560 592
9503 4590 61144540 1 1520 560 594
9532 4590 61144550 1 1520 560 592
9556 4563 61144560 1 1520 560 600
9577 4525 61144570 1 1520 560 603
9596 4437 61144580 1 1500 550 606
9608 4318 61144590 1 1500 550 614
9616 4179 61144600 1 1490 560 617
9629 4074 61144611 1 1490 560 620
9646 4001 61144621 1 1490 560 614
9671 3950 61144631 1 1490 560 611
9704 3925 61144641 1 1490 560 617
9744 3925 61144651 1 1490 560 611
9808 3937 61144661 1 1490 560 619
9886 3985 61144671 1 1490 560 611
9971 4056 61144681 1 1490 560 603
10032 4143 61144691 1 1510 560 591
10076 4214 61144701 1 1510 560 568
10087 4249 61144711 1 1510 560 474
10077 4260 61144721 1 1510 560 296
10052 4255 61144731 1 1520 570 85
10095 4591 61145041 0 1490 530 221
10080 4558 61145051 1 1510 530 335
10080 4558 61145061 1 1510 530 361
10094 4572 61145071 1 1510 530 418
10172 4589 61145081 1 1510 540 450
10294 4615 61145091 1 1510 540 464
10385 4647 61145101 1 1510 540 477
10476 4660 61145111 1 1520 560 486
10568 4668 61145121 1 1520 560 488
10627 4668 61145131 1 1510 560 485
10662 4668 61145141 1 1510 560 480
10682 4668 61145151 1 1520 570 456
10682 4668 61145161 1 1510 580 198
10514 4980 61145272 0 1540 560 188
10543 4990 61145282 1 1540 560 284
10489 5031 61145292 1 1540 560 296
10472 5038 61145302 1 1540 560 301
10480 5024 61145312 1 1550 550 307
10471 4951 61145322 1 1550 550 364
10445 4822 61145332 1 1550 550 456
10407 4657 61145342 1 1550 550 527
10378 4497 61145352 1 1550 550 568
10378 4337 61145362 1 1550 550 578
10391 4218 61145372 1 1550 550 585
10438 4128 61145382 1 1540 560 605
10505 4078 61145392 1 1540 560 616
10585 4063 61145402 1 1540 560 625
10684 4071 61145412 1 1540 560 625
10784 4117 61145422 1 1540 570 624
10888 4188 61145432 1 1540 570 611
10969 4277 61145442 1 1540 570 600
11034 4367 61145452 1 1540 570 490
11040 4420 61145462 1 1530 580 63
