340
1870 5356 45454790 0 1350 600 200
1916 5436 45454800 1 1350 580 225
1911 5450 45454810 1 1340 560 235
1911 5430 45454820 1 1350 540 257
1911 5364 45454830 1 1350 530 306
1911 5267 45454840 1 1350 520 339
1902 5142 45454850 1 1360 510 379
1902 4994 45454860 1 1360 500 402
1902 4830 45454870 1 1370 510 417
1907 4673 45454880 1 1370 510 422
1919 4536 45454890 1 1360 510 425
1934 4412 45454900 1 1360 510 425
1945 4294 45454910 1 1370 520 417
1958 4201 45454920 1 1360 520 387
1970 4124 45454930 1 1360 520 329
1984 4082 45454940 1 1360 520 254
1984 4073 45454950 1 1360 520 86
1966 4787 45455020 0 1330 530 27
1948 5027 45455030 1 1330 530 91
1929 5084 45455040 1 1330 530 144
1929 5109 45455050 1 1330 530 143
1929 5114 45455060 1 1330 530 190
1954 5114 45455070 1 1340 520 242
1987 5097 45455080 1 1340 520 304
2029 5060 45455090 1 1340 520 371
2075 4976 45455100 1 1350 520 422
2125 4861 45455110 1 1350 520 440
2175 4725 45455120 1 1350 520 464
2225 4618 45455130 1 1350 520 491
2278 4523 45455140 1 1350 520 504
2333 4437 45455150 1 1360 510 513
2394 4374 45455160 1 1360 510 522
2459 4344 45455170 1 1350 520 538
2530 4336 45455180 1 1350 520 543
2609 4373 45455190 1 1350 520 554
2691 4454 45455200 1 1340 520 559
2776 4565 45455210 1 1350 530 559
2861 4700 45455220 1 1350 530 557
2955 4840 45455230 1 1350 530 557
3028 4984 45455240 1 1350 530 564
3086 5060 45455250 1 1340 520 562
3123 5097 45455260 1 1340 520 559
3141 5108 45455270 1 1340 520 557
3147 5108 45455280 1 1340 520 567
3163 5072 45455290 1 1350 530 561
3177 5022 45455300 1 1350 530 583
3187 4926 45455310 1 1350 530 592
3194 4804 45455320 1 1360 520 610
3194 4664 45455330 1 1360 520 627
3194 4520 45455340 1 1360 520 638
3200 4371 45455350 1 1360 520 639
3205 4234 45455360 1 1360 520 644
3213 4106 45455370 1 1360 520 641
3222 4017 45455380 1 1360 520 619
3234 3960 45455390 1 1360 520 543
3248 3925 45455400 1 1360 520 422
3264 3920 45455410 1 1350 530 139
4514 4645 45455621 0 1300 500 209
4446 4683 45455631 1 1300 500 225
4413 4707 45455641 1 1300 500 257
4378 4707 45455651 1 1320 500 292
4342 4702 45455661 1 1320 500 344
4315 4690 45455671 1 1320 500 369
4291 4674 45455681 1 1320 500 393
4269 4625 45455691 1 1300 510 420
4248 4555 45455701 1 1300 510 450
4230 4455 45455711 1 1300 510 472
4216 4347 45455721 1 1320 510 492
4216 4234 45455731 1 1320 510 515
4216 4144 45455741 1 1320 510 522
4243 4084 45455751 1 1320 510 538
4275 4043 45455761 1 1300 520 557
4322 4027 45455771 1 1300 520 569
4372 4037 45455781 1 1300 520 583
4425 4065 45455791 1 1300 520 591
4477 4128 45455801 1 1310 520 595
4516 4213 45455811 1 1310 520 591
4547 4312 45455821 1 1310 520 589
4555 4433 45455831 1 1310 520 588
4543 4556 45455841 1 1300 520 595
4517 4680 45455851 1 1310 520 592
4479 4804 45455861 1 1310 520 584
4442 4926 45455871 1 1310 520 586
4408 5000 45455881 1 1310 520 584
4379 5044 45455891 1 1310 520 581
4366 5064 45455901 1 1330 520 557
4366 5070 45455911 1 1330 520 496
4366 5070 45455921 1 1330 520 438
4377 5052 45455931 1 1330 520 304
5583 4739 45456102 0 1350 510 41
5579 4781 45456112 1 1350 510 105
5549 4815 45456122 1 1350 510 175
5523 4836 45456132 1 1360 510 253
5499 4856 45456142 1 1360 510 310
5480 4869 45456152 1 1360 510 358
5467 4874 45456162 1 1360 510 361
5458 4852 45456172 1 1360 510 402
5443 4816 45456182 1 1360 510 448
5425 4738 45456192 1 1360 510 467
5405 4658 45456202 1 1360 510 496
5389 4571 45456212 1 1350 520 499
5378 4478 45456222 1 1350 520 517
5378 4381 45456232 1 1350 520 518
5391 4286 45456242 1 1350 520 527
5418 4226 45456252 1 1350 520 540
5466 4190 45456262 1 1350 520 559
5519 4179 45456272 1 1350 520 562
5581 4200 45456282 1 1350 520 568
5642 4243 45456292 1 1340 520 563
5687 4318 45456302 1 1340 520 564
5722 4404 45456312 1 1340 520 569
5734 4497 45456322 1 1330 530 569
5723 4586 45456342 1 1330 530 566
5697 4684 45456352 1 1330 530 561
5659 4787 45456362 1 1330 530 560
5621 4895 45456372 1 1330 530 563
5582 4967 45456382 1 1330 530 564
5557 5015 45456392 1 1330 530 562
5539 5028 45456402 1 1340 520 535
5531 5036 45456412 1 1340 520 440
5531 5036 45456422 1 1340 520 362
5539 5022 45456432 1 1340 520 170
6393 5000 45456603 0 1380 510 178
6393 5047 45456613 1 1380 510 221
6393 5069 45456623 1 1380 510 241
6387 5069 45456633 1 1380 510 275
6387 5064 45456643 1 1380 510 334
6387 5040 45456653 1 1400 520 394
6395 4979 45456663 1 1400 520 430
6395 4893 45456673 1 1400 520 461
6395 4778 45456683 1 1400 520 477
6389 4681 45456693 1 1390 520 497
6389 4596 45456703 1 1390 520 514
6389 4519 45456713 1 1390 520 515
6399 4455 45456723 1 1390 520 527
6410 4399 45456733 1 1390 520 537
6423 4366 45456743 1 1370 530 540
6434 4355 45456753 1 1370 530 548
6443 4360 45456763 1 1370 530 565
6450 4384 45456773 1 1360 540 568
6471 4447 45456783 1 1360 540 567
6506 4537 45456793 1 1360 540 568
6550 4620 45456803 1 1350 540 563
6597 4698 45456813 1 1350 540 561
6643 4766 45456823 1 1350 540 563
6685 4826 45456833 1 1350 540 567
6725 4862 45456843 1 1340 540 569
6757 4883 45456853 1 1340 540 567
6789 4892 45456863 1 1340 540 570
6824 4883 45456873 1 1350 540 575
6858 4863 45456883 1 1360 540 584
6892 4816 45456893 1 1360 540 591
6917 4750 45456903 1 1370 540 611
6937 4671 45456913 1 1370 540 630
6947 4587 45456923 1 1370 540 641
6954 4504 45456933 1 1370 540 647
6960 4422 45456943 1 1390 550 647
6966 4355 45456953 1 1390 550 645
6973 4304 45456963 1 1390 550 619
6980 4263 45456973 1 1400 550 539
6989 4243 45456983 1 1400 550 386
6995 4238 45456993 1 1400 550 81
7429 5623 45457274 0 1410 510 117
7398 5670 45457284 1 1420 500 146
7377 5683 45457294 1 1420 500 160
7355 5695 45457304 1 1420 500 170
7355 5686 45457314 1 1420 500 242
7343 5636 45457324 1 1420 500 309
7331 5558 45457334 1 1430 510 394
7316 5417 45457344 1 1430 510 439
7299 5246 45457354 1 1430 510 492
7281 5055 45457364 1 1430 510 537
7272 4874 45457374 1 1420 520 548
7265 4718 45457384 1 1420 520 556
7278 4578 45457394 1 1410 520 562
7304 4471 45457404 1 1410 520 564
7355 4391 45457414 1 1410 530 556
7418 4329 45457424 1 1410 530 522
7490 4295 45457434 1 1410 530 452
7572 4295 45457444 1 1400 540 339
7656 4323 45457454 1 1400 540 142
8082 4719 45457534 0 1380 550 217
8082 4719 45457544 1 1380 550 209
8082 4719 45457554 1 1380 550 237
8071 4751 45457564 1 1390 560 302
8063 4751 45457574 1 1390 560 348
8063 4751 45457584 1 1390 560 366
8063 4746 45457594 1 1400 560 414
8063 4712 45457604 1 1400 560 439
8063 4659 45457614 1 1400 560 463
8063 4574 45457624 1 1420 570 475
8063 4489 45457634 1 1420 570 488
8063 4403 45457644 1 1420 570 491
8063 4326 45457654 1 1420 580 488
8063 4256 45457664 1 1420 580 473
8063 4216 45457674 1 1420 580 414
8071 4203 45457684 1 1420 580 310
8071 4209 45457694 1 1420 580 73
8058 4883 45457764 0 1420 570 136
8035 5097 45457774 1 1420 570 185
8005 5141 45457784 1 1420 570 259
7989 5162 45457794 1 1430 560 315
7977 5168 45457804 1 1410 560 329
7977 5168 45457814 1 1410 560 334
7977 5159 45457824 1 1430 550 344
7993 5137 45457834 1 1430 550 344
8020 5105 45457844 1 1430 550 337
8055 5062 45457854 1 1430 550 282
8104 5017 45457864 1 1440 540 188
8157 4958 45457874 1 1440 540 49
8584 4704 45457945 0 1420 540 50
8706 4744 45457955 1 1420 540 89
8738 4784 45457965 1 1420 540 136
8745 4834 45457975 1 1420 540 208
8734 4890 45457985 1 1420 540 284
8708 4946 45457995 1 1420 540 359
8670 4984 45458005 1 1420 540 415
8623 5009 45458015 1 1420 540 453
8583 5016 45458025 1 1440 540 478
8544 5006 45458035 1 1440 540 496
8509 4984 45458045 1 1440 540 499
8481 4942 45458055 1 1440 540 520
8451 4864 45458065 1 1440 540 521
8419 4762 45458075 1 1440 540 533
8397 4665 45458085 1 1440 540 537
8392 4572 45458095 1 1440 540 540
8397 4482 45458105 1 1440 540 546
8419 4404 45458115 1 1440 540 546
8447 4347 45458125 1 1440 540 536
8488 4305 45458135 1 1440 540 537
8536 4287 45458145 1 1440 540 537
8584 4294 45458155 1 1440 540 545
8630 4318 45458165 1 1430 550 537
8669 4370 45458175 1 1430 550 540
8702 4429 45458185 1 1430 550 545
8732 4494 45458195 1 1410 560 545
8749 4544 45458205 1 1410 560 556
8758 4577 45458215 1 1410 560 570
8758 4599 45458225 1 1410 560 580
8763 4610 45458235 1 1410 560 589
8763 4617 45458245 1 1410 560 595
8763 4617 45458255 1 1410 560 597
8763 4612 45458265 1 1410 560 605
8763 4603 45458275 1 1410 560 616
8763 4565 45458285 1 1410 560 633
8763 4509 45458295 1 1410 560 640
8754 4430 45458305 1 1410 560 659
8754 4346 45458315 1 1410 560 664
8747 4247 45458325 1 1410 560 678
8747 4139 45458335 1 1410 560 685
8737 4029 45458345 1 1410 560 687
8725 3901 45458355 1 1410 560 693
8708 3762 45458365 1 1410 560 697
8681 3630 45458375 1 1410 560 690
8646 3517 45458385 1 1410 560 690
8604 3416 45458395 1 1400 560 690
8553 3318 45458405 1 1400 560 693
8497 3245 45458415 1 1400 560 694
8437 3190 45458425 1 1400 560 691
8370 3173 45458435 1 1390 570 697
8297 3195 45458445 1 1390 570 685
8223 3243 45458455 1 1390 570 670
8152 3320 45458465 1 1380 580 662
8087 3409 45458475 1 1380 580 625
8038 3505 45458485 1 1380 580 572
8000 3593 45458495 1 1360 580 490
7984 3678 45458505 1 1360 580 342
7991 3757 45458515 1 1360 580 24
9595 5560 45458706 0 1440 540 193
9561 5591 45458716 1 1450 540 213
9561 5608 45458726 1 1450 540 218
9556 5594 45458736 1 1450 540 279
9556 5545 45458746 1 1450 540 358
9540 5474 45458756 1 1460 540 412
9520 5343 45458766 1 1460 540 453
9495 5198 45458776 1 1460 540 501
9477 5045 45458786 1 1460 540 521
9459 4871 45458796 1 1460 540 524
9443 4716 45458806 1 1460 540 537
9434 4573 45458816 1 1450 550 537
9434 4449 45458826 1 1450 550 541
9434 4349 45458836 1 1450 550 539
9434 4264 45458846 1 1450 550 537
9443 4218 45458856 1 1440 560 546
9443 4202 45458866 1 1440 560 561
9443 4207 45458876 1 1440 560 565
9456 4242 45458886 1 1440 560 567
9486 4337 45458896 1 1430 560 562
9531 4471 45458906 1 1430 560 562
9599 4607 45458916 1 1430 560 561
9667 4717 45458926 1 1430 560 561
9724 4809 45458936 1 1430 560 564
9773 4875 45458946 1 1430 560 567
9816 4908 45458956 1 1430 560 561
9844 4918 45458966 1 1410 560 561
9861 4907 45458976 1 1410 560 561
9886 4861 45458986 1 1410 560 589
9906 4792 45458996 1 1410 560 592
9914 4689 45459006 1 1410 560 600
9914 4584 45459016 1 1410 560 605
9914 4476 45459026 1 1410 560 606
9920 4366 45459036 1 1410 560 603
9926 4257 45459046 1 1400 550 595
9931 4175 45459056 1 1400 550 539
9940 4111 45459066 1 1400 550 430
9947 4078 45459076 1 1410 560 215
10243 4928 45459236 0 1420 540 180
10175 4871 45459246 1 1420 540 214
10161 4887 45459256 1 1440 540 223
10161 4887 45459266 1 1440 540 284
10187 4887 45459276 1 1450 540 348
10245 4897 45459286 1 1460 540 402
10326 4911 45459296 1 1460 540 440
10447 4926 45459306 1 1460 540 461
10570 4936 45459316 1 1460 550 464
10695 4945 45459326 1 1460 550 464
10813 4955 45459336 1 1460 550 471
10926 4965 45459346 1 1480 560 449
11014 4977 45459356 1 1480 560 364
11065 4988 45459366 1 1480 560 184
10776 5465 45459487 0 1490 560 213
10776 5465 45459497 1 1490 560 221
10776 5465 45459507 1 1490 560 218
10776 5465 45459517 1 1480 560 260
10764 5436 45459527 1 1480 560 337
10753 5374 45459537 1 1480 560 391
10744 5259 45459547 1 1460 550 450
10733 5126 45459557 1 1460 550 505
10719 4981 45459567 1 1460 550 533
10699 4812 45459577 1 1460 550 554
10675 4662 45459587 1 1460 550 569
10661 4526 45459597 1 1440 560 584
10652 4401 45459607 1 1440 560 595
10667 4301 45459617 1 1440 560 603
10695 4217 45459627 1 1430 560 614
10743 4174 45459637 1 1430 560 620
10824 4165 45459647 1 1430 560 617
10926 4180 45459657 1 1420 570 603
11059 4239 45459667 1 1430 570 521
11191 4325 45459677 1 1430 570 292
