272
2932 6124 65132375 0 1230 510 48
2940 6167 65132385 1 1250 510 70
2940 6174 65132395 1 1260 510 93
2940 6174 65132405 1 1260 510 155
2940 6174 65132415 1 1270 510 239
2947 6163 65132425 1 1270 510 296
2957 6142 65132435 1 1280 520 361
2971 6111 65132445 1 1280 520 414
2993 6071 65132455 1 1290 510 477
3018 6014 65132465 1 1300 520 522
3046 5946 65132475 1 1300 520 568
3070 5850 65132485 1 1300 520 606
3092 5735 65132495 1 1300 520 641
3103 5607 65132505 1 1290 520 673
3103 5469 65132515 1 1290 520 702
3087 5315 65132525 1 1290 520 711
3066 5150 65132535 1 1280 530 728
3036 5016 65132545 1 1280 530 725
3001 4886 65132555 1 1270 530 734
2948 4758 65132565 1 1250 540 739
2889 4657 65132575 1 1240 540 737
2826 4566 65132585 1 1230 550 739
2765 4483 65132595 1 1230 550 731
2706 4424 65132605 1 1210 550 707
2650 4398 65132615 1 1200 550 595
2606 4393 65132625 1 1180 560 316
2998 6237 65132795 0 1220 540 27
3017 6252 65132805 1 1220 530 184
3045 6304 65132815 1 1230 520 176
3073 6330 65132825 1 1240 520 214
3129 6360 65132835 1 1260 510 251
3203 6412 65132845 1 1270 510 245
3280 6477 65132855 1 1270 510 262
3351 6519 65132865 1 1280 500 270
3419 6559 65132875 1 1280 500 281
3488 6595 65132885 1 1280 500 309
3552 6625 65132895 1 1290 500 334
3612 6644 65132905 1 1290 500 364
3663 6656 65132915 1 1290 500 382
3710 6666 65132925 1 1290 500 396
3754 6674 65132935 1 1300 510 407
3783 6674 65132945 1 1300 510 418
3802 6674 65132955 1 1300 510 431
3814 6674 65132965 1 1300 510 469
3819 6661 65132975 1 1300 510 492
3824 6647 65132985 1 1300 510 524
3824 6629 65132995 1 1300 510 548
3824 6608 65133005 1 1300 500 581
3824 6578 65133015 1 1290 500 597
3824 6541 65133025 1 1290 500 613
3816 6498 65133035 1 1290 500 624
3816 6448 65133045 1 1290 500 638
3810 6390 65133055 1 1290 500 668
3810 6328 65133065 1 1290 500 681
3810 6262 65133075 1 1300 510 699
3810 6192 65133085 1 1300 510 700
3810 6115 65133095 1 1300 510 711
3810 6029 65133105 1 1300 510 721
3816 5934 65133115 1 1290 510 724
3816 5833 65133125 1 1290 510 721
3816 5729 65133135 1 1290 510 736
3822 5630 65133145 1 1280 520 746
3822 5526 65133155 1 1270 520 761
3831 5414 65133165 1 1270 520 767
3838 5289 65133175 1 1250 530 770
3848 5155 65133185 1 1250 540 779
3861 5030 65133195 1 1250 540 783
3881 4907 65133205 1 1240 540 817
3907 4776 65133215 1 1230 550 823
3935 4639 65133225 1 1210 550 822
3962 4508 65133235 1 1200 550 839
3976 4419 65133245 1 1180 560 851
3987 4357 65133255 1 1170 560 867
3995 4295 65133265 1 1150 550 879
4001 4252 65133275 1 1140 570 903
4001 4222 65133285 1 1130 570 914
3996 4212 65133295 1 1130 570 951
3991 4212 65133305 1 1110 570 944
3975 4212 65133315 1 1110 570 947
3952 4212 65133325 1 1090 570 949
3923 4233 65133335 1 1090 570 944
3884 4264 65133345 1 1080 580 950
3838 4313 65133355 1 1080 580 896
3777 4385 65133365 1 1080 580 827
3696 4473 65133375 1 1080 580 694
3601 4588 65133385 1 1080 580 439
3101 5591 65133547 0 1170 530 183
3101 5591 65133557 1 1180 530 195
3124 5619 65133567 1 1180 530 296
3158 5647 65133577 1 1180 530 361
3207 5675 65133587 1 1200 520 448
3267 5703 65133597 1 1210 530 512
3340 5729 65133607 1 1210 530 545
3415 5758 65133617 1 1210 530 568
3493 5788 65133627 1 1210 530 572
3553 5812 65133637 1 1210 530 580
3602 5830 65133647 1 1210 530 575
3632 5838 65133657 1 1220 540 572
3650 5838 65133667 1 1220 540 565
3659 5838 65133677 1 1230 530 505
3659 5829 65133687 1 1230 530 361
3375 5440 65133777 0 1230 530 179
3340 5320 65133787 1 1230 530 274
3329 5305 65133797 1 1230 530 317
3329 5296 65133807 1 1220 540 442
3339 5291 65133817 1 1220 540 567
3360 5291 65133827 1 1200 540 637
3407 5302 65133837 1 1200 540 702
3470 5326 65133847 1 1190 540 728
3548 5367 65133857 1 1190 540 750
3622 5408 65133867 1 1190 540 757
3693 5444 65133867 1 1190 540 754
3753 5476 65133877 1 1190 540 717
3797 5500 65133887 1 1190 540 455
5226 6597 65134318 0 1310 480 1
5226 6597 65134328 1 1320 490 34
5226 6597 65134338 1 1320 490 91
5226 6597 65134348 1 1320 490 144
5226 6597 65134358 1 1320 490 187
5221 6565 65134368 1 1320 490 232
5221 6552 65134378 1 1320 490 274
5228 6534 65134388 1 1330 500 325
5228 6509 65134398 1 1330 500 372
5235 6475 65134408 1 1330 500 427
5240 6416 65134418 1 1330 500 486
5245 6342 65134428 1 1330 500 537
5245 6250 65134438 1 1320 500 591
5255 6154 65134448 1 1320 500 614
5260 6054 65134458 1 1320 500 644
5260 5954 65134468 1 1320 500 664
5260 5868 65134478 1 1320 500 687
5260 5792 65134488 1 1300 510 702
5260 5747 65134498 1 1300 510 694
5252 5717 65134508 1 1290 510 697
5252 5697 65134518 1 1290 510 697
5243 5691 65134528 1 1280 520 699
5232 5691 65134538 1 1270 520 609
5218 5700 65134548 1 1270 520 414
5189 5729 65134558 1 1250 530 1
4877 6177 65134668 0 1260 510 134
4853 6147 65134678 1 1270 510 195
4842 6136 65134688 1 1270 510 244
4837 6116 65134698 1 1280 500 356
4842 6080 65134708 1 1290 500 448
4854 6030 65134718 1 1290 500 515
4868 5971 65134728 1 1290 500 567
4887 5912 65134738 1 1300 500 591
4910 5858 65134748 1 1300 500 594
4933 5808 65134758 1 1290 500 603
4953 5778 65134768 1 1290 500 605
4972 5755 65134778 1 1290 500 606
4989 5738 65134788 1 1280 500 595
5008 5738 65134798 1 1290 510 537
5031 5746 65134808 1 1290 510 342
5598 6356 65134919 0 1280 520 122
5664 6372 65134929 1 1280 520 153
5677 6378 65134939 1 1290 510 214
5699 6378 65134949 1 1290 510 276
5713 6385 65134959 1 1290 510 335
5719 6385 65134969 1 1320 510 384
5719 6379 65134979 1 1320 510 444
5725 6367 65134989 1 1320 510 489
5717 6345 65134999 1 1330 510 538
5703 6304 65135009 1 1330 510 561
5666 6250 65135019 1 1330 510 567
5616 6180 65135029 1 1330 510 565
5556 6104 65135039 1 1330 510 557
5484 6015 65135049 1 1330 510 519
5401 5919 65135059 1 1320 510 423
5311 5817 65135069 1 1320 510 153
4782 5464 65135149 0 1250 530 56
4699 5404 65135159 1 1250 530 127
4679 5398 65135169 1 1240 530 228
4671 5404 65135179 1 1230 520 301
4671 5404 65135189 1 1220 530 341
4671 5413 65135199 1 1220 530 388
4706 5425 65135209 1 1210 530 442
4753 5455 65135219 1 1200 520 514
4828 5495 65135229 1 1200 520 562
4908 5541 65135239 1 1200 520 599
5008 5593 65135249 1 1200 520 631
5121 5644 65135259 1 1200 520 656
5251 5695 65135269 1 1210 530 676
5361 5735 65135279 1 1210 530 690
5458 5771 65135289 1 1210 530 719
5540 5801 65135299 1 1210 530 722
5605 5828 65135309 1 1210 530 731
5658 5853 65135319 1 1210 530 745
5701 5873 65135329 1 1230 530 743
5734 5888 65135339 1 1230 530 746
5759 5901 65135349 1 1240 530 748
5777 5908 65135359 1 1250 540 742
5787 5908 65135369 1 1250 540 740
5787 5915 65135379 1 1270 530 733
5787 5915 65135389 1 1270 530 717
5787 5915 65135399 1 1280 530 652
5787 5915 65135409 1 1280 530 507
5777 5915 65135419 1 1300 530 296
5403 5791 65135539 0 1290 520 70
5355 5764 65135549 1 1280 530 139
5327 5747 65135559 1 1270 530 237
5303 5725 65135569 1 1270 530 344
5277 5694 65135579 1 1250 540 417
5242 5644 65135589 1 1250 540 496
5200 5581 65135599 1 1240 540 568
5167 5482 65135609 1 1240 540 611
5136 5405 65135619 1 1230 530 671
5107 5342 65135629 1 1220 540 690
5077 5251 65135639 1 1220 540 722
5041 5160 65135649 1 1200 540 751
5000 5068 65135659 1 1200 540 756
4960 4980 65135669 1 1210 550 762
4923 4903 65135679 1 1210 550 768
4893 4831 65135689 1 1200 550 768
4871 4780 65135699 1 1200 550 768
4859 4754 65135709 1 1200 550 762
4854 4744 65135719 1 1180 560 760
4854 4744 65135729 1 1180 560 685
4854 4753 65135739 1 1180 560 533
4865 4770 65135749 1 1180 560 239
5431 5599 65135880 0 1190 540 10
5477 5619 65135890 1 1190 540 94
5482 5619 65135900 1 1190 530 203
5482 5611 65135910 1 1190 530 294
5482 5593 65135920 1 1190 530 376
5482 5567 65135930 1 1200 540 448
5473 5533 65135940 1 1200 540 515
5468 5496 65135950 1 1200 540 566
5462 5452 65135960 1 1200 540 613
5462 5403 65135970 1 1200 540 643
5452 5348 65135980 1 1200 540 669
5452 5293 65135990 1 1200 540 700
5444 5239 65136000 1 1200 540 711
5444 5188 65136010 1 1200 540 730
5444 5141 65136020 1 1200 540 730
5444 5097 65136030 1 1200 540 742
5453 5059 65136040 1 1200 540 751
5463 5024 65136050 1 1200 540 761
5478 4990 65136060 1 1200 540 771
5504 4959 65136070 1 1200 540 782
5538 4929 65136080 1 1200 540 790
5577 4901 65136090 1 1200 540 794
5617 4876 65136100 1 1200 540 797
5663 4857 65136110 1 1200 540 790
5714 4841 65136120 1 1200 540 803
5770 4835 65136130 1 1210 550 818
5828 4835 65136140 1 1210 550 830
5885 4848 65136150 1 1210 550 822
5938 4865 65136160 1 1220 560 834
5992 4884 65136170 1 1220 560 845
6048 4904 65136180 1 1220 560 855
6107 4927 65136190 1 1220 560 853
6163 4954 65136200 1 1220 560 873
6217 4983 65136210 1 1230 560 896
6273 5017 65136220 1 1230 560 906
6329 5053 65136230 1 1230 560 924
6384 5090 65136240 1 1230 560 947
6438 5126 65136250 1 1240 570 949
6486 5162 65136260 1 1240 570 965
6530 5196 65136270 1 1240 570 982
6568 5230 65136280 1 1240 570 978
6597 5252 65136290 1 1240 570 990
6621 5266 65136300 1 1240 570 1005
6636 5347 65136310 1 1230 580 1011
6644 5405 65136320 1 1230 580 1015
6644 5447 65136330 1 1230 580 1015
6644 5483 65136340 1 1230 580 1017
6644 5518 65136350 1 1230 580 1015
6637 5554 65136360 1 1230 580 1009
6622 5593 65136370 1 1230 580 978
6600 5633 65136380 1 1230 580 870
6574 5679 65136390 1 1230 580 108
