221
2833 5279 72041940 0 1360 470 5
2833 5279 72041950 1 1360 470 49
2838 5253 72041960 1 1370 470 89
2838 5211 72041970 1 1370 470 141
2838 5164 72041980 1 1380 480 170
2843 5104 72041990 1 1380 480 196
2851 5035 72042000 1 1390 480 225
2866 4961 72042010 1 1390 480 254
2882 4865 72042020 1 1390 480 287
2897 4754 72042030 1 1410 490 315
2906 4636 72042040 1 1400 500 329
2906 4489 72042050 1 1400 500 339
2893 4324 72042060 1 1400 500 338
2876 4162 72042070 1 1400 500 351
2847 4017 72042080 1 1400 500 364
2809 3883 72042090 1 1400 500 368
2761 3751 72042100 1 1380 500 368
2693 3640 72042110 1 1380 500 369
2612 3543 72042120 1 1380 500 371
2546 3480 72042130 1 1370 510 368
2501 3454 72042140 1 1370 510 279
2715 4997 72042391 0 1390 480 29
2744 5034 72042401 1 1390 480 60
2770 5054 72042411 1 1390 480 61
2805 5078 72042421 1 1390 480 90
2850 5111 72042431 1 1390 480 148
2911 5149 72042441 1 1410 490 153
2982 5194 72042451 1 1410 490 167
3068 5243 72042461 1 1410 490 173
3169 5296 72042471 1 1410 490 173
3281 5356 72042481 1 1410 490 177
3386 5415 72042491 1 1410 490 175
3472 5453 72042501 1 1410 490 175
3544 5476 72042511 1 1410 490 173
3593 5483 72042521 1 1410 490 173
3615 5472 72042531 1 1410 490 177
3620 5450 72042541 1 1410 490 187
3620 5415 72042551 1 1410 490 176
3620 5379 72042561 1 1410 490 180
3613 5340 72042571 1 1410 490 188
3613 5304 72042581 1 1410 490 203
3613 5267 72042591 1 1400 500 209
3613 5228 72042601 1 1400 500 226
3620 5181 72042611 1 1400 500 242
3629 5128 72042621 1 1400 500 260
3641 5060 72042631 1 1400 500 284
3653 4982 72042641 1 1400 500 279
3669 4890 72042651 1 1400 500 292
3684 4791 72042661 1 1400 500 304
3698 4687 72042671 1 1400 500 312
3712 4608 72042681 1 1380 500 342
3727 4530 72042691 1 1380 500 338
3745 4453 72042701 1 1380 500 348
3769 4354 72042711 1 1380 500 368
3789 4255 72042721 1 1370 510 371
3807 4154 72042731 1 1370 510 374
3835 4052 72042741 1 1370 510 381
3862 3951 72042751 1 1360 510 382
3888 3851 72042761 1 1360 510 389
3917 3752 72042771 1 1360 510 386
3942 3690 72042781 1 1350 520 387
3963 3638 72042791 1 1350 520 398
3972 3593 72042801 1 1340 520 392
3981 3550 72042811 1 1330 530 407
3994 3510 72042821 1 1330 530 420
3994 3473 72042831 1 1310 540 427
3994 3434 72042841 1 1310 540 441
3994 3402 72042851 1 1310 540 446
3994 3375 72042861 1 1310 540 440
3986 3365 72042871 1 1300 540 452
3986 3365 72042881 1 1300 540 474
3974 3365 72042891 1 1300 540 473
3952 3365 72042901 1 1290 550 468
3920 3382 72042911 1 1290 550 465
3885 3404 72042921 1 1290 550 435
3848 3416 72042931 1 1280 540 249
2975 4422 72043172 0 1330 500 37
2958 4390 72043182 1 1330 500 91
2950 4390 72043192 1 1340 490 101
2950 4403 72043202 1 1340 490 115
2950 4403 72043212 1 1340 490 141
2950 4403 72043222 1 1330 500 179
2959 4403 72043232 1 1340 500 208
2976 4418 72043242 1 1340 500 235
3022 4443 72043252 1 1340 500 249
3087 4487 72043262 1 1350 510 267
3174 4534 72043272 1 1350 510 274
3255 4583 72043282 1 1350 510 279
3331 4614 72043292 1 1350 510 274
3390 4642 72043302 1 1350 510 270
3430 4660 72043312 1 1350 510 264
3456 4660 72043322 1 1350 510 256
3462 4660 72043332 1 1350 510 137
2980 3882 72043482 0 1340 500 49
2953 3813 72043492 1 1340 500 108
2941 3818 72043502 1 1340 500 180
2929 3818 72043512 1 1340 500 222
2929 3818 72043522 1 1350 510 249
2929 3823 72043532 1 1350 510 276
2956 3836 72043542 1 1350 510 304
2993 3854 72043552 1 1350 510 333
3057 3886 72043562 1 1350 510 359
3135 3928 72043572 1 1350 510 361
3221 3977 72043582 1 1360 510 381
3303 4034 72043592 1 1370 510 386
3385 4096 72043602 1 1370 510 386
3467 4162 72043612 1 1370 510 384
3549 4221 72043622 1 1370 510 369
3622 4276 72043632 1 1360 510 363
3689 4310 72043642 1 1360 510 277
5116 5803 72044113 0 1390 480 42
5121 5765 72044123 1 1390 480 78
5126 5720 72044133 1 1380 490 122
5126 5656 72044143 1 1400 500 149
5126 5579 72044153 1 1400 500 170
5136 5501 72044163 1 1400 500 182
5146 5424 72044173 1 1400 500 170
5152 5352 72044183 1 1400 500 178
5152 5283 72044193 1 1410 500 180
5152 5221 72044203 1 1410 500 180
5152 5167 72044213 1 1400 510 178
5152 5118 72044223 1 1400 510 187
5147 5079 72044233 1 1400 510 94
4730 5318 72044344 0 1370 500 89
4730 5318 72044354 1 1360 490 108
4730 5318 72044364 1 1360 490 104
4730 5318 72044374 1 1360 490 106
4730 5318 72044384 1 1360 490 91
4778 5323 72044394 1 1360 490 90
4809 5311 72044404 1 1360 490 93
4843 5284 72044414 1 1360 490 93
4884 5258 72044424 1 1360 490 95
4929 5232 72044434 1 1360 490 93
5477 5442 72044524 0 1400 510 22
5564 5538 72044534 1 1400 510 66
5574 5555 72044544 1 1400 510 137
5574 5555 72044554 1 1400 510 144
5568 5555 72044564 1 1400 510 151
5553 5549 72044574 1 1400 510 156
5528 5517 72044584 1 1400 510 165
5495 5469 72044594 1 1400 510 165
5450 5398 72044604 1 1400 510 163
5397 5313 72044614 1 1410 510 160
5335 5220 72044624 1 1410 510 98
5257 5120 72044634 1 1410 510 36
4410 4372 72044774 0 1360 500 173
4410 4372 72044784 1 1360 500 180
4410 4405 72044794 1 1360 500 182
4410 4419 72044804 1 1350 500 170
4434 4429 72044814 1 1350 500 178
4472 4449 72044824 1 1350 500 188
4506 4469 72044834 1 1350 500 209
4563 4498 72044844 1 1340 490 252
4634 4533 72044854 1 1340 490 284
4723 4573 72044864 1 1340 490 289
4825 4621 72044874 1 1340 490 306
4936 4674 72044884 1 1350 500 305
5041 4733 72044894 1 1350 500 317
5172 4805 72044904 1 1350 500 325
5319 4887 72044914 1 1360 500 324
5450 4952 72044924 1 1360 500 324
5569 5014 72044934 1 1360 500 322
5679 5066 72044944 1 1370 510 319
5759 5095 72044954 1 1370 510 305
5797 5109 72044964 1 1370 510 247
5807 5101 72044974 1 1370 510 93
5335 4893 72045075 0 1420 500 108
5310 4846 72045085 1 1420 500 136
5293 4839 72045095 1 1420 500 137
5281 4833 72045105 1 1420 500 142
5274 4793 72045115 1 1410 510 134
5265 4730 72045125 1 1410 510 172
5239 4660 72045135 1 1410 510 195
5202 4564 72045145 1 1410 510 212
5151 4450 72045155 1 1400 510 244
5099 4333 72045165 1 1400 510 274
5046 4218 72045175 1 1380 510 282
5000 4120 72045185 1 1380 510 301
4959 4034 72045195 1 1380 510 307
4929 3965 72045205 1 1380 510 314
4910 3913 72045215 1 1380 510 312
4900 3872 72045225 1 1380 510 307
4894 3841 72045235 1 1370 520 297
4894 3834 72045245 1 1370 520 259
4903 3843 72045255 1 1370 520 119
5366 4656 72045385 0 1360 520 27
5408 4727 72045395 1 1360 520 53
5421 4742 72045405 1 1360 520 51
5426 4742 72045415 1 1360 520 81
5426 4742 72045425 1 1360 520 105
5426 4733 72045435 1 1360 520 130
5426 4717 72045445 1 1360 520 148
5426 4692 72045455 1 1360 520 179
5426 4658 72045465 1 1360 520 203
5426 4616 72045475 1 1360 520 223
5416 4558 72045485 1 1360 520 254
5407 4492 72045495 1 1360 520 260
5407 4412 72045505 1 1360 520 279
5407 4331 72045515 1 1360 520 276
5407 4250 72045525 1 1360 520 284
5412 4183 72045535 1 1360 520 289
5432 4125 72045545 1 1360 520 297
5462 4082 72045555 1 1370 530 310
5505 4059 72045565 1 1370 530 344
5567 4049 72045575 1 1370 530 351
5641 4049 72045585 1 1370 530 373
5724 4059 72045595 1 1370 530 377
5811 4074 72045605 1 1370 530 399
5901 4095 72045615 1 1390 540 412
5987 4118 72045625 1 1390 540 422
6078 4142 72045626 1 1390 540 441
6182 4179 72045636 1 1390 540 440
6295 4229 72045646 1 1390 540 448
6413 4287 72045656 1 1400 540 450
6506 4367 72045666 1 1400 540 452
6578 4447 72045676 1 1400 540 452
6636 4531 72045686 1 1390 550 452
6672 4619 72045696 1 1390 550 443
6683 4695 72045706 1 1390 550 446
6677 4770 72045716 1 1390 550 422
6662 4844 72045726 1 1390 550 225
