194
3489 5813 66459910 0 1380 500 410
3554 5741 66459920 1 1370 510 404
3524 5713 66459930 1 1370 510 413
3548 5684 66459940 1 1360 510 425
3586 5520 66459950 1 1350 520 427
3633 5337 66459960 1 1340 520 442
3667 5142 66459970 1 1340 520 465
3687 4921 66459980 1 1310 520 493
3698 4703 66459990 1 1310 520 516
3686 4488 66460000 1 1300 530 548
3648 4278 66460010 1 1290 530 583
3592 4076 66460020 1 1280 540 585
3506 3880 66460030 1 1280 540 585
3413 3679 66460040 1 1260 540 584
3316 3554 66460050 1 1250 550 539
3246 3481 66460060 1 1240 550 417
3214 3469 66460070 1 1240 550 53
3557 5354 66460281 0 1360 540 241
3615 5330 66460291 1 1360 540 306
3651 5413 66460301 1 1360 540 316
3690 5491 66460311 1 1350 540 309
3789 5558 66460321 1 1350 540 338
3913 5619 66460331 1 1350 540 415
4054 5698 66460341 1 1350 540 473
4208 5775 66460351 1 1350 540 512
4354 5849 66460361 1 1350 540 567
4494 5922 66460371 1 1340 540 583
4596 5961 66460381 1 1340 540 584
4658 5978 66460391 1 1350 530 591
4694 5978 66460401 1 1350 530 592
4708 5978 66460411 1 1360 520 617
4715 5966 66460421 1 1360 520 631
4715 5933 66460431 1 1360 520 643
4715 5885 66460441 1 1370 520 668
4710 5806 66460451 1 1370 520 684
4703 5725 66460451 1 1370 520 697
4692 5611 66460461 1 1370 520 719
4681 5475 66460471 1 1370 520 721
4671 5299 66460481 1 1380 510 727
4671 5098 66460491 1 1380 510 731
4671 4880 66460501 1 1370 520 739
4690 4661 66460511 1 1370 520 760
4724 4448 66460521 1 1370 520 768
4766 4240 66460531 1 1360 520 791
4805 4016 66460541 1 1360 540 799
4829 3811 66460551 1 1360 540 820
4845 3618 66460561 1 1350 540 827
4850 3482 66460571 1 1340 550 848
4850 3363 66460581 1 1320 550 849
4839 3255 66460591 1 1320 570 863
4833 3195 66460601 1 1310 570 867
4833 3178 66460611 1 1310 570 846
4827 3190 66460621 1 1310 580 748
4802 3233 66460631 1 1310 580 522
3894 4820 66460952 0 1350 490 389
3894 4772 66460962 1 1360 490 445
3906 4804 66460972 1 1350 500 453
3916 4822 66460982 1 1360 500 475
3991 4864 66460992 1 1350 510 521
4105 4921 66461002 1 1350 510 545
4244 4969 66461012 1 1360 510 554
4366 5024 66461022 1 1360 510 554
4439 5084 66461032 1 1360 520 540
4479 5090 66461042 1 1360 520 465
4491 5090 66461052 1 1360 520 312
3641 4286 66461353 0 1290 500 129
3679 4122 66461363 1 1290 500 274
3679 4144 66461373 1 1290 500 334
3706 4108 66461383 1 1290 510 394
3754 4034 66461393 1 1300 520 448
3815 3972 66461403 1 1310 520 544
3882 3950 66461413 1 1310 520 616
3952 3956 66461423 1 1330 530 646
4062 4013 66461433 1 1340 540 659
4199 4114 66461443 1 1340 540 665
4355 4244 66461453 1 1340 550 667
4489 4384 66461463 1 1340 550 665
4582 4469 66461473 1 1340 550 649
4647 4518 66461483 1 1340 550 606
4671 4531 66461493 1 1340 550 499
4681 4531 66461503 1 1340 550 333
6481 6180 66461853 0 1500 510 470
6513 6129 66461863 1 1490 520 475
6472 6152 66461873 1 1480 530 492
6472 6053 66461883 1 1480 530 524
6478 5906 66461893 1 1490 530 561
6483 5726 66461903 1 1490 530 613
6478 5583 66461913 1 1490 530 646
6468 5439 66461923 1 1490 530 669
6455 5317 66461933 1 1480 540 679
6446 5211 66461943 1 1480 540 681
6446 5140 66461953 1 1480 540 679
6439 5097 66461963 1 1470 550 641
6439 5074 66461973 1 1470 550 551
6439 5074 66461983 1 1460 550 141
5996 5477 66462184 0 1430 520 452
5996 5477 66462194 1 1430 520 458
6003 5442 66462204 1 1420 530 465
6018 5396 66462214 1 1430 530 464
6039 5301 66462224 1 1430 530 504
6070 5220 66462234 1 1420 540 530
6106 5149 66462244 1 1440 540 540
6140 5094 66462254 1 1440 540 537
6172 5058 66462264 1 1450 550 544
6203 5034 66462274 1 1440 560 465
6234 5027 66462284 1 1440 560 239
6790 5633 66462414 0 1470 560 93
6866 5651 66462424 1 1470 560 110
6876 5659 66462434 1 1480 570 134
6884 5645 66462444 1 1480 570 245
6884 5627 66462454 1 1480 570 362
6879 5604 66462464 1 1480 570 450
6856 5558 66462474 1 1480 570 504
6823 5497 66462484 1 1480 570 545
6784 5425 66462494 1 1480 570 589
6742 5345 66462504 1 1470 580 611
6695 5259 66462514 1 1470 580 614
6644 5172 66462524 1 1470 580 619
6600 5084 66462534 1 1470 580 589
6536 5001 66462544 1 1470 580 465
6458 4922 66462554 1 1470 580 173
5586 4441 66462684 0 1410 550 361
5556 4338 66462694 1 1410 550 389
5556 4404 66462704 1 1410 550 387
5556 4429 66462714 1 1400 540 402
5595 4429 66462724 1 1400 540 467
5672 4470 66462734 1 1400 540 533
5771 4534 66462744 1 1390 550 574
5905 4611 66462754 1 1390 550 622
6059 4700 66462764 1 1400 550 667
6226 4800 66462774 1 1390 560 684
6407 4907 66462784 1 1390 560 694
6563 4992 66462794 1 1390 570 710
6701 5056 66462804 1 1400 580 713
6818 5106 66462814 1 1400 580 705
6883 5134 66462824 1 1420 580 647
6913 5143 66462834 1 1420 580 494
6913 5143 66462844 1 1420 580 146
6347 4798 66463035 0 1430 590 235
6359 4680 66463045 1 1430 590 399
6329 4645 66463055 1 1430 590 407
6264 4630 66463065 1 1430 590 447
6246 4497 66463075 1 1430 590 512
6228 4384 66463085 1 1420 590 588
6213 4285 66463095 1 1420 590 613
6203 4156 66463105 1 1420 590 681
6182 4038 66463115 1 1420 590 730
6153 3927 66463125 1 1420 590 737
6120 3825 66463135 1 1410 600 742
6080 3720 66463145 1 1410 600 743
6034 3652 66463155 1 1410 600 733
5994 3611 66463165 1 1390 610 639
5954 3592 66463175 1 1390 610 322
6578 4624 66463435 0 1460 570 376
6626 4575 66463445 1 1440 580 413
6632 4598 66463455 1 1440 580 417
6632 4580 66463465 1 1440 580 442
6642 4536 66463475 1 1440 580 499
6656 4493 66463485 1 1430 590 560
6656 4424 66463495 1 1430 590 611
6647 4337 66463505 1 1430 590 638
6628 4225 66463515 1 1420 590 678
6605 4127 66463525 1 1420 590 717
6579 4038 66463535 1 1420 590 733
6574 3973 66463545 1 1410 590 752
6574 3922 66463555 1 1390 600 751
6590 3881 66463565 1 1390 600 760
6623 3832 66463575 1 1390 600 767
6669 3788 66463585 1 1390 600 774
6720 3766 66463595 1 1390 600 779
6789 3758 66463605 1 1410 600 782
6869 3758 66463615 1 1410 600 787
6956 3787 66463625 1 1410 600 793
7064 3832 66463635 1 1410 600 796
7187 3878 66463645 1 1420 610 784
7306 3921 66463655 1 1420 610 790
7412 3957 66463665 1 1420 610 808
7510 3985 66463675 1 1440 610 832
7582 4007 66463685 1 1440 610 834
7646 4023 66463695 1 1440 610 848
7704 4033 66463705 1 1430 620 870
7740 4038 66463715 1 1430 620 896
7760 4038 66463725 1 1440 620 912
7769 4038 66463735 1 1440 620 936
7777 4038 66463745 1 1440 620 934
7787 4044 66463755 1 1440 620 944
7800 4044 66463765 1 1440 620 950
7815 4059 66463775 1 1440 620 952
7831 4077 66463785 1 1460 630 953
7847 4121 66463795 1 1460 630 947
7857 4169 66463805 1 1460 630 934
7863 4221 66463816 1 1460 630 882
7863 4373 66463826 1 1460 630 730
7845 4518 66463836 1 1460 630 218
