663
1701 6217 65177970 0 1310 580 120
1568 6178 65177980 1 1310 560 136
1486 6146 65177990 1 1290 530 187
1436 6103 65178000 1 1290 510 249
1410 6088 65178010 1 1290 500 274
1401 6083 65178020 1 1280 490 285
1409 6083 65178030 1 1280 480 306
1460 6093 65178040 1 1280 480 334
1539 6138 65178050 1 1280 480 374
1703 6209 65178060 1 1280 480 399
1924 6311 65178070 1 1290 490 417
2183 6431 65178080 1 1290 490 478
2487 6563 65178090 1 1290 490 522
2785 6676 65178100 1 1300 500 536
3080 6766 65178110 1 1300 500 564
3352 6841 65178120 1 1300 500 600
3576 6916 65178130 1 1320 500 614
3767 6987 65178140 1 1320 500 638
3898 7047 65178150 1 1320 500 641
4000 7097 65178160 1 1340 500 645
4082 7140 65178170 1 1350 510 641
4123 7164 65178180 1 1350 510 617
4112 7177 65178190 1 1360 510 554
4066 7191 65178200 1 1360 510 311
3096 7221 65178281 0 1380 490 107
2943 7230 65178291 1 1380 490 141
2868 7230 65178301 1 1380 490 180
2818 7219 65178311 1 1380 490 239
2785 7189 65178321 1 1380 490 322
2756 7127 65178331 1 1380 490 415
2731 7043 65178341 1 1380 490 485
2714 6902 65178351 1 1370 480 545
2704 6743 65178361 1 1360 490 594
2698 6573 65178371 1 1360 490 645
2690 6362 65178381 1 1360 490 659
2681 6169 65178391 1 1350 500 664
2681 5988 65178401 1 1350 500 666
2693 5856 65178411 1 1350 500 671
2715 5767 65178421 1 1340 500 666
2741 5706 65178431 1 1330 510 668
2769 5675 65178441 1 1300 520 661
2801 5668 65178451 1 1290 520 622
2836 5677 65178461 1 1280 530 362
3278 6828 65178541 0 1240 530 15
3404 7023 65178551 1 1240 530 106
3445 7082 65178561 1 1240 530 176
3464 7099 65178571 1 1250 530 244
3471 7099 65178581 1 1250 530 329
3471 7080 65178591 1 1270 520 393
3471 7033 65178601 1 1270 510 415
3471 6956 65178611 1 1280 500 465
3458 6858 65178621 1 1290 500 491
3438 6760 65178631 1 1290 500 501
3405 6658 65178641 1 1300 500 502
3363 6547 65178651 1 1300 500 497
3312 6419 65178661 1 1300 500 489
3243 6281 65178671 1 1300 500 453
3161 6131 65178681 1 1300 500 322
3055 5975 65178691 1 1290 500 88
2689 5483 65178732 0 1260 510 75
2395 5152 65178742 1 1240 520 171
2279 5037 65178752 1 1230 520 249
2199 4954 65178762 1 1220 530 302
2142 4919 65178772 1 1220 530 384
2119 4919 65178782 1 1210 530 394
2119 4935 65178792 1 1220 540 409
2146 4993 65178802 1 1200 540 425
2213 5075 65178812 1 1200 540 428
2318 5173 65178822 1 1190 540 439
2447 5296 65178832 1 1190 540 466
2601 5419 65178842 1 1170 550 486
2765 5543 65178852 1 1170 550 515
2935 5648 65178862 1 1170 550 546
3116 5737 65178872 1 1170 550 554
3285 5815 65178882 1 1170 550 559
3445 5864 65178892 1 1170 550 565
3575 5874 65178902 1 1190 540 560
3682 5859 65178912 1 1190 540 570
3774 5807 65178922 1 1200 540 591
3824 5732 65178932 1 1200 540 606
3848 5642 65178942 1 1200 540 613
3855 5517 65178952 1 1200 540 625
3826 5350 65178962 1 1200 540 638
3765 5156 65178972 1 1200 540 655
3682 4972 65178982 1 1190 540 662
3570 4777 65178992 1 1190 540 690
3453 4574 65179002 1 1190 540 705
3332 4383 65179012 1 1170 550 733
3221 4222 65179022 1 1170 550 728
3143 4080 65179032 1 1170 540 730
3086 4008 65179042 1 1150 540 728
3057 3975 65179052 1 1150 540 720
3028 3967 65179062 1 1140 550 699
2991 4013 65179072 1 1120 550 622
2949 4137 65179082 1 1120 550 473
2926 4312 65179092 1 1110 550 191
3355 6203 65179192 0 1160 530 58
3400 6261 65179202 1 1170 530 175
3411 6240 65179212 1 1180 530 257
3411 6200 65179222 1 1200 520 304
3411 6110 65179232 1 1210 520 367
3411 5961 65179242 1 1220 510 420
3383 5773 65179252 1 1230 520 478
3347 5583 65179262 1 1230 520 532
3284 5366 65179272 1 1240 520 575
3196 5132 65179282 1 1240 520 605
3090 4921 65179292 1 1240 520 631
2982 4734 65179302 1 1230 520 665
2875 4563 65179312 1 1230 520 681
2769 4413 65179322 1 1230 520 710
2644 4264 65179332 1 1220 530 721
2507 4120 65179342 1 1210 530 739
2391 4025 65179352 1 1190 530 742
2290 3958 65179362 1 1190 530 740
2199 3942 65179372 1 1180 540 739
2119 3990 65179382 1 1170 540 740
2065 4081 65179392 1 1150 540 737
2029 4238 65179402 1 1140 550 737
2044 4401 65179412 1 1140 550 736
2082 4567 65179422 1 1120 550 737
2135 4667 65179432 1 1120 550 731
2171 4719 65179442 1 1120 550 737
2195 4739 65179452 1 1120 550 736
2210 4747 65179462 1 1120 550 736
2230 4742 65179472 1 1120 550 736
2252 4728 65179482 1 1120 550 739
2279 4699 65179492 1 1120 550 742
2308 4648 65179502 1 1120 550 749
2339 4583 65179512 1 1120 550 755
2372 4511 65179522 1 1120 550 754
2403 4441 65179532 1 1120 550 754
2433 4384 65179542 1 1120 550 756
2462 4335 65179552 1 1120 550 756
2502 4306 65179562 1 1120 550 756
2570 4319 65179572 1 1120 550 756
2657 4359 65179582 1 1120 550 753
2765 4455 65179592 1 1120 550 758
2877 4563 65179602 1 1120 550 751
3012 4679 65179612 1 1120 550 740
3160 4786 65179622 1 1120 550 730
3301 4876 65179632 1 1120 550 728
3432 4955 65179642 1 1120 550 722
3557 5015 65179652 1 1120 550 722
3684 5071 65179663 1 1120 550 721
3793 5120 65179673 1 1140 550 727
3891 5153 65179683 1 1140 550 730
3964 5175 65179693 1 1150 550 733
4013 5175 65179703 1 1150 550 739
4045 5181 65179713 1 1160 550 748
4068 5167 65179723 1 1160 550 750
4086 5145 65179733 1 1160 550 779
4101 5118 65179743 1 1170 550 809
4110 5086 65179753 1 1170 550 830
4116 5044 65179763 1 1170 550 845
4121 5001 65179773 1 1190 540 858
4129 4958 65179783 1 1190 540 858
4139 4924 65179793 1 1190 540 882
4153 4892 65179803 1 1200 540 909
4167 4861 65179813 1 1200 540 929
4180 4828 65179823 1 1200 540 937
4190 4795 65179833 1 1200 540 959
4198 4765 65179843 1 1200 540 983
4203 4738 65179853 1 1200 540 988
4203 4716 65179863 1 1190 540 1000
4203 4693 65179873 1 1190 540 1012
4203 4677 65179883 1 1180 540 1021
4203 4665 65179893 1 1180 540 1023
4197 4659 65179903 1 1180 540 1023
4197 4652 65179913 1 1180 540 1023
4197 4645 65179923 1 1170 540 1023
4197 4631 65179933 1 1170 540 1023
4197 4617 65179943 1 1170 540 1023
4197 4602 65179953 1 1170 540 1023
4197 4587 65179963 1 1150 540 1023
4197 4575 65179973 1 1150 540 1023
4197 4564 65179983 1 1150 540 1023
4197 4551 65179993 1 1150 540 1023
4197 4538 65180003 1 1140 530 1023
4197 4525 65180013 1 1140 530 1023
4197 4516 65180023 1 1140 530 1023
4197 4510 65180033 1 1140 530 1023
4197 4510 65180043 1 1130 540 1023
4197 4510 65180053 1 1130 540 1023
4190 4504 65180063 1 1130 540 1023
4185 4504 65180073 1 1130 540 1023
4177 4504 65180083 1 1130 540 1023
4166 4504 65180093 1 1130 540 1023
4159 4504 65180103 1 1130 540 1023
4151 4499 65180113 1 1130 540 1023
4142 4499 65180123 1 1130 540 1023
4133 4499 65180133 1 1120 530 1018
4133 4499 65180143 1 1120 530 997
4128 4508 65180153 1 1120 530 899
4128 4523 65180163 1 1120 530 788
4149 4591 65180173 1 1120 530 649
4185 4683 65180183 1 1120 530 393
5681 7305 65180704 0 1350 470 61
5681 7305 65180714 1 1360 470 101
5709 7322 65180724 1 1360 470 131
5716 7304 65180734 1 1370 470 184
5729 7275 65180744 1 1370 470 211
5738 7230 65180754 1 1380 470 270
5745 7174 65180764 1 1380 470 320
5745 7101 65180774 1 1380 470 373
5745 7004 65180784 1 1380 470 391
5740 6891 65180794 1 1370 470 436
5732 6773 65180804 1 1370 470 472
5709 6653 65180814 1 1370 470 519
5673 6527 65180824 1 1370 470 557
5627 6374 65180834 1 1360 480 592
5563 6206 65180844 1 1360 480 616
5487 6037 65180854 1 1360 480 638
5403 5867 65180864 1 1350 490 643
5307 5725 65180874 1 1350 490 667
5195 5602 65180884 1 1340 490 676
5073 5493 65180894 1 1330 500 690
4961 5399 65180904 1 1320 500 690
4850 5315 65180914 1 1300 510 705
4743 5271 65180924 1 1290 510 707
4639 5261 65180934 1 1280 520 717
4551 5274 65180944 1 1270 520 725
4474 5302 65180954 1 1260 510 730
4420 5331 65180964 1 1240 520 720
4381 5362 65180974 1 1240 520 722
4351 5387 65180984 1 1230 520 731
4335 5415 65180994 1 1220 510 721
4320 5443 65181004 1 1210 520 725
4320 5470 65181014 1 1210 520 727
4326 5501 65181024 1 1200 520 721
4346 5534 65181034 1 1190 510 722
4371 5571 65181044 1 1190 510 721
4413 5616 65181054 1 1190 510 722
4465 5666 65181064 1 1180 510 722
4527 5718 65181074 1 1180 510 722
4607 5777 65181084 1 1180 510 721
4700 5842 65181094 1 1190 500 721
4810 5916 65181104 1 1190 500 725
4919 5990 65181114 1 1200 500 730
5027 6071 65181124 1 1200 500 730
5170 6157 65181134 1 1220 500 731
5328 6256 65181144 1 1220 500 733
5497 6366 65181154 1 1240 500 731
5658 6484 65181164 1 1250 510 733
5800 6578 65181174 1 1260 500 736
5929 6648 65181184 1 1260 500 736
6024 6703 65181194 1 1280 500 737
6109 6745 65181204 1 1280 500 736
6188 6786 65181214 1 1300 510 736
6267 6823 65181224 1 1300 510 734
6331 6854 65181234 1 1330 510 734
6385 6882 65181244 1 1330 510 733
6414 6903 65181254 1 1350 510 733
6425 6908 65181264 1 1350 510 728
6425 6908 65181274 1 1360 500 727
6425 6908 65181284 1 1360 500 730
6414 6901 65181294 1 1370 510 716
6403 6892 65181304 1 1380 500 708
6387 6879 65181314 1 1380 500 700
6371 6864 65181324 1 1380 500 694
6351 6845 65181334 1 1380 500 690
6327 6822 65181344 1 1380 500 691
6297 6800 65181345 1 1380 500 690
6268 6778 65181355 1 1380 500 690
6241 6757 65181365 1 1380 500 690
6214 6738 65181375 1 1380 500 691
6189 6720 65181385 1 1380 500 700
6163 6700 65181395 1 1380 500 693
6139 6680 65181405 1 1370 510 685
6117 6660 65181415 1 1370 510 684
6096 6638 65181425 1 1370 510 684
6078 6612 65181435 1 1360 510 685
6054 6575 65181445 1 1360 510 684
6027 6527 65181455 1 1360 510 687
5999 6468 65181465 1 1360 510 687
5965 6391 65181475 1 1350 520 697
5926 6303 65181485 1 1350 520 697
5880 6204 65181495 1 1350 520 694
5827 6100 65181505 1 1340 510 697
5770 5985 65181515 1 1340 510 708
5724 5855 65181525 1 1340 510 721
5683 5715 65181535 1 1330 520 722
5654 5594 65181545 1 1330 520 740
5632 5453 65181555 1 1330 520 757
5615 5298 65181565 1 1310 520 757
5604 5145 65181575 1 1310 520 771
5596 4991 65181585 1 1290 520 788
5591 4837 65181595 1 1290 520 794
5586 4689 65181605 1 1280 530 790
5580 4561 65181615 1 1270 530 799
5573 4447 65181625 1 1250 540 808
5563 4337 65181635 1 1240 540 821
5552 4242 65181645 1 1220 540 827
5543 4156 65181655 1 1200 540 818
5536 4102 65181665 1 1200 540 824
5531 4069 65181675 1 1190 540 825
5531 4049 65181685 1 1170 550 828
5525 4036 65181696 1 1170 540 827
5525 4036 65181706 1 1150 540 827
5525 4036 65181716 1 1150 540 828
5525 4036 65181726 1 1150 540 825
5525 4036 65181736 1 1140 550 828
5525 4036 65181746 1 1140 550 830
5511 4084 65181756 1 1140 550 823
5505 4172 65181766 1 1140 550 799
5500 4290 65181776 1 1140 550 777
5492 4442 65181786 1 1140 550 748
5482 4597 65181796 1 1140 550 713
5473 4754 65181806 1 1140 550 681
5473 4926 65181816 1 1140 550 681
5473 5092 65181826 1 1140 550 676
5484 5248 65181836 1 1150 540 672
5511 5404 65181846 1 1150 540 669
5547 5561 65181856 1 1150 540 667
5589 5701 65181866 1 1170 540 666
5643 5841 65181876 1 1170 540 666
5704 5953 65181886 1 1180 540 666
5766 6047 65181896 1 1190 530 663
5825 6117 65181906 1 1210 530 664
5876 6181 65181916 1 1220 530 666
5923 6227 65181926 1 1230 520 667
5967 6262 65181936 1 1240 520 667
6008 6287 65181946 1 1270 520 667
6047 6307 65181956 1 1280 520 667
6083 6307 65181966 1 1290 510 669
6116 6302 65181976 1 1300 510 667
6148 6281 65181986 1 1300 510 670
6177 6237 65181996 1 1330 510 675
6197 6177 65182006 1 1330 510 679
6210 6086 65182016 1 1330 510 687
6219 5965 65182026 1 1340 500 685
6225 5824 65182036 1 1330 510 700
6225 5678 65182046 1 1330 510 713
6225 5492 65182056 1 1330 510 725
6220 5279 65182066 1 1320 510 758
6210 5043 65182076 1 1320 510 757
6200 4795 65182086 1 1300 520 774
6191 4539 65182096 1 1290 520 773
6181 4304 65182106 1 1280 530 782
6168 4062 65182116 1 1270 530 784
6157 3815 65182126 1 1250 540 784
6146 3642 65182136 1 1250 550 793
6136 3510 65182146 1 1220 560 794
6123 3405 65182156 1 1210 560 783
6100 3329 65182166 1 1180 570 787
6069 3282 65182176 1 1160 570 791
6037 3254 65182186 1 1150 580 794
6005 3254 65182196 1 1120 580 790
5970 3279 65182206 1 1100 580 784
5930 3321 65182217 1 1100 580 783
5889 3385 65182227 1 1090 590 791
5850 3465 65182237 1 1070 590 759
5809 3555 65182247 1 1070 590 727
5758 3681 65182257 1 1050 590 693
5700 3820 65182267 1 1050 590 664
5641 3967 65182277 1 1050 590 668
5584 4108 65182287 1 1050 590 640
5528 4261 65182297 1 1050 590 636
5483 4423 65182307 1 1070 590 645
5450 4554 65182317 1 1060 580 642
5424 4667 65182327 1 1080 580 644
5409 4767 65182337 1 1090 570 645
5391 4873 65182347 1 1090 570 647
5371 4978 65182357 1 1100 560 637
5360 5078 65182367 1 1120 560 643
5354 5159 65182377 1 1130 560 646
5354 5231 65182387 1 1150 550 649
5365 5282 65182397 1 1150 540 650
5378 5324 65182407 1 1170 540 658
5398 5361 65182417 1 1180 540 668
5437 5412 65182427 1 1180 530 662
5488 5462 65182437 1 1180 530 669
5561 5511 65182447 1 1200 520 670
5636 5554 65182457 1 1200 520 676
5719 5582 65182467 1 1210 520 685
5806 5601 65182477 1 1210 520 687
5879 5614 65182487 1 1220 530 691
5942 5623 65182497 1 1230 520 694
5990 5623 65182507 1 1230 520 699
6024 5623 65182517 1 1230 520 694
6048 5614 65182517 1 1240 530 728
6059 5584 65182527 1 1240 530 731
6047 5539 65182537 1 1240 530 746
6020 5451 65182547 1 1250 540 748
5964 5345 65182557 1 1250 540 743
5893 5226 65182567 1 1250 540 748
5813 5113 65182577 1 1250 540 748
5738 5025 65182587 1 1260 540 760
5688 4955 65182597 1 1260 540 754
5655 4900 65182607 1 1260 540 760
5641 4873 65182617 1 1260 540 759
5641 4866 65182627 1 1260 540 773
5660 4858 65182637 1 1260 540 790
5697 4875 65182647 1 1250 540 787
5761 4909 65182657 1 1250 540 796
5843 4967 65182667 1 1250 540 809
5917 5028 65182677 1 1250 540 824
5993 5091 65182687 1 1250 540 828
6073 5150 65182697 1 1250 540 846
6171 5215 65182707 1 1250 540 860
6280 5285 65182717 1 1250 540 864
6389 5356 65182727 1 1250 540 867
6488 5427 65182737 1 1250 540 855
6581 5479 65182747 1 1230 530 855
6650 5519 65182757 1 1240 540 860
6693 5534 65182767 1 1240 540 861
6718 5544 65182777 1 1240 540 870
6718 5544 65182787 1 1240 540 887
6718 5544 65182797 1 1240 540 896
6718 5544 65182807 1 1240 540 903
6718 5538 65182817 1 1240 540 892
6718 5538 65182827 1 1240 540 900
6718 5538 65182837 1 1240 540 911
6718 5538 65182847 1 1240 540 921
6718 5538 65182857 1 1240 540 930
6718 5538 65182867 1 1240 540 932
6718 5538 65182877 1 1240 540 935
6718 5538 65182887 1 1240 540 936
6718 5538 65182897 1 1240 540 933
6718 5538 65182907 1 1240 540 932
6718 5538 65182917 1 1240 540 929
6718 5538 65182927 1 1240 540 921
6718 5538 65182937 1 1240 540 892
6718 5538 65182947 1 1250 540 796
6718 5538 65182957 1 1250 540 519
7498 6484 65183168 0 1320 480 109
7482 6544 65183178 1 1330 480 119
7475 6544 65183188 1 1340 480 124
7475 6544 65183198 1 1340 480 136
7475 6544 65183208 1 1350 490 205
7481 6516 65183218 1 1350 490 245
7481 6476 65183228 1 1360 490 287
7491 6408 65183238 1 1360 490 337
7496 6336 65183248 1 1360 490 386
7501 6234 65183258 1 1360 490 440
7495 6114 65183268 1 1360 490 491
7481 5949 65183278 1 1350 500 530
7457 5767 65183288 1 1360 500 574
7417 5575 65183298 1 1350 510 617
7367 5372 65183308 1 1350 510 637
7313 5167 65183318 1 1340 510 669
7259 4999 65183328 1 1340 510 687
7205 4857 65183338 1 1330 520 697
7161 4722 65183348 1 1310 520 693
7120 4623 65183358 1 1300 530 693
7083 4549 65183368 1 1290 530 694
7063 4497 65183378 1 1290 530 681
7053 4476 65183388 1 1280 540 665
7053 4476 65183398 1 1260 540 556
7053 4512 65183408 1 1250 550 394
7366 6271 65183518 0 1240 540 89
7454 6568 65183528 1 1250 540 131
7514 6676 65183538 1 1270 530 205
7562 6764 65183548 1 1280 530 245
7605 6815 65183558 1 1290 520 284
7648 6866 65183568 1 1300 520 310
7702 6913 65183578 1 1320 510 345
7761 6954 65183588 1 1330 510 358
7829 6987 65183598 1 1350 500 369
7902 7012 65183608 1 1350 500 373
7961 7028 65183618 1 1360 490 367
8009 7035 65183628 1 1380 490 374
8048 7025 65183638 1 1380 490 393
8078 7004 65183648 1 1390 480 413
8103 6956 65183658 1 1390 480 443
8112 6871 65183668 1 1390 480 464
8112 6761 65183678 1 1410 490 492
8100 6633 65183688 1 1410 490 526
8084 6473 65183698 1 1410 490 554
8070 6291 65183708 1 1410 490 584
8062 6088 65183718 1 1410 500 611
8054 5856 65183728 1 1410 500 619
8049 5606 65183738 1 1400 510 641
8049 5366 65183748 1 1380 510 671
8054 5120 65183758 1 1370 520 681
8059 4903 65183768 1 1370 530 699
8059 4708 65183778 1 1360 540 710
8059 4586 65183788 1 1350 540 736
8059 4480 65183798 1 1320 550 760
8048 4386 65183808 1 1310 560 770
8031 4329 65183818 1 1300 560 790
8010 4305 65183828 1 1280 570 783
7980 4305 65183838 1 1270 570 784
7932 4320 65183848 1 1260 580 784
7871 4353 65183858 1 1240 580 794
7797 4397 65183868 1 1230 590 794
7723 4448 65183878 1 1210 590 797
7648 4512 65183889 1 1210 590 793
7572 4586 65183899 1 1210 590 776
7496 4684 65183909 1 1180 590 759
7424 4810 65183919 1 1180 590 756
7358 4956 65183929 1 1180 590 763
7315 5098 65183939 1 1180 590 755
7286 5214 65183949 1 1190 580 757
7278 5312 65183959 1 1190 580 758
7269 5381 65183969 1 1200 570 757
7258 5445 65183979 1 1200 570 758
7263 5494 65183989 1 1210 560 760
7289 5534 65183999 1 1210 560 761
7328 5582 65184009 1 1210 560 761
7393 5639 65184019 1 1210 550 750
7485 5702 65184029 1 1210 550 754
7595 5769 65184039 1 1230 550 763
7721 5836 65184049 1 1240 540 763
7848 5904 65184059 1 1250 540 763
7942 5942 65184069 1 1270 530 754
8013 5965 65184079 1 1280 530 756
8069 5979 65184089 1 1280 530 754
8111 5984 65184099 1 1300 530 754
8144 5984 65184109 1 1300 530 754
8158 5984 65184119 1 1310 520 759
8158 5966 65184129 1 1310 520 756
8144 5917 65184139 1 1310 520 753
8092 5845 65184149 1 1340 520 750
8012 5752 65184159 1 1340 520 750
7913 5654 65184169 1 1340 520 761
7784 5554 65184179 1 1350 520 750
7675 5444 65184189 1 1350 520 756
7578 5337 65184199 1 1340 520 759
7521 5270 65184209 1 1340 520 759
7502 5229 65184219 1 1340 520 763
7508 5218 65184229 1 1330 530 770
7537 5228 65184239 1 1330 530 776
7609 5251 65184249 1 1310 540 784
7709 5325 65184259 1 1310 540 782
7863 5422 65184269 1 1300 540 780
8019 5534 65184279 1 1300 540 782
8180 5647 65184289 1 1290 550 779
8347 5759 65184299 1 1290 550 777
8516 5879 65184309 1 1270 550 774
8653 6004 65184319 1 1270 550 771
8770 6119 65184329 1 1290 550 767
8873 6231 65184339 1 1300 550 762
8945 6342 65184349 1 1310 550 751
8986 6450 65184359 1 1310 550 752
9006 6553 65184369 1 1320 550 748
9006 6625 65184379 1 1340 550 748
8999 6681 65184389 1 1340 550 746
8983 6713 65184399 1 1360 550 748
8974 6739 65184409 1 1360 550 748
8967 6755 65184419 1 1370 540 749
8967 6763 65184429 1 1370 540 752
8959 6763 65184439 1 1390 540 743
8959 6763 65184449 1 1390 540 740
8959 6758 65184459 1 1400 530 742
8950 6714 65184469 1 1400 530 746
8938 6646 65184479 1 1410 520 749
8915 6547 65184489 1 1410 520 754
8880 6400 65184499 1 1410 520 760
8837 6220 65184509 1 1410 520 756
8793 6010 65184519 1 1400 530 767
8751 5782 65184529 1 1400 530 794
8712 5542 65184539 1 1400 530 797
8672 5265 65184549 1 1390 540 811
8621 4983 65184559 1 1370 530 818
8563 4688 65184569 1 1360 540 830
8506 4443 65184579 1 1350 540 829
8452 4231 65184589 1 1340 550 827
8407 4039 65184599 1 1320 550 830
8378 3919 65184609 1 1300 550 829
8356 3846 65184619 1 1290 560 821
8339 3830 65184629 1 1270 560 822
8323 3866 65184639 1 1260 570 817
8305 3938 65184649 1 1240 570 827
8285 4082 65184659 1 1230 580 800
8267 4289 65184669 1 1210 580 759
8267 4537 65184679 1 1210 580 705
8273 4817 65184689 1 1200 580 609
8296 5100 65184699 1 1200 580 535
8337 5386 65184709 1 1200 580 504
8390 5665 65184719 1 1210 580 491
8457 5941 65184729 1 1210 580 494
8528 6195 65184739 1 1210 580 491
8615 6436 65184749 1 1230 580 491
8710 6693 65184759 1 1240 570 491
8820 6921 65184769 1 1260 570 489
8933 7130 65184779 1 1280 570 492
9049 7295 65184789 1 1310 560 496
9142 7418 65184799 1 1320 550 499
9215 7514 65184809 1 1340 550 504
9274 7555 65184819 1 1360 540 507
9319 7573 65184829 1 1390 540 512
9361 7573 65184839 1 1400 530 517
9400 7568 65184849 1 1410 520 512
9443 7540 65184859 1 1420 520 522
9492 7498 65184869 1 1440 510 532
9546 7423 65184879 1 1450 510 546
9586 7345 65184889 1 1450 510 550
9619 7249 65184899 1 1470 510 560
9646 7143 65184909 1 1480 500 583
9663 7013 65184919 1 1480 500 608
9673 6858 65184929 1 1480 500 619
9678 6686 65184939 1 1480 500 640
9678 6516 65184949 1 1480 500 666
9665 6310 65184959 1 1470 510 688
9652 6081 65184969 1 1470 510 699
9634 5807 65184979 1 1460 520 730
9611 5537 65184989 1 1450 530 737
9585 5269 65184999 1 1430 530 752
9561 4971 65185009 1 1420 540 759
9537 4669 65185019 1 1410 550 774
9515 4425 65185029 1 1400 550 788
9494 4221 65185039 1 1390 560 791
9474 4028 65185049 1 1380 570 796
9451 3832 65185059 1 1360 570 785
9426 3685 65185061 1 1350 580 793
9394 3571 65185071 1 1320 590 797
9360 3441 65185081 1 1290 600 799
9320 3349 65185091 1 1260 600 806
9276 3283 65185101 1 1250 600 808
9230 3239 65185111 1 1230 620 809
9182 3223 65185121 1 1210 630 806
9131 3223 65185131 1 1190 630 806
9078 3283 65185141 1 1170 630 803
9018 3392 65185151 1 1170 630 799
8959 3536 65185161 1 1170 630 791
8899 3745 65185171 1 1160 640 794
8837 3990 65185181 1 1160 640 756
8794 4260 65185191 1 1160 640 693
8755 4528 65185201 1 1160 640 638
8721 4782 65185211 1 1160 640 616
8686 4998 65185221 1 1160 640 609
8654 5194 65185231 1 1160 630 602
8624 5419 65185241 1 1180 620 595
8600 5591 65185251 1 1180 620 600
8581 5728 65185261 1 1200 620 602
8563 5842 65185271 1 1220 610 603
8545 5917 65185281 1 1230 610 611
8539 5966 65185281 1 1260 600 614
8539 6006 65185291 1 1290 590 620
8562 6046 65185301 1 1310 580 624
8601 6085 65185311 1 1320 570 639
8680 6129 65185321 1 1340 560 646
8798 6168 65185331 1 1350 550 652
8942 6206 65185341 1 1360 550 662
9069 6236 65185351 1 1370 540 668
9180 6250 65185361 1 1400 540 663
9279 6250 65185371 1 1410 530 666
9364 6245 65185381 1 1420 530 685
9432 6231 65185391 1 1430 530 688
9488 6208 65185401 1 1450 530 697
9522 6178 65185411 1 1450 530 697
9522 6139 65185421 1 1460 530 711
9510 6076 65185431 1 1470 520 713
9446 5998 65185441 1 1470 520 716
9340 5899 65185451 1 1470 530 719
9205 5795 65185461 1 1470 530 730
9079 5687 65185471 1 1470 530 727
8988 5599 65185481 1 1460 540 749
8919 5532 65185491 1 1460 540 760
8894 5479 65185501 1 1450 550 788
8906 5456 65185511 1 1450 550 806
8942 5445 65185521 1 1450 550 828
9001 5445 65185531 1 1440 560 866
9087 5462 65185541 1 1440 560 873
9190 5493 65185551 1 1430 560 888
9303 5531 65185561 1 1430 560 906
9420 5565 65185571 1 1420 570 896
9524 5601 65185581 1 1400 560 909
9617 5638 65185591 1 1390 570 906
9697 5670 65185601 1 1390 570 897
9751 5696 65185611 1 1380 580 881
9787 5714 65185621 1 1380 580 787
9787 5722 65185631 1 1360 570 310
