455
1528 6190 26678120 0 1300 500 286
1557 6146 26678130 1 1300 500 371
1540 6151 26678140 1 1300 500 433
1546 6151 26678150 1 1300 500 512
1621 6198 26678160 1 1330 500 594
1741 6271 26678170 1 1330 500 670
1899 6365 26678180 1 1330 500 697
2114 6473 26678190 1 1340 500 721
2367 6591 26678200 1 1330 510 742
2632 6688 26678210 1 1340 510 746
2855 6764 26678220 1 1340 510 751
3051 6826 26678230 1 1340 510 757
3229 6856 26678240 1 1350 510 757
3344 6866 26678250 1 1360 510 750
3417 6866 26678260 1 1360 510 746
3456 6852 26678270 1 1360 510 700
3471 6840 26678280 1 1370 520 636
3471 6828 26678290 1 1370 520 499
3430 6816 26678300 1 1370 520 244
2354 6886 26678371 0 1370 510 466
2285 6943 26678381 1 1370 510 537
2238 6937 26678391 1 1370 510 625
2170 6955 26678401 1 1370 510 633
2185 6925 26678411 1 1380 500 669
2214 6862 26678421 1 1380 500 716
2253 6761 26678431 1 1380 500 733
2295 6646 26678441 1 1380 500 727
2334 6522 26678451 1 1380 500 730
2369 6407 26678461 1 1380 500 697
2403 6307 26678471 1 1370 510 620
2432 6218 26678481 1 1370 510 480
2459 6145 26678491 1 1370 510 148
2966 7153 26678581 0 1350 510 730
3074 7133 26678591 1 1350 510 797
3045 7133 26678601 1 1360 500 808
2980 7106 26678611 1 1360 500 817
2980 6986 26678621 1 1370 500 818
2980 6807 26678631 1 1380 500 823
2971 6638 26678641 1 1380 500 826
2935 6462 26678651 1 1400 500 818
2887 6292 26678661 1 1400 500 787
2830 6128 26678671 1 1400 500 757
2782 5982 26678681 1 1400 500 664
2750 5847 26678691 1 1400 510 495
1804 4663 26678821 0 1240 550 538
1700 4486 26678831 1 1240 550 611
1649 4486 26678841 1 1210 550 633
1598 4533 26678851 1 1200 550 634
1638 4541 26678861 1 1190 540 647
1746 4602 26678871 1 1190 540 666
1898 4698 26678881 1 1190 540 700
2114 4848 26678891 1 1170 550 710
2341 4996 26678901 1 1170 550 721
2576 5145 26678911 1 1170 550 724
2777 5239 26678921 1 1170 550 730
2926 5297 26678931 1 1180 560 758
3039 5313 26678941 1 1180 560 777
3141 5290 26678951 1 1200 550 794
3210 5240 26678961 1 1210 560 846
3256 5138 26678971 1 1210 560 867
3264 4956 26678981 1 1210 560 879
3230 4722 26678991 1 1230 560 896
3167 4474 26679001 1 1230 560 905
3072 4225 26679011 1 1230 560 900
2974 3976 26679021 1 1230 560 920
2874 3779 26679031 1 1220 570 936
2788 3615 26679041 1 1220 570 947
2724 3525 26679051 1 1220 570 933
2674 3479 26679061 1 1200 570 939
2644 3463 26679071 1 1200 570 896
2615 3474 26679081 1 1190 580 866
2592 3552 26679091 1 1170 580 808
2573 3674 26679101 1 1170 580 736
2585 3914 26679111 1 1160 580 656
2615 4217 26679121 1 1140 590 567
2669 4562 26679131 1 1140 590 554
2718 4881 26679141 1 1140 590 561
2763 5104 26679151 1 1140 590 578
2798 5263 26679161 1 1140 590 624
2827 5421 26679171 1 1160 580 679
2852 5510 26679181 1 1160 580 742
2859 5554 26679191 1 1170 580 756
2859 5554 26679201 1 1170 580 785
2859 5482 26679211 1 1190 580 827
2829 5369 26679221 1 1200 570 860
2765 5135 26679231 1 1200 570 896
2675 4838 26679241 1 1220 570 906
2543 4499 26679251 1 1230 560 933
2404 4165 26679261 1 1250 560 949
2261 3870 26679271 1 1250 560 964
2120 3600 26679281 1 1260 570 979
1981 3420 26679291 1 1260 570 980
1874 3273 26679301 1 1260 570 979
1788 3149 26679311 1 1240 570 953
1730 3097 26679321 1 1230 580 915
1697 3090 26679331 1 1230 580 829
1680 3114 26679341 1 1210 580 694
1666 3209 26679351 1 1210 580 567
1673 3345 26679361 1 1200 580 443
1694 3509 26679371 1 1180 590 337
1736 3644 26679381 1 1180 590 163
1782 3764 26679391 1 1170 590 15
1826 3874 26679401 1 1170 590 1
1867 3967 26679412 1 1170 590 70
1888 4040 26679422 1 1170 590 228
1888 4100 26679432 1 1170 590 399
1876 4130 26679442 1 1170 590 486
1848 4143 26679452 1 1180 590 564
1808 4143 26679462 1 1180 590 627
1760 4115 26679472 1 1200 580 691
1693 4059 26679482 1 1200 580 757
1617 3987 26679492 1 1190 580 824
1534 3907 26679502 1 1200 570 846
1479 3848 26679512 1 1190 560 855
1456 3803 26679522 1 1210 560 846
1456 3803 26679532 1 1200 550 834
1477 3798 26679542 1 1200 550 832
1554 3798 26679552 1 1210 550 785
1666 3861 26679562 1 1200 540 751
1835 3968 26679572 1 1200 540 713
2076 4122 26679582 1 1200 540 664
2364 4273 26679592 1 1200 540 641
2647 4423 26679602 1 1200 540 641
2896 4523 26679612 1 1200 540 661
3121 4599 26679622 1 1200 540 710
3337 4659 26679632 1 1200 540 753
3516 4688 26679642 1 1200 540 820
3671 4677 26679652 1 1210 550 891
3783 4639 26679662 1 1210 550 977
3859 4554 26679672 1 1210 550 1023
3910 4445 26679682 1 1210 560 1023
3967 4319 26679692 1 1210 560 1023
4024 4209 26679702 1 1220 570 1023
4082 4149 26679712 1 1220 570 1023
4140 4122 26679722 1 1200 570 1023
4187 4122 26679732 1 1200 570 1003
4225 4131 26679742 1 1200 570 902
4257 4152 26679752 1 1200 570 650
5557 7066 26680414 0 1380 460 327
5584 7108 26680424 1 1380 460 396
5573 7147 26680434 1 1380 460 407
5567 7138 26680444 1 1380 460 469
5560 7045 26680454 1 1380 460 538
5550 6895 26680464 1 1380 460 622
5537 6682 26680474 1 1370 460 691
5495 6413 26680484 1 1370 460 725
5434 6106 26680494 1 1370 460 760
5328 5748 26680504 1 1360 470 788
5185 5412 26680514 1 1370 470 805
5016 5092 26680524 1 1360 480 831
4842 4759 26680534 1 1350 490 855
4653 4519 26680544 1 1340 490 890
4453 4341 26680554 1 1330 500 892
4283 4179 26680564 1 1300 500 917
4119 4114 26680574 1 1280 500 935
4017 4114 26680584 1 1270 510 935
3954 4180 26680594 1 1260 510 930
3936 4358 26680604 1 1240 520 924
3981 4612 26680614 1 1220 530 929
4069 4923 26680624 1 1200 520 938
4263 5228 26680634 1 1200 520 947
4513 5530 26680644 1 1180 530 933
4799 5773 26680654 1 1170 520 941
5083 6008 26680664 1 1170 520 953
5396 6238 26680674 1 1170 520 953
5729 6438 26680684 1 1170 520 958
5969 6578 26680694 1 1190 510 961
6118 6678 26680704 1 1200 520 959
6205 6706 26680714 1 1210 520 959
6229 6713 26680724 1 1220 510 974
6234 6707 26680734 1 1230 520 985
6226 6707 26680744 1 1240 520 979
6213 6702 26680754 1 1270 520 943
6168 6682 26680764 1 1270 520 920
6102 6650 26680774 1 1290 520 861
6027 6611 26680784 1 1310 520 791
5954 6558 26680794 1 1310 520 619
5885 6496 26680804 1 1340 520 325
5542 5943 26680864 0 1340 520 396
5548 5805 26680874 1 1340 520 504
5533 5788 26680884 1 1340 520 588
5526 5746 26680894 1 1340 520 645
5519 5666 26680904 1 1310 520 691
5514 5562 26680914 1 1310 520 753
5497 5404 26680924 1 1310 520 821
5471 5203 26680934 1 1300 530 863
5436 4974 26680944 1 1300 530 896
5395 4722 26680954 1 1280 530 945
5349 4492 26680964 1 1270 530 958
5306 4276 26680974 1 1250 540 989
5270 4052 26680984 1 1240 540 977
5238 3873 26680994 1 1230 550 978
5216 3725 26681004 1 1210 550 988
5197 3639 26681014 1 1200 550 993
5186 3603 26681024 1 1170 560 997
5186 3603 26681034 1 1160 560 1012
5186 3603 26681044 1 1140 570 1012
5186 3628 26681054 1 1130 570 1005
5172 3661 26681064 1 1110 570 997
5157 3770 26681074 1 1110 570 993
5157 3936 26681084 1 1090 570 988
5171 4139 26681094 1 1070 570 984
5198 4390 26681104 1 1070 570 997
5236 4639 26681114 1 1070 570 991
5272 4881 26681124 1 1070 570 992
5307 5074 26681134 1 1070 570 989
5352 5234 26681144 1 1070 570 988
5404 5437 26681154 1 1090 570 985
5467 5592 26681164 1 1100 560 982
5527 5714 26681174 1 1120 560 977
5584 5781 26681184 1 1120 560 968
5617 5809 26681194 1 1130 560 959
5649 5809 26681204 1 1150 550 959
5679 5785 26681214 1 1160 550 968
5727 5726 26681224 1 1170 550 980
5779 5647 26681234 1 1200 550 982
5835 5522 26681244 1 1200 550 1009
5881 5347 26681254 1 1200 550 1023
5922 5138 26681264 1 1220 560 1023
5957 4911 26681274 1 1220 560 1023
5984 4666 26681284 1 1210 560 1023
6005 4410 26681294 1 1220 570 1023
6015 4128 26681304 1 1220 570 1023
6022 3854 26681314 1 1200 570 1023
6028 3586 26681324 1 1200 580 1023
6037 3347 26681334 1 1180 590 1023
6037 3141 26681344 1 1180 600 1023
6037 2958 26681354 1 1160 600 1023
6037 2804 26681364 1 1140 610 1023
6021 2703 26681374 1 1140 620 1023
6001 2638 26681384 1 1120 620 1023
5977 2619 26681394 1 1090 640 1023
5941 2624 26681404 1 1070 640 1023
5897 2644 26681414 1 1050 640 1023
5818 2727 26681424 1 1010 650 1023
5714 2885 26681434 1 1010 650 1021
5594 3094 26681444 1 990 650 979
5483 3399 26681454 1 960 650 976
5375 3704 26681464 1 960 650 977
5291 4009 26681474 1 960 640 977
5221 4197 26681484 1 960 640 976
5172 4334 26681494 1 980 640 974
5155 4436 26681504 1 1000 630 974
5155 4510 26681514 1 1000 630 985
5208 4597 26681524 1 1020 630 997
5310 4692 26681534 1 1030 610 988
5447 4796 26681544 1 1050 610 999
5589 4854 26681554 1 1070 610 1002
5714 4881 26681564 1 1080 600 1002
5828 4865 26681574 1 1090 600 1015
5868 4803 26681584 1 1110 590 1023
5854 4711 26681594 1 1120 580 1023
5804 4566 26681604 1 1140 590 1023
5677 4384 26681614 1 1160 580 1023
5546 4177 26681624 1 1160 580 1023
5411 4016 26681634 1 1170 580 1023
5330 3929 26681644 1 1170 580 1023
5303 3892 26681654 1 1170 580 1023
5311 3899 26681664 1 1170 580 1023
5326 3905 26681674 1 1170 580 1023
5376 3910 26681684 1 1170 580 1023
5450 3938 26681694 1 1180 590 1023
5564 4003 26681704 1 1180 590 1023
5704 4093 26681714 1 1170 590 1023
5862 4182 26681724 1 1170 590 964
5978 4245 26681734 1 1170 590 811
6070 4290 26681744 1 1150 600 504
6958 6139 26683208 0 1200 450 134
7010 6103 26683218 1 1210 460 208
7020 6096 26683228 1 1230 460 354
7032 6110 26683238 1 1240 470 449
7072 6050 26683248 1 1240 470 507
7124 5953 26683258 1 1260 470 570
7185 5831 26683268 1 1270 480 624
7250 5693 26683278 1 1270 490 672
7310 5512 26683288 1 1270 490 694
7335 5303 26683298 1 1280 490 713
7335 5045 26683308 1 1280 500 725
7297 4778 26683318 1 1280 500 721
7220 4504 26683328 1 1280 520 748
7118 4243 26683338 1 1270 520 785
7019 4034 26683348 1 1270 530 800
6944 3859 26683358 1 1250 540 824
6885 3780 26683368 1 1240 540 827
6868 3764 26683378 1 1240 550 832
6868 3791 26683388 1 1220 560 814
6890 3910 26683398 1 1210 560 784
6948 4122 26683408 1 1190 560 750
7030 4395 26683418 1 1180 570 722
7127 4702 26683428 1 1180 570 711
7216 5028 26683438 1 1160 570 713
7284 5368 26683448 1 1160 570 717
7338 5667 26683458 1 1160 570 724
7383 5880 26683468 1 1160 570 731
7425 6035 26683478 1 1170 560 752
7466 6149 26683488 1 1180 560 750
7514 6238 26683498 1 1200 550 760
7560 6311 26683508 1 1210 550 762
7600 6351 26683518 1 1230 550 771
7635 6359 26683528 1 1240 540 777
7665 6345 26683538 1 1250 540 793
7696 6292 26683548 1 1270 530 827
7718 6184 26683558 1 1270 530 848
7734 6040 26683568 1 1280 530 869
7740 5843 26683578 1 1290 520 896
7740 5616 26683588 1 1300 520 912
7730 5369 26683598 1 1300 520 941
7722 5081 26683608 1 1300 520 940
7715 4798 26683618 1 1300 520 955
7709 4518 26683628 1 1290 520 965
7703 4256 26683638 1 1280 530 968
7695 4025 26683648 1 1270 530 970
7688 3816 26683658 1 1250 540 970
7677 3671 26683668 1 1250 550 977
7663 3601 26683678 1 1240 550 980
7654 3581 26683688 1 1220 560 965
7647 3586 26683698 1 1210 560 934
7620 3653 26683708 1 1180 570 921
7578 3761 26683718 1 1160 560 896
7526 3949 26683728 1 1140 570 851
7455 4185 26683738 1 1130 570 812
7371 4452 26683748 1 1130 570 809
7284 4700 26683758 1 1110 570 829
7208 4870 26683768 1 1110 570 827
7169 4987 26683778 1 1110 570 833
7150 5043 26683788 1 1130 570 825
7164 5078 26683798 1 1130 570 822
7213 5100 26683808 1 1130 570 825
7285 5100 26683818 1 1140 570 824
7360 5100 26683828 1 1140 570 822
7414 5111 26683838 1 1160 570 822
7454 5079 26683848 1 1180 570 824
7466 5003 26683858 1 1190 560 825
7450 4899 26683868 1 1210 560 825
7416 4765 26683878 1 1210 560 827
7371 4661 26683888 1 1210 560 828
7326 4578 26683898 1 1220 560 836
7281 4542 26683908 1 1220 560 843
7272 4542 26683918 1 1210 560 845
7267 4556 26683928 1 1210 560 839
7284 4616 26683938 1 1210 560 836
7315 4734 26683948 1 1190 560 834
7378 4890 26683958 1 1190 560 834
7460 5101 26683968 1 1180 560 825
7554 5345 26683978 1 1180 560 832
7643 5612 26683988 1 1180 560 830
7722 5821 26683998 1 1180 560 829
7793 5965 26684008 1 1180 560 832
7870 6065 26684018 1 1180 560 819
7939 6120 26684028 1 1200 550 819
7995 6138 26684038 1 1210 560 821
8045 6132 26684048 1 1220 560 833
8093 6084 26684058 1 1240 550 849
8131 5973 26684068 1 1250 550 861
8161 5821 26684078 1 1260 560 888
8184 5649 26684088 1 1270 550 892
8203 5438 26684098 1 1270 550 905
8219 5202 26684108 1 1270 550 909
8225 4954 26684118 1 1290 560 909
8213 4712 26684128 1 1290 560 920
8190 4473 26684138 1 1290 560 920
8149 4249 26684148 1 1280 570 921
8098 4060 26684158 1 1280 570 923
8040 3894 26684168 1 1270 570 923
7994 3783 26684178 1 1260 580 915
7954 3727 26684188 1 1240 580 914
7941 3709 26684198 1 1230 590 899
7941 3720 26684208 1 1190 600 863
7941 3787 26684218 1 1180 600 831
7965 3891 26684228 1 1160 600 785
7998 4057 26684238 1 1140 610 730
8048 4278 26684248 1 1130 610 696
8099 4537 26684258 1 1130 610 673
8150 4798 26684268 1 1130 610 669
8187 5016 26684278 1 1130 610 667
8214 5205 26684288 1 1130 610 663
8230 5410 26684298 1 1130 610 673
8240 5588 26684308 1 1130 610 671
8246 5749 26684318 1 1130 600 668
8260 5942 26684328 1 1130 600 666
8276 6101 26684338 1 1150 600 694
8296 6238 26684348 1 1180 590 727
8318 6320 26684358 1 1200 580 751
8343 6390 26684368 1 1210 580 761
8396 6451 26684378 1 1220 570 750
8466 6506 26684388 1 1230 560 750
8553 6560 26684398 1 1250 560 754
8640 6609 26684408 1 1260 560 759
8724 6650 26684418 1 1270 550 784
8806 6682 26684428 1 1290 550 793
8874 6682 26684438 1 1290 550 821
8929 6654 26684448 1 1310 550 840
8976 6586 26684458 1 1310 550 866
9011 6478 26684468 1 1330 540 860
9042 6344 26684478 1 1340 550 888
9069 6204 26684488 1 1350 540 900
9085 6023 26684498 1 1350 540 944
9090 5815 26684508 1 1350 550 968
9090 5601 26684518 1 1350 550 994
9077 5348 26684528 1 1360 560 984
9064 5069 26684538 1 1350 570 994
9049 4770 26684548 1 1340 570 1011
9049 4499 26684558 1 1340 580 1023
9041 4212 26684568 1 1320 590 1023
9041 3907 26684578 1 1320 600 1023
9035 3643 26684588 1 1310 610 1023
9028 3405 26684598 1 1300 620 1023
9011 3184 26684608 1 1270 630 1023
8994 2949 26684618 1 1250 640 1023
8971 2737 26684628 1 1220 650 1023
8945 2576 26684638 1 1200 650 1023
8919 2441 26684648 1 1160 660 1023
8903 2343 26684658 1 1110 670 1023
8888 2302 26684668 1 1090 670 1023
8871 2302 26684678 1 1050 670 1023
8860 2297 26684688 1 1020 680 1023
8833 2323 26684698 1 1000 680 1023
8795 2366 26684708 1 970 680 1023
8747 2462 26684718 1 950 680 990
8689 2630 26684728 1 950 680 959
8625 2846 26684738 1 920 680 924
8553 3136 26684748 1 920 670 870
8473 3483 26684758 1 920 670 822
8388 3869 26684768 1 920 670 802
8279 4188 26684778 1 950 670 799
8161 4436 26684788 1 940 660 811
8038 4636 26684798 1 940 660 818
7937 4786 26684808 1 970 660 849
7881 4903 26684818 1 990 660 861
7854 4997 26684828 1 1010 660 890
7911 5092 26684838 1 1050 650 911
8036 5200 26684848 1 1080 650 941
8207 5316 26684858 1 1090 640 935
8392 5405 26684868 1 1110 640 955
8566 5449 26684878 1 1130 630 965
8697 5464 26684888 1 1160 630 968
8802 5453 26684898 1 1180 620 977
8869 5421 26684908 1 1200 620 994
8888 5374 26684918 1 1220 610 985
8874 5284 26684928 1 1220 610 990
8787 5152 26684938 1 1230 610 993
8660 4991 26684948 1 1230 610 994
8506 4821 26684958 1 1230 610 997
8350 4663 26684968 1 1240 600 1023
8203 4564 26684978 1 1240 600 1023
8135 4501 26684988 1 1240 600 1023
8116 4490 26684998 1 1240 600 1023
8155 4501 26685008 1 1220 600 1023
8259 4528 26685018 1 1220 600 1023
8405 4588 26685028 1 1220 600 1023
8610 4658 26685038 1 1200 600 1023
8797 4734 26685048 1 1200 600 996
8971 4755 26685058 1 1200 620 926
9095 4744 26685068 1 1200 620 773
9190 4713 26685078 1 1200 620 307
