539
1953 5681 45599989 0 1410 460 173
2017 5693 45599999 1 1410 460 195
2074 5719 45600009 1 1410 460 246
2146 5748 45600019 1 1410 460 272
2270 5781 45600029 1 1410 460 306
2426 5847 45600039 1 1410 460 337
2602 5933 45600049 1 1430 460 356
2790 6019 45600059 1 1430 460 369
2967 6103 45600069 1 1430 460 376
3156 6181 45600079 1 1440 470 382
3355 6253 45600089 1 1450 460 381
3512 6320 45600099 1 1450 460 374
3631 6380 45600109 1 1450 460 358
3725 6412 45600119 1 1450 460 327
3747 6428 45600129 1 1450 460 213
3722 6428 45600139 1 1460 460 94
2869 6301 45600209 0 1470 440 10
2691 6251 45600219 1 1470 440 70
2614 6245 45600229 1 1470 440 120
2582 6253 45600239 1 1470 440 129
2582 6253 45600249 1 1470 440 146
2598 6222 45600259 1 1470 440 207
2633 6181 45600269 1 1470 440 249
2679 6110 45600279 1 1480 430 281
2725 6012 45600289 1 1480 430 304
2764 5897 45600299 1 1470 440 317
2797 5775 45600309 1 1470 440 307
2829 5676 45600319 1 1470 440 310
2851 5592 45600329 1 1470 450 310
2866 5511 45600339 1 1470 450 316
2878 5452 45600349 1 1460 460 262
2890 5407 45600359 1 1460 460 212
2902 5407 45600369 1 1450 460 160
2916 5451 45600379 1 1450 460 56
3146 5997 45600429 0 1440 470 56
3267 6283 45600439 1 1440 470 103
3319 6396 45600449 1 1440 470 175
3351 6470 45600459 1 1440 470 210
3371 6498 45600469 1 1440 470 225
3383 6498 45600479 1 1440 470 274
3399 6471 45600489 1 1450 460 317
3416 6404 45600499 1 1450 460 333
3416 6309 45600509 1 1450 460 358
3399 6188 45600519 1 1460 460 367
3366 6037 45600529 1 1460 460 374
3316 5865 45600539 1 1460 460 376
3255 5693 45600549 1 1470 450 376
3199 5529 45600559 1 1470 450 364
3143 5370 45600569 1 1460 460 302
3093 5223 45600579 1 1460 460 181
3061 5106 45600589 1 1460 460 1
2254 4335 45600710 0 1390 470 176
2169 4274 45600720 1 1390 470 183
2152 4274 45600730 1 1390 470 179
2141 4274 45600740 1 1380 480 165
2152 4274 45600750 1 1380 480 179
2176 4283 45600760 1 1380 480 193
2214 4310 45600770 1 1380 480 212
2257 4350 45600780 1 1380 480 254
2309 4400 45600790 1 1370 480 267
2377 4454 45600800 1 1370 480 277
2454 4508 45600810 1 1370 480 304
2548 4563 45600820 1 1370 480 317
2660 4614 45600830 1 1370 480 334
2785 4663 45600840 1 1370 480 348
2908 4709 45600850 1 1370 480 361
3054 4756 45600860 1 1370 480 364
3214 4809 45600870 1 1370 480 371
3353 4865 45600880 1 1370 480 373
3485 4906 45600890 1 1370 480 366
3611 4940 45600900 1 1370 480 371
3734 4964 45600910 1 1380 480 376
3831 4964 45600920 1 1380 480 381
3910 4954 45600930 1 1380 480 386
3972 4915 45600940 1 1380 480 389
4019 4848 45600950 1 1390 470 420
4056 4763 45600960 1 1390 470 444
4066 4664 45600970 1 1390 470 465
4051 4525 45600980 1 1390 470 475
4020 4360 45600990 1 1400 480 493
3976 4182 45601000 1 1400 480 504
3925 4006 45601010 1 1400 480 515
3868 3833 45601020 1 1400 480 515
3810 3661 45601030 1 1390 480 526
3755 3523 45601040 1 1390 480 537
3690 3404 45601050 1 1390 480 537
3617 3265 45601060 1 1380 490 545
3545 3141 45601070 1 1380 490 551
3476 3028 45601080 1 1380 490 551
3414 2945 45601090 1 1360 490 557
3359 2896 45601100 1 1360 490 565
3325 2869 45601110 1 1360 490 566
3304 2884 45601120 1 1360 490 540
3279 2953 45601130 1 1350 500 497
3262 3057 45601140 1 1350 500 440
3262 3226 45601150 1 1350 500 361
3262 3430 45601160 1 1350 500 279
3277 3657 45601170 1 1350 500 222
3289 3886 45601180 1 1350 500 190
3301 4094 45601190 1 1350 500 180
3306 4289 45601200 1 1350 500 178
3306 4479 45601210 1 1350 500 180
3306 4626 45601220 1 1350 500 203
3312 4745 45601230 1 1350 500 233
3312 4844 45601240 1 1350 500 247
3321 4890 45601250 1 1350 500 267
3321 4900 45601260 1 1360 490 267
3316 4895 45601270 1 1360 490 279
3316 4854 45601280 1 1360 490 340
3308 4790 45601290 1 1370 480 379
3283 4665 45601300 1 1370 480 423
3247 4477 45601310 1 1370 480 448
3208 4248 45601320 1 1370 480 467
3171 4019 45601330 1 1390 480 480
3139 3785 45601340 1 1390 480 490
3115 3587 45601350 1 1380 490 491
3103 3416 45601360 1 1380 490 499
3090 3253 45601370 1 1380 490 501
3076 3124 45601380 1 1380 490 509
3058 3017 45601390 1 1370 500 512
3030 2943 45601400 1 1370 500 520
2996 2887 45601410 1 1370 500 518
2947 2843 45601420 1 1360 500 516
2878 2827 45601430 1 1360 500 522
2796 2842 45601440 1 1360 500 513
2702 2878 45601450 1 1350 510 522
2594 2944 45601461 1 1350 510 515
2477 3035 45601471 1 1350 510 512
2387 3143 45601481 1 1350 510 522
2315 3244 45601491 1 1350 510 513
2254 3339 45601501 1 1350 510 522
2216 3401 45601511 1 1350 510 513
2201 3444 45601521 1 1350 510 513
2201 3468 45601531 1 1350 510 515
2214 3498 45601541 1 1350 510 516
2269 3533 45601551 1 1350 510 513
2351 3588 45601561 1 1350 510 520
2476 3653 45601571 1 1350 510 512
2637 3726 45601581 1 1350 510 522
2822 3804 45601591 1 1350 510 513
2999 3853 45601601 1 1350 510 516
3196 3883 45601611 1 1350 510 522
3405 3896 45601621 1 1350 510 522
3598 3886 45601631 1 1350 510 524
3777 3860 45601641 1 1350 510 527
3947 3841 45601651 1 1360 500 530
4119 3832 45601661 1 1360 500 530
4294 3832 45601671 1 1360 500 526
4440 3832 45601681 1 1360 500 512
4566 3843 45601691 1 1360 500 468
4667 3851 45601701 1 1360 490 329
4734 3851 45601711 1 1360 490 42
5161 5095 45601972 0 1420 470 25
5044 5035 45601982 1 1420 470 65
5013 5049 45601992 1 1420 470 117
5013 5063 45602002 1 1420 470 127
5036 5077 45602012 1 1420 470 143
5079 5105 45602022 1 1420 470 183
5167 5141 45602032 1 1420 470 223
5287 5183 45602042 1 1420 470 244
5427 5234 45602052 1 1420 470 275
5576 5290 45602062 1 1420 470 277
5737 5350 45602072 1 1420 470 296
5905 5420 45602082 1 1420 470 307
6048 5498 45602092 1 1430 480 307
6191 5573 45602102 1 1430 480 309
6334 5646 45602112 1 1430 480 306
6435 5713 45602122 1 1440 480 297
6509 5776 45602132 1 1440 480 279
6534 5833 45602142 1 1440 480 213
6523 5891 45602152 1 1440 480 139
6487 5956 45602162 1 1450 480 129
6439 6025 45602172 1 1450 480 127
6398 6093 45602182 1 1450 480 134
6369 6158 45602192 1 1450 480 158
6346 6197 45602202 1 1460 490 196
6325 6220 45602212 1 1470 480 211
6305 6214 45602222 1 1470 480 240
6280 6202 45602232 1 1470 480 279
6251 6156 45602242 1 1470 480 310
6209 6089 45602252 1 1490 480 344
6168 5973 45602262 1 1490 480 387
6131 5826 45602272 1 1490 480 413
6092 5658 45602282 1 1490 480 441
6052 5466 45602292 1 1500 470 469
6003 5252 45602302 1 1500 470 490
5949 5023 45602312 1 1490 480 509
5889 4788 45602322 1 1490 480 516
5812 4573 45602332 1 1490 480 521
5724 4362 45602342 1 1480 480 524
5635 4147 45602352 1 1480 480 529
5538 3965 45602362 1 1470 490 532
5435 3810 45602372 1 1460 490 535
5323 3674 45602382 1 1450 500 538
5197 3588 45602392 1 1450 500 541
5061 3526 45602402 1 1430 500 540
4938 3481 45602412 1 1420 500 543
4819 3481 45602422 1 1420 500 536
4704 3507 45602432 1 1400 510 545
4623 3561 45602442 1 1400 510 546
4564 3631 45602452 1 1380 500 545
4534 3725 45602462 1 1360 500 543
4534 3835 45602472 1 1360 500 545
4550 3947 45602482 1 1360 500 550
4591 4061 45602492 1 1350 500 548
4675 4188 45602502 1 1350 500 550
4788 4322 45602512 1 1350 500 554
4911 4480 45602522 1 1350 500 556
5069 4623 45602532 1 1340 490 557
5250 4756 45602542 1 1340 490 550
5436 4895 45602552 1 1340 490 550
5609 5019 45602562 1 1340 490 548
5773 5094 45602572 1 1340 490 548
5896 5140 45602582 1 1360 490 546
5979 5151 45602592 1 1360 490 543
6035 5135 45602602 1 1360 490 540
6075 5101 45602612 1 1370 500 542
6103 5039 45602622 1 1380 490 545
6123 4938 45602632 1 1400 500 545
6135 4811 45602642 1 1400 500 548
6135 4659 45602652 1 1400 500 556
6135 4477 45602662 1 1400 500 562
6125 4275 45602672 1 1410 500 567
6111 4047 45602682 1 1410 500 565
6097 3795 45602692 1 1400 510 564
6054 3528 45602702 1 1400 510 570
6016 3300 45602712 1 1400 510 570
5988 3063 45602713 1 1400 520 572
5965 2821 45602723 1 1400 520 569
5945 2603 45602733 1 1390 520 572
5932 2445 45602743 1 1390 520 572
5917 2326 45602753 1 1390 520 575
5901 2223 45602763 1 1370 530 575
5888 2164 45602773 1 1370 530 577
5880 2134 45602783 1 1360 540 575
5875 2134 45602793 1 1360 540 560
5863 2173 45602803 1 1360 540 546
5850 2234 45602813 1 1360 540 533
5840 2383 45602823 1 1360 540 515
5840 2565 45602833 1 1350 540 517
5860 2770 45602843 1 1350 540 512
5892 3001 45602853 1 1350 540 515
5923 3220 45602863 1 1350 540 509
5953 3432 45602873 1 1350 540 505
5983 3610 45602883 1 1350 540 502
6015 3792 45602893 1 1350 540 502
6062 3977 45602903 1 1350 540 504
6117 4148 45602913 1 1350 540 502
6190 4333 45602923 1 1360 540 501
6280 4527 45602933 1 1360 540 505
6380 4689 45602943 1 1360 540 505
6465 4812 45602953 1 1360 540 509
6533 4909 45602963 1 1360 540 510
6590 4946 45602973 1 1360 520 510
6641 4953 45602983 1 1360 520 510
6688 4941 45602993 1 1360 520 509
6733 4896 45603003 1 1370 520 512
6775 4827 45603013 1 1370 520 519
6816 4742 45603023 1 1370 520 512
6856 4661 45603033 1 1380 510 516
6891 4563 45603043 1 1380 510 522
6924 4454 45603053 1 1400 510 535
6956 4307 45603063 1 1400 510 546
6984 4144 45603073 1 1400 510 546
7005 3970 45603083 1 1410 510 556
7022 3772 45603093 1 1410 510 559
7044 3594 45603103 1 1400 520 561
7068 3429 45603113 1 1400 520 569
7096 3234 45603123 1 1410 520 569
7129 3028 45603133 1 1410 520 572
7169 2816 45603143 1 1400 530 574
7196 2618 45603153 1 1400 530 580
7214 2434 45603163 1 1400 530 580
7227 2259 45603173 1 1400 540 580
7241 2087 45603183 1 1400 540 580
7249 1949 45603193 1 1400 540 580
7254 1833 45603203 1 1400 540 578
7254 1756 45603213 1 1400 540 580
7254 1715 45603223 1 1400 540 580
7254 1698 45603233 1 1400 540 586
7248 1706 45603243 1 1400 540 584
7219 1745 45603253 1 1400 540 581
7175 1806 45603263 1 1400 540 575
7120 1914 45603273 1 1400 540 561
7058 2058 45603283 1 1400 540 519
6991 2225 45603293 1 1390 550 423
6919 2424 45603303 1 1390 550 254
6835 2619 45603313 1 1390 550 67
6460 3358 45603364 0 1370 540 18
6273 3496 45603374 1 1370 540 53
6190 3528 45603384 1 1360 550 129
6139 3549 45603394 1 1350 540 186
6109 3570 45603404 1 1350 540 196
6109 3570 45603414 1 1350 540 202
6140 3629 45603424 1 1350 540 217
6195 3680 45603434 1 1350 540 214
6299 3744 45603444 1 1340 540 228
6406 3807 45603454 1 1340 540 242
6518 3845 45603464 1 1340 540 249
6610 3867 45603474 1 1340 520 253
6690 3861 45603484 1 1340 520 256
6737 3828 45603494 1 1350 520 282
6759 3777 45603504 1 1350 520 322
6764 3684 45603514 1 1350 520 356
6735 3561 45603524 1 1350 520 377
6683 3419 45603534 1 1350 520 417
6616 3257 45603544 1 1350 520 425
6542 3109 45603554 1 1360 510 448
6470 2971 45603564 1 1360 510 456
6402 2849 45603574 1 1360 510 477
6340 2759 45603584 1 1360 510 485
6314 2690 45603594 1 1360 510 490
6309 2681 45603604 1 1360 510 488
6331 2705 45603614 1 1350 520 492
6392 2751 45603624 1 1350 520 492
6480 2867 45603634 1 1350 520 498
6606 3007 45603644 1 1340 520 493
6752 3162 45603654 1 1340 520 475
6912 3309 45603664 1 1340 520 343
7848 5383 45604025 0 1370 470 103
7848 5383 45604035 1 1390 470 103
7858 5355 45604045 1 1390 470 95
7851 5307 45604055 1 1400 480 132
7842 5211 45604065 1 1420 480 158
7830 5084 45604075 1 1430 490 207
7816 4923 45604085 1 1430 490 242
7802 4731 45604095 1 1430 490 281
7778 4519 45604105 1 1430 490 317
7746 4279 45604115 1 1420 480 322
7708 4046 45604125 1 1420 480 335
7667 3817 45604135 1 1410 490 345
7623 3614 45604145 1 1410 490 344
7580 3458 45604155 1 1400 500 356
7540 3334 45604165 1 1400 500 369
7508 3232 45604175 1 1380 500 361
7483 3185 45604185 1 1380 500 371
7466 3174 45604195 1 1370 510 364
7449 3206 45604205 1 1370 510 373
7430 3307 45604215 1 1360 510 364
7440 3455 45604225 1 1360 510 353
7456 3643 45604235 1 1350 520 334
7495 3885 45604245 1 1350 520 340
7546 4163 45604255 1 1350 520 340
7604 4441 45604265 1 1350 520 339
7665 4684 45604275 1 1350 520 339
7733 4904 45604285 1 1350 520 340
7802 5089 45604295 1 1350 520 340
7872 5250 45604305 1 1350 520 342
7939 5395 45604315 1 1360 510 344
8003 5528 45604325 1 1370 520 342
8067 5626 45604335 1 1370 520 342
8124 5702 45604345 1 1380 510 344
8167 5737 45604355 1 1380 510 344
8201 5743 45604365 1 1400 520 344
8223 5730 45604375 1 1410 510 333
8245 5697 45604385 1 1410 510 341
8266 5630 45604395 1 1420 520 358
8286 5540 45604405 1 1430 510 381
8305 5406 45604415 1 1430 510 404
8330 5245 45604425 1 1430 510 418
8355 5067 45604435 1 1430 510 444
8382 4867 45604445 1 1450 510 453
8403 4651 45604455 1 1440 510 468
8420 4425 45604465 1 1440 510 480
8434 4185 45604475 1 1440 510 496
8447 3951 45604485 1 1440 510 499
8459 3720 45604495 1 1420 520 519
8477 3533 45604505 1 1420 520 527
8494 3332 45604515 1 1420 520 543
8510 3123 45604525 1 1420 520 544
8529 2956 45604535 1 1420 520 546
8540 2808 45604545 1 1410 520 536
8540 2672 45604555 1 1410 520 537
8546 2599 45604565 1 1390 520 540
8546 2565 45604575 1 1390 520 556
8541 2558 45604585 1 1370 530 559
8531 2576 45604595 1 1370 530 556
8505 2641 45604605 1 1360 540 546
8467 2737 45604615 1 1360 540 533
8418 2890 45604625 1 1360 540 480
8357 3063 45604635 1 1350 540 412
8288 3249 45604645 1 1350 540 353
8210 3445 45604655 1 1350 540 317
8118 3600 45604665 1 1360 550 314
8017 3727 45604675 1 1360 550 306
7903 3838 45604685 1 1360 550 302
7780 3911 45604695 1 1360 550 304
7652 3958 45604705 1 1360 550 307
7559 3998 45604715 1 1360 550 314
7502 4041 45604725 1 1360 550 305
7470 4086 45604735 1 1370 540 310
7470 4137 45604745 1 1360 540 312
7521 4210 45604755 1 1370 530 312
7596 4297 45604765 1 1370 530 315
7716 4400 45604775 1 1370 530 315
7859 4498 45604785 1 1390 520 317
8017 4566 45604795 1 1390 520 320
8152 4616 45604805 1 1390 520 322
8260 4628 45604815 1 1390 520 320
8349 4609 45604825 1 1390 520 334
8394 4569 45604835 1 1400 520 358
8394 4481 45604845 1 1380 510 372
8367 4344 45604855 1 1380 510 398
8301 4174 45604865 1 1400 510 405
8223 4015 45604875 1 1400 510 417
8136 3863 45604885 1 1400 520 441
8055 3717 45604895 1 1400 520 461
7992 3631 45604905 1 1400 520 478
7940 3584 45604915 1 1400 530 492
7928 3563 45604925 1 1400 530 502
7935 3569 45604935 1 1400 530 504
7954 3612 45604945 1 1400 530 509
8012 3680 45604955 1 1390 540 502
8098 3825 45604965 1 1390 540 502
8203 4000 45604975 1 1390 540 497
8344 4195 45604985 1 1390 540 492
8469 4413 45604995 1 1390 540 491
8583 4615 45605005 1 1390 540 489
8689 4807 45605015 1 1390 540 488
8785 5004 45605025 1 1390 540 488
8874 5160 45605035 1 1390 540 488
8943 5289 45605045 1 1390 540 488
8983 5394 45605055 1 1390 540 489
9004 5468 45605065 1 1390 540 489
9022 5522 45605066 1 1400 530 488
9022 5522 45605076 1 1400 530 486
9022 5522 45605086 1 1410 520 486
9022 5522 45605096 1 1410 520 494
9043 5448 45605106 1 1410 520 496
9036 5326 45605116 1 1430 520 497
9021 5166 45605126 1 1430 520 509
8997 4964 45605136 1 1430 520 519
8971 4731 45605146 1 1430 520 522
8943 4477 45605156 1 1430 520 524
8912 4205 45605166 1 1440 510 522
8883 3948 45605176 1 1430 520 526
8857 3702 45605186 1 1430 520 530
8832 3508 45605196 1 1430 520 538
8807 3313 45605206 1 1420 530 540
8786 3141 45605216 1 1420 530 538
8767 2984 45605226 1 1410 520 541
8752 2871 45605236 1 1400 530 538
8740 2802 45605246 1 1400 530 537
8730 2763 45605256 1 1400 530 532
8722 2769 45605266 1 1390 520 519
8704 2828 45605276 1 1370 530 512
8679 2923 45605286 1 1370 530 502
8659 3082 45605296 1 1360 520 485
8640 3304 45605306 1 1350 530 469
8626 3569 45605316 1 1350 530 448
8615 3855 45605326 1 1350 530 444
8599 4147 45605336 1 1340 520 425
8580 4444 45605346 1 1340 520 418
8569 4694 45605356 1 1350 530 402
8562 4941 45605366 1 1350 530 399
8562 5152 45605377 1 1350 530 393
8581 5340 45605387 1 1360 520 387
8606 5529 45605397 1 1360 520 386
8645 5686 45605407 1 1360 520 386
8704 5821 45605417 1 1370 520 384
8775 5955 45605427 1 1370 520 384
8865 6060 45605437 1 1380 510 384
8959 6145 45605447 1 1410 510 386
9034 6183 45605457 1 1410 510 384
9094 6183 45605467 1 1420 500 386
9149 6159 45605477 1 1440 500 389
9202 6098 45605487 1 1450 500 393
9254 5998 45605497 1 1450 500 399
9315 5873 45605507 1 1450 500 399
9376 5719 45605517 1 1460 490 417
9438 5552 45605527 1 1470 490 430
9499 5376 45605537 1 1470 490 444
9554 5170 45605547 1 1470 490 447
9605 4962 45605557 1 1470 490 450
9649 4743 45605567 1 1470 490 460
9692 4518 45605577 1 1470 490 466
9736 4273 45605587 1 1460 500 469
9782 4028 45605597 1 1460 500 469
9831 3780 45605607 1 1460 500 469
9877 3530 45605617 1 1450 510 464
9908 3292 45605627 1 1440 510 473
9931 3041 45605637 1 1440 510 488
9931 2782 45605647 1 1430 520 491
9931 2536 45605657 1 1430 520 489
9916 2316 45605667 1 1410 520 504
9907 2114 45605677 1 1410 520 504
9898 1923 45605687 1 1400 530 505
9898 1760 45605697 1 1400 530 507
9913 1617 45605707 1 1390 540 512
9918 1526 45605717 1 1390 550 510
9924 1469 45605727 1 1390 550 515
9924 1434 45605737 1 1380 550 516
9911 1422 45605747 1 1380 550 533
9897 1430 45605757 1 1360 560 535
9860 1451 45605767 1 1350 570 541
9808 1505 45605777 1 1350 570 538
9744 1601 45605787 1 1350 570 535
9671 1725 45605797 1 1350 570 532
9591 1895 45605797 1 1350 570 526
9509 2096 45605807 1 1350 570 524
9410 2319 45605817 1 1350 570 514
9300 2545 45605827 1 1360 570 483
9191 2772 45605837 1 1360 570 456
9079 2994 45605847 1 1360 570 436
8954 3203 45605857 1 1360 570 423
8821 3405 45605867 1 1360 570 407
8698 3593 45605877 1 1380 570 400
8593 3766 45605887 1 1380 570 402
8499 3930 45605897 1 1380 550 400
8436 4060 45605907 1 1390 550 404
8401 4172 45605917 1 1390 550 404
8384 4273 45605927 1 1400 540 405
8393 4364 45605937 1 1390 540 405
8425 4440 45605947 1 1400 530 407
8473 4506 45605957 1 1400 530 407
8552 4571 45605967 1 1400 530 405
8651 4636 45605977 1 1400 530 407
8764 4697 45605987 1 1400 530 404
8896 4753 45605997 1 1400 530 404
9000 4782 45606007 1 1400 530 405
9086 4792 45606017 1 1400 530 409
9139 4756 45606027 1 1390 520 413
9162 4688 45606038 1 1390 520 418
9162 4599 45606048 1 1400 530 414
9134 4468 45606058 1 1400 530 423
9076 4319 45606068 1 1400 530 436
9001 4157 45606078 1 1400 530 448
8904 4003 45606088 1 1400 530 478
8813 3856 45606098 1 1400 530 499
8727 3713 45606108 1 1390 540 514
8686 3626 45606118 1 1390 540 517
8692 3575 45606128 1 1390 540 512
8728 3549 45606138 1 1390 540 515
8800 3560 45606148 1 1390 540 515
8913 3615 45606158 1 1390 540 515
9054 3699 45606168 1 1370 540 513
9209 3834 45606178 1 1370 540 515
9394 3970 45606188 1 1370 540 442
9599 4107 45606198 1 1370 540 202
