273
2419 5704 73170733 0 1330 670 314
2443 5655 73170743 1 1350 640 329
2432 5664 73170753 1 1330 620 359
2424 5664 73170763 1 1320 600 398
2416 5685 73170773 1 1320 590 441
2403 5712 73170783 1 1310 570 473
2387 5752 73170793 1 1300 550 502
2374 5808 73170803 1 1300 540 507
2360 5876 73170813 1 1300 530 522
2347 5962 73170823 1 1290 520 524
2325 6049 73170833 1 1300 520 548
2298 6136 73170843 1 1300 520 586
2267 6181 73170853 1 1300 520 617
2221 6181 73170863 1 1290 520 616
2164 6143 73170873 1 1290 520 625
2084 6070 73170883 1 1290 520 634
1989 5928 73170893 1 1290 520 640
1883 5741 73170903 1 1290 520 670
1787 5548 73170913 1 1290 520 699
1697 5304 73170923 1 1300 520 728
1617 5027 73170933 1 1300 520 739
1542 4752 73170943 1 1290 520 754
1516 4550 73170953 1 1280 520 761
1521 4397 73170963 1 1280 520 763
1547 4289 73170973 1 1270 520 756
1596 4253 73170983 1 1250 530 773
1662 4264 73170993 1 1240 530 784
1739 4367 73171003 1 1240 530 782
1836 4530 73171013 1 1230 530 780
1938 4733 73171023 1 1220 540 771
2063 5012 73171033 1 1220 540 771
2201 5332 73171043 1 1200 540 763
2329 5680 73171053 1 1200 540 754
2458 6023 73171063 1 1200 540 758
2589 6326 73171073 1 1200 540 742
2721 6603 73171083 1 1200 540 739
2816 6826 73171093 1 1220 540 737
2883 6998 73171103 1 1230 530 740
2946 7135 73171113 1 1250 540 737
3000 7250 73171123 1 1280 530 737
3048 7341 73171133 1 1290 520 740
3048 7416 73171143 1 1300 520 737
3019 7416 73171153 1 1330 510 742
2980 7364 73171163 1 1340 500 745
2917 7278 73171173 1 1350 500 748
2847 7156 73171183 1 1360 490 752
2771 6993 73171193 1 1370 480 760
2689 6803 73171203 1 1380 480 756
2598 6612 73171213 1 1390 470 768
2500 6380 73171223 1 1390 470 785
2417 6120 73171233 1 1400 470 783
2353 5857 73171243 1 1390 470 788
2302 5613 73171253 1 1390 470 814
2275 5372 73171263 1 1380 480 823
2288 5126 73171273 1 1370 480 832
2327 4896 73171283 1 1360 490 818
2402 4712 73171293 1 1340 490 827
2503 4559 73171303 1 1330 500 833
2620 4461 73171313 1 1320 500 837
2757 4414 73171323 1 1300 510 852
2894 4400 73171333 1 1290 510 861
3032 4427 73171343 1 1280 520 866
3200 4498 73171353 1 1270 520 866
3357 4599 73171363 1 1250 530 863
3506 4720 73171373 1 1240 530 858
3654 4883 73171383 1 1230 520 863
3781 5074 73171393 1 1220 530 863
3894 5266 73171403 1 1210 530 854
3981 5465 73171413 1 1210 530 849
4025 5668 73171423 1 1210 530 848
4041 5784 73171433 1 1210 530 845
4009 5859 73171443 1 1210 530 843
3961 5908 73171453 1 1220 530 839
3901 5926 73171463 1 1230 520 837
3827 5903 73171473 1 1220 510 837
3746 5853 73171483 1 1230 510 836
3659 5767 73171493 1 1230 510 846
3581 5664 73171503 1 1250 510 846
3531 5550 73171513 1 1250 510 851
3500 5418 73171523 1 1260 500 858
3492 5281 73171533 1 1260 500 853
3513 5148 73171543 1 1260 500 857
3554 5021 73171553 1 1260 500 867
3620 4911 73171563 1 1270 500 866
3699 4829 73171573 1 1260 500 878
3787 4765 73171583 1 1260 500 879
3877 4738 73171593 1 1260 500 879
3969 4738 73171603 1 1250 510 867
4092 4761 73171613 1 1250 510 831
4235 4842 73171623 1 1230 510 748
4398 4958 73171633 1 1230 510 563
4583 5098 73171643 1 1220 510 176
6264 7222 73171785 0 1340 490 110
6249 7271 73171795 1 1350 490 183
6220 7263 73171805 1 1350 490 240
6202 7243 73171815 1 1360 480 312
6180 7218 73171825 1 1370 470 364
6155 7182 73171835 1 1370 470 422
6128 7115 73171845 1 1380 470 463
6100 7027 73171855 1 1380 470 512
6070 6882 73171865 1 1390 470 541
6033 6707 73171875 1 1390 470 567
5987 6513 73171885 1 1390 470 611
5934 6252 73171895 1 1390 470 630
5874 5985 73171905 1 1380 480 653
5806 5713 73171915 1 1380 480 669
5732 5465 73171925 1 1380 480 684
5691 5268 73171935 1 1370 480 690
5659 5106 73171945 1 1360 490 699
5634 4970 73171955 1 1350 500 710
5622 4891 73171965 1 1340 500 713
5614 4849 73171975 1 1330 510 722
5614 4849 73171985 1 1320 510 733
5620 4880 73171995 1 1300 510 720
5631 4940 73172005 1 1290 510 733
5652 5053 73172015 1 1280 520 731
5683 5193 73172025 1 1280 520 728
5734 5351 73172035 1 1260 510 727
5797 5497 73172045 1 1260 510 730
5868 5604 73172055 1 1240 520 730
5942 5684 73172065 1 1240 520 733
6018 5731 73172075 1 1240 520 720
6117 5756 73172085 1 1240 520 721
6219 5767 73172095 1 1240 520 727
6325 5739 73172105 1 1240 520 730
6409 5682 73172115 1 1250 530 734
6478 5607 73172125 1 1250 530 736
6521 5502 73172135 1 1250 530 737
6529 5393 73172145 1 1250 530 737
6513 5271 73172155 1 1250 530 740
6445 5142 73172165 1 1250 530 748
6335 5021 73172175 1 1250 530 761
6197 4898 73172185 1 1270 530 763
6035 4768 73172195 1 1270 530 761
5872 4680 73172205 1 1270 530 758
5709 4622 73172215 1 1270 530 758
5580 4615 73172225 1 1270 530 754
5496 4645 73172235 1 1270 530 742
5443 4701 73172245 1 1270 530 670
5438 4784 73172255 1 1250 530 441
7541 7057 73172436 0 1370 470 12
7574 7120 73172446 1 1380 470 63
7574 7120 73172456 1 1390 470 108
7568 7120 73172466 1 1400 470 149
7568 7120 73172476 1 1420 470 218
7554 7096 73172486 1 1420 470 269
7541 7061 73172496 1 1430 460 327
7529 7003 73172506 1 1430 460 393
7510 6910 73172516 1 1440 470 440
7486 6793 73172526 1 1440 470 520
7452 6656 73172536 1 1440 470 580
7407 6471 73172546 1 1440 470 624
7354 6254 73172556 1 1440 470 665
7290 6036 73172566 1 1430 480 699
7224 5819 73172576 1 1430 480 720
7156 5604 73172586 1 1420 480 748
7088 5367 73172596 1 1410 490 756
7023 5147 73172606 1 1400 500 787
6963 4938 73172616 1 1380 500 790
6908 4749 73172626 1 1370 510 803
6864 4621 73172636 1 1360 510 809
6829 4533 73172646 1 1350 520 814
6810 4483 73172656 1 1340 520 818
6803 4470 73172666 1 1330 530 827
6803 4483 73172676 1 1310 540 827
6803 4537 73172686 1 1300 540 820
6822 4644 73172696 1 1300 540 817
6853 4787 73172706 1 1290 550 808
6900 4989 73172716 1 1290 550 809
6970 5189 73172726 1 1270 550 808
7056 5387 73172736 1 1270 550 808
7147 5521 73172746 1 1260 540 806
7245 5620 73172756 1 1260 540 805
7348 5696 73172766 1 1260 540 808
7451 5733 73172776 1 1260 540 808
7547 5752 73172786 1 1260 540 809
7649 5758 73172796 1 1260 540 818
7752 5738 73172806 1 1260 540 818
7854 5702 73172816 1 1280 540 817
7942 5655 73172826 1 1280 540 824
8021 5584 73172836 1 1280 540 823
8069 5502 73172846 1 1300 540 824
8094 5413 73172856 1 1300 540 826
8104 5312 73172866 1 1300 540 829
8060 5212 73172876 1 1310 540 832
7973 5114 73172886 1 1310 540 818
7857 5016 73172896 1 1330 540 818
7697 4918 73172906 1 1330 540 824
7523 4820 73172916 1 1330 540 825
7340 4756 73172926 1 1330 540 824
7150 4715 73172936 1 1330 540 821
6995 4698 73172937 1 1310 550 818
6862 4698 73172947 1 1310 550 817
6744 4704 73172957 1 1300 540 817
6682 4723 73172967 1 1300 540 829
6657 4762 73172977 1 1300 540 817
6676 4814 73172987 1 1300 540 791
6753 4899 73172997 1 1300 540 645
8851 5707 73173177 0 1360 510 218
8822 5650 73173187 1 1360 510 325
8778 5611 73173197 1 1360 510 427
8737 5539 73173207 1 1360 510 522
8692 5432 73173217 1 1360 510 614
8645 5303 73173227 1 1350 520 676
8600 5165 73173237 1 1350 520 725
8555 5021 73173247 1 1350 520 762
8510 4868 73173257 1 1340 520 791
8471 4748 73173267 1 1340 520 794
8447 4651 73173277 1 1330 530 806
8433 4605 73173287 1 1310 540 818
8428 4589 73173297 1 1310 540 828
8428 4589 73173307 1 1300 540 828
8428 4627 73173317 1 1300 540 832
8443 4711 73173327 1 1290 550 803
8463 4827 73173337 1 1290 550 717
8492 5013 73173347 1 1290 550 539
8526 5244 73173357 1 1290 550 226
8566 5506 73173367 1 1290 550 41
8607 5762 73173377 1 1290 550 104
8653 6013 73173387 1 1290 550 254
8698 6169 73173397 1 1290 550 364
8744 6264 73173407 1 1300 540 440
8767 6288 73173417 1 1300 540 496
8793 6307 73173427 1 1310 540 538
8825 6307 73173437 1 1330 530 551
8864 6292 73173447 1 1330 530 560
8912 6256 73173457 1 1340 520 574
8969 6213 73173467 1 1350 520 570
9032 6159 73173477 1 1360 510 561
9099 6093 73173487 1 1380 510 467
9392 5380 73173577 0 1410 510 127
9328 5158 73173587 1 1410 510 167
9304 5075 73173597 1 1400 520 226
9286 4989 73173607 1 1400 520 334
9278 4919 73173617 1 1400 520 441
9278 4860 73173627 1 1390 520 497
9283 4799 73173637 1 1390 520 539
9293 4756 73173647 1 1370 530 570
9319 4724 73173657 1 1370 530 594
9367 4708 73173667 1 1360 540 610
9429 4708 73173677 1 1360 540 634
9502 4722 73173687 1 1340 540 649
9587 4739 73173697 1 1340 540 664
9679 4765 73173707 1 1340 540 691
9783 4797 73173717 1 1330 540 697
9891 4842 73173727 1 1330 540 707
10002 4897 73173737 1 1330 540 708
10113 4959 73173747 1 1330 540 711
10204 5031 73173757 1 1340 550 713
10280 5117 73173767 1 1320 550 711
10347 5213 73173777 1 1320 550 710
10382 5311 73173787 1 1320 550 708
10371 5401 73173797 1 1320 550 708
10330 5487 73173807 1 1320 550 713
10252 5535 73173817 1 1340 550 713
10156 5556 73173827 1 1340 550 713
10047 5556 73173837 1 1350 550 731
9916 5531 73173847 1 1350 550 743
9788 5482 73173857 1 1360 550 750
9682 5419 73173867 1 1360 550 765
9589 5320 73173877 1 1360 550 779
9503 5215 73173887 1 1370 540 794
9447 5092 73173897 1 1370 540 797
9411 4959 73173907 1 1370 540 814
9419 4805 73173917 1 1370 540 818
9477 4666 73173927 1 1370 540 840
9567 4538 73173937 1 1360 540 869
9705 4433 73173947 1 1360 540 909
9894 4363 73173957 1 1350 540 920
10117 4317 73173967 1 1350 540 935
10342 4296 73173977 1 1350 540 933
10593 4296 73173987 1 1340 540 912
10860 4307 73173997 1 1330 540 780
