353
2386 5937 73195689 0 1320 610 95
2417 5946 73195699 1 1320 590 141
2417 5946 73195709 1 1340 570 260
2417 5946 73195719 1 1320 550 346
2410 5946 73195729 1 1310 540 417
2405 5953 73195739 1 1330 520 460
2399 5961 73195749 1 1320 500 477
2393 5971 73195759 1 1320 500 488
2393 5988 73195769 1 1300 500 519
2385 6008 73195779 1 1300 500 540
2385 6031 73195789 1 1300 500 570
2378 6052 73195799 1 1290 500 585
2371 6072 73195809 1 1290 500 614
2363 6086 73195819 1 1300 510 628
2356 6094 73195829 1 1300 510 641
2356 6099 73195839 1 1300 510 642
2356 6099 73195849 1 1300 510 647
2356 6099 73195859 1 1300 510 642
2356 6099 73195869 1 1300 510 642
2356 6099 73195879 1 1300 510 645
2356 6099 73195889 1 1300 510 644
2356 6099 73195899 1 1300 510 645
2364 6091 73195909 1 1300 510 636
2364 6091 73195919 1 1300 510 636
2369 6091 73195929 1 1300 510 638
2369 6091 73195939 1 1300 510 646
2369 6091 73195949 1 1300 510 653
2369 6091 73195959 1 1300 510 671
2369 6091 73195969 1 1300 510 681
2369 6091 73195979 1 1300 510 694
2369 6091 73195989 1 1300 510 696
2369 6091 73195999 1 1300 510 700
2369 6091 73196009 1 1300 510 705
2369 6091 73196019 1 1320 500 707
2369 6091 73196029 1 1320 500 711
2369 6091 73196039 1 1320 500 711
2369 6091 73196049 1 1320 500 713
2369 6091 73196059 1 1320 500 714
2369 6091 73196069 1 1320 500 716
2369 6091 73196079 1 1320 500 714
2369 6091 73196089 1 1320 500 714
2369 6091 73196099 1 1320 500 717
2369 6091 73196109 1 1320 500 721
2369 6091 73196119 1 1320 500 722
2369 6091 73196129 1 1320 500 724
2369 6091 73196139 1 1320 500 724
2369 6091 73196149 1 1320 500 727
2369 6091 73196159 1 1320 500 725
2369 6091 73196169 1 1320 500 730
2369 6091 73196179 1 1320 500 730
2369 6091 73196189 1 1320 500 730
2369 6091 73196199 1 1320 500 733
2369 6091 73196209 1 1320 500 733
2364 6091 73196219 1 1320 500 733
2359 6091 73196229 1 1320 500 721
2350 6101 73196239 1 1320 500 724
2340 6111 73196249 1 1320 500 722
2330 6123 73196259 1 1320 500 727
2314 6144 73196269 1 1320 500 722
2295 6172 73196279 1 1320 500 724
2273 6204 73196289 1 1320 500 725
2245 6244 73196299 1 1320 500 727
2212 6282 73196309 1 1320 500 725
2179 6298 73196319 1 1320 500 727
2147 6298 73196329 1 1320 500 724
2094 6277 73196339 1 1320 500 724
2026 6206 73196349 1 1320 500 722
1941 6105 73196359 1 1320 500 724
1858 5963 73196369 1 1300 510 724
1780 5807 73196379 1 1320 510 731
1722 5642 73196389 1 1320 510 743
1675 5482 73196399 1 1300 520 754
1640 5309 73196409 1 1300 520 763
1629 5128 73196419 1 1290 520 753
1634 4995 73196429 1 1280 530 757
1670 4900 73196439 1 1280 530 762
1709 4831 73196449 1 1270 530 770
1765 4795 73196459 1 1270 530 787
1830 4810 73196469 1 1250 540 787
1912 4860 73196479 1 1250 540 796
2009 4976 73196489 1 1240 540 797
2116 5133 73196499 1 1240 540 796
2219 5317 73196509 1 1230 550 796
2324 5551 73196519 1 1230 550 788
2436 5820 73196529 1 1230 550 796
2558 6112 73196539 1 1230 550 794
2690 6404 73196549 1 1230 550 785
2806 6723 73196559 1 1230 550 782
2912 7061 73196569 1 1240 540 765
3003 7300 73196579 1 1250 540 759
3079 7512 73196589 1 1270 530 760
3144 7705 73196599 1 1280 530 759
3174 7815 73196609 1 1280 520 757
3188 7899 73196619 1 1290 510 757
3188 7967 73196629 1 1320 510 760
3174 7989 73196639 1 1330 510 760
3147 7989 73196649 1 1340 500 762
3112 7980 73196659 1 1350 500 762
3054 7923 73196669 1 1360 490 760
2990 7843 73196679 1 1370 480 763
2922 7747 73196681 1 1380 480 770
2853 7627 73196691 1 1390 470 771
2777 7462 73196701 1 1390 470 776
2697 7268 73196711 1 1390 470 779
2614 7067 73196721 1 1400 470 787
2550 6844 73196731 1 1390 470 797
2499 6607 73196741 1 1390 470 791
2463 6363 73196751 1 1390 470 800
2445 6114 73196761 1 1390 470 809
2439 5857 73196771 1 1380 480 814
2453 5645 73196781 1 1370 480 829
2487 5462 73196791 1 1360 490 819
2533 5281 73196801 1 1350 500 827
2602 5136 73196811 1 1340 500 833
2697 5016 73196821 1 1330 510 851
2809 4935 73196831 1 1320 510 858
2937 4889 73196841 1 1300 520 869
3085 4866 73196851 1 1290 520 857
3247 4885 73196861 1 1280 530 878
3397 4944 73196871 1 1280 530 885
3544 5030 73196881 1 1270 530 885
3688 5152 73196891 1 1250 540 888
3816 5306 73196901 1 1250 540 890
3929 5482 73196911 1 1240 540 887
4033 5663 73196921 1 1230 530 882
4130 5853 73196931 1 1230 530 885
4192 6050 73196941 1 1230 530 885
4231 6206 73196951 1 1230 530 888
4231 6320 73196961 1 1240 530 888
4205 6406 73196971 1 1240 530 887
4161 6459 73196981 1 1240 530 887
4111 6489 73196991 1 1240 520 888
4062 6504 73197001 1 1240 520 887
4015 6498 73197011 1 1260 510 887
3962 6452 73197021 1 1260 510 888
3906 6380 73197031 1 1270 510 887
3848 6299 73197041 1 1260 500 888
3791 6195 73197051 1 1270 500 890
3730 6076 73197061 1 1270 500 890
3667 5929 73197071 1 1270 500 894
3629 5782 73197081 1 1280 490 900
3618 5635 73197091 1 1270 500 905
3625 5501 73197101 1 1270 500 905
3656 5369 73197111 1 1270 500 893
3711 5261 73197121 1 1260 500 911
3783 5169 73197131 1 1260 500 930
3872 5105 73197141 1 1260 500 945
3976 5064 73197151 1 1260 510 946
4091 5039 73197161 1 1260 510 947
4222 5039 73197171 1 1240 520 950
4347 5050 73197181 1 1240 520 950
4469 5078 73197191 1 1230 520 951
4602 5123 73197201 1 1230 520 855
4735 5187 73197211 1 1220 530 661
6227 7771 73197472 0 1380 450 172
6252 7789 73197482 1 1380 450 207
6179 7801 73197492 1 1380 450 212
6179 7813 73197502 1 1370 450 209
6165 7794 73197512 1 1380 460 281
6149 7747 73197522 1 1380 470 361
6119 7682 73197532 1 1380 470 449
6081 7572 73197542 1 1390 460 522
6037 7404 73197552 1 1400 470 567
5977 7197 73197562 1 1400 470 606
5912 6964 73197572 1 1390 470 645
5843 6710 73197582 1 1390 470 667
5748 6441 73197592 1 1390 470 690
5658 6157 73197602 1 1380 480 710
5589 5919 73197612 1 1380 480 720
5533 5712 73197622 1 1370 480 736
5498 5577 73197632 1 1360 490 751
5468 5472 73197642 1 1350 500 757
5446 5387 73197652 1 1340 500 776
5431 5337 73197662 1 1320 500 788
5425 5320 73197672 1 1300 510 805
5425 5320 73197682 1 1290 510 811
5425 5354 73197692 1 1290 510 812
5425 5438 73197702 1 1280 520 811
5438 5559 73197712 1 1260 510 806
5457 5697 73197722 1 1260 510 803
5486 5845 73197732 1 1240 520 808
5528 5999 73197742 1 1240 520 805
5578 6104 73197752 1 1240 520 806
5638 6191 73197762 1 1230 510 802
5703 6267 73197772 1 1240 520 799
5776 6310 73197782 1 1240 520 800
5849 6333 73197792 1 1240 520 802
5925 6343 73197802 1 1260 510 800
6007 6343 73197812 1 1270 510 803
6095 6319 73197822 1 1280 520 806
6182 6285 73197832 1 1290 510 811
6257 6226 73197842 1 1290 510 812
6324 6145 73197852 1 1300 510 815
6357 6050 73197862 1 1320 510 817
6347 5931 73197872 1 1330 510 820
6309 5806 73197882 1 1330 510 827
6231 5676 73197892 1 1330 510 832
6123 5566 73197902 1 1340 510 818
5995 5452 73197912 1 1330 520 831
5855 5332 73197922 1 1330 520 837
5714 5236 73197932 1 1310 520 843
5571 5156 73197942 1 1310 520 843
5437 5085 73197952 1 1300 530 845
5324 5051 73197962 1 1300 530 842
5224 5041 73197972 1 1280 530 834
5147 5065 73197982 1 1280 530 808
5114 5130 73197992 1 1280 530 700
5114 5223 73198002 1 1270 530 361
7651 7766 73198163 0 1360 470 170
7784 7772 73198173 1 1370 460 181
7784 7750 73198183 1 1370 460 207
7790 7719 73198193 1 1380 460 222
7761 7641 73198203 1 1400 460 257
7707 7523 73198213 1 1400 460 341
7641 7378 73198223 1 1400 460 448
7569 7207 73198233 1 1410 460 527
7492 7010 73198243 1 1400 470 589
7416 6795 73198253 1 1420 470 638
7337 6624 73198263 1 1400 480 664
7256 6422 73198273 1 1420 480 694
7169 6200 73198283 1 1410 490 722
7083 5986 73198293 1 1400 500 739
7002 5770 73198303 1 1380 500 758
6922 5601 73198313 1 1370 510 770
6845 5465 73198323 1 1360 510 790
6772 5329 73198333 1 1360 510 790
6727 5242 73198343 1 1350 520 796
6698 5188 73198353 1 1340 520 803
6689 5169 73198363 1 1330 530 823
6689 5169 73198373 1 1310 520 830
6689 5189 73198383 1 1300 530 830
6698 5255 73198393 1 1290 530 829
6720 5378 73198403 1 1280 540 821
6772 5540 73198413 1 1280 540 817
6843 5722 73198423 1 1260 540 815
6930 5907 73198433 1 1260 540 820
7029 6094 73198443 1 1250 540 812
7136 6219 73198453 1 1250 540 808
7260 6339 73198463 1 1270 530 802
7385 6426 73198473 1 1270 530 802
7492 6493 73198483 1 1280 530 800
7586 6523 73198493 1 1280 530 800
7669 6529 73198503 1 1290 520 802
7746 6518 73198513 1 1300 520 800
7819 6482 73198523 1 1310 520 805
7876 6421 73198533 1 1330 520 809
7907 6343 73198543 1 1330 520 809
7920 6247 73198553 1 1340 510 814
7908 6146 73198563 1 1340 510 812
7860 6030 73198573 1 1350 520 812
7787 5905 73198583 1 1360 510 817
7694 5776 73198593 1 1360 510 821
7586 5664 73198603 1 1360 510 823
7467 5563 73198613 1 1350 520 830
7336 5452 73198623 1 1340 510 817
7211 5339 73198633 1 1350 520 818
7089 5247 73198643 1 1340 520 832
6999 5171 73198653 1 1340 520 817
6927 5124 73198663 1 1330 530 818
6866 5106 73198673 1 1330 530 822
6834 5106 73198683 1 1330 530 822
6829 5123 73198693 1 1310 540 822
6843 5169 73198703 1 1310 540 819
6903 5235 73198713 1 1310 540 820
6995 5321 73198723 1 1300 540 759
7109 5426 73198733 1 1300 540 670
7247 5543 73198743 1 1300 540 556
7397 5646 73198753 1 1300 540 473
7554 5745 73198763 1 1300 540 443
7693 5837 73198773 1 1300 540 431
7833 5928 73198783 1 1300 540 430
7974 6018 73198793 1 1300 540 415
8099 6104 73198803 1 1300 540 409
8212 6172 73198813 1 1300 540 404
8324 6229 73198823 1 1310 540 417
8411 6258 73198833 1 1310 540 420
8481 6273 73198843 1 1310 540 444
8530 6278 73198853 1 1330 530 439
8563 6270 73198863 1 1330 530 442
8586 6261 73198873 1 1340 520 447
8586 6247 73198883 1 1340 520 453
8586 6228 73198893 1 1360 520 461
8576 6205 73198903 1 1360 520 468
8564 6179 73198913 1 1370 520 470
8552 6146 73198923 1 1370 520 495
8537 6106 73198933 1 1380 510 520
8520 6059 73198943 1 1380 510 568
8501 5995 73198953 1 1380 510 606
8481 5921 73198963 1 1380 510 655
8459 5820 73198973 1 1380 510 708
8432 5714 73198983 1 1400 520 761
8402 5581 73198993 1 1390 520 784
8370 5433 73199003 1 1390 520 799
8344 5275 73199013 1 1370 530 805
8321 5156 73199023 1 1370 530 811
8306 5062 73199033 1 1370 530 814
8296 4984 73199043 1 1360 540 812
8291 4940 73199053 1 1360 540 802
8291 4920 73199063 1 1340 540 783
8291 4920 73199073 1 1340 540 699
8312 4970 73199083 1 1330 540 464
8660 6638 73199194 0 1350 530 55
8749 6754 73199204 1 1350 530 317
8763 6779 73199214 1 1360 520 367
8781 6784 73199224 1 1360 520 440
8804 6784 73199234 1 1370 520 504
8826 6771 73199244 1 1370 520 548
8846 6749 73199254 1 1380 510 566
8864 6723 73199264 1 1380 510 586
8878 6693 73199274 1 1400 510 589
8890 6664 73199284 1 1400 510 580
8905 6635 73199294 1 1400 510 488
9316 5624 73199465 0 1350 510 178
9316 5585 73199475 1 1350 510 240
9316 5572 73199485 1 1350 520 369
9336 5558 73199495 1 1350 520 449
9360 5547 73199505 1 1340 520 512
9405 5537 73199515 1 1350 530 568
9461 5521 73199525 1 1340 540 594
9533 5521 73199535 1 1340 540 641
9623 5530 73199545 1 1330 540 665
9725 5559 73199555 1 1330 540 678
9845 5605 73199565 1 1330 540 690
9970 5662 73199575 1 1330 540 700
10099 5727 73199585 1 1340 550 696
10212 5807 73199595 1 1340 550 702
10315 5898 73199605 1 1340 550 705
10410 5996 73199615 1 1340 550 708
10476 6092 73199625 1 1350 550 711
10510 6183 73199635 1 1350 550 711
10523 6271 73199645 1 1360 550 713
10510 6340 73199655 1 1360 550 717
10456 6397 73199665 1 1370 540 722
10374 6431 73199675 1 1390 550 722
10277 6431 73199685 1 1400 540 728
10179 6419 73199695 1 1400 540 731
10080 6375 73199705 1 1400 540 721
9980 6310 73199715 1 1420 540 730
9868 6230 73199725 1 1420 540 742
9749 6127 73199735 1 1430 530 753
9657 6005 73199745 1 1430 530 784
9571 5871 73199755 1 1420 530 793
9518 5728 73199765 1 1430 520 823
9485 5594 73199775 1 1420 530 839
9507 5467 73199785 1 1420 530 861
9574 5342 73199795 1 1420 530 905
9671 5244 73199805 1 1400 530 924
9822 5171 73199815 1 1400 530 948
10009 5116 73199825 1 1390 540 943
10219 5084 73199835 1 1390 540 947
10454 5076 73199845 1 1390 540 937
10691 5083 73199855 1 1370 540 885
10931 5104 73199865 1 1370 540 502
