235
3013 5627 65307667 0 1270 620 254
2975 5655 65307677 1 1250 590 245
2965 5707 65307687 1 1240 570 257
2989 5741 65307697 1 1260 560 284
3044 5794 65307707 1 1250 540 322
3120 5860 65307717 1 1240 520 333
3203 5898 65307727 1 1260 500 358
3284 5912 65307737 1 1260 490 382
3365 5912 65307747 1 1260 490 420
3447 5886 65307757 1 1270 490 473
3520 5829 65307767 1 1280 490 536
3587 5750 65307777 1 1280 490 578
3647 5659 65307787 1 1270 500 614
3687 5539 65307797 1 1270 500 645
3714 5401 65307807 1 1270 500 670
3714 5238 65307817 1 1270 500 675
3689 5073 65307827 1 1270 500 690
3647 4906 65307837 1 1260 500 702
3590 4737 65307847 1 1260 500 703
3526 4602 65307857 1 1260 500 710
3457 4490 65307867 1 1250 510 713
3396 4396 65307877 1 1250 510 721
3341 4339 65307887 1 1230 510 730
3294 4306 65307897 1 1220 510 731
3250 4306 65307907 1 1210 520 731
3207 4334 65307917 1 1210 520 730
3165 4386 65307927 1 1200 520 720
3151 4440 65307937 1 1200 520 731
3151 4483 65307947 1 1200 520 731
3181 4520 65307957 1 1200 520 730
3227 4566 65307967 1 1180 530 730
3287 4609 65307977 1 1180 530 721
3367 4645 65307987 1 1180 530 733
3450 4679 65307997 1 1180 530 722
3541 4705 65308007 1 1180 530 721
3633 4721 65308017 1 1170 520 725
3725 4721 65308027 1 1170 520 731
3793 4706 65308037 1 1170 520 736
3845 4669 65308047 1 1190 510 739
3878 4609 65308057 1 1190 510 740
3887 4534 65308067 1 1190 510 746
3879 4421 65308077 1 1190 510 745
3839 4271 65308087 1 1190 510 743
3778 4097 65308097 1 1190 510 742
3702 3918 65308107 1 1190 510 743
3620 3735 65308117 1 1170 520 758
3546 3595 65308127 1 1170 520 756
3508 3486 65308137 1 1170 520 759
3491 3412 65308147 1 1160 520 763
3499 3375 65308157 1 1160 520 768
3530 3362 65308167 1 1160 520 776
3575 3380 65308177 1 1160 520 779
3671 3444 65308187 1 1160 530 779
3786 3540 65308197 1 1160 530 780
3914 3648 65308207 1 1160 530 779
4050 3780 65308217 1 1160 530 780
4187 3927 65308227 1 1160 530 771
4325 4075 65308237 1 1160 530 720
4455 4239 65308247 1 1160 530 567
4581 4413 65308257 1 1160 530 317
5085 5619 65308328 0 1210 530 8
5132 5799 65308338 1 1220 530 119
5137 5846 65308348 1 1230 520 241
5124 5873 65308358 1 1230 520 337
5107 5886 65308368 1 1240 520 372
5086 5866 65308378 1 1260 510 415
5060 5823 65308388 1 1270 510 464
5024 5750 65308398 1 1270 510 515
4981 5636 65308408 1 1280 500 539
4939 5496 65308418 1 1290 510 565
4897 5305 65308428 1 1290 510 581
4855 5126 65308438 1 1290 510 589
4828 4954 65308448 1 1300 510 595
4807 4827 65308458 1 1300 510 585
4801 4754 65308468 1 1290 510 585
4801 4717 65308478 1 1290 510 591
4801 4705 65308488 1 1290 510 594
4806 4714 65308498 1 1280 520 595
4811 4737 65308508 1 1280 520 594
4834 4833 65308518 1 1270 520 595
4870 4969 65308528 1 1270 520 594
4922 5131 65308538 1 1250 530 594
5000 5315 65308548 1 1250 530 602
5094 5496 65308558 1 1250 530 602
5219 5634 65308568 1 1250 530 603
5347 5743 65308578 1 1250 530 613
5480 5843 65308588 1 1250 530 619
5617 5922 65308598 1 1250 530 613
5758 5986 65308608 1 1270 520 617
5871 6021 65308618 1 1270 520 628
5966 6035 65308628 1 1290 520 631
6042 6035 65308638 1 1290 520 633
6101 6019 65308648 1 1300 520 634
6149 5998 65308658 1 1320 510 636
6174 5967 65308668 1 1330 510 642
6169 5912 65308678 1 1340 510 644
6143 5841 65308688 1 1340 510 642
6076 5747 65308698 1 1350 510 641
5971 5652 65308708 1 1350 510 639
5841 5528 65308718 1 1350 510 639
5671 5385 65308728 1 1350 510 642
5526 5244 65308738 1 1350 510 645
5397 5141 65308748 1 1340 510 641
5313 5063 65308758 1 1340 510 656
5267 5026 65308768 1 1340 510 668
5247 5011 65308778 1 1330 520 675
5247 5011 65308788 1 1330 520 673
5247 5011 65308798 1 1330 520 679
5268 5031 65308808 1 1310 520 685
5303 5062 65308818 1 1300 520 687
5384 5133 65308828 1 1290 520 688
5467 5205 65308838 1 1290 520 691
5552 5277 65308848 1 1290 520 693
5627 5331 65308858 1 1280 520 694
5697 5384 65308868 1 1280 520 697
5755 5417 65308878 1 1280 520 693
5791 5437 65308888 1 1280 520 696
5813 5437 65308898 1 1280 520 697
5818 5414 65308908 1 1280 520 700
5799 5378 65308918 1 1280 520 699
5764 5283 65308928 1 1280 520 702
5697 5165 65308938 1 1280 520 700
5619 5031 65308948 1 1280 520 711
5533 4877 65308958 1 1270 520 731
5455 4739 65308968 1 1270 520 733
5397 4611 65308978 1 1260 510 748
5351 4532 65308988 1 1250 530 755
5332 4478 65308998 1 1250 530 761
5317 4442 65309008 1 1250 530 761
5317 4430 65309018 1 1240 530 750
5317 4430 65309028 1 1240 530 756
5324 4443 65309038 1 1240 530 754
5345 4491 65309048 1 1240 530 754
5376 4579 65309058 1 1240 530 761
5416 4694 65309068 1 1230 530 758
5470 4828 65309078 1 1220 530 758
5532 4960 65309088 1 1220 530 760
5611 5060 65309098 1 1220 530 761
5691 5140 65309108 1 1220 530 761
5771 5196 65309118 1 1230 530 763
5832 5222 65309128 1 1230 530 753
5881 5228 65309138 1 1230 530 756
5917 5215 65309148 1 1250 540 760
5944 5182 65309158 1 1250 540 763
5964 5137 65309168 1 1250 540 763
5964 5077 65309169 1 1270 530 767
5947 5011 65309179 1 1280 540 765
5916 4934 65309189 1 1280 540 765
5864 4851 65309199 1 1290 530 762
5793 4765 65309209 1 1300 540 762
5709 4693 65309219 1 1300 540 765
5620 4633 65309229 1 1300 540 767
5536 4587 65309239 1 1300 540 770
5478 4566 65309249 1 1300 540 773
5435 4566 65309259 1 1300 540 771
5410 4577 65309269 1 1290 550 771
5388 4607 65309279 1 1290 550 774
5388 4648 65309289 1 1280 540 773
5403 4689 65309299 1 1280 540 771
5440 4739 65309309 1 1280 540 771
5497 4795 65309319 1 1270 530 773
5568 4855 65309329 1 1250 540 774
5641 4908 65309339 1 1250 540 777
5714 4948 65309349 1 1240 530 779
5775 4967 65309359 1 1240 530 782
5829 4973 65309369 1 1240 530 782
5863 4967 65309379 1 1240 530 784
5882 4942 65309389 1 1240 530 790
5892 4905 65309399 1 1270 530 788
5881 4830 65309409 1 1270 530 787
5836 4726 65309419 1 1270 530 790
5767 4603 65309429 1 1270 530 791
5655 4459 65309439 1 1280 530 791
5529 4284 65309449 1 1280 530 791
5394 4088 65309459 1 1280 530 791
5266 3933 65309469 1 1290 530 796
5182 3819 65309479 1 1280 540 783
5127 3732 65309489 1 1280 540 784
5127 3698 65309499 1 1260 540 787
5127 3688 65309509 1 1260 540 796
5170 3693 65309519 1 1260 540 805
5237 3737 65309529 1 1250 550 811
5349 3832 65309539 1 1240 540 814
5482 3962 65309549 1 1230 550 818
5629 4077 65309559 1 1210 550 820
5769 4195 65309569 1 1210 550 821
5892 4321 65309579 1 1190 540 829
6003 4452 65309589 1 1200 550 827
6101 4585 65309599 1 1200 550 821
6193 4729 65309609 1 1200 550 817
6281 4881 65309619 1 1200 550 817
6336 5016 65309629 1 1200 550 811
6360 5128 65309639 1 1210 550 803
6360 5224 65309649 1 1220 560 793
6338 5301 65309659 1 1240 550 794
6290 5375 65309669 1 1240 550 770
6226 5444 65309679 1 1250 550 760
6157 5508 65309689 1 1250 550 740
6089 5569 65309699 1 1250 550 728
6026 5623 65309709 1 1260 540 721
5971 5671 65309719 1 1260 540 721
5923 5698 65309729 1 1260 540 721
5880 5712 65309739 1 1260 540 722
5843 5717 65309749 1 1260 540 725
5812 5717 65309759 1 1280 540 725
5790 5717 65309769 1 1280 540 728
5779 5717 65309779 1 1280 540 728
5779 5717 65309789 1 1290 530 728
5779 5704 65309799 1 1290 530 730
5774 5676 65309809 1 1280 530 733
5769 5637 65309819 1 1280 530 742
5769 5593 65309820 1 1280 530 754
5761 5521 65309830 1 1280 530 753
5755 5430 65309840 1 1270 520 768
5748 5313 65309850 1 1270 520 782
5741 5192 65309860 1 1270 520 788
5748 5065 65309870 1 1270 520 808
5764 4887 65309880 1 1260 510 818
5777 4678 65309890 1 1260 510 827
5791 4469 65309900 1 1260 510 846
5806 4246 65309910 1 1250 530 866
5825 4024 65309920 1 1250 530 867
5846 3809 65309930 1 1240 530 879
5869 3597 65309940 1 1240 530 903
5895 3391 65309950 1 1240 540 896
5925 3190 65309960 1 1230 550 906
5959 2962 65309970 1 1230 550 914
5985 2770 65309980 1 1210 550 932
6005 2628 65309990 1 1210 560 941
6014 2508 65310000 1 1190 560 938
6023 2423 65310010 1 1180 570 935
6030 2365 65310020 1 1160 570 926
6030 2326 65310030 1 1160 580 891
6035 2332 65310040 1 1140 590 754
6029 2401 65310050 1 1130 590 1
