164
5050 3421 29590682 0 1570 370 624
4955 3491 29590692 1 1550 370 638
4885 3581 29590702 1 1530 390 668
4879 3581 29590712 1 1490 410 685
4879 3581 29590722 1 1470 420 667
4879 3581 29590732 1 1450 420 670
4894 3589 29590742 1 1430 440 679
4980 3603 29590752 1 1420 440 681
5114 3646 29590762 1 1410 450 681
5252 3659 29590772 1 1400 460 687
5371 3653 29590782 1 1390 460 690
5476 3599 29590792 1 1380 470 690
5560 3488 29590802 1 1380 480 705
5610 3340 29590812 1 1370 480 717
5636 3140 29590822 1 1360 490 721
5617 2963 29590832 1 1350 500 719
5567 2802 29590842 1 1350 500 707
5495 2652 29590852 1 1340 500 696
5402 2537 29590862 1 1330 510 690
5310 2446 29590872 1 1340 510 700
5251 2421 29590882 1 1340 510 687
5213 2429 29590892 1 1340 510 670
5179 2458 29590902 1 1340 510 627
5179 2520 29590912 1 1340 510 628
5210 2576 29590922 1 1340 510 636
5266 2627 29590932 1 1340 510 645
5320 2617 29590942 1 1340 510 662
5373 2553 29590952 1 1340 510 687
5428 2453 29590962 1 1340 510 700
5461 2298 29590972 1 1340 510 708
5478 2140 29590982 1 1340 510 711
5487 1981 29590992 1 1340 510 710
5497 1866 29591002 1 1350 520 707
5502 1816 29591012 1 1350 520 705
5502 1810 29591022 1 1350 520 699
5507 1810 29591032 1 1350 520 702
5507 1815 29591042 1 1350 520 705
5579 1901 29591052 1 1350 520 679
5690 2043 29591062 1 1360 520 371
5839 2292 29591072 1 1360 520 1
6289 3662 29591112 0 1360 520 546
6441 3710 29591122 1 1360 520 699
6412 3606 29591132 1 1360 520 722
6383 3508 29591142 1 1370 520 737
6353 3375 29591152 1 1370 520 758
6353 3258 29591162 1 1390 520 754
6353 3152 29591172 1 1390 520 756
6365 3043 29591182 1 1390 520 757
6380 2953 29591192 1 1390 520 742
6392 2875 29591202 1 1390 520 700
6404 2812 29591212 1 1390 520 529
6417 3268 29591293 0 1370 530 115
6498 3472 29591303 1 1370 530 521
6545 3546 29591313 1 1370 530 543
6651 3626 29591323 1 1360 520 562
6775 3705 29591333 1 1360 520 586
6910 3785 29591343 1 1360 520 591
7035 3866 29591353 1 1360 520 600
7171 3934 29591363 1 1360 520 600
7326 3978 29591373 1 1370 530 603
7425 4006 29591383 1 1370 530 602
7488 4006 29591393 1 1370 530 592
7509 3989 29591403 1 1390 520 611
7502 3962 29591413 1 1390 520 606
7476 3885 29591423 1 1390 520 594
7408 3779 29591433 1 1400 530 546
7307 3654 29591443 1 1400 530 412
7184 3540 29591453 1 1400 530 148
7184 3540 29591473 0 1400 530 101
6888 3237 29591483 1 1410 530 302
6802 3170 29591493 1 1410 530 420
6748 3117 29591503 1 1410 530 569
6715 3096 29591513 1 1400 540 616
6725 3096 29591523 1 1400 540 639
6751 3104 29591533 1 1400 540 637
6787 3150 29591543 1 1390 540 636
6897 3224 29591553 1 1390 540 644
6998 3318 29591563 1 1370 540 642
7094 3395 29591573 1 1370 540 639
7157 3423 29591583 1 1370 540 647
7176 3418 29591593 1 1370 540 666
7165 3359 29591603 1 1370 540 746
7103 3210 29591613 1 1370 540 779
7029 3002 29591623 1 1370 540 788
6946 2827 29591633 1 1370 540 806
6858 2649 29591643 1 1370 540 809
6802 2535 29591653 1 1370 540 811
6768 2464 29591663 1 1370 540 799
6768 2449 29591673 1 1360 540 791
6768 2449 29591683 1 1360 540 784
6773 2449 29591693 1 1360 540 790
6783 2480 29591703 1 1370 540 758
6833 2570 29591713 1 1370 540 605
6907 2701 29591723 1 1360 550 515
6989 2873 29591733 1 1360 550 516
7058 2979 29591743 1 1360 550 535
7118 3041 29591753 1 1360 550 583
7164 3061 29591763 1 1370 540 617
7210 3061 29591773 1 1360 550 666
7246 3043 29591783 1 1360 550 681
7274 3002 29591793 1 1360 550 694
7292 2943 29591803 1 1360 550 702
7281 2873 29591813 1 1360 550 707
7250 2796 29591823 1 1360 550 696
7186 2720 29591833 1 1360 550 702
7116 2648 29591843 1 1380 550 693
7041 2595 29591853 1 1380 550 693
6982 2551 29591864 1 1380 550 699
6957 2546 29591874 1 1380 550 697
6957 2546 29591884 1 1380 550 696
6957 2554 29591894 1 1380 550 693
6988 2580 29591904 1 1380 550 691
7041 2601 29591914 1 1380 550 690
7101 2620 29591924 1 1360 560 699
7141 2603 29591934 1 1360 560 700
7167 2582 29591944 1 1350 550 700
7162 2532 29591954 1 1350 550 696
7128 2464 29591964 1 1350 550 703
7075 2385 29591974 1 1360 560 707
6995 2301 29591984 1 1360 560 707
6881 2186 29591994 1 1360 560 702
6743 2052 29592004 1 1360 560 728
6622 1956 29592014 1 1360 560 720
6578 1918 29592024 1 1360 560 717
6586 1918 29592034 1 1360 560 724
6605 1910 29592044 1 1360 560 731
6714 1910 29592054 1 1380 550 737
6882 1979 29592064 1 1380 550 760
7057 2090 29592074 1 1380 550 763
7236 2237 29592084 1 1380 550 762
7417 2380 29592094 1 1390 550 760
7529 2501 29592104 1 1390 550 740
7584 2610 29592114 1 1390 550 644
7602 2735 29592124 1 1390 550 463
7554 2840 29592134 1 1390 550 244
7061 3580 29592204 0 1390 550 249
7066 3732 29592214 1 1390 550 337
7059 3761 29592224 1 1390 550 478
7059 3761 29592234 1 1390 550 537
7059 3766 29592244 1 1390 550 563
7059 3766 29592254 1 1390 550 581
7059 3759 29592264 1 1390 550 594
7059 3751 29592274 1 1390 550 634
7059 3711 29592284 1 1390 550 679
7051 3652 29592294 1 1390 550 720
7051 3558 29592304 1 1390 550 791
7058 3387 29592314 1 1390 550 834
7058 3166 29592324 1 1390 550 872
7051 2879 29592334 1 1390 550 903
7036 2508 29592344 1 1390 550 923
7028 2080 29592354 1 1380 550 918
7028 1671 29592364 1 1380 550 929
7053 1336 29592374 1 1360 560 932
7081 1051 29592384 1 1350 580 935
7103 852 29592394 1 1340 580 941
7120 714 29592404 1 1310 600 944
7125 618 29592414 1 1290 600 935
7125 556 29592424 1 1260 610 947
7114 530 29592434 1 1240 620 971
7114 530 29592444 1 1230 620 980
7114 530 29592454 1 1210 630 982
7114 530 29592464 1 1190 640 967
7114 530 29592474 1 1170 650 920
7114 530 29592484 1 1130 650 690
