220
3746 4022 72307442 0 1410 450 22
3746 4022 72307452 1 1410 440 88
3721 4024 72307462 1 1420 430 148
3716 4031 72307472 1 1420 420 188
3716 4036 72307482 1 1410 420 233
3716 4049 72307492 1 1410 410 255
3729 4068 72307502 1 1410 410 284
3762 4094 72307512 1 1410 400 284
3807 4123 72307522 1 1420 400 296
3865 4153 72307532 1 1420 400 306
3927 4170 72307542 1 1420 400 314
3988 4184 72307552 1 1430 410 304
4046 4178 72307562 1 1430 410 312
4101 4160 72307572 1 1430 410 324
4140 4126 72307582 1 1440 410 344
4167 4077 72307592 1 1440 410 371
4178 4017 72307602 1 1440 410 394
4178 3945 72307612 1 1440 410 400
4163 3856 72307622 1 1440 410 418
4146 3756 72307632 1 1440 410 428
4126 3665 72307642 1 1440 420 449
4105 3577 72307652 1 1440 420 452
4079 3492 72307662 1 1440 420 465
4053 3410 72307672 1 1430 430 468
4029 3340 72307682 1 1430 430 474
4007 3279 72307692 1 1420 430 472
3989 3251 72307702 1 1420 430 490
3989 3251 72307712 1 1410 440 491
3957 3248 72307722 1 1410 440 499
3933 3277 72307732 1 1410 440 502
3906 3322 72307742 1 1400 450 502
3896 3378 72307752 1 1400 450 502
3896 3430 72307762 1 1400 450 505
3902 3476 72307772 1 1390 450 505
3919 3511 72307782 1 1390 450 504
3938 3538 72307792 1 1380 460 505
3972 3559 72307802 1 1380 460 504
4014 3573 72307812 1 1380 460 505
4062 3573 72307822 1 1380 460 504
4109 3573 72307832 1 1380 460 509
4154 3553 72307842 1 1380 460 509
4194 3524 72307852 1 1380 460 512
4223 3474 72307862 1 1380 460 512
4244 3410 72307872 1 1380 460 517
4244 3313 72307882 1 1370 450 517
4232 3213 72307892 1 1370 450 517
4217 3108 72307902 1 1370 450 520
4192 2993 72307912 1 1370 450 522
4157 2871 72307922 1 1370 450 520
4114 2745 72307932 1 1370 450 513
4076 2627 72307942 1 1370 450 516
4058 2543 72307952 1 1370 450 519
4053 2478 72307962 1 1370 450 522
4067 2434 72307972 1 1360 460 532
4088 2415 72307982 1 1360 460 546
4121 2415 72307992 1 1360 460 559
4173 2422 72308002 1 1360 460 569
4237 2455 72308012 1 1360 460 578
4313 2504 72308022 1 1350 460 589
4388 2553 72308032 1 1350 460 592
4462 2601 72308042 1 1350 460 589
4527 2648 72308052 1 1350 460 584
4588 2702 72308062 1 1340 470 566
4645 2762 72308072 1 1340 470 423
5431 4276 72308353 0 1380 440 15
5431 4276 72308363 1 1380 440 55
5419 4316 72308373 1 1390 430 78
5419 4325 72308383 1 1390 430 104
5419 4325 72308393 1 1390 430 105
5419 4325 72308403 1 1390 430 148
5419 4325 72308413 1 1390 430 178
5446 4290 72308423 1 1400 430 214
5457 4246 72308433 1 1400 430 250
5464 4175 72308443 1 1400 430 281
5464 4087 72308453 1 1400 430 311
5451 3989 72308463 1 1400 430 319
5433 3895 72308473 1 1400 430 340
5414 3801 72308483 1 1400 430 336
5399 3734 72308493 1 1400 430 363
5392 3684 72308503 1 1400 430 358
5392 3664 72308513 1 1390 440 381
5392 3664 72308523 1 1390 440 425
5392 3664 72308533 1 1390 440 427
5392 3700 72308543 1 1390 440 428
5415 3766 72308553 1 1390 440 433
5442 3853 72308563 1 1390 440 438
5482 3942 72308573 1 1390 440 436
5528 4029 72308583 1 1400 430 438
5597 4113 72308593 1 1400 430 440
5678 4195 72308603 1 1400 430 440
5781 4271 72308613 1 1410 440 441
5877 4343 72308623 1 1410 440 444
5967 4407 72308633 1 1410 440 449
6057 4454 72308643 1 1420 440 439
6151 4491 72308653 1 1420 440 439
6249 4518 72308663 1 1430 450 449
6343 4530 72308673 1 1430 450 442
6410 4530 72308683 1 1430 450 440
6460 4514 72308693 1 1420 450 446
6488 4475 72308703 1 1440 460 443
6488 4421 72308713 1 1440 460 441
6465 4326 72308723 1 1440 460 431
6410 4229 72308733 1 1450 460 418
6332 4128 72308743 1 1450 460 413
6238 4037 72308753 1 1450 460 397
6148 3951 72308763 1 1450 470 399
6063 3868 72308773 1 1450 470 398
5987 3796 72308783 1 1450 470 399
5920 3732 72308793 1 1450 470 399
5875 3695 72308803 1 1450 470 388
5843 3675 72308813 1 1450 470 396
5838 3667 72308823 1 1450 470 417
5838 3667 72308833 1 1450 470 418
5862 3691 72308843 1 1450 470 418
5897 3721 72308853 1 1450 470 422
5959 3781 72308863 1 1460 470 423
6026 3845 72308873 1 1460 470 414
6101 3912 72308883 1 1460 470 418
6162 3967 72308893 1 1460 470 417
6215 4004 72308903 1 1460 470 417
6243 4028 72308913 1 1460 470 417
6251 4028 72308923 1 1470 460 417
6245 4028 72308933 1 1470 460 420
6220 3984 72308943 1 1470 460 427
6175 3919 72308953 1 1470 460 438
6117 3823 72308963 1 1470 460 449
6060 3717 72308973 1 1460 470 452
6003 3605 72308983 1 1460 470 463
5946 3489 72308993 1 1460 470 465
5887 3359 72309003 1 1460 470 473
5827 3219 72309013 1 1460 470 474
5769 3110 72309023 1 1450 470 474
5721 3032 72309033 1 1450 470 473
5703 2975 72309043 1 1450 470 464
5703 2953 72309053 1 1440 480 473
5703 2953 72309063 1 1430 480 491
5703 2953 72309073 1 1430 480 496
5725 2993 72309083 1 1430 480 498
5762 3065 72309093 1 1430 480 496
5822 3161 72309103 1 1430 480 498
5884 3268 72309113 1 1430 480 488
5950 3373 72309123 1 1430 480 488
6017 3478 72309133 1 1430 480 488
6086 3552 72309143 1 1430 480 488
6156 3621 72309153 1 1430 480 488
6226 3666 72309163 1 1430 480 488
6280 3698 72309173 1 1430 480 498
6323 3708 72309183 1 1430 480 488
6336 3701 72309193 1 1430 480 488
6336 3682 72309203 1 1430 480 488
6336 3643 72309213 1 1430 480 491
6303 3579 72309223 1 1430 480 492
6242 3499 72309233 1 1430 480 494
6163 3402 72309243 1 1440 480 499
6083 3295 72309253 1 1440 480 499
6004 3182 72309263 1 1440 480 501
5947 3102 72309273 1 1440 480 504
5904 3051 72309283 1 1440 480 502
5896 3019 72309293 1 1440 480 504
5915 3004 72309303 1 1440 480 505
5951 3004 72309313 1 1440 480 510
6019 3026 72309323 1 1440 480 509
6114 3066 72309333 1 1440 480 510
6226 3104 72309335 1 1440 480 510
6342 3137 72309345 1 1440 480 509
6417 3137 72309355 1 1440 480 502
6465 3124 72309365 1 1440 480 501
6475 3086 72309375 1 1440 480 502
6448 3022 72309385 1 1440 480 501
6396 2942 72309395 1 1440 480 501
6322 2851 72309405 1 1440 480 502
6235 2752 72309415 1 1440 480 504
6139 2647 72309425 1 1430 490 510
6072 2578 72309435 1 1430 490 515
6040 2540 72309445 1 1430 490 519
6031 2524 72309455 1 1420 490 513
6040 2524 72309465 1 1420 490 521
6078 2552 72309475 1 1420 490 526
6135 2593 72309485 1 1420 490 530
6218 2656 72309495 1 1410 500 535
6313 2741 72309505 1 1410 500 537
6415 2842 72309515 1 1410 500 546
6500 2944 72309525 1 1410 500 542
6570 3046 72309535 1 1410 500 545
6630 3148 72309545 1 1410 500 543
6667 3260 72309555 1 1410 500 542
6681 3380 72309565 1 1410 500 536
6681 3497 72309575 1 1410 500 540
6648 3614 72309585 1 1410 500 533
6597 3736 72309595 1 1410 500 526
6533 3861 72309605 1 1420 490 526
6465 3966 72309615 1 1420 490 526
6398 4042 72309625 1 1430 490 524
6335 4099 72309635 1 1430 490 524
6276 4134 72309645 1 1430 490 524
6224 4163 72309655 1 1440 480 522
6192 4174 72309665 1 1440 480 521
6173 4174 72309675 1 1440 480 516
6173 4174 72309685 1 1450 470 519
6173 4159 72309695 1 1450 470 521
6178 4132 72309705 1 1450 470 522
6186 4079 72309715 1 1450 470 521
6204 4009 72309725 1 1450 470 524
6223 3929 72309735 1 1460 470 526
6242 3814 72309745 1 1460 470 527
6252 3671 72309755 1 1450 470 537
6252 3510 72309765 1 1450 470 541
6252 3315 72309775 1 1450 470 536
6260 3096 72309785 1 1440 480 537
6270 2860 72309795 1 1440 480 539
6289 2621 72309805 1 1430 490 540
6313 2401 72309815 1 1430 490 539
6351 2192 72309825 1 1420 490 543
6375 1984 72309835 1 1410 500 543
6390 1841 72309845 1 1400 510 539
6409 1697 72309855 1 1400 520 539
6429 1595 72309865 1 1390 520 544
6451 1521 72309875 1 1360 540 514
6464 1480 72309885 1 1350 540 417
6472 1462 72309895 1 1320 550 68
