108
2656 4785 27511752 0 1330 620 430
2682 4712 27511762 1 1330 620 439
2672 4857 27511772 1 1330 620 439
2702 4935 27511782 1 1330 620 449
2768 4968 27511792 1 1410 590 440
2858 5029 27511802 1 1460 550 447
3018 5165 27511812 1 1510 510 461
3219 5350 27511822 1 1490 470 498
3448 5543 27511832 1 1420 440 540
3652 5679 27511842 1 1370 420 561
3801 5776 27511852 1 1320 400 572
3912 5793 27511862 1 1330 400 581
3989 5741 27511872 1 1340 410 591
4042 5642 27511882 1 1350 410 611
4078 5451 27511892 1 1370 420 620
4071 5173 27511902 1 1380 430 630
4034 4836 27511912 1 1390 430 638
3977 4503 27511922 1 1400 430 638
3933 4221 27511932 1 1420 440 639
3907 3972 27511942 1 1430 450 636
3893 3804 27511952 1 1440 460 634
3893 3705 27511962 1 1460 470 631
3893 3652 27511972 1 1470 470 594
3893 3625 27511982 1 1470 480 430
3090 3990 27512083 0 1450 480 624
3195 3971 27512093 1 1450 480 638
3201 4148 27512103 1 1450 480 643
3304 4409 27512113 1 1450 480 637
3471 4480 27512123 1 1440 480 638
3745 4497 27512133 1 1450 480 647
3990 4478 27512143 1 1450 480 652
4216 4461 27512153 1 1460 480 650
4375 4410 27512163 1 1460 480 653
4455 4337 27512173 1 1460 480 658
4482 4218 27512183 1 1470 480 656
4441 4036 27512193 1 1470 480 652
4327 3811 27512203 1 1480 470 649
4163 3542 27512213 1 1490 480 656
3985 3272 27512223 1 1480 480 656
3813 3005 27512233 1 1480 480 659
3652 2795 27512243 1 1490 490 670
3542 2621 27512253 1 1490 490 670
3464 2539 27512263 1 1490 490 681
3455 2501 27512273 1 1490 490 734
3513 2492 27512283 1 1490 490 794
3616 2498 27512293 1 1480 500 824
3850 2551 27512303 1 1480 500 828
4156 2635 27512313 1 1480 500 836
4511 2782 27512323 1 1480 500 834
4892 2913 27512333 1 1500 500 833
5155 3034 27512343 1 1490 510 812
5338 3093 27512353 1 1490 510 611
7389 5409 27512594 0 1570 510 398
7413 5358 27512604 1 1570 510 399
7373 5297 27512614 1 1570 510 441
7345 5200 27512624 1 1570 510 522
7323 4962 27512634 1 1610 450 574
7313 4611 27512644 1 1650 390 600
7306 4184 27512654 1 1670 330 609
7285 3782 27512664 1 1690 300 613
7255 3509 27512674 1 1680 290 611
7255 3323 27512684 1 1680 290 603
7250 3178 27512694 1 1690 300 583
7220 3126 27512704 1 1690 300 475
7174 3137 27512714 1 1680 310 338
7106 3224 27512724 1 1660 340 240
7035 3392 27512734 1 1650 360 178
6961 3613 27512744 1 1640 390 127
6894 3930 27512754 1 1620 420 63
6850 4259 27512764 1 1610 430 60
6820 4597 27512774 1 1590 460 86
6841 4869 27512784 1 1580 480 215
6897 5087 27512794 1 1550 500 307
6975 5270 27512804 1 1540 520 361
7115 5494 27512814 1 1530 530 409
7331 5700 27512824 1 1530 530 458
7597 5895 27512834 1 1530 530 521
7890 6038 27512844 1 1540 520 568
8105 6058 27512854 1 1550 510 574
8267 5996 27512864 1 1550 500 591
8387 5822 27512874 1 1570 510 625
8456 5552 27512884 1 1570 510 675
8490 5217 27512884 1 1570 500 733
8504 4756 27512894 1 1590 500 763
8518 4272 27512904 1 1590 490 780
8533 3773 27512914 1 1590 490 800
8538 3425 27512924 1 1610 490 822
8532 3159 27512934 1 1620 500 848
8519 2948 27512944 1 1620 500 858
8481 2801 27512954 1 1620 510 855
8416 2711 27512964 1 1620 510 849
8332 2660 27512974 1 1640 510 809
8225 2666 27512984 1 1640 510 622
8093 2739 27512994 1 1630 520 3
5943 3463 27513094 0 1580 520 670
6118 3569 27513104 1 1580 520 694
6288 3776 27513114 1 1570 520 719
6634 4057 27513124 1 1570 510 720
7097 4146 27513134 1 1560 500 730
7660 4197 27513144 1 1560 500 727
8181 4223 27513154 1 1570 490 728
8673 4286 27513164 1 1570 490 722
9021 4340 27513174 1 1580 490 519
7875 5117 27513275 0 1620 510 519
7646 4806 27513285 1 1620 510 533
7573 4739 27513295 1 1620 510 543
7553 4733 27513305 1 1620 510 543
7604 4596 27513315 1 1610 500 136
