124
2777 5426 44460961 0 1370 710 37
2716 5439 44460971 1 1350 690 80
2705 5462 44460981 1 1370 670 113
2700 5497 44460991 1 1370 650 141
2718 5558 44461001 1 1370 630 148
2748 5634 44461011 1 1360 610 167
2796 5721 44461021 1 1350 590 175
2862 5809 44461031 1 1360 570 180
2940 5896 44461041 1 1380 550 184
3030 5947 44461051 1 1370 530 186
3121 5974 44461061 1 1400 510 171
3190 5954 44461071 1 1400 500 178
3244 5878 44461081 1 1390 480 183
3277 5764 44461091 1 1390 470 205
3301 5623 44461101 1 1390 470 207
3319 5417 44461111 1 1390 470 228
3337 5167 44461121 1 1390 470 251
3358 4900 44461131 1 1400 470 252
3384 4614 44461141 1 1400 470 265
3412 4316 44461151 1 1400 470 279
3437 4015 44461161 1 1390 470 281
3456 3717 44461171 1 1390 470 289
3479 3491 44461181 1 1390 470 306
3490 3312 44461191 1 1380 480 309
3490 3151 44461201 1 1380 480 309
3482 3053 44461211 1 1360 480 306
3466 2998 44461221 1 1360 480 287
3060 3694 44461281 0 1340 490 99
2873 3859 44461291 1 1340 490 139
2790 3914 44461301 1 1340 490 205
2743 3952 44461311 1 1340 490 251
2719 3979 44461321 1 1340 490 255
2719 4020 44461331 1 1350 490 270
2769 4093 44461341 1 1350 490 280
2847 4188 44461351 1 1350 490 276
2960 4285 44461362 1 1360 480 287
3106 4378 44461372 1 1360 480 301
3273 4428 44461382 1 1360 480 304
3410 4452 44461392 1 1360 480 304
3526 4418 44461402 1 1360 480 307
3629 4327 44461412 1 1370 470 312
3701 4197 44461422 1 1370 470 317
3736 4018 44461432 1 1370 470 316
3746 3803 44461442 1 1370 470 316
3709 3563 44461452 1 1370 470 304
3645 3342 44461462 1 1370 470 304
3562 3116 44461472 1 1370 470 309
3470 2926 44461482 1 1370 470 324
3381 2762 44461492 1 1360 480 346
3321 2633 44461502 1 1360 480 371
3278 2567 44461512 1 1360 480 379
3287 2542 44461522 1 1360 480 428
3348 2537 44461532 1 1360 480 470
3444 2582 44461542 1 1360 480 489
3639 2660 44461552 1 1350 490 499
3866 2795 44461562 1 1350 490 514
4113 2940 44461572 1 1350 490 514
4392 3092 44461582 1 1350 490 501
4649 3233 44461592 1 1350 490 478
4890 3374 44461602 1 1340 490 314
6656 6059 44461882 0 1470 460 12
6658 5897 44461892 1 1470 460 75
6633 5731 44461902 1 1470 460 136
6596 5512 44461912 1 1470 460 177
6551 5208 44461922 1 1470 460 193
6502 4848 44461932 1 1460 470 235
6460 4539 44461942 1 1460 470 247
6442 4255 44461952 1 1460 470 262
6437 3987 44461962 1 1450 470 262
6455 3709 44461972 1 1450 470 262
6468 3509 44461982 1 1440 480 267
6477 3362 44461992 1 1440 480 259
6477 3194 44462002 1 1430 490 255
6477 3075 44462012 1 1420 490 249
6471 2990 44462022 1 1420 490 173
6623 5676 44462193 0 1400 500 18
6833 5950 44462203 1 1400 500 56
6960 6068 44462213 1 1410 490 63
7073 6120 44462223 1 1430 490 80
7178 6120 44462233 1 1440 480 94
7277 6094 44462243 1 1440 480 100
7363 6006 44462253 1 1440 480 134
7427 5863 44462263 1 1460 480 149
7475 5683 44462273 1 1460 480 187
7512 5481 44462283 1 1460 480 218
7544 5247 44462293 1 1460 480 254
7573 4992 44462303 1 1470 480 280
7612 4722 44462313 1 1470 480 294
7654 4456 44462323 1 1470 480 301
7702 4194 44462333 1 1480 480 312
7732 3922 44462343 1 1470 490 317
7751 3648 44462353 1 1470 490 307
7751 3395 44462363 1 1470 490 312
7735 3157 44462373 1 1460 500 317
7700 2948 44462383 1 1460 500 310
7658 2738 44462393 1 1450 510 315
7618 2594 44462403 1 1450 510 317
7567 2494 44462413 1 1440 510 314
7508 2449 44462423 1 1430 520 312
7434 2449 44462433 1 1430 520 304
7327 2483 44462443 1 1420 530 136
5460 3829 44462543 0 1380 510 70
5295 3947 44462553 1 1400 510 91
5250 4013 44462563 1 1400 510 94
5266 4063 44462573 1 1380 500 104
5343 4092 44462583 1 1400 500 95
5460 4115 44462593 1 1400 500 125
5638 4127 44462603 1 1380 490 149
5861 4133 44462613 1 1380 490 178
6115 4150 44462623 1 1390 480 202
6419 4173 44462633 1 1380 480 208
6726 4208 44462643 1 1390 480 207
7037 4268 44462653 1 1390 480 207
7329 4344 44462663 1 1390 480 203
7608 4449 44462673 1 1410 490 190
7857 4554 44462683 1 1400 500 37
7083 5016 44462794 0 1440 510 372
7000 4969 44462804 1 1440 510 299
6961 5018 44462814 1 1440 510 304
6910 5122 44462824 1 1450 510 304
6925 5158 44462834 1 1450 510 304
6979 5228 44462844 1 1450 510 302
7058 5322 44462854 1 1450 510 286
7188 5448 44462864 1 1450 510 120
