178
2930 7226 72836733 0 1300 470 115
2903 7266 72836743 1 1300 470 252
2869 7254 72836753 1 1300 470 281
2819 7240 72836763 1 1310 470 332
2803 7233 72836773 1 1310 470 371
2792 7233 72836783 1 1310 470 386
2792 7233 72836793 1 1310 470 398
2792 7233 72836803 1 1320 480 420
2835 7250 72836813 1 1320 480 433
2887 7287 72836823 1 1320 480 439
2975 7332 72836833 1 1320 480 455
3076 7383 72836843 1 1320 480 469
3185 7426 72836853 1 1330 480 467
3286 7455 72836863 1 1330 480 480
3383 7476 72836873 1 1340 480 483
3476 7489 72836883 1 1340 480 485
3566 7478 72836893 1 1340 480 486
3647 7452 72836903 1 1340 480 491
3722 7399 72836913 1 1340 480 492
3780 7322 72836923 1 1340 480 502
3825 7229 72836933 1 1340 480 522
3861 7104 72836943 1 1340 480 544
3889 6938 72836953 1 1330 480 559
3905 6746 72836963 1 1320 480 594
3913 6553 72836973 1 1320 480 639
3908 6323 72836983 1 1310 480 646
3899 6069 72836993 1 1310 480 652
3887 5846 72837003 1 1290 490 649
3887 5697 72837013 1 1290 490 656
3881 5598 72837023 1 1280 490 655
3876 5517 72837033 1 1270 500 647
3867 5475 72837043 1 1260 500 584
3854 5460 72837053 1 1240 500 310
3373 5939 72837154 0 1170 510 218
3275 5913 72837164 1 1170 510 259
3229 5919 72837174 1 1180 510 296
3212 5919 72837184 1 1180 510 333
3212 5929 72837194 1 1190 500 346
3224 5942 72837204 1 1200 500 394
3259 5963 72837214 1 1200 500 422
3311 5997 72837224 1 1220 500 440
3401 6039 72837234 1 1240 500 463
3522 6064 72837244 1 1240 500 470
3664 6112 72837254 1 1250 500 486
3818 6175 72837264 1 1250 500 502
3950 6194 72837274 1 1250 500 524
4067 6208 72837284 1 1260 490 540
4184 6194 72837294 1 1260 490 544
4271 6164 72837304 1 1260 490 536
4338 6116 72837314 1 1260 490 540
4379 6051 72837324 1 1260 490 551
4384 5975 72837334 1 1270 490 554
4366 5866 72837344 1 1260 490 557
4305 5732 72837354 1 1260 490 568
4200 5581 72837364 1 1260 490 564
4065 5397 72837374 1 1250 500 575
3928 5202 72837384 1 1250 500 600
3800 5001 72837394 1 1250 500 613
3702 4848 72837404 1 1240 500 630
3620 4738 72837414 1 1240 500 636
3577 4658 72837424 1 1220 500 643
3567 4619 72837434 1 1220 500 668
3578 4596 72837444 1 1210 510 697
3620 4583 72837454 1 1200 510 733
3700 4602 72837464 1 1200 510 762
3805 4648 72837474 1 1190 510 788
3926 4711 72837484 1 1190 510 783
4064 4793 72837494 1 1170 510 787
4214 4884 72837504 1 1170 510 790
4351 4981 72837514 1 1170 510 711
4479 5066 72837524 1 1170 510 522
6349 7084 72837745 0 1320 460 54
6349 7084 72837755 1 1320 460 90
6349 7084 72837765 1 1330 450 168
6337 7032 72837775 1 1330 450 223
6330 6968 72837785 1 1340 460 272
6330 6885 72837795 1 1340 460 306
6322 6789 72837805 1 1340 460 343
6317 6676 72837815 1 1350 460 392
6308 6525 72837825 1 1340 470 490
6297 6349 72837835 1 1350 470 562
6277 6131 72837845 1 1340 480 628
6245 5881 72837855 1 1340 480 661
6206 5610 72837865 1 1330 480 672
6177 5382 72837875 1 1330 500 691
6142 5170 72837885 1 1320 500 711
6103 4969 72837895 1 1300 510 731
6063 4782 72837905 1 1290 510 736
6021 4642 72837915 1 1280 520 739
5978 4534 72837925 1 1270 520 736
5936 4458 72837935 1 1240 530 720
5895 4432 72837945 1 1230 530 667
5848 4440 72837955 1 1220 540 568
5797 4506 72837965 1 1200 540 409
5745 4634 72837975 1 1200 540 144
6059 6542 72838085 0 1180 530 262
6239 6896 72838095 1 1200 520 297
6301 7046 72838105 1 1220 510 309
6347 7135 72838115 1 1230 510 324
6396 7186 72838125 1 1250 500 325
6464 7259 72838135 1 1260 490 324
6545 7332 72838145 1 1270 490 324
6661 7434 72838155 1 1280 480 324
6796 7555 72838165 1 1300 480 325
6944 7649 72838175 1 1320 480 327
7057 7702 72838185 1 1320 480 335
7146 7727 72838195 1 1330 470 336
7218 7727 72838205 1 1340 480 369
7294 7714 72838215 1 1350 470 384
7370 7699 72838225 1 1350 470 392
7444 7679 72838235 1 1360 480 391
7511 7659 72838245 1 1360 480 400
7575 7638 72838255 1 1360 480 415
7633 7611 72838265 1 1370 470 428
7680 7575 72838275 1 1380 480 447
7720 7506 72838285 1 1380 480 468
7742 7416 72838295 1 1380 480 477
7752 7303 72838305 1 1380 480 492
7752 7185 72838315 1 1390 480 522
7752 7034 72838325 1 1380 490 537
7741 6862 72838335 1 1380 490 542
7724 6687 72838345 1 1380 490 557
7706 6495 72838355 1 1380 490 577
7686 6260 72838365 1 1380 490 620
7664 6002 72838375 1 1370 500 652
7664 5741 72838385 1 1370 500 667
7664 5512 72838395 1 1360 500 696
7664 5304 72838405 1 1350 510 748
7657 5125 72838415 1 1340 510 770
7646 4983 72838425 1 1330 520 793
7637 4866 72838435 1 1330 520 785
7622 4788 72838445 1 1310 520 797
7602 4759 72838455 1 1300 530 803
7568 4759 72838465 1 1290 530 800
7509 4801 72838475 1 1280 540 788
7432 4867 72838485 1 1280 540 788
7333 4952 72838495 1 1260 540 762
7222 5044 72838505 1 1250 550 730
7102 5135 72838515 1 1250 550 670
6981 5222 72838525 1 1250 550 540
6841 5302 72838535 1 1250 550 312
5687 5799 72838616 0 1250 530 93
5515 5823 72838626 1 1270 520 226
5447 5867 72838636 1 1270 520 265
5406 5891 72838646 1 1270 510 304
5384 5902 72838656 1 1270 510 329
5384 5911 72838666 1 1270 500 327
5398 5921 72838676 1 1270 500 339
5428 5935 72838686 1 1270 490 358
5490 5952 72838696 1 1270 490 394
5594 5975 72838706 1 1270 480 449
5725 6005 72838716 1 1270 480 489
5902 6040 72838726 1 1280 470 540
6081 6078 72838736 1 1280 470 567
6313 6113 72838746 1 1300 470 575
6578 6143 72838756 1 1310 470 588
6866 6169 72838766 1 1310 470 622
7125 6206 72838776 1 1320 470 649
7364 6249 72838786 1 1330 470 656
7598 6286 72838796 1 1330 470 659
7805 6324 72838806 1 1340 480 662
7994 6360 72838816 1 1340 480 667
8117 6390 72838826 1 1350 490 667
8200 6412 72838836 1 1350 490 643
8257 6419 72838846 1 1360 490 605
8262 6419 72838856 1 1350 500 495
8224 6413 72838866 1 1360 500 252
7065 6748 72839046 0 1360 480 56
7065 6748 72839056 1 1360 480 173
7065 6748 72839066 1 1360 480 214
7054 6748 72839076 1 1360 480 247
7041 6743 72839086 1 1360 480 304
7028 6720 72839096 1 1360 480 389
7001 6685 72839106 1 1350 490 480
6960 6617 72839116 1 1350 490 513
6910 6500 72839126 1 1350 490 540
6836 6350 72839136 1 1350 490 526
6756 6195 72839146 1 1350 490 251
