126
3648 5520 45885479 0 1370 450 58
3648 5482 45885489 1 1370 450 90
3658 5422 45885499 1 1370 450 120
3665 5295 45885509 1 1370 450 134
3665 5124 45885519 1 1370 450 156
3659 4925 45885529 1 1370 450 171
3639 4676 45885539 1 1370 450 207
3607 4432 45885549 1 1360 450 221
3579 4191 45885559 1 1350 450 240
3559 3974 45885569 1 1350 450 249
3554 3790 45885579 1 1350 450 249
3554 3627 45885589 1 1340 460 250
3576 3526 45885600 1 1340 460 252
3596 3458 45885610 1 1330 460 245
3622 3413 45885620 1 1330 460 230
3650 3404 45885630 1 1320 470 134
3680 4089 45885700 0 1280 480 61
3625 4351 45885710 1 1280 480 76
3598 4467 45885720 1 1280 480 91
3588 4545 45885730 1 1280 480 110
3604 4610 45885740 1 1280 480 130
3637 4667 45885750 1 1280 480 132
3706 4732 45885760 1 1280 480 160
3799 4808 45885770 1 1280 480 177
3907 4891 45885780 1 1300 480 171
4042 4957 45885790 1 1310 470 181
4190 5003 45885800 1 1320 480 191
4346 5037 45885810 1 1330 470 200
4476 5048 45885820 1 1340 470 203
4590 5025 45885830 1 1340 470 207
4692 4979 45885840 1 1340 470 218
4768 4900 45885850 1 1350 460 213
4804 4800 45885860 1 1360 470 217
4812 4686 45885870 1 1360 470 218
4794 4580 45885880 1 1360 470 217
4746 4476 45885890 1 1370 460 215
4677 4371 45885900 1 1370 460 215
4596 4285 45885910 1 1370 460 217
4505 4213 45885920 1 1370 460 217
4407 4177 45885930 1 1370 460 217
4311 4167 45885940 1 1370 460 220
4215 4174 45885950 1 1380 470 209
4120 4180 45885960 1 1370 470 230
4061 4180 45885970 1 1370 470 240
4025 4180 45885980 1 1370 470 240
4016 4164 45885990 1 1370 470 244
4016 4140 45886000 1 1370 470 246
4028 4102 45886010 1 1370 470 254
4056 4055 45886020 1 1370 470 262
4112 3997 45886030 1 1370 470 289
4193 3920 45886040 1 1370 470 309
4290 3830 45886050 1 1370 470 334
4396 3733 45886060 1 1370 470 349
4506 3661 45886070 1 1370 470 371
4622 3607 45886080 1 1360 480 366
4742 3563 45886090 1 1360 480 371
4837 3532 45886100 1 1360 480 372
4916 3510 45886110 1 1360 480 372
4975 3504 45886120 1 1350 490 362
5016 3504 45886130 1 1350 490 284
5045 3516 45886140 1 1350 490 73
5530 3895 45886270 0 1360 490 88
5587 3870 45886280 1 1360 490 106
5587 3870 45886290 1 1360 490 93
5582 3879 45886300 1 1370 480 115
5582 3852 45886310 1 1370 480 139
5582 3801 45886320 1 1370 480 186
5582 3734 45886330 1 1370 480 207
5568 3668 45886340 1 1370 480 218
5560 3601 45886350 1 1380 490 235
5553 3535 45886360 1 1370 500 242
5553 3478 45886370 1 1370 500 240
5561 3425 45886380 1 1370 500 239
5568 3388 45886390 1 1370 500 230
5573 3379 45886400 1 1370 500 175
5527 4422 45886501 0 1360 500 158
5550 4584 45886511 1 1350 500 191
5528 4643 45886521 1 1350 500 195
5528 4657 45886531 1 1360 490 202
5528 4641 45886541 1 1360 490 205
5547 4625 45886551 1 1360 490 208
5563 4592 45886561 1 1360 490 213
5581 4549 45886571 1 1370 480 215
5600 4496 45886581 1 1370 480 208
5621 4440 45886591 1 1370 480 148
6532 4144 45886801 0 1420 480 81
6529 4227 45886811 1 1420 480 113
6511 4240 45886821 1 1420 480 125
6494 4240 45886831 1 1420 480 149
6469 4212 45886841 1 1430 490 184
6439 4164 45886851 1 1430 490 209
6403 4091 45886861 1 1430 490 250
6369 3996 45886871 1 1430 490 287
6337 3886 45886881 1 1430 490 305
6332 3774 45886891 1 1430 490 330
6344 3689 45886901 1 1430 490 338
6382 3622 45886911 1 1430 490 368
6440 3573 45886921 1 1420 490 386
6510 3546 45886931 1 1420 490 396
6602 3533 45886941 1 1420 490 405
6723 3544 45886951 1 1420 490 409
6862 3579 45886961 1 1430 500 407
6989 3630 45886971 1 1430 500 409
7114 3697 45886981 1 1430 500 409
7237 3779 45886991 1 1430 500 409
7338 3872 45887001 1 1430 500 407
7403 3951 45887011 1 1440 500 409
7445 4006 45887021 1 1430 510 409
7436 4044 45887031 1 1430 510 409
7394 4065 45887041 1 1430 510 412
7331 4065 45887051 1 1440 510 413
7254 4065 45887061 1 1440 510 415
7197 4041 45887071 1 1440 510 417
7152 4014 45887081 1 1470 510 420
7127 3977 45887091 1 1470 510 415
7118 3922 45887101 1 1470 510 433
7118 3857 45887111 1 1480 500 450
7134 3767 45887121 1 1480 500 475
7175 3685 45887131 1 1480 500 492
7234 3609 45887141 1 1480 500 516
7332 3550 45887151 1 1470 510 539
7474 3514 45887161 1 1470 510 546
7645 3493 45887171 1 1470 510 548
7903 3517 45887181 1 1470 510 543
8226 3579 45887191 1 1460 520 514
8592 3667 45887201 1 1460 520 240
