128
4428 5041 72379365 0 1370 440 15
4428 5041 72379375 1 1370 440 51
4407 4967 72379385 1 1370 440 83
4399 4867 72379395 1 1370 440 108
4394 4702 72379405 1 1370 440 136
4394 4537 72379415 1 1370 440 168
4387 4341 72379425 1 1370 440 170
4387 4124 72379435 1 1370 440 178
4387 3924 72379445 1 1360 450 180
4387 3720 72379455 1 1360 450 176
4381 3558 72379465 1 1360 450 181
4381 3426 72379475 1 1350 450 176
4381 3289 72379485 1 1350 450 186
4397 3203 72379495 1 1340 460 104
4422 4350 72379606 0 1310 460 50
4444 4594 72379616 1 1310 460 55
4458 4667 72379626 1 1310 460 61
4471 4744 72379636 1 1320 460 63
4508 4828 72379646 1 1320 460 63
4567 4918 72379656 1 1330 450 70
4640 4992 72379666 1 1330 450 78
4719 5033 72379676 1 1340 460 86
4797 5053 72379686 1 1350 450 89
4863 5053 72379696 1 1350 450 101
4921 5019 72379706 1 1360 460 109
4979 4969 72379716 1 1370 450 95
5016 4888 72379726 1 1380 460 105
5040 4790 72379736 1 1380 460 117
5049 4682 72379746 1 1390 460 129
5033 4574 72379756 1 1390 460 130
5001 4448 72379766 1 1390 460 130
4948 4310 72379776 1 1400 470 129
4880 4187 72379786 1 1400 470 132
4803 4093 72379796 1 1400 470 130
4713 4019 72379806 1 1410 460 136
4646 3988 72379816 1 1410 460 134
4595 3988 72379826 1 1410 460 173
4562 4005 72379836 1 1410 460 191
4545 4027 72379846 1 1410 460 208
4539 4045 72379856 1 1410 460 207
4549 4055 72379866 1 1400 460 210
4564 4060 72379876 1 1400 460 213
4600 4048 72379886 1 1400 460 220
4647 4024 72379896 1 1400 460 211
4714 3980 72379906 1 1390 450 230
4789 3915 72379916 1 1390 450 247
4868 3836 72379926 1 1390 450 244
4948 3761 72379936 1 1400 460 274
5050 3688 72379946 1 1390 460 277
5166 3617 72379956 1 1390 460 297
5306 3540 72379966 1 1390 460 307
5426 3467 72379976 1 1390 460 316
5532 3402 72379986 1 1380 470 304
5631 3343 72379996 1 1390 470 310
5709 3306 72380006 1 1390 470 305
5773 3285 72380016 1 1390 470 317
5800 3274 72380026 1 1380 480 312
5800 3274 72380036 1 1380 480 244
5789 3307 72380046 1 1380 480 80
5965 3990 72380217 0 1400 480 10
5965 3990 72380227 1 1420 470 53
5937 3967 72380237 1 1420 470 78
5937 3957 72380247 1 1420 470 130
5937 3917 72380257 1 1420 470 172
5948 3859 72380267 1 1430 460 188
5958 3781 72380277 1 1440 470 207
5971 3700 72380287 1 1440 470 213
5983 3636 72380297 1 1430 480 218
5993 3585 72380307 1 1430 480 217
6001 3539 72380317 1 1430 480 217
6006 3510 72380327 1 1430 480 207
6012 3493 72380337 1 1430 490 100
5854 4429 72380437 0 1390 480 137
5876 4542 72380447 1 1390 480 156
5863 4570 72380457 1 1390 480 153
5863 4570 72380467 1 1400 480 161
5874 4556 72380477 1 1400 480 163
5887 4532 72380487 1 1400 480 170
5901 4506 72380497 1 1400 480 173
5919 4478 72380507 1 1420 470 172
5940 4450 72380517 1 1420 470 173
5965 4423 72380527 1 1430 480 168
5992 4397 72380537 1 1430 480 153
6021 4364 72380547 1 1440 470 94
6886 4311 72380687 0 1440 470 36
6893 4385 72380697 1 1440 470 55
6877 4391 72380707 1 1440 470 89
6860 4382 72380717 1 1440 470 101
6836 4356 72380727 1 1440 470 149
6806 4320 72380737 1 1440 470 168
6775 4268 72380747 1 1440 470 190
6745 4209 72380757 1 1440 470 211
6716 4137 72380767 1 1440 470 247
6689 4045 72380777 1 1440 470 262
6664 3941 72380787 1 1440 470 279
6657 3831 72380797 1 1440 470 309
6662 3723 72380807 1 1440 470 304
6699 3655 72380817 1 1440 470 324
6769 3614 72380827 1 1430 480 342
6862 3603 72380837 1 1440 480 339
6951 3616 72380847 1 1440 480 348
7058 3645 72380857 1 1440 480 353
7176 3694 72380867 1 1440 480 358
7313 3756 72380877 1 1440 480 358
7439 3827 72380887 1 1450 480 356
7558 3895 72380897 1 1450 480 358
7651 3961 72380907 1 1450 480 351
7717 4021 72380917 1 1450 480 349
7766 4077 72380927 1 1460 490 346
7771 4130 72380937 1 1460 490 339
7748 4177 72380947 1 1450 500 339
7706 4207 72380957 1 1450 500 344
7654 4226 72380967 1 1460 500 344
7602 4211 72380977 1 1460 500 348
7555 4176 72380987 1 1470 490 351
7511 4128 72380997 1 1470 490 358
7491 4075 72381007 1 1470 490 361
7491 4020 72381017 1 1470 490 366
7503 3963 72381027 1 1480 480 366
7537 3916 72381037 1 1480 480 394
7617 3875 72381047 1 1480 480 430
7728 3852 72381057 1 1480 480 448
7920 3842 72381067 1 1490 480 474
8118 3842 72381077 1 1500 480 473
8321 3842 72381087 1 1500 480 467
8544 3851 72381097 1 1500 480 465
8745 3856 72381107 1 1500 480 440
8931 3856 72381117 1 1510 480 272
