247
2401 6212 73331925 0 1400 510 143
2405 6337 73331935 1 1360 510 153
2370 6356 73331945 1 1330 520 153
2370 6331 73331955 1 1300 520 167
2370 6323 73331965 1 1300 520 216
2378 6314 73331975 1 1290 510 269
2383 6290 73331985 1 1300 510 309
2383 6257 73331995 1 1320 510 362
2390 6207 73332005 1 1330 510 415
2390 6121 73332015 1 1330 510 465
2397 6010 73332025 1 1330 510 514
2397 5834 73332035 1 1320 510 567
2389 5655 73332045 1 1320 510 619
2382 5474 73332055 1 1320 510 649
2373 5244 73332065 1 1300 520 688
2362 4998 73332075 1 1300 520 694
2362 4741 73332085 1 1290 520 691
2362 4543 73332095 1 1280 530 696
2362 4382 73332105 1 1270 530 696
2362 4246 73332115 1 1250 540 691
2362 4148 73332125 1 1240 540 696
2355 4104 73332135 1 1230 550 643
2355 4096 73332145 1 1210 550 527
2341 4152 73332155 1 1190 540 312
2266 4886 73332226 0 1130 560 117
2281 5000 73332236 1 1130 560 134
2281 5029 73332246 1 1130 560 213
2307 5058 73332256 1 1130 560 272
2341 5085 73332266 1 1130 560 338
2397 5110 73332276 1 1160 560 386
2479 5128 73332286 1 1160 560 427
2579 5145 73332296 1 1170 560 468
2713 5163 73332306 1 1170 560 498
2836 5188 73332316 1 1180 560 502
2952 5218 73332326 1 1180 560 501
3059 5249 73332336 1 1180 560 494
3142 5282 73332346 1 1200 550 453
3210 5316 73332356 1 1200 550 182
3273 6374 73332476 0 1240 530 160
3310 6466 73332486 1 1250 530 206
3310 6476 73332496 1 1270 520 249
3310 6455 73332506 1 1280 520 339
3305 6409 73332516 1 1280 520 428
3294 6319 73332526 1 1290 510 488
3279 6201 73332536 1 1290 510 566
3271 6041 73332546 1 1290 510 614
3262 5834 73332556 1 1300 510 658
3253 5596 73332566 1 1290 510 691
3244 5334 73332576 1 1290 510 730
3233 5031 73332586 1 1280 520 734
3221 4700 73332596 1 1280 530 742
3221 4466 73332606 1 1270 530 751
3221 4278 73332616 1 1250 540 749
3226 4121 73332626 1 1240 540 737
3239 4030 73332636 1 1230 550 665
3254 3996 73332646 1 1210 550 439
4432 4715 73332836 0 1200 520 103
4432 4715 73332846 1 1200 520 134
4432 4715 73332856 1 1210 520 191
4413 4743 73332866 1 1210 520 270
4403 4764 73332876 1 1210 520 349
4395 4787 73332886 1 1200 520 405
4390 4812 73332897 1 1200 520 443
4390 4839 73332907 1 1200 520 473
4390 4867 73332917 1 1200 520 478
4390 4894 73332927 1 1200 520 478
4390 4930 73332937 1 1200 520 480
4377 4973 73332947 1 1200 520 485
4361 5013 73332957 1 1200 520 483
4342 5050 73332967 1 1210 530 486
4317 5080 73332977 1 1210 530 491
4289 5101 73332987 1 1210 530 498
4263 5114 73332997 1 1220 530 504
4236 5120 73333007 1 1220 530 520
4210 5120 73333017 1 1220 530 521
4187 5094 73333027 1 1220 530 521
4157 5052 73333037 1 1220 530 538
4123 4974 73333047 1 1220 530 545
4087 4876 73333057 1 1230 520 560
4056 4764 73333067 1 1220 530 591
4034 4667 73333077 1 1220 530 617
4027 4591 73333087 1 1220 530 628
4027 4530 73333097 1 1210 520 639
4047 4489 73333107 1 1200 520 647
4068 4472 73333117 1 1200 520 662
4099 4472 73333127 1 1200 520 666
4139 4501 73333137 1 1180 530 667
4191 4560 73333147 1 1180 530 669
4249 4638 73333157 1 1180 530 666
4296 4726 73333167 1 1170 520 671
4336 4815 73333177 1 1170 520 662
4370 4904 73333187 1 1170 520 663
4397 4955 73333197 1 1170 520 663
4410 4979 73333207 1 1180 530 664
4410 4984 73333217 1 1180 530 666
4415 4984 73333227 1 1180 530 675
4422 4962 73333237 1 1180 530 690
4435 4929 73333247 1 1180 530 710
4452 4880 73333257 1 1180 530 736
4476 4818 73333267 1 1200 520 761
4516 4748 73333277 1 1210 530 759
4567 4695 73333287 1 1210 530 763
4627 4664 73333297 1 1210 530 762
4690 4647 73333307 1 1210 530 760
4754 4661 73333317 1 1210 530 755
4817 4702 73333327 1 1220 540 676
4874 4761 73333337 1 1220 540 548
5078 5246 73333417 0 1220 540 222
5088 5311 73333427 1 1230 550 269
5088 5324 73333437 1 1230 550 312
5074 5324 73333447 1 1230 550 322
5074 5324 73333457 1 1230 550 324
5069 5311 73333467 1 1230 550 339
5064 5290 73333477 1 1230 550 342
5058 5270 73333487 1 1240 540 341
5058 5250 73333497 1 1240 540 362
5058 5231 73333507 1 1240 540 407
5058 5207 73333517 1 1240 540 466
5064 5172 73333527 1 1240 540 517
5069 5119 73333537 1 1240 540 554
5074 5055 73333547 1 1240 540 583
5083 4989 73333557 1 1240 540 622
5093 4898 73333567 1 1240 540 646
5101 4790 73333577 1 1250 550 675
5096 4645 73333587 1 1240 550 690
5083 4448 73333597 1 1240 550 694
5045 4216 73333607 1 1240 550 699
5005 3987 73333617 1 1240 550 696
4963 3783 73333627 1 1220 560 702
4928 3596 73333637 1 1220 560 693
4896 3479 73333647 1 1210 560 691
4876 3416 73333657 1 1190 560 671
4863 3390 73333667 1 1180 570 512
4842 3404 73333677 1 1160 570 316
4844 4948 73333808 0 1150 550 66
4920 5039 73333818 1 1160 550 106
4957 5070 73333828 1 1170 540 149
5016 5099 73333838 1 1180 540 195
5090 5124 73333848 1 1180 540 254
5178 5146 73333858 1 1190 530 301
5263 5156 73333868 1 1210 530 344
5345 5149 73333878 1 1220 530 393
5413 5131 73333888 1 1220 530 442
5464 5096 73333898 1 1220 530 488
5503 5056 73333908 1 1240 530 524
5503 5006 73333918 1 1240 530 545
5465 4933 73333928 1 1240 530 592
5400 4845 73333938 1 1250 540 628
5308 4754 73333948 1 1250 540 639
5212 4690 73333958 1 1240 540 641
5114 4643 73333968 1 1240 540 638
5054 4623 73333978 1 1240 540 613
5026 4629 73333988 1 1230 550 433
5750 5113 73334218 0 1230 520 249
5750 5113 73334228 1 1220 510 244
5772 5162 73334238 1 1220 510 285
5808 5190 73334248 1 1220 510 317
5864 5190 73334258 1 1230 520 339
5918 5219 73334268 1 1230 520 371
5979 5272 73334278 1 1230 520 382
6053 5285 73334288 1 1230 520 396
6125 5280 73334298 1 1240 530 405
6195 5263 73334308 1 1240 530 450
6247 5211 73334318 1 1240 530 509
6277 5124 73334328 1 1250 540 562
6292 5014 73334338 1 1250 540 585
6283 4848 73334348 1 1260 540 627
6247 4652 73334358 1 1250 550 644
6193 4436 73334368 1 1250 550 663
6119 4183 73334378 1 1250 550 675
6043 3954 73334388 1 1250 550 685
5965 3742 73334398 1 1250 560 679
5910 3598 73334408 1 1250 560 681
5883 3521 73334418 1 1230 560 670
5875 3490 73334428 1 1220 570 633
5880 3490 73334439 1 1200 570 526
5890 3556 73334449 1 1190 580 316
6022 4713 73334529 0 1150 580 134
6060 4851 73334539 1 1160 570 168
6078 4892 73334549 1 1160 570 188
6113 4934 73334559 1 1180 570 242
6158 4973 73334569 1 1180 570 292
6212 5006 73334579 1 1190 560 324
6281 5016 73334589 1 1210 560 349
6360 5016 73334599 1 1220 560 396
6437 4999 73334609 1 1220 560 414
6502 4965 73334619 1 1240 550 456
6560 4919 73334629 1 1250 550 521
6594 4856 73334639 1 1250 550 548
6606 4791 73334649 1 1250 550 561
6606 4723 73334659 1 1260 540 572
6555 4651 73334669 1 1260 540 606
6478 4587 73334679 1 1250 550 641
6382 4529 73334689 1 1250 550 638
6288 4491 73334699 1 1250 550 636
6196 4474 73334709 1 1240 550 644
6131 4474 73334719 1 1240 550 625
6083 4488 73334729 1 1240 550 543
6077 4531 73334739 1 1220 560 388
6904 5165 73334839 0 1230 560 103
7014 5213 73334849 1 1250 560 168
7041 5221 73334859 1 1250 560 242
7060 5221 73334869 1 1260 570 322
7060 5221 73334879 1 1270 560 410
7060 5200 73334889 1 1270 560 466
7051 5167 73334899 1 1270 560 512
7037 5124 73334909 1 1300 560 562
7023 5069 73334919 1 1300 560 594
7014 4991 73334929 1 1300 560 638
7008 4898 73334939 1 1320 570 662
7008 4770 73334949 1 1310 570 675
7003 4655 73334959 1 1310 570 700
7003 4550 73334969 1 1310 570 699
7003 4467 73334979 1 1300 580 700
7017 4408 73334989 1 1300 580 705
7030 4364 73334999 1 1280 580 705
7044 4352 73335010 1 1280 580 707
7044 4352 73335020 1 1280 580 700
7093 4395 73335030 1 1270 590 694
7138 4467 73335040 1 1270 590 658
7191 4563 73335050 1 1270 590 595
7248 4674 73335060 1 1250 590 524
7312 4826 73335070 1 1250 590 467
7374 4968 73335080 1 1240 580 465
7431 5103 73335090 1 1240 580 469
7468 5185 73335100 1 1240 580 475
7491 5239 73335110 1 1240 580 512
7499 5275 73335120 1 1240 580 577
7499 5288 73335130 1 1260 580 611
7487 5296 73335140 1 1270 590 634
7474 5296 73335150 1 1270 590 637
7457 5270 73335160 1 1280 580 668
7438 5233 73335170 1 1280 580 685
7408 5172 73335180 1 1280 580 700
7375 5084 73335190 1 1300 580 719
7339 4979 73335200 1 1300 580 730
7297 4837 73335210 1 1300 580 721
7240 4662 73335220 1 1310 570 736
7172 4464 73335230 1 1300 580 737
7075 4181 73335240 1 1300 580 736
6973 3895 73335250 1 1300 580 755
6868 3607 73335260 1 1280 580 754
6772 3418 73335270 1 1270 590 763
6696 3253 73335280 1 1270 590 736
6633 3103 73335290 1 1250 590 693
6580 3005 73335300 1 1240 600 583
6534 2941 73335310 1 1220 600 312
