315
2182 5932 36785107 0 1190 680 173
2098 6083 36785117 1 1220 680 241
2081 6125 36785127 1 1220 670 269
2081 6134 36785137 1 1240 660 317
2106 6087 36785147 1 1240 660 392
2190 6004 36785157 1 1280 660 441
2311 5783 36785167 1 1280 660 473
2446 5500 36785177 1 1300 660 472
2559 5175 36785187 1 1310 670 486
2658 4805 36785197 1 1310 670 532
2631 4434 36785207 1 1310 670 561
2528 4099 36785217 1 1330 670 592
2374 3789 36785227 1 1310 680 599
2213 3542 36785237 1 1310 680 602
2061 3393 36785247 1 1290 680 605
1914 3310 36785257 1 1270 690 567
1837 3317 36785267 1 1250 700 512
1820 3421 36785277 1 1220 700 250
3039 5821 36785387 0 1110 710 690
3292 6010 36785397 1 1120 700 710
3313 6104 36785407 1 1150 690 707
3260 6202 36785417 1 1190 680 697
3277 6221 36785427 1 1220 670 696
3385 6274 36785437 1 1240 660 696
3554 6349 36785447 1 1280 660 694
3799 6478 36785457 1 1300 660 697
4018 6572 36785467 1 1320 650 663
4219 6644 36785477 1 1320 650 646
4365 6692 36785487 1 1330 650 645
4451 6710 36785497 1 1350 640 636
4496 6710 36785507 1 1350 640 639
4521 6681 36785517 1 1370 650 639
4533 6598 36785527 1 1370 650 644
4533 6476 36785537 1 1370 650 652
4567 6297 36785547 1 1380 650 661
4621 6075 36785557 1 1380 650 679
4691 5825 36785567 1 1390 670 716
4769 5547 36785577 1 1390 670 743
4817 5189 36785587 1 1390 670 774
4844 4779 36785597 1 1390 680 785
4844 4395 36785607 1 1370 690 829
4820 3998 36785617 1 1350 690 858
4788 3592 36785627 1 1330 700 896
4759 3276 36785637 1 1330 710 926
4718 2985 36785647 1 1300 720 941
4668 2710 36785657 1 1250 730 934
4616 2498 36785667 1 1220 740 947
4564 2358 36785677 1 1190 740 940
4509 2267 36785687 1 1130 750 909
4452 2234 36785697 1 1090 750 818
4366 2271 36785707 1 1060 750 694
4243 2355 36785717 1 1020 760 363
2964 4991 36785808 0 960 710 724
3227 5362 36785818 1 990 710 727
3284 5554 36785828 1 1010 710 721
3452 5693 36785838 1 1040 690 731
3693 5797 36785848 1 1070 700 722
3923 5878 36785858 1 1100 700 685
4100 5908 36785868 1 1120 700 489
4242 5903 36785878 1 1150 690 277
4275 5826 36785888 1 1170 690 115
4193 5689 36785898 1 1190 680 104
4033 5512 36785908 1 1220 680 272
3854 5318 36785918 1 1230 690 543
3719 5196 36785928 1 1230 690 717
3612 5122 36785938 1 1250 680 754
3612 5115 36785948 1 1270 690 763
3612 5130 36785958 1 1270 690 760
3695 5160 36785968 1 1270 690 734
3826 5266 36785978 1 1270 690 688
3926 5381 36785988 1 1270 690 512
3747 6093 36786048 0 1270 690 384
3775 5822 36786058 1 1270 690 433
3775 5634 36786068 1 1270 690 444
3762 5428 36786078 1 1290 680 443
3730 5167 36786088 1 1290 680 449
3676 4955 36786098 1 1290 680 438
3620 4775 36786108 1 1270 690 414
3562 4678 36786118 1 1270 690 361
3500 4631 36786128 1 1270 690 156
3500 4631 36786148 0 1250 700 56
3309 4625 36786158 1 1250 700 217
3278 4599 36786168 1 1220 700 317
3304 4527 36786178 1 1220 700 373
3357 4416 36786188 1 1200 710 388
3443 4279 36786198 1 1170 710 441
3538 4168 36786208 1 1170 710 472
3639 4117 36786218 1 1150 710 491
3700 4106 36786228 1 1150 710 522
3724 4124 36786238 1 1120 720 536
3724 4188 36786248 1 1120 720 537
3686 4283 36786258 1 1090 720 546
3638 4390 36786268 1 1090 720 527
3583 4521 36786278 1 1080 710 532
3556 4667 36786288 1 1080 710 536
3583 4772 36786298 1 1080 710 540
3647 4835 36786308 1 1090 720 556
3793 4870 36786318 1 1090 720 565
3959 4838 36786328 1 1090 720 554
4137 4751 36786339 1 1120 720 548
4276 4627 36786349 1 1120 720 548
4321 4501 36786359 1 1120 720 563
4304 4347 36786369 1 1120 720 614
4191 4175 36786379 1 1120 720 684
4051 4013 36786389 1 1120 720 728
3893 3907 36786399 1 1120 720 748
3762 3839 36786409 1 1130 730 737
3687 3839 36786419 1 1130 730 646
3648 3897 36786429 1 1130 730 415
5863 6034 36786589 0 1070 670 519
5713 5910 36786599 1 1070 670 672
5628 5910 36786609 1 1080 660 699
5534 5885 36786619 1 1080 660 690
5507 5840 36786629 1 1100 650 693
5566 5794 36786639 1 1100 650 694
5683 5794 36786649 1 1100 650 687
5904 5820 36786659 1 1130 650 685
6113 5887 36786669 1 1130 650 690
6315 5971 36786679 1 1150 650 687
6506 6066 36786689 1 1160 660 685
6640 6162 36786699 1 1180 650 640
6736 6238 36786709 1 1210 660 507
6775 6300 36786719 1 1220 670 153
6212 6756 36786779 0 1330 690 399
6005 6784 36786789 1 1350 680 667
5984 6702 36786799 1 1350 680 687
5937 6612 36786809 1 1350 680 684
5894 6290 36786819 1 1350 680 675
5880 5939 36786829 1 1370 670 670
5885 5570 36786839 1 1350 680 678
5898 5325 36786849 1 1350 680 690
5904 5151 36786859 1 1350 680 690
5904 5024 36786869 1 1330 690 707
5904 4987 36786879 1 1330 690 724
5911 4987 36786889 1 1310 690 742
5945 5013 36786899 1 1310 690 754
5998 5075 36786909 1 1290 700 763
6093 5174 36786919 1 1280 710 761
6226 5297 36786929 1 1260 720 749
6383 5419 36786939 1 1260 720 700
6503 5492 36786949 1 1230 720 638
6523 5532 36786959 1 1210 730 645
6475 5484 36786969 1 1210 730 636
6335 5341 36786979 1 1180 730 636
6167 5136 36786989 1 1180 730 652
5981 4918 36786999 1 1180 730 670
5842 4719 36787009 1 1180 730 690
5742 4532 36787020 1 1180 730 694
5667 4422 36787030 1 1150 740 694
5647 4371 36787040 1 1150 740 646
5639 4359 36787050 1 1150 740 488
5332 4419 36787090 0 1100 730 538
5148 4435 36787100 1 1060 720 584
5116 4392 36787110 1 1060 720 585
5111 4267 36787120 1 1060 720 613
5157 4090 36787130 1 1050 710 659
5236 3851 36787140 1 1020 720 697
5331 3597 36787150 1 1020 720 746
5407 3334 36787160 1 990 710 770
5471 3121 36787170 1 990 710 782
5528 3007 36787180 1 960 710 780
5576 2958 36787190 1 960 710 776
5618 2978 36787200 1 930 710 762
5655 3045 36787210 1 930 710 759
5685 3144 36787220 1 900 710 756
5709 3275 36787230 1 900 710 742
5735 3434 36787240 1 900 710 691
5751 3613 36787250 1 900 710 667
5759 3839 36787260 1 900 710 658
5759 4028 36787270 1 900 720 667
5759 4192 36787280 1 900 720 671
5769 4201 36787290 1 900 720 669
5791 4180 36787300 1 900 720 691
5877 4138 36787310 1 900 720 700
6038 4071 36787320 1 900 720 711
6248 4037 36787330 1 930 730 710
6532 4025 36787340 1 930 730 708
6821 4025 36787350 1 970 730 705
7112 4013 36787360 1 970 740 668
7313 3931 36787370 1 970 750 728
7431 3803 36787380 1 1020 760 779
7494 3578 36787390 1 1030 770 839
7468 3342 36787400 1 1030 770 906
7407 3098 36787410 1 1040 780 983
7323 2860 36787420 1 1040 780 1012
7253 2706 36787430 1 1000 790 1012
7213 2608 36787440 1 1000 790 982
7194 2617 36787450 1 1010 800 929
7210 2732 36787460 1 960 800 717
9260 7079 36787731 0 1510 660 700
9184 6834 36787741 1 1510 660 719
9136 6730 36787751 1 1510 660 717
9082 6496 36787761 1 1510 660 694
9064 6226 36787771 1 1510 660 671
9078 5933 36787781 1 1480 670 631
9113 5773 36787791 1 1480 670 595
9128 5695 36787801 1 1460 670 574
9122 5673 36787811 1 1450 680 499
9101 5673 36787821 1 1450 680 292
8710 5964 36787871 0 1350 720 212
8573 6020 36787881 1 1350 720 324
8506 6001 36787891 1 1350 720 348
8423 5969 36787901 1 1350 720 377
8364 5932 36787911 1 1350 720 450
8337 5892 36787921 1 1330 710 514
8332 5892 36787931 1 1330 710 543
8338 5892 36787941 1 1330 710 599
8377 5868 36787951 1 1310 710 637
8439 5834 36787961 1 1310 710 659
8542 5772 36787971 1 1330 700 662
8689 5698 36787981 1 1330 700 661
8865 5616 36787991 1 1310 690 656
9085 5579 36788001 1 1310 690 644
9311 5589 36788011 1 1290 700 572
9541 5630 36788021 1 1310 710 474
9737 5688 36788031 1 1310 710 367
9870 5753 36788041 1 1280 710 267
9960 5823 36788051 1 1300 720 103
9976 5873 36788061 1 1280 720 55
9958 5924 36788071 1 1300 730 146
9918 5975 36788081 1 1300 730 209
9857 6008 36788091 1 1300 730 274
9783 6008 36788101 1 1320 740 344
9701 5977 36788111 1 1300 750 399
9627 5913 36788121 1 1300 750 450
9587 5865 36788131 1 1320 750 504
9570 5829 36788141 1 1320 750 542
9597 5807 36788151 1 1350 750 560
9693 5807 36788161 1 1350 750 565
9835 5821 36788171 1 1350 750 554
10009 5866 36788181 1 1350 750 489
10137 5906 36788191 1 1350 750 425
10234 5924 36788201 1 1380 740 423
10273 5929 36788211 1 1380 740 415
10282 5918 36788221 1 1400 730 443
10270 5905 36788231 1 1430 740 518
10270 5900 36788241 1 1430 740 540
10270 5900 36788251 1 1450 730 538
10270 5900 36788261 1 1450 730 526
10270 5900 36788271 1 1480 740 507
10275 5891 36788281 1 1480 740 472
10270 5882 36788291 1 1480 740 461
10261 5867 36788301 1 1510 740 405
10231 5845 36788311 1 1510 740 304
10191 5820 36788321 1 1510 740 213
10145 5793 36788331 1 1510 740 193
9188 5019 36788442 0 1270 750 650
9131 4885 36788452 1 1270 750 637
9074 4839 36788462 1 1230 760 633
9088 4790 36788472 1 1210 750 641
9148 4806 36788482 1 1210 750 649
9322 4866 36788492 1 1210 750 650
9567 4968 36788502 1 1210 750 646
9860 5064 36788512 1 1210 750 588
10109 5156 36788522 1 1230 760 418
10226 5196 36788532 1 1230 760 314
10255 5196 36788542 1 1260 770 307
10194 5166 36788552 1 1260 770 304
10052 5113 36788562 1 1290 770 297
9855 5060 36788572 1 1290 770 304
9663 5011 36788582 1 1350 770 349
9496 4979 36788592 1 1350 770 386
9345 4955 36788602 1 1350 770 441
9246 4921 36788612 1 1380 780 477
9206 4882 36788622 1 1380 780 491
9206 4821 36788632 1 1380 780 514
9258 4748 36788642 1 1380 780 522
9345 4686 36788652 1 1380 780 522
9454 4645 36788662 1 1380 780 522
9556 4618 36788672 1 1380 780 492
9637 4623 36788682 1 1380 780 393
9704 4647 36788692 1 1320 780 296
9737 4683 36788702 1 1320 780 277
9743 4732 36788712 1 1290 770 292
9730 4788 36788722 1 1290 770 342
9730 4849 36788732 1 1290 770 394
9767 4875 36788742 1 1260 770 430
9825 4866 36788752 1 1260 770 441
9933 4833 36788762 1 1290 770 436
10047 4764 36788772 1 1290 770 382
10131 4702 36788782 1 1290 770 254
8738 4112 36788902 0 1290 760 532
8698 4020 36788912 1 1290 760 562
8823 4025 36788922 1 1270 750 562
9014 4025 36788932 1 1270 750 561
9300 4042 36788942 1 1270 750 559
9625 4072 36788952 1 1270 750 486
9976 4080 36788962 1 1270 750 317
10218 4086 36788972 1 1290 760 222
10362 4086 36788993 1 1290 760 176
10440 4078 36789003 1 1290 760 175
10451 4078 36789013 1 1320 770 205
10423 4087 36789023 1 1320 770 215
10370 4094 36789033 1 1350 770 193
10300 4112 36789043 1 1380 780 81
9632 6435 36789173 0 1500 760 53
9585 6310 36789183 1 1490 750 137
9568 6209 36789193 1 1510 740 254
9561 6080 36789203 1 1510 740 379
9561 5834 36789213 1 1520 730 546
9561 5510 36789223 1 1520 730 624
9567 4990 36789233 1 1520 730 638
9579 4355 36789243 1 1520 730 668
9596 3644 36789253 1 1550 740 691
9628 3077 36789263 1 1550 740 796
9671 2609 36789273 1 1540 740 833
9704 2206 36789283 1 1520 750 875
9714 1839 36789293 1 1440 770 906
9709 1569 36789303 1 1410 770 902
9675 1365 36789313 1 1350 790 893
9635 1228 36789323 1 1270 800 894
9591 1126 36789333 1 1160 810 857
9549 1048 36789343 1 1040 820 771
9509 1026 36789353 1 900 820 589
9469 1054 36789363 1 760 820 89
