139
2622 5947 36832775 0 1290 770 605
2548 6004 36832785 1 1270 750 610
2518 6011 36832795 1 1260 720 627
2508 5983 36832805 1 1250 680 642
2508 5674 36832815 1 1280 660 644
2559 5168 36832825 1 1280 650 644
2669 4530 36832835 1 1290 640 639
2819 3920 36832845 1 1270 630 620
3033 3523 36832855 1 1270 620 613
3162 3268 36832865 1 1260 610 620
3233 3193 36832875 1 1260 600 624
3247 3166 36832885 1 1250 600 614
3228 3171 36832895 1 1250 600 427
3186 3204 36832905 1 1250 600 61
2082 5640 36833006 0 1200 650 594
1922 5685 36833016 1 1200 650 637
1829 5795 36833026 1 1220 650 650
1789 5848 36833036 1 1240 640 637
1832 5864 36833046 1 1250 640 643
1930 5956 36833056 1 1270 630 649
2200 6108 36833066 1 1290 630 647
2564 6300 36833076 1 1300 620 655
2991 6495 36833086 1 1340 610 650
3480 6595 36833096 1 1360 610 649
3962 6631 36833106 1 1380 600 656
4440 6485 36833116 1 1390 600 650
4782 6237 36833126 1 1420 590 650
4959 5921 36833136 1 1420 590 656
5025 5604 36833146 1 1420 590 661
4998 5263 36833156 1 1440 600 668
4838 4905 36833166 1 1440 600 697
4588 4487 36833176 1 1440 600 760
4272 4067 36833186 1 1420 610 790
3913 3647 36833196 1 1420 610 821
3524 3228 36833206 1 1410 610 848
3211 2910 36833216 1 1400 620 866
2996 2723 36833226 1 1380 630 869
2846 2624 36833236 1 1370 630 854
2808 2613 36833246 1 1350 640 758
2856 2705 36833256 1 1330 650 566
2961 2865 36833266 1 1320 650 239
5888 4207 36833376 0 1200 650 661
5965 4548 36833386 1 1200 650 667
5849 4749 36833396 1 1220 650 667
5665 4761 36833406 1 1220 650 687
5492 4652 36833416 1 1220 650 688
5319 4462 36833426 1 1240 640 691
5147 4165 36833436 1 1240 640 716
5017 3865 36833446 1 1240 640 727
4958 3651 36833456 1 1220 650 746
4947 3495 36833466 1 1230 650 755
4974 3451 36833476 1 1230 650 758
5043 3456 36833486 1 1210 660 752
5140 3493 36833496 1 1210 660 742
5292 3651 36833506 1 1210 660 707
5457 3856 36833516 1 1210 660 619
5630 4093 36833526 1 1220 670 544
5791 4320 36833536 1 1220 670 537
5898 4440 36833546 1 1220 670 546
5969 4488 36833556 1 1200 670 578
5979 4403 36833566 1 1200 670 616
5962 4219 36833576 1 1200 670 662
5928 3969 36833586 1 1200 670 731
5943 3779 36833596 1 1200 670 768
5964 3650 36833607 1 1200 670 790
5995 3561 36833617 1 1200 670 780
6053 3540 36833627 1 1220 680 767
6129 3576 36833637 1 1220 680 703
6215 3651 36833647 1 1220 680 510
6491 4293 36833707 0 1230 690 342
6665 4309 36833717 1 1220 680 396
6749 4225 36833727 1 1230 690 448
6834 4102 36833737 1 1230 690 491
6911 3947 36833747 1 1230 690 512
6949 3757 36833757 1 1230 690 540
6960 3543 36833767 1 1230 690 619
6926 3383 36833777 1 1230 690 678
6880 3293 36833787 1 1250 700 757
6825 3251 36833797 1 1250 700 812
6806 3257 36833807 1 1220 700 829
6814 3293 36833817 1 1220 700 817
6841 3350 36833827 1 1210 690 819
6923 3473 36833837 1 1180 700 817
7045 3662 36833847 1 1180 700 817
7193 3895 36833857 1 1200 710 719
7357 4193 36833867 1 1170 710 193
7301 5244 36833987 0 1270 690 885
7512 5344 36833997 1 1290 680 876
7496 5373 36834007 1 1310 680 864
7529 5351 36834017 1 1350 680 793
7649 5276 36834027 1 1350 680 592
7682 4754 36834107 0 1390 680 410
7555 4374 36834117 1 1390 680 756
7531 4198 36834127 1 1390 680 780
7418 4038 36834137 1 1370 690 777
7361 3713 36834147 1 1370 690 784
7342 3493 36834157 1 1370 690 773
7363 3344 36834167 1 1350 690 763
7400 3269 36834177 1 1330 700 733
7448 3269 36834187 1 1330 700 711
7512 3328 36834197 1 1310 710 700
7625 3465 36834207 1 1310 710 616
7770 3618 36834217 1 1280 710 417
8002 3783 36834227 1 1280 710 81
8689 4182 36834268 0 1280 720 276
8969 4280 36834278 1 1280 720 435
8996 4291 36834288 1 1280 720 514
8965 4291 36834298 1 1280 720 580
8896 4234 36834308 1 1280 720 639
8732 4144 36834318 1 1280 720 664
8525 3971 36834328 1 1300 720 743
8289 3750 36834338 1 1300 720 827
8098 3498 36834348 1 1280 720 860
8000 3356 36834358 1 1280 720 873
7963 3302 36834368 1 1300 730 875
8002 3302 36834378 1 1300 730 869
8129 3390 36834388 1 1270 740 855
8315 3514 36834398 1 1270 740 827
8501 3665 36834408 1 1250 730 767
8631 3791 36834418 1 1250 730 697
8723 3927 36834428 1 1250 730 664
8789 4070 36834438 1 1220 740 586
8851 4275 36834448 1 1220 740 422
9289 6585 36834508 0 1350 720 673
9269 6556 36834518 1 1370 710 675
9212 6525 36834528 1 1410 700 690
9130 6297 36834538 1 1450 700 694
9077 5938 36834548 1 1470 690 737
9067 5447 36834558 1 1490 690 796
9086 4896 36834568 1 1510 680 851
9152 4305 36834578 1 1510 680 881
9215 3807 36834588 1 1530 690 918
9276 3462 36834598 1 1530 690 976
9311 3218 36834608 1 1530 690 1008
9294 3062 36834618 1 1540 700 1015
9242 2968 36834628 1 1530 710 1011
9181 2915 36834638 1 1510 720 986
9122 2921 36834648 1 1490 730 902
9066 2965 36834658 1 1480 740 690
