212
2478 5824 65655637 0 1380 500 376
2518 5863 65655647 1 1370 510 396
2512 5868 65655657 1 1370 510 407
2525 5842 65655667 1 1350 520 412
2550 5789 65655677 1 1350 520 440
2576 5718 65655687 1 1340 520 491
2598 5569 65655697 1 1300 530 545
2612 5375 65655707 1 1290 530 613
2620 5151 65655717 1 1280 540 671
2615 4851 65655727 1 1260 540 705
2605 4566 65655737 1 1240 540 751
2592 4292 65655747 1 1240 540 780
2592 4023 65655757 1 1240 540 793
2592 3823 65655767 1 1230 550 799
2592 3669 65655777 1 1230 550 805
2600 3574 65655787 1 1210 550 806
2600 3521 65655797 1 1200 550 803
2600 3497 65655807 1 1180 560 773
2595 3497 65655817 1 1170 560 665
2561 3573 65655827 1 1160 560 545
2511 3690 65655837 1 1160 560 392
2451 3887 65655847 1 1140 570 338
2389 4112 65655857 1 1140 570 344
2332 4357 65655867 1 1130 570 228
2079 5478 65655928 0 1140 570 153
1993 5742 65655938 1 1160 560 203
1977 5848 65655948 1 1170 560 257
1977 5904 65655958 1 1180 560 306
1977 5926 65655968 1 1210 550 322
1977 5939 65655978 1 1230 550 330
1985 5948 65655988 1 1240 540 336
2036 5948 65655998 1 1250 540 361
2114 5948 65656008 1 1270 530 374
2226 5948 65656018 1 1280 530 398
2370 5931 65656028 1 1290 520 407
2535 5913 65656038 1 1300 520 430
2743 5893 65656048 1 1320 510 455
2951 5870 65656058 1 1320 510 474
3160 5827 65656068 1 1330 510 478
3375 5772 65656078 1 1330 510 496
3579 5695 65656088 1 1330 510 491
3776 5614 65656098 1 1330 510 515
3918 5526 65656108 1 1330 510 546
4030 5436 65656118 1 1330 510 567
4121 5322 65656128 1 1320 510 580
4168 5193 65656138 1 1320 510 605
4154 5051 65656148 1 1300 520 641
4100 4877 65656158 1 1300 520 671
3990 4683 65656168 1 1290 520 700
3841 4490 65656178 1 1290 520 722
3665 4285 65656188 1 1270 520 727
3470 4086 65656198 1 1250 530 733
3294 3896 65656208 1 1250 530 731
3130 3752 65656218 1 1240 530 731
2985 3675 65656228 1 1240 530 725
2884 3642 65656238 1 1230 530 720
2813 3654 65656248 1 1220 540 703
2774 3694 65656258 1 1220 540 628
2769 3753 65656268 1 1220 540 496
2786 3849 65656278 1 1220 540 142
4653 4476 65656398 0 1220 530 88
4875 4428 65656408 1 1220 530 101
4918 4452 65656418 1 1220 530 91
4946 4452 65656428 1 1230 520 158
4955 4433 65656438 1 1240 530 279
4950 4433 65656448 1 1240 530 358
4938 4433 65656458 1 1240 530 415
4913 4438 65656468 1 1240 530 485
4880 4458 65656478 1 1230 530 509
4840 4495 65656489 1 1230 530 513
4800 4544 65656499 1 1230 530 519
4755 4614 65656509 1 1240 540 526
4706 4689 65656519 1 1240 540 535
4665 4767 65656529 1 1240 540 543
4627 4837 65656539 1 1240 540 539
4593 4878 65656549 1 1240 540 546
4563 4900 65656559 1 1240 540 556
4536 4895 65656569 1 1240 530 554
4508 4841 65656579 1 1240 530 559
4472 4754 65656589 1 1240 530 570
4431 4626 65656599 1 1230 520 572
4391 4468 65656609 1 1240 520 594
4365 4291 65656619 1 1240 520 617
4349 4117 65656629 1 1230 510 634
4341 3978 65656639 1 1230 510 645
4353 3862 65656649 1 1230 510 649
4378 3792 65656659 1 1230 510 665
4409 3757 65656669 1 1220 500 699
4442 3745 65656679 1 1210 510 728
4483 3772 65656689 1 1210 510 725
4535 3851 65656699 1 1210 510 727
4599 3966 65656709 1 1200 510 728
4670 4089 65656719 1 1210 520 725
4736 4221 65656729 1 1210 520 721
4792 4358 65656739 1 1210 520 721
4841 4457 65656749 1 1210 520 721
4867 4514 65656759 1 1210 520 721
4880 4543 65656769 1 1220 530 721
4880 4543 65656779 1 1220 530 720
4885 4543 65656789 1 1220 530 721
4885 4510 65656789 1 1220 530 728
4895 4455 65656799 1 1220 530 736
4906 4369 65656809 1 1220 530 742
4928 4282 65656819 1 1220 530 749
4957 4206 65656829 1 1220 530 760
5006 4139 65656839 1 1230 530 761
5067 4092 65656849 1 1230 530 760
5141 4062 65656859 1 1230 530 758
5219 4043 65656869 1 1230 530 731
5295 4056 65656879 1 1230 530 694
5368 4093 65656889 1 1230 530 544
5440 4145 65656899 1 1230 530 188
5655 4549 65656959 0 1230 530 149
5655 4698 65656969 1 1230 530 287
5639 4735 65656979 1 1240 530 404
5622 4751 65656989 1 1240 530 473
5607 4758 65656999 1 1240 530 522
5596 4758 65657009 1 1240 530 541
5588 4733 65657019 1 1240 530 588
5582 4690 65657029 1 1240 530 645
5582 4607 65657039 1 1240 530 676
5588 4498 65657049 1 1240 530 711
5604 4373 65657059 1 1240 530 725
5625 4221 65657069 1 1240 530 750
5657 4097 65657079 1 1240 530 788
5697 3992 65657089 1 1240 530 814
5746 3928 65657099 1 1250 540 831
5795 3891 65657109 1 1250 540 867
5842 3873 65657119 1 1250 540 878
5884 3892 65657129 1 1260 540 905
5924 3945 65657139 1 1260 540 896
5972 4020 65657149 1 1260 540 899
6023 4134 65657159 1 1260 540 899
6080 4280 65657169 1 1260 540 894
6143 4448 65657179 1 1260 560 872
6211 4565 65657189 1 1260 560 821
6255 4643 65657199 1 1260 560 708
6282 4694 65657209 1 1260 560 491
6478 5256 65657340 0 1280 540 368
6488 5295 65657350 1 1290 530 389
6488 5320 65657360 1 1290 530 444
6488 5320 65657370 1 1290 530 491
6488 5320 65657380 1 1300 530 556
6497 5285 65657390 1 1300 530 619
6505 5227 65657400 1 1300 530 659
6512 5146 65657410 1 1310 520 676
6512 5060 65657420 1 1310 520 676
6512 4967 65657430 1 1310 520 669
6521 4872 65657440 1 1310 520 644
6529 4781 65657450 1 1310 520 507
6524 4528 65657500 0 1290 530 98
6524 4444 65657510 1 1290 530 264
6519 4396 65657520 1 1290 530 368
6510 4343 65657530 1 1280 540 468
6501 4285 65657540 1 1280 540 589
6501 4219 65657550 1 1280 540 663
6493 4149 65657560 1 1280 540 746
6493 4079 65657570 1 1260 540 794
6493 3983 65657580 1 1260 540 829
6493 3887 65657590 1 1260 540 822
6493 3794 65657600 1 1250 550 824
6506 3704 65657610 1 1250 550 827
6519 3660 65657620 1 1250 550 817
6535 3640 65657630 1 1250 550 784
6548 3640 65657640 1 1240 550 690
6560 3657 65657650 1 1240 550 491
7547 4573 65657820 0 1280 540 78
7547 4573 65657830 1 1280 540 196
7547 4573 65657840 1 1260 540 307
7509 4577 65657850 1 1260 540 392
7487 4594 65657860 1 1260 540 448
7463 4616 65657870 1 1260 540 472
7438 4648 65657880 1 1260 540 491
7412 4690 65657890 1 1260 540 494
7386 4739 65657900 1 1260 540 510
7362 4775 65657910 1 1260 540 513
7339 4805 65657920 1 1260 540 521
7318 4814 65657930 1 1260 540 526
7302 4814 65657940 1 1260 540 529
7272 4767 65657950 1 1260 540 540
7232 4687 65657960 1 1270 550 564
7188 4583 65657970 1 1290 550 595
7144 4435 65657980 1 1290 550 628
7099 4270 65657990 1 1290 550 664
7064 4094 65658000 1 1290 550 707
7052 3957 65658010 1 1290 550 734
7052 3862 65658020 1 1290 550 758
7085 3795 65658030 1 1300 550 771
7137 3766 65658040 1 1300 550 779
7203 3798 65658050 1 1310 550 742
7291 3870 65658060 1 1310 550 628
7380 3975 65658070 1 1310 550 369
7705 6028 65658221 0 1360 510 149
7705 6028 65658231 1 1370 510 160
7663 6036 65658241 1 1370 510 221
7658 5994 65658251 1 1380 500 316
7652 5929 65658261 1 1400 500 387
7642 5812 65658271 1 1400 500 474
7630 5662 65658281 1 1400 500 550
7621 5491 65658291 1 1390 480 620
7613 5234 65658301 1 1390 480 668
7605 4934 65658311 1 1380 490 722
7594 4605 65658321 1 1400 500 790
7581 4287 65658331 1 1400 500 840
7568 3962 65658341 1 1380 500 878
7557 3632 65658351 1 1370 510 912
7557 3406 65658361 1 1360 510 932
7557 3208 65658371 1 1350 520 933
7567 3029 65658381 1 1330 530 932
7581 2931 65658391 1 1310 540 870
7596 2893 65658401 1 1300 540 728
7616 2893 65658411 1 1290 550 242
