195
2381 4939 72663474 0 1410 500 17
2365 5005 72663484 1 1420 490 30
2365 5005 72663494 1 1420 490 36
2365 5005 72663504 1 1420 490 63
2386 4967 72663514 1 1430 490 93
2412 4914 72663524 1 1430 490 144
2452 4804 72663534 1 1430 490 173
2499 4673 72663544 1 1430 490 195
2559 4527 72663554 1 1430 490 221
2628 4331 72663564 1 1430 490 253
2703 4118 72663574 1 1430 490 255
2765 3894 72663584 1 1430 490 274
2817 3665 72663594 1 1420 490 307
2875 3446 72663604 1 1420 490 305
2927 3236 72663614 1 1420 490 310
2976 3049 72663624 1 1420 500 315
3033 2881 72663634 1 1420 500 329
3083 2740 72663644 1 1410 510 339
3128 2633 72663654 1 1410 510 342
3170 2548 72663664 1 1400 520 340
3194 2483 72663674 1 1390 520 339
3205 2435 72663684 1 1370 530 335
3205 2398 72663694 1 1370 530 314
3181 2378 72663704 1 1360 540 42
2195 4099 72663824 0 1330 530 187
2149 4099 72663834 1 1330 530 176
2101 4154 72663844 1 1330 530 185
2077 4162 72663854 1 1340 520 190
2068 4162 72663864 1 1340 520 191
2039 4156 72663874 1 1350 520 193
1984 4141 72663884 1 1350 520 196
1911 4124 72663894 1 1360 520 193
1819 4109 72663904 1 1370 520 191
1697 4109 72663914 1 1370 520 196
1556 4109 72663924 1 1370 520 200
1412 4140 72663934 1 1360 510 213
1298 4197 72663944 1 1360 510 249
1204 4274 72663954 1 1350 510 262
1173 4374 72663964 1 1350 510 275
1209 4488 72663974 1 1350 510 275
1289 4612 72663984 1 1340 500 277
1421 4733 72663994 1 1340 500 277
1595 4872 72664004 1 1340 500 279
1798 5024 72664015 1 1340 500 284
2003 5158 72664025 1 1340 500 285
2250 5290 72664035 1 1350 500 273
2524 5420 72664045 1 1350 500 273
2802 5504 72664055 1 1350 500 277
3064 5557 72664065 1 1350 500 282
3314 5557 72664075 1 1360 490 287
3560 5487 72664085 1 1360 490 287
3754 5373 72664095 1 1370 500 291
3880 5203 72664105 1 1370 500 297
3961 4980 72664115 1 1380 500 309
4011 4722 72664125 1 1400 500 316
4011 4451 72664135 1 1410 500 319
3982 4141 72664145 1 1420 500 334
3898 3805 72664155 1 1420 500 351
3754 3494 72664165 1 1420 500 373
3571 3183 72664175 1 1420 500 388
3349 2870 72664185 1 1420 500 423
3115 2590 72664195 1 1420 500 435
2874 2332 72664205 1 1420 500 453
2663 2094 72664215 1 1420 500 465
2484 1903 72664225 1 1410 510 480
2327 1743 72664235 1 1410 510 478
2223 1625 72664245 1 1410 510 485
2153 1567 72664255 1 1400 520 478
2105 1548 72664265 1 1390 520 470
2080 1548 72664275 1 1400 530 353
2080 1606 72664285 1 1400 530 24
4701 3695 72664505 0 1360 480 173
4668 3733 72664515 1 1360 480 177
4611 3778 72664525 1 1360 480 180
4561 3814 72664535 1 1370 480 186
4509 3848 72664545 1 1370 480 187
4456 3890 72664555 1 1370 480 176
4402 3940 72664565 1 1380 490 212
4349 3949 72664575 1 1380 490 216
4298 3917 72664585 1 1380 490 225
4247 3859 72664595 1 1380 490 239
4191 3728 72664605 1 1370 500 251
4132 3597 72664615 1 1370 500 242
4090 3467 72664625 1 1370 500 245
4054 3323 72664635 1 1370 500 245
4039 3211 72664645 1 1370 500 250
4039 3120 72664655 1 1370 500 257
4055 3072 72664665 1 1370 500 284
4094 3054 72664675 1 1360 500 301
4148 3054 72664685 1 1360 500 317
4227 3101 72664695 1 1360 500 304
4309 3192 72664705 1 1350 510 307
4395 3314 72664715 1 1350 510 307
4483 3460 72664725 1 1350 510 310
4560 3573 72664735 1 1340 510 309
4630 3663 72664745 1 1340 510 310
4677 3706 72664755 1 1340 510 309
4701 3706 72664765 1 1340 510 312
4709 3682 72664775 1 1340 510 317
4725 3626 72664785 1 1340 510 327
4742 3552 72664796 1 1340 510 337
4762 3465 72664806 1 1340 510 334
4789 3385 72664816 1 1340 510 354
4825 3308 72664826 1 1350 520 371
4873 3233 72664836 1 1340 520 371
4928 3175 72664846 1 1340 520 371
4986 3134 72664856 1 1340 520 356
5037 3104 72664866 1 1340 520 242
5441 3944 72665046 0 1360 500 67
5447 3990 72665056 1 1360 500 50
5447 3990 72665066 1 1360 500 80
5457 3951 72665076 1 1370 500 134
5470 3890 72665086 1 1380 500 191
5483 3770 72665096 1 1380 500 235
5497 3650 72665106 1 1370 510 269
5512 3535 72665116 1 1370 510 279
5535 3430 72665126 1 1370 510 309
5564 3329 72665136 1 1360 510 327
5597 3252 72665146 1 1360 510 356
5636 3208 72665156 1 1350 520 399
5691 3185 72665166 1 1350 520 418
5756 3195 72665176 1 1360 520 440
5836 3259 72665186 1 1350 530 448
5912 3358 72665196 1 1350 530 453
5984 3480 72665206 1 1350 530 453
6057 3602 72665216 1 1350 540 455
6123 3711 72665226 1 1350 540 441
6185 3811 72665236 1 1350 540 346
6236 3888 72665246 1 1350 540 163
6494 4135 72665337 0 1370 540 222
6575 4146 72665347 1 1370 540 219
6584 4132 72665357 1 1370 540 244
6577 4090 72665367 1 1370 540 294
6566 4010 72665377 1 1390 540 341
6552 3905 72665387 1 1390 540 396
6539 3773 72665397 1 1390 540 423
6525 3641 72665407 1 1390 540 431
6513 3514 72665417 1 1400 540 438
6503 3391 72665427 1 1400 540 441
6496 3268 72665437 1 1390 550 441
6502 3178 72665447 1 1390 550 436
6515 3110 72665457 1 1390 550 417
6525 3071 72665467 1 1380 550 314
6162 4658 72665597 0 1340 550 216
6140 4611 72665607 1 1350 540 253
6129 4639 72665617 1 1350 540 254
6124 4639 72665627 1 1350 540 242
6142 4628 72665637 1 1360 540 259
6174 4614 72665647 1 1360 540 284
6216 4600 72665657 1 1360 540 277
6270 4583 72665667 1 1370 530 279
6331 4564 72665677 1 1370 530 279
6391 4546 72665687 1 1370 530 270
6447 4529 72665697 1 1390 520 146
7702 3916 72665847 0 1390 540 1
7702 3916 72665857 1 1400 540 29
7680 3959 72665867 1 1410 530 81
7628 3986 72665877 1 1410 530 136
7569 4018 72665887 1 1420 540 181
7516 4034 72665897 1 1420 540 216
7464 4023 72665907 1 1420 540 242
7415 3995 72665917 1 1420 540 277
7366 3933 72665927 1 1420 540 317
7318 3833 72665937 1 1420 540 346
7275 3707 72665947 1 1420 540 366
7251 3588 72665957 1 1410 550 371
7241 3476 72665967 1 1410 550 364
7241 3368 72665977 1 1410 550 367
7265 3278 72665987 1 1400 550 366
7299 3237 72665997 1 1400 550 371
7349 3229 72666007 1 1400 550 366
7418 3285 72666017 1 1390 560 359
7500 3420 72666027 1 1390 560 343
7601 3607 72666037 1 1380 570 345
7702 3849 72666047 1 1380 570 334
7788 4113 72666057 1 1380 570 312
7863 4392 72666067 1 1380 570 267
7905 4642 72666077 1 1380 570 221
7917 4865 72666087 1 1380 570 213
7910 5069 72666097 1 1380 570 213
7900 5218 72666107 1 1380 570 223
7890 5300 72666117 1 1390 560 251
7890 5338 72666127 1 1400 560 242
7890 5296 72666137 1 1410 560 282
7915 5186 72666147 1 1410 560 324
7932 5030 72666157 1 1430 550 361
7946 4787 72666167 1 1430 550 397
7965 4546 72666177 1 1440 560 425
8001 4307 72666187 1 1450 550 442
8048 4054 72666197 1 1450 550 466
8121 3789 72666207 1 1450 550 469
8212 3515 72666217 1 1440 560 469
8314 3260 72666227 1 1450 560 439
8433 3003 72666237 1 1450 560 344
8555 2767 72666247 1 1440 570 81
