228
2599 5870 65661796 0 1220 450 280
2629 5887 65661806 1 1210 460 296
2597 5895 65661816 1 1220 460 306
2605 5890 65661826 1 1240 480 314
2619 5839 65661836 1 1250 480 366
2643 5762 65661846 1 1260 490 417
2672 5644 65661856 1 1270 500 465
2707 5471 65661866 1 1280 520 509
2736 5261 65661876 1 1290 520 562
2761 5030 65661886 1 1300 530 630
2784 4794 65661896 1 1290 530 687
2794 4555 65661906 1 1290 530 710
2794 4344 65661916 1 1280 540 725
2794 4155 65661926 1 1280 540 728
2794 3980 65661936 1 1260 540 728
2800 3813 65661946 1 1260 540 725
2800 3728 65661956 1 1250 550 725
2789 3698 65661966 1 1240 550 722
2781 3703 65661976 1 1220 560 641
2752 3777 65661986 1 1210 560 504
2700 3898 65661996 1 1190 560 228
2142 5640 65662087 0 1170 560 180
2068 5936 65662097 1 1170 560 218
2036 6055 65662107 1 1180 560 214
2004 6160 65662117 1 1200 550 226
2012 6255 65662127 1 1210 550 251
2020 6318 65662137 1 1230 550 245
2058 6359 65662147 1 1240 540 267
2117 6415 65662157 1 1250 540 289
2209 6459 65662167 1 1270 530 314
2351 6471 65662177 1 1280 530 317
2526 6465 65662187 1 1290 520 304
2751 6423 65662197 1 1300 520 309
2977 6359 65662207 1 1300 520 312
3204 6280 65662217 1 1320 510 315
3429 6196 65662227 1 1320 510 324
3655 6107 65662237 1 1320 510 338
3847 6011 65662247 1 1330 510 398
4017 5902 65662257 1 1330 510 427
4157 5784 65662267 1 1330 510 461
4248 5671 65662277 1 1330 510 488
4305 5531 65662287 1 1320 510 529
4305 5374 65662297 1 1320 510 569
4258 5195 65662307 1 1320 510 614
4172 5000 65662317 1 1320 510 641
4029 4794 65662327 1 1300 520 655
3862 4604 65662337 1 1290 510 666
3680 4427 65662347 1 1280 520 678
3488 4260 65662357 1 1280 520 684
3311 4123 65662367 1 1270 520 688
3164 4033 65662377 1 1270 520 681
3033 3974 65662387 1 1250 530 678
2955 3963 65662397 1 1240 520 673
2910 3971 65662407 1 1230 520 647
2886 3992 65662417 1 1230 520 554
2893 4036 65662427 1 1230 520 381
4544 4658 65662527 0 1230 510 158
4904 4671 65662537 1 1230 510 177
5002 4671 65662547 1 1230 510 184
5070 4671 65662557 1 1220 510 190
5140 4680 65662567 1 1220 510 205
5189 4694 65662577 1 1220 510 257
5225 4706 65662587 1 1230 520 356
5234 4718 65662597 1 1230 520 399
5224 4748 65662607 1 1230 520 414
5200 4791 65662617 1 1220 530 435
5170 4854 65662627 1 1220 530 447
5133 4922 65662637 1 1220 530 474
5092 4994 65662647 1 1230 530 477
5062 5030 65662657 1 1230 530 478
5034 5073 65662667 1 1230 530 485
5008 5122 65662677 1 1230 530 491
4983 5138 65662687 1 1230 530 512
4959 5149 65662697 1 1230 530 515
4934 5137 65662707 1 1240 530 521
4905 5111 65662717 1 1240 530 530
4873 5033 65662727 1 1240 530 544
4839 4913 65662737 1 1250 530 554
4807 4765 65662747 1 1250 530 578
4779 4626 65662757 1 1250 530 599
4756 4491 65662767 1 1270 520 609
4743 4358 65662777 1 1260 510 619
4754 4252 65662787 1 1240 520 614
4780 4191 65662797 1 1240 520 620
4808 4159 65662807 1 1240 520 641
4836 4152 65662817 1 1230 520 647
4868 4192 65662827 1 1230 520 656
4907 4263 65662837 1 1230 520 656
4951 4367 65662847 1 1220 530 650
4994 4480 65662857 1 1220 530 652
5034 4599 65662867 1 1220 530 650
5071 4700 65662877 1 1220 530 650
5106 4763 65662887 1 1220 530 655
5124 4801 65662897 1 1220 530 653
5136 4807 65662907 1 1220 530 664
5143 4793 65662917 1 1220 530 662
5177 4767 65662927 1 1220 530 679
5216 4718 65662937 1 1220 530 697
5260 4657 65662947 1 1220 530 696
5304 4587 65662957 1 1230 520 699
5350 4522 65662967 1 1230 520 697
5396 4468 65662977 1 1230 520 697
5443 4421 65662987 1 1230 520 699
5488 4395 65662997 1 1230 520 679
5526 4395 65663007 1 1240 530 561
5559 4406 65663017 1 1240 530 41
5717 4946 65663078 0 1240 530 168
5760 5050 65663088 1 1240 530 274
5751 5066 65663098 1 1240 530 344
5751 5066 65663108 1 1240 530 428
5744 5066 65663118 1 1240 530 458
5744 5036 65663128 1 1250 530 533
5744 4985 65663138 1 1250 530 570
5751 4879 65663148 1 1250 530 606
5773 4760 65663158 1 1270 520 633
5806 4633 65663168 1 1270 520 655
5840 4516 65663178 1 1280 530 678
5875 4413 65663188 1 1280 530 705
5916 4320 65663198 1 1280 530 720
5963 4264 65663208 1 1270 530 754
6013 4238 65663218 1 1270 530 777
6065 4233 65663228 1 1270 530 784
6119 4259 65663238 1 1260 540 797
6174 4325 65663248 1 1260 540 799
6229 4417 65663258 1 1260 540 800
6284 4543 65663268 1 1260 540 796
6341 4693 65663278 1 1250 550 788
6395 4860 65663288 1 1260 560 793
6446 4998 65663298 1 1260 560 760
6483 5077 65663308 1 1260 560 700
6509 5117 65663318 1 1270 550 566
6528 5137 65663328 1 1270 550 405
6555 5137 65663338 1 1270 550 107
6728 4999 65663398 0 1290 530 105
6779 4930 65663408 1 1290 530 195
6798 4906 65663418 1 1300 530 302
6816 4881 65663428 1 1300 530 413
6824 4854 65663438 1 1300 530 504
6824 4804 65663448 1 1310 520 574
6811 4740 65663458 1 1300 530 630
6793 4676 65663468 1 1300 530 659
6771 4605 65663478 1 1300 530 673
6749 4535 65663488 1 1290 530 666
6729 4467 65663498 1 1290 530 663
6715 4401 65663508 1 1290 530 670
6710 4356 65663518 1 1280 540 667
6710 4326 65663528 1 1280 540 671
6721 4326 65663538 1 1280 540 656
6737 4370 65663548 1 1260 540 628
6760 4439 65663558 1 1260 540 543
6781 4536 65663568 1 1260 540 415
6793 4668 65663578 1 1240 540 381
6800 4824 65663588 1 1240 540 386
6814 5004 65663598 1 1240 540 398
6833 5146 65663608 1 1250 550 409
6854 5263 65663618 1 1250 550 447
6873 5339 65663628 1 1250 550 514
6884 5383 65663638 1 1260 560 538
6895 5407 65663648 1 1270 550 544
6907 5413 65663658 1 1270 550 544
6939 5413 65663668 1 1290 560 538
6976 5396 65663678 1 1300 550 533
7024 5368 65663688 1 1300 550 526
7079 5334 65663698 1 1310 560 510
7152 5300 65663708 1 1320 550 452
7235 5248 65663718 1 1320 550 312
7326 5185 65663728 1 1340 560 1
7804 4929 65663799 0 1340 550 61
7865 4884 65663809 1 1340 550 141
7896 4864 65663819 1 1350 540 203
7925 4849 65663829 1 1350 540 274
7952 4838 65663839 1 1350 540 334
7972 4828 65663849 1 1350 540 399
7987 4821 65663859 1 1350 540 444
7999 4821 65663869 1 1350 540 477
8004 4815 65663879 1 1350 540 542
8004 4815 65663889 1 1350 540 591
8004 4815 65663899 1 1360 550 594
7993 4839 65663909 1 1360 550 588
7973 4875 65663919 1 1360 550 589
7944 4921 65663929 1 1370 540 588
7909 4967 65663939 1 1370 540 591
7863 4996 65663949 1 1370 540 591
7809 5015 65663959 1 1370 540 588
7759 5023 65663969 1 1370 540 591
7710 5012 65663979 1 1370 540 595
7662 4989 65663989 1 1370 540 592
7616 4943 65663999 1 1370 540 599
7573 4868 65664009 1 1360 540 603
7540 4775 65664019 1 1350 540 613
7514 4673 65664029 1 1350 540 619
7504 4571 65664039 1 1350 540 622
7504 4468 65664049 1 1330 540 633
7518 4389 65664059 1 1330 540 639
7541 4325 65664069 1 1330 540 636
7577 4298 65664079 1 1300 540 650
7623 4315 65664089 1 1300 540 653
7685 4361 65664099 1 1290 530 655
7757 4451 65664109 1 1280 540 655
7827 4558 65664119 1 1280 540 646
7886 4677 65664129 1 1270 530 641
7937 4832 65664139 1 1280 540 644
7978 5006 65664149 1 1280 540 625
8019 5192 65664159 1 1280 540 613
8060 5383 65664169 1 1280 540 619
8089 5571 65664179 1 1290 550 614
8111 5728 65664189 1 1290 550 609
8125 5865 65664199 1 1290 550 614
8139 6004 65664209 1 1300 540 613
8139 6098 65664219 1 1330 540 619
8127 6162 65664229 1 1340 540 614
8111 6199 65664240 1 1350 530 617
8111 6199 65664250 1 1350 530 624
8084 6213 65664260 1 1370 530 627
8071 6173 65664270 1 1390 520 634
8053 6076 65664280 1 1400 520 636
8031 5940 65664290 1 1400 520 656
8025 5751 65664300 1 1410 510 678
8025 5556 65664310 1 1410 510 697
8025 5299 65664320 1 1410 510 725
8025 5004 65664330 1 1410 510 750
8036 4739 65664340 1 1410 510 797
8054 4527 65664350 1 1400 520 827
8070 4351 65664360 1 1400 520 832
8085 4179 65664370 1 1390 520 829
8100 4047 65664380 1 1370 530 820
8116 3943 65664390 1 1360 540 790
8132 3890 65664400 1 1350 540 655
