194
2663 6000 46369195 0 1350 620 144
2673 6066 46369205 1 1360 600 148
2644 6088 46369215 1 1390 560 149
2633 6101 46369225 1 1370 540 155
2633 6065 46369235 1 1360 510 161
2641 5973 46369245 1 1360 500 186
2654 5843 46369255 1 1370 480 211
2680 5665 46369265 1 1380 480 269
2718 5420 46369275 1 1380 480 289
2764 5130 46369285 1 1390 470 296
2816 4751 46369295 1 1390 480 309
2861 4394 46369305 1 1390 480 325
2900 4051 46369315 1 1390 480 340
2931 3720 46369325 1 1400 500 338
2962 3484 46369335 1 1400 500 344
2993 3311 46369345 1 1410 500 349
3011 3170 46369355 1 1400 510 349
3020 3107 46369365 1 1400 510 349
3020 3095 46369375 1 1380 510 294
3020 3122 46369385 1 1370 520 101
2459 5274 46369485 0 1340 510 259
2415 5427 46369495 1 1340 510 282
2354 5479 46369505 1 1340 510 276
2268 5523 46369515 1 1350 510 274
2186 5504 46369525 1 1360 510 274
2066 5446 46369535 1 1370 510 274
1921 5361 46369545 1 1370 510 273
1768 5275 46369555 1 1380 500 287
1591 5203 46369565 1 1380 500 276
1398 5141 46369575 1 1370 500 277
1224 5108 46369585 1 1380 490 281
1052 5108 46369595 1 1380 490 282
932 5135 46369605 1 1370 480 282
844 5197 46369615 1 1370 480 284
821 5290 46369625 1 1370 480 281
858 5404 46369635 1 1360 480 281
934 5536 46369645 1 1360 480 279
1085 5667 46369656 1 1350 470 277
1280 5801 46369666 1 1350 470 279
1505 5958 46369676 1 1350 470 277
1774 6130 46369686 1 1350 460 281
2045 6271 46369696 1 1350 460 287
2350 6374 46369706 1 1360 460 286
2677 6452 46369716 1 1370 460 287
2923 6447 46369726 1 1380 470 289
3136 6359 46369736 1 1390 460 287
3326 6216 46369746 1 1400 470 291
3464 6033 46369756 1 1420 470 289
3563 5813 46369766 1 1440 470 292
3635 5569 46369776 1 1440 470 311
3655 5258 46369786 1 1450 470 315
3621 4915 46369796 1 1450 470 337
3551 4550 46369806 1 1460 480 344
3437 4178 46369816 1 1470 480 349
3278 3810 46369826 1 1470 480 353
3090 3498 46369836 1 1470 480 356
2883 3224 46369846 1 1470 480 356
2661 2985 46369856 1 1460 490 356
2430 2810 46369866 1 1460 490 353
2221 2678 46369876 1 1450 500 349
2016 2642 46369886 1 1450 500 344
1883 2650 46369896 1 1440 500 329
1795 2688 46369906 1 1440 500 184
4863 4355 46370156 0 1380 460 267
4820 4330 46370166 1 1390 460 260
4743 4452 46370176 1 1380 470 269
4684 4505 46370186 1 1380 470 267
4638 4553 46370196 1 1380 470 270
4584 4600 46370206 1 1360 470 274
4532 4649 46370216 1 1360 470 279
4480 4669 46370226 1 1370 470 292
4436 4649 46370236 1 1360 480 307
4392 4603 46370246 1 1360 480 309
4336 4472 46370256 1 1360 480 319
4272 4272 46370266 1 1360 480 325
4211 4027 46370276 1 1360 480 329
4156 3803 46370286 1 1360 480 332
4131 3627 46370296 1 1350 490 337
4125 3483 46370306 1 1350 490 344
4154 3392 46370316 1 1350 490 349
4210 3344 46370326 1 1350 490 369
4284 3325 46370336 1 1340 490 369
4376 3359 46370346 1 1340 490 372
4473 3445 46370356 1 1340 490 377
4579 3565 46370366 1 1340 490 376
4685 3711 46370376 1 1340 490 374
4789 3875 46370386 1 1340 490 381
4863 4051 46370396 1 1350 500 381
4920 4190 46370406 1 1350 500 386
4959 4295 46370416 1 1340 500 387
4976 4377 46370426 1 1340 500 386
4976 4387 46370436 1 1340 500 386
4966 4373 46370446 1 1340 500 391
4966 4342 46370456 1 1350 510 399
4982 4268 46370466 1 1350 510 404
5002 4150 46370476 1 1360 500 422
5029 4003 46370486 1 1360 500 422
5067 3865 46370496 1 1370 510 425
5123 3744 46370506 1 1380 500 425
5189 3635 46370516 1 1380 500 417
5264 3547 46370526 1 1380 510 384
5342 3478 46370536 1 1380 510 242
5914 4315 46370717 0 1380 500 219
5850 4378 46370727 1 1380 500 213
5820 4408 46370737 1 1380 500 222
5799 4439 46370747 1 1400 500 222
5807 4426 46370757 1 1400 500 216
5834 4363 46370767 1 1400 500 235
5865 4268 46370777 1 1400 500 249
5901 4140 46370787 1 1400 500 284
5937 4013 46370797 1 1400 500 301
5972 3885 46370807 1 1400 500 317
6008 3779 46370817 1 1410 500 344
6044 3688 46370827 1 1410 500 366
6084 3642 46370837 1 1400 510 388
6126 3622 46370847 1 1400 510 417
6173 3622 46370857 1 1400 510 449
6227 3647 46370867 1 1400 510 448
6292 3715 46370877 1 1400 510 453
6365 3811 46370887 1 1410 510 453
6443 3925 46370897 1 1410 510 452
6520 4037 46370907 1 1400 520 447
6589 4145 46370917 1 1400 520 433
6652 4250 46370927 1 1400 520 371
6703 4356 46370937 1 1400 520 249
6749 4429 46370947 1 1400 520 56
7002 4399 46371078 0 1420 520 41
7047 4478 46371088 1 1420 520 80
7060 4512 46371098 1 1420 520 91
7069 4505 46371108 1 1420 520 179
7076 4455 46371118 1 1430 520 247
7085 4376 46371128 1 1430 520 289
7077 4223 46371138 1 1430 520 309
7056 4056 46371148 1 1430 520 320
7032 3879 46371158 1 1450 530 325
7010 3702 46371168 1 1450 530 329
6992 3574 46371178 1 1450 530 329
6979 3479 46371188 1 1430 530 327
6972 3402 46371198 1 1450 540 320
6972 3353 46371208 1 1450 540 244
6963 5353 46371328 0 1400 540 208
6980 5513 46371338 1 1400 530 211
6971 5539 46371348 1 1400 530 211
6950 5556 46371358 1 1410 520 219
6964 5530 46371368 1 1410 520 246
6980 5487 46371378 1 1420 520 257
7001 5432 46371388 1 1420 520 272
7024 5370 46371398 1 1440 510 282
7050 5312 46371408 1 1440 510 284
7079 5257 46371418 1 1450 510 282
7113 5201 46371428 1 1470 510 264
7165 5150 46371438 1 1470 510 117
8100 4256 46371588 0 1480 500 94
8205 4217 46371598 1 1480 500 217
8193 4260 46371608 1 1480 500 211
8132 4298 46371618 1 1470 510 221
8103 4326 46371628 1 1470 510 240
8067 4349 46371638 1 1470 510 250
8027 4349 46371648 1 1470 510 284
7979 4343 46371658 1 1470 510 299
7928 4292 46371658 1 1470 510 315
7874 4186 46371668 1 1470 510 339
7805 4044 46371678 1 1480 510 336
7739 3850 46371688 1 1470 520 338
7705 3702 46371698 1 1470 520 339
7692 3586 46371708 1 1470 520 344
7699 3519 46371718 1 1460 530 344
7734 3489 46371728 1 1460 530 351
7787 3484 46371738 1 1460 530 356
7871 3530 46371748 1 1460 530 353
7972 3654 46371758 1 1450 540 327
8085 3831 46371768 1 1450 540 287
8204 4070 46371778 1 1450 540 241
8321 4341 46371788 1 1440 540 206
8413 4634 46371798 1 1420 540 191
8487 4934 46371808 1 1440 540 178
8530 5233 46371818 1 1440 540 180
8564 5528 46371828 1 1440 540 198
8592 5763 46371838 1 1440 540 233
8625 5958 46371848 1 1440 540 262
8653 6077 46371858 1 1440 540 285
8664 6123 46371868 1 1460 540 282
8664 6123 46371878 1 1460 540 284
8664 6089 46371888 1 1470 530 273
8674 5995 46371898 1 1470 530 282
8674 5860 46371908 1 1480 530 302
8674 5620 46371918 1 1480 530 325
8674 5309 46371928 1 1480 530 339
8674 4950 46371939 1 1490 520 353
8679 4592 46371949 1 1490 520 366
8707 4240 46371959 1 1490 520 368
8752 3892 46371969 1 1480 530 361
8808 3539 46371979 1 1480 530 307
8885 3197 46371989 1 1480 530 105
