107
1514 5788 341130 0 1290 520 48
1470 5655 341140 1 1270 510 136
1434 5597 341150 1 1250 510 233
1408 5564 341160 1 1220 500 319
1385 5549 341170 1 1210 490 394
1368 5561 341180 1 1190 480 400
1352 5598 341190 1 1180 480 430
1334 5653 341200 1 1180 480 470
1320 5749 341210 1 1180 480 512
1311 5909 341220 1 1170 470 557
1326 6113 341230 1 1180 460 584
1356 6336 341240 1 1190 460 592
1430 6599 341250 1 1190 450 595
1561 6888 341260 1 1210 460 605
1729 7183 341270 1 1230 450 603
1903 7415 341280 1 1250 450 608
2074 7604 341290 1 1280 450 603
2242 7709 341300 1 1300 460 595
2346 7741 341310 1 1320 460 591
2418 7724 341320 1 1330 450 597
2469 7662 341330 1 1340 460 609
2474 7555 341340 1 1360 460 620
2427 7418 341350 1 1360 460 616
2345 7280 341360 1 1360 460 622
2234 7141 341370 1 1360 460 647
2103 7003 341380 1 1350 450 658
1958 6888 341390 1 1340 460 667
1830 6788 341400 1 1340 460 664
1729 6745 341410 1 1340 460 675
1647 6737 341420 1 1340 460 669
1608 6753 341430 1 1320 460 610
1631 6781 341440 1 1320 460 491
1694 6831 341450 1 1320 460 276
2066 5800 341591 0 1250 460 207
2021 5612 341601 1 1250 460 287
2021 5581 341611 1 1240 470 368
2029 5567 341621 1 1240 470 453
2071 5577 341631 1 1230 470 519
2157 5640 341641 1 1230 470 559
2271 5738 341651 1 1240 480 575
2404 5889 341661 1 1240 480 595
2553 6064 341671 1 1240 480 597
2713 6256 341681 1 1250 470 609
2795 6358 341691 1 1250 470 616
2833 6475 341701 1 1260 470 627
2842 6603 341711 1 1260 470 641
2810 6637 341721 1 1260 470 645
2742 6637 341731 1 1270 460 641
2651 6615 341741 1 1270 460 661
2527 6538 341751 1 1270 460 682
2423 6411 341761 1 1290 460 717
2331 6250 341771 1 1290 460 748
2286 6095 341781 1 1290 460 770
2300 5966 341791 1 1290 460 787
2352 5854 341801 1 1300 460 790
2447 5806 341811 1 1300 460 808
2586 5806 341821 1 1290 460 814
2754 5850 341831 1 1290 460 754
2897 5933 341841 1 1290 460 594
3031 6015 341851 1 1300 470 177
3425 6774 341981 0 1270 440 279
3354 6795 341991 1 1280 430 387
3296 6795 342001 1 1290 440 518
3229 6795 342011 1 1290 440 622
3195 6784 342021 1 1290 440 668
3202 6784 342031 1 1300 450 691
3237 6813 342041 1 1300 450 714
3362 6855 342051 1 1300 450 720
3534 6917 342061 1 1310 450 737
3737 6950 342071 1 1320 450 745
3864 6963 342081 1 1330 450 691
3951 6958 342091 1 1330 450 586
4012 6950 342101 1 1340 450 410
4030 6938 342111 1 1340 450 94
3838 7197 342172 0 1350 450 160
3801 7259 342182 1 1350 450 245
3787 7248 342192 1 1360 450 405
3773 7196 342202 1 1360 450 536
3762 7102 342212 1 1360 450 634
3739 6980 342222 1 1350 440 690
3708 6810 342232 1 1350 440 720
3661 6644 342242 1 1350 440 761
3614 6481 342252 1 1330 440 777
3590 6296 342262 1 1320 450 791
3580 6120 342272 1 1320 450 803
3611 5987 342282 1 1310 450 809
3695 5881 342292 1 1300 460 823
3813 5849 342302 1 1300 460 821
3973 5889 342312 1 1310 460 824
4156 5977 342322 1 1300 470 822
4355 6074 342332 1 1300 470 814
4529 6195 342342 1 1310 470 796
4667 6332 342352 1 1310 470 784
4782 6459 342362 1 1300 480 793
4819 6539 342372 1 1310 480 790
4798 6588 342382 1 1310 480 785
4737 6631 342392 1 1310 480 785
4637 6631 342402 1 1310 480 805
4528 6603 342412 1 1310 480 825
4413 6500 342422 1 1310 480 864
4297 6340 342432 1 1310 480 876
4234 6142 342442 1 1300 480 899
4207 5969 342452 1 1300 480 899
4253 5855 342462 1 1310 470 912
4362 5780 342472 1 1300 480 915
4513 5760 342482 1 1280 470 836
4734 5815 342492 1 1300 480 544
