114
2605 3365 368840 0 1140 460 232
2605 3365 368850 1 1140 460 314
2504 3208 368860 1 1140 460 481
2481 3171 368870 1 1150 470 645
2459 3148 368880 1 1160 470 717
2449 3148 368890 1 1170 480 746
2449 3213 368900 1 1170 480 785
2436 3318 368910 1 1180 480 817
2436 3485 368920 1 1180 480 825
2447 3685 368930 1 1190 470 849
2463 3906 368940 1 1190 470 863
2524 4171 368950 1 1200 470 863
2615 4467 368960 1 1220 470 867
2761 4785 368970 1 1230 470 861
2941 5105 368980 1 1250 460 860
3143 5374 368990 1 1260 460 861
3357 5608 369000 1 1300 460 858
3555 5751 369010 1 1310 450 853
3742 5819 369020 1 1320 450 867
3848 5836 369030 1 1330 440 861
3915 5789 369040 1 1340 440 869
3957 5711 369050 1 1350 440 860
3950 5612 369060 1 1360 440 869
3889 5467 369070 1 1360 440 876
3791 5304 369080 1 1360 440 879
3669 5130 369090 1 1350 440 885
3540 4987 369100 1 1350 440 894
3406 4878 369110 1 1340 450 903
3296 4793 369120 1 1340 450 897
3189 4765 369130 1 1340 450 909
3089 4777 369140 1 1320 450 903
3022 4815 369150 1 1320 450 872
2976 4867 369160 1 1320 450 782
2989 4917 369170 1 1320 450 617
3059 4962 369180 1 1320 450 296
3537 3591 369341 0 1250 440 516
3530 3410 369351 1 1240 460 524
3530 3384 369361 1 1240 460 561
3524 3399 369371 1 1240 470 614
3543 3375 369381 1 1230 470 673
3594 3381 369391 1 1230 470 733
3665 3406 369401 1 1230 470 754
3780 3491 369411 1 1230 470 767
3894 3608 369421 1 1230 470 788
4007 3746 369431 1 1240 470 787
4109 3892 369441 1 1240 470 799
4165 4014 369451 1 1250 460 824
4190 4080 369461 1 1250 460 822
4149 4118 369471 1 1260 460 846
4069 4141 369481 1 1290 460 857
3962 4118 369491 1 1290 460 885
3863 4065 369501 1 1300 460 894
3768 3974 369511 1 1300 460 917
3696 3857 369521 1 1300 460 930
3637 3724 369531 1 1300 460 938
3637 3634 369541 1 1300 460 947
3697 3567 369551 1 1290 460 937
3795 3515 369561 1 1290 460 935
3914 3495 369571 1 1260 460 869
4059 3500 369581 1 1250 460 761
4220 3522 369591 1 1250 460 535
4369 3550 369601 1 1230 460 18
4886 4161 369691 0 1300 470 652
4886 4161 369701 1 1310 460 746
4692 4141 369711 1 1310 460 809
4676 4135 369721 1 1310 460 824
4700 4135 369731 1 1320 460 858
4790 4142 369741 1 1320 460 863
4913 4163 369751 1 1320 460 881
5057 4193 369761 1 1320 460 858
5211 4220 369771 1 1330 460 817
5333 4246 369781 1 1330 460 724
5434 4276 369791 1 1330 460 551
5487 4310 369801 1 1340 470 237
5464 4456 369851 0 1350 470 49
5389 4594 369861 1 1350 470 211
5362 4656 369871 1 1350 470 394
5346 4679 369881 1 1350 470 515
5338 4679 369891 1 1350 470 586
5328 4669 369901 1 1350 470 681
5309 4620 369911 1 1350 470 748
5283 4538 369921 1 1340 470 802
5244 4435 369931 1 1340 470 845
5183 4274 369941 1 1340 470 885
5106 4106 369951 1 1340 470 924
5047 3926 369961 1 1340 470 948
5034 3735 369971 1 1330 470 943
5051 3588 369981 1 1330 470 949
5116 3470 369991 1 1330 470 961
5226 3373 370001 1 1320 480 968
5366 3322 370011 1 1320 480 979
5505 3302 370021 1 1320 490 983
5670 3339 370031 1 1320 490 983
5851 3405 370041 1 1300 500 979
5978 3491 370051 1 1320 500 976
6105 3588 370061 1 1320 500 974
6211 3681 370071 1 1320 500 973
6303 3765 370081 1 1330 510 976
6351 3841 370091 1 1340 500 976
6357 3913 370101 1 1350 510 976
6335 3954 370111 1 1360 500 980
6291 3990 370121 1 1360 500 982
6228 3995 370131 1 1370 500 997
6153 3981 370141 1 1370 500 987
6078 3924 370151 1 1380 490 993
6006 3822 370161 1 1380 490 999
5964 3690 370171 1 1380 490 1021
5940 3569 370181 1 1370 500 1023
5983 3448 370191 1 1370 500 1023
6073 3356 370201 1 1360 490 1023
6193 3284 370211 1 1350 500 1023
6378 3270 370221 1 1350 500 999
6566 3305 370231 1 1340 500 863
6752 3374 370241 1 1350 510 509
