190
5572 7760 345847 0 1350 470 537
5730 7651 345857 1 1350 470 536
5768 7683 345867 1 1370 470 580
5747 7511 345877 1 1370 470 597
5732 7204 345887 1 1370 470 630
5721 6916 345897 1 1370 470 682
5721 6636 345907 1 1360 480 724
5728 6362 345917 1 1350 490 728
5736 6058 345927 1 1340 490 736
5754 5803 345937 1 1330 500 727
5782 5580 345947 1 1300 500 682
5817 5492 345957 1 1280 500 546
5855 5483 345967 1 1270 510 58
5037 6415 346057 0 1220 470 633
4982 6305 346067 1 1240 480 636
4937 6264 346077 1 1250 470 638
4912 6249 346087 1 1260 470 658
4957 6136 346097 1 1260 470 679
5045 6058 346107 1 1280 470 700
5161 6003 346117 1 1270 480 694
5361 5964 346127 1 1270 480 656
5610 5973 346137 1 1280 480 539
5892 6013 346147 1 1270 490 358
6144 6122 346157 1 1270 490 160
6385 6265 346167 1 1280 490 101
6618 6431 346177 1 1270 500 177
6730 6534 346187 1 1280 500 349
6765 6572 346197 1 1280 500 477
6749 6566 346207 1 1290 510 561
6699 6538 346217 1 1290 510 620
6605 6459 346227 1 1290 510 658
6482 6346 346237 1 1290 510 690
6314 6208 346247 1 1300 510 728
6123 6041 346257 1 1300 510 745
5917 5854 346267 1 1290 510 776
5713 5644 346277 1 1290 510 794
5527 5429 346287 1 1270 510 802
5354 5204 346297 1 1260 510 797
5284 5068 346307 1 1260 510 787
5305 4992 346317 1 1230 510 785
5386 4975 346327 1 1220 510 736
5530 5027 346337 1 1210 520 682
5702 5126 346347 1 1190 510 644
5893 5262 346357 1 1170 520 620
6047 5404 346367 1 1170 520 619
6168 5549 346377 1 1180 530 622
6266 5634 346387 1 1180 530 638
6295 5668 346397 1 1180 530 700
6290 5668 346407 1 1180 530 705
6262 5660 346417 1 1180 530 717
6194 5578 346427 1 1200 520 728
6098 5448 346437 1 1200 520 757
5983 5258 346447 1 1200 520 771
5877 5079 346457 1 1200 520 779
5769 4908 346467 1 1180 530 788
5694 4766 346477 1 1180 530 790
5640 4707 346487 1 1180 530 752
5640 4707 346497 1 1170 530 672
5678 4725 346507 1 1170 530 516
5747 4824 346517 1 1160 530 353
5848 4974 346527 1 1160 530 205
5934 5095 346537 1 1160 530 117
6011 5198 346547 1 1160 530 124
6086 5288 346557 1 1160 530 210
6161 5359 346567 1 1160 530 299
6238 5359 346577 1 1160 530 409
6311 5322 346587 1 1160 530 513
6381 5212 346597 1 1170 530 608
6466 5064 346607 1 1160 530 662
6570 4890 346617 1 1170 540 694
6686 4727 346627 1 1170 540 721
6830 4649 346637 1 1150 540 745
6959 4627 346647 1 1150 540 751
7077 4670 346657 1 1150 540 763
7208 4819 346667 1 1140 550 770
7342 5040 346677 1 1140 550 768
7437 5240 346687 1 1140 550 730
7505 5438 346697 1 1150 550 641
7531 5635 346707 1 1160 550 362
6370 7476 346798 0 1340 510 514
6289 7442 346808 1 1350 510 514
6162 7375 346818 1 1350 500 540
6143 7261 346828 1 1360 490 620
6156 7108 346838 1 1350 490 687
6190 6926 346848 1 1350 490 714
6242 6726 346858 1 1340 480 733
6321 6542 346868 1 1330 480 733
6417 6382 346878 1 1320 490 705
6572 6239 346888 1 1300 500 616
6720 6136 346898 1 1290 500 402
6697 6684 346988 0 1270 520 413
6702 6998 346998 1 1280 520 499
6720 7144 347008 1 1290 510 543
6809 7223 347018 1 1320 510 609
6944 7258 347028 1 1330 510 669
7148 7301 347038 1 1350 510 710
7328 7320 347048 1 1350 510 720
7491 7320 347058 1 1370 510 725
7652 7301 347068 1 1370 510 727
7780 7272 347078 1 1370 510 721
7887 7234 347088 1 1370 510 713
7931 7191 347098 1 1370 510 672
7915 7124 347108 1 1370 510 589
7859 7040 347118 1 1370 510 488
7719 6920 347128 1 1370 510 374
7549 6803 347138 1 1370 510 254
7358 6689 347148 1 1360 510 191
7152 6564 347158 1 1360 510 222
6971 6468 347168 1 1360 510 306
6876 6391 347178 1 1350 510 349
6830 6356 347188 1 1340 510 389
6855 6343 347198 1 1340 510 481
6960 6343 347208 1 1340 510 515
7118 6408 347218 1 1340 510 536
7341 6497 347228 1 1340 520 554
7565 6604 347238 1 1340 520 588
7753 6705 347248 1 1340 520 609
7918 6777 347258 1 1340 520 620
7991 6830 347268 1 1340 520 617
8023 6857 347278 1 1340 520 608
8028 6864 347288 1 1350 520 464
7994 6857 347298 1 1350 520 233
7061 6338 347369 0 1350 510 439
6992 6103 347379 1 1350 520 519
6964 6020 347389 1 1350 520 569
6988 5859 347399 1 1350 520 611
7047 5717 347409 1 1340 520 645
7129 5589 347419 1 1330 530 646
7235 5481 347429 1 1310 540 653
7357 5399 347439 1 1300 540 658
7473 5335 347449 1 1290 550 661
7589 5330 347459 1 1270 550 649
7706 5374 347469 1 1260 560 644
7833 5451 347479 1 1250 560 636
7967 5511 347489 1 1250 560 633
8074 5529 347499 1 1230 560 633
8165 5520 347509 1 1230 560 636
8244 5480 347519 1 1230 560 644
8281 5409 347529 1 1240 570 661
8271 5318 347539 1 1240 570 684
8229 5225 347549 1 1240 570 694
8149 5129 347559 1 1240 570 696
8048 5045 347569 1 1240 570 694
7932 4969 347579 1 1240 570 699
7793 4892 347589 1 1240 570 703
7647 4821 347599 1 1230 580 705
7496 4755 347609 1 1230 580 707
7400 4699 347619 1 1230 580 696
7372 4658 347629 1 1230 580 697
7389 4626 347639 1 1230 580 702
7468 4615 347649 1 1230 580 702
7602 4635 347659 1 1230 580 702
7772 4677 347669 1 1210 580 702
7952 4741 347679 1 1210 580 702
8118 4819 347689 1 1210 580 694
8249 4907 347699 1 1210 580 716
8362 4973 347709 1 1210 580 728
8415 5016 347719 1 1210 580 750
8428 5045 347729 1 1210 580 771
8413 5066 347739 1 1210 580 771
8357 5085 347749 1 1210 580 763
8246 5046 347759 1 1210 580 733
8099 4969 347769 1 1210 580 699
7917 4825 347779 1 1230 580 693
7723 4693 347789 1 1230 580 699
7521 4570 347799 1 1230 580 710
7418 4535 347809 1 1240 580 699
7378 4551 347819 1 1240 580 656
7378 4602 347829 1 1240 580 496
7438 4782 347839 1 1240 580 254
7859 6357 347910 0 1280 580 340
7957 7034 347920 1 1300 560 501
7936 7256 347930 1 1310 560 499
7896 7221 347940 1 1340 550 524
7837 7039 347950 1 1340 540 640
7766 6759 347960 1 1350 530 746
7766 6759 347970 3 1350 530 825
7643 5933 347980 3 1340 520 903
7602 5433 347990 3 1340 540 949
7590 4872 348000 3 1330 540 987
7584 4315 348010 3 1300 550 997
7608 3761 348020 3 1270 560 1011
7649 3344 348030 3 1230 580 1014
7649 3344 348040 1 1180 590 1015
7721 2733 348050 1 1130 600 1023
7757 2520 348060 1 1080 610 999
7787 2396 348070 1 1050 610 965
7813 2332 348080 1 990 620 900
7836 2322 348090 1 960 620 790
7862 2339 348100 1 940 620 602
