217
4474 7237 1481139 0 1430 510 136
4474 7237 1481149 1 1430 510 198
4411 7346 1481159 1 1420 500 218
4394 7427 1481169 1 1420 500 254
4381 7518 1481179 1 1420 500 304
4381 7564 1481189 1 1410 500 324
4381 7551 1481199 1 1410 500 398
4395 7498 1481209 1 1410 500 464
4417 7279 1481219 1 1400 510 520
4432 6921 1481229 1 1400 510 533
4451 6470 1481239 1 1400 510 519
4476 6005 1481249 1 1380 510 515
4506 5580 1481259 1 1350 520 519
4529 5353 1481269 1 1340 520 517
4548 5245 1481279 1 1310 540 493
4591 5245 1481289 1 1290 550 274
4181 6203 1481420 0 1250 540 509
4139 6123 1481430 1 1270 530 535
4081 6113 1481440 1 1270 530 512
4076 6050 1481450 1 1280 530 507
4116 5952 1481460 1 1290 530 499
4187 5829 1481470 1 1290 530 499
4297 5760 1481480 1 1290 530 499
4411 5727 1481490 1 1280 540 505
4538 5733 1481500 1 1260 540 499
4673 5769 1481510 1 1250 550 488
4800 5826 1481520 1 1260 560 488
4886 5892 1481530 1 1250 560 470
4944 5954 1481540 1 1250 560 455
4974 5999 1481550 1 1260 570 448
4980 6035 1481560 1 1260 570 435
4969 6070 1481570 1 1270 560 436
4947 6103 1481580 1 1300 560 423
4907 6098 1481590 1 1310 560 423
4856 6070 1481600 1 1320 550 418
4752 5979 1481610 1 1320 550 417
4605 5842 1481620 1 1320 550 417
4429 5675 1481630 1 1320 550 465
4241 5498 1481640 1 1310 560 533
4079 5326 1481650 1 1290 560 570
3933 5158 1481660 1 1290 560 560
3878 5066 1481670 1 1270 560 564
3873 5022 1481680 1 1250 560 565
3901 5009 1481690 1 1230 560 564
3972 5022 1481700 1 1230 560 554
4084 5081 1481710 1 1220 570 538
4222 5171 1481720 1 1220 570 527
4391 5295 1481730 1 1220 570 521
4565 5428 1481740 1 1230 580 517
4749 5566 1481750 1 1230 580 490
4883 5649 1481760 1 1230 580 444
4982 5676 1481770 1 1230 580 422
5026 5665 1481780 1 1240 580 420
5026 5620 1481790 1 1260 580 423
4988 5515 1481800 1 1260 580 423
4896 5370 1481810 1 1260 580 417
4752 5162 1481820 1 1260 580 442
4573 4922 1481830 1 1240 580 512
4389 4660 1481840 1 1240 580 565
4239 4441 1481850 1 1230 580 575
4112 4279 1481860 1 1210 580 577
4055 4155 1481870 1 1200 580 546
4055 4149 1481880 1 1170 580 520
4096 4215 1481890 1 1160 580 420
4181 4330 1481900 1 1160 580 264
4282 4514 1481910 1 1140 590 156
4394 4710 1481920 1 1130 580 146
4503 4915 1481930 1 1140 590 191
4613 5098 1481940 1 1160 580 240
4704 5227 1481950 1 1160 580 254
4782 5321 1481960 1 1180 590 257
4825 5355 1481970 1 1200 580 255
4847 5344 1481980 1 1200 580 310
4854 5304 1481990 1 1210 580 409
4864 5210 1482000 1 1210 580 468
4879 5036 1482010 1 1210 580 501
4901 4810 1482020 1 1210 580 514
4951 4636 1482030 1 1200 580 519
5020 4566 1482040 1 1200 580 519
5096 4566 1482050 1 1180 590 532
5190 4628 1482060 1 1180 590 520
5295 4734 1482070 1 1170 590 463
5393 4870 1482080 1 1170 590 314
5461 4995 1482090 1 1180 600 86
5062 6421 1482231 0 1310 550 427
4987 6419 1482241 1 1320 550 465
4910 6428 1482251 1 1340 550 473
4810 6461 1482261 1 1340 550 456
4770 6415 1482271 1 1340 550 445
4780 6334 1482281 1 1340 550 449
4822 6230 1482291 1 1320 550 445
4888 6133 1482301 1 1320 550 452
4958 6044 1482311 1 1320 550 455
5029 5960 1482321 1 1320 550 458
5099 5906 1482331 1 1320 550 453
5155 5883 1482341 1 1320 550 435
5196 5883 1482351 1 1300 550 398
5228 5891 1482361 1 1300 550 327
5243 5917 1482371 1 1300 550 216
5243 5955 1482381 1 1300 550 110
5229 6014 1482391 1 1300 550 78
5192 6075 1482401 1 1300 550 89
5137 6138 1482411 1 1310 560 188
5069 6180 1482421 1 1310 560 314
5026 6216 1482431 1 1310 560 382
5013 6239 1482441 1 1310 560 384
5019 6277 1482451 1 1310 560 394
5088 6326 1482461 1 1320 550 418
5236 6421 1482471 1 1320 550 420
5436 6525 1482481 1 1320 550 418
5659 6634 1482491 1 1320 550 425
5866 6714 1482501 1 1340 560 418
6063 6746 1482511 1 1340 560 420
6197 6746 1482521 1 1350 550 418
6276 6713 1482531 1 1350 550 412
6319 6646 1482541 1 1360 560 412
6319 6557 1482551 1 1360 560 382
6270 6425 1482561 1 1360 560 319
6186 6281 1482571 1 1360 560 277
6061 6129 1482581 1 1360 560 285
5899 5984 1482591 1 1340 560 306
5712 5818 1482601 1 1340 560 391
5494 5637 1482611 1 1320 570 444
5315 5462 1482621 1 1310 570 461
5163 5339 1482631 1 1300 580 483
5082 5250 1482641 1 1280 580 497
5055 5255 1482651 1 1260 580 489
5064 5325 1482661 1 1240 580 489
5103 5438 1482671 1 1240 580 498
5176 5576 1482681 1 1230 590 493
5271 5711 1482691 1 1230 590 483
5407 5817 1482701 1 1230 590 481
5576 5905 1482711 1 1240 600 478
5768 5937 1482721 1 1250 590 444
5929 5923 1482731 1 1270 590 399
6036 5878 1482741 1 1280 580 387
6106 5799 1482751 1 1280 580 391
6115 5683 1482761 1 1280 580 399
6066 5542 1482771 1 1280 580 417
5978 5349 1482781 1 1280 580 443
5862 5178 1482791 1 1270 590 496
5731 5022 1482801 1 1250 590 543
5590 4920 1482811 1 1240 600 561
5520 4890 1482821 1 1210 590 551
5486 4909 1482831 1 1210 590 522
5477 4950 1482841 1 1190 600 496
5477 5023 1482851 1 1190 600 496
5514 5117 1482861 1 1190 600 472
5565 5212 1482871 1 1200 600 412
5646 5293 1482881 1 1200 600 344
5742 5366 1482891 1 1200 600 314
5848 5411 1482901 1 1200 600 306
5914 5405 1482911 1 1220 600 302
5946 5365 1482921 1 1220 600 316
5954 5307 1482931 1 1220 600 353
5926 5246 1482941 1 1220 600 392
5868 5179 1482951 1 1220 600 425
5790 5124 1482961 1 1220 600 455
5707 5077 1482971 1 1220 600 465
5656 5061 1482981 1 1190 600 474
5625 5061 1482991 1 1190 600 427
5625 5073 1483001 1 1200 600 398
5641 5101 1483011 1 1200 600 387
5677 5139 1483021 1 1200 600 386
5715 5184 1483031 1 1200 600 379
5751 5213 1483041 1 1220 600 368
5771 5237 1483051 1 1220 600 366
5779 5243 1483061 1 1220 600 369
5779 5243 1483071 1 1220 600 371
5784 5243 1483081 1 1220 600 368
5784 5243 1483091 1 1220 600 359
5784 5238 1483101 1 1220 600 361
5784 5232 1483111 1 1220 600 359
5776 5222 1483121 1 1220 600 359
5766 5207 1483131 1 1220 600 361
5744 5188 1483141 1 1220 600 359
5703 5163 1483151 1 1220 600 359
5649 5131 1483161 1 1220 600 364
5574 5079 1483171 1 1220 600 402
5497 5014 1483181 1 1220 600 474
5419 4923 1483191 1 1220 600 507
5371 4826 1483201 1 1220 600 521
5358 4715 1483211 1 1200 600 532
5368 4598 1483221 1 1200 600 543
5405 4505 1483231 1 1200 600 566
5478 4445 1483241 1 1180 600 605
5574 4406 1483251 1 1180 600 627
5736 4423 1483261 1 1160 600 636
5937 4530 1483271 1 1160 600 638
6164 4696 1483281 1 1140 610 584
6401 4935 1483291 1 1140 610 458
6553 5168 1483301 1 1150 620 371
6648 5396 1483311 1 1170 610 277
6653 5627 1483321 1 1170 610 209
6581 5838 1483331 1 1200 620 242
6457 6037 1483341 1 1230 610 287
6288 6164 1483351 1 1250 600 330
6106 6238 1483361 1 1280 590 394
5915 6278 1483371 1 1290 590 455
5773 6298 1483381 1 1310 580 507
5683 6314 1483391 1 1320 580 546
5627 6303 1483401 1 1340 570 589
5618 6276 1483411 1 1350 570 721
5581 6103 1483421 1 1350 570 799
5526 5642 1483431 1 1350 570 845
5445 4988 1483441 1 1320 570 861
5368 4140 1483451 1 1310 570 897
5341 3387 1483461 1 1280 580 927
5341 2697 1483471 1 1240 600 937
5419 2217 1483481 1 1190 610 944
5573 1915 1483491 1 1110 610 937
5781 1731 1483501 1 1040 620 937
5998 1622 1483511 1 980 630 948
6202 1512 1483521 1 920 630 932
6396 1352 1483531 1 900 630 917
6528 1158 1483541 1 860 630 860
6608 944 1483551 1 840 640 641
