188
2526 5987 47055191 0 1420 450 12
2557 6044 47055201 1 1420 450 49
2598 6075 47055211 1 1440 460 70
2670 6116 47055221 1 1440 460 91
2772 6165 47055231 1 1440 460 129
2893 6211 47055241 1 1440 460 141
3002 6243 47055251 1 1440 460 153
3140 6265 47055261 1 1440 460 170
3298 6265 47055271 1 1440 460 180
3408 6244 47055281 1 1440 460 170
3487 6210 47055291 1 1440 460 188
3546 6156 47055301 1 1440 460 220
3580 6079 47055311 1 1440 460 239
3580 5987 47055321 1 1450 450 249
3566 5861 47055331 1 1450 450 267
3523 5735 47055341 1 1440 460 284
3464 5609 47055351 1 1440 460 286
3395 5483 47055361 1 1440 460 302
3316 5352 47055371 1 1440 460 307
3239 5252 47055381 1 1430 460 324
3163 5174 47055391 1 1430 460 319
3098 5132 47055401 1 1430 460 314
3049 5119 47055411 1 1430 460 267
3010 5125 47055421 1 1420 470 99
3093 5952 47055512 0 1420 480 47
3124 5982 47055522 1 1420 480 70
3116 5987 47055532 1 1420 480 78
3099 5948 47055542 1 1430 480 94
3065 5880 47055552 1 1430 480 110
3020 5768 47055562 1 1430 480 134
2956 5623 47055572 1 1430 480 167
2877 5456 47055582 1 1430 480 181
2787 5242 47055592 1 1430 480 213
2692 5050 47055602 1 1430 480 237
2603 4872 47055612 1 1430 480 249
2518 4721 47055622 1 1430 490 279
2472 4629 47055632 1 1430 490 286
2455 4576 47055642 1 1430 490 306
2455 4564 47055652 1 1420 490 342
2493 4572 47055662 1 1420 490 349
2578 4594 47055672 1 1410 500 363
2697 4651 47055682 1 1410 500 368
2834 4719 47055692 1 1410 500 371
3005 4795 47055702 1 1410 500 371
3198 4866 47055712 1 1410 500 373
3386 4933 47055722 1 1400 510 371
3567 4968 47055732 1 1400 510 361
3742 4985 47055742 1 1400 510 361
3870 4968 47055752 1 1400 510 373
3978 4919 47055762 1 1400 510 361
4072 4848 47055772 1 1380 510 361
4124 4753 47055782 1 1380 510 367
4153 4656 47055792 1 1380 510 371
4166 4529 47055802 1 1380 510 377
4148 4382 47055812 1 1370 510 386
4115 4236 47055822 1 1370 510 393
4071 4093 47055832 1 1380 500 393
4016 3952 47055842 1 1380 500 404
3952 3813 47055852 1 1370 510 413
3881 3681 47055862 1 1370 510 420
3794 3575 47055872 1 1360 510 418
3686 3486 47055882 1 1360 510 427
3563 3414 47055892 1 1360 510 427
3438 3374 47055902 1 1340 510 427
3304 3356 47055912 1 1340 510 430
3165 3372 47055922 1 1340 510 428
3020 3416 47055932 1 1340 510 431
2884 3480 47055942 1 1340 510 435
2771 3555 47055952 1 1340 510 442
2669 3630 47055962 1 1330 520 452
2586 3690 47055972 1 1330 520 461
2531 3741 47055982 1 1330 520 473
2494 3787 47055992 1 1330 520 465
2485 3816 47056002 1 1330 520 467
2504 3834 47056012 1 1340 520 468
2541 3862 47056022 1 1340 520 473
2628 3899 47056032 1 1340 520 467
2754 3942 47056042 1 1350 520 467
2907 3987 47056052 1 1350 520 472
3103 4045 47056062 1 1360 520 453
3315 4111 47056072 1 1360 520 366
3538 4176 47056082 1 1360 520 115
5501 5606 47056653 0 1420 440 120
5501 5606 47056663 1 1420 440 119
5521 5633 47056673 1 1420 440 120
5485 5633 47056683 1 1410 450 124
5498 5588 47056693 1 1410 450 130
5544 5523 47056703 1 1410 450 132
5598 5424 47056713 1 1410 450 163
5665 5317 47056723 1 1410 450 180
5741 5205 47056733 1 1410 460 215
5822 5117 47056743 1 1410 460 212
5897 5045 47056753 1 1410 460 237
5965 4985 47056763 1 1420 470 242
6037 4952 47056773 1 1420 470 262
6114 4944 47056783 1 1420 470 275
6200 4953 47056793 1 1430 480 280
6298 4997 47056803 1 1430 480 284
6404 5076 47056813 1 1430 480 282
6507 5178 47056823 1 1440 480 284
6610 5309 47056833 1 1440 480 285
6717 5434 47056843 1 1440 480 284
6825 5556 47056853 1 1440 490 274
6911 5631 47056863 1 1450 500 273
6982 5662 47056873 1 1450 500 287
7018 5662 47056883 1 1460 500 287
7035 5643 47056893 1 1480 500 274
7035 5597 47056903 1 1480 500 277
7020 5534 47056913 1 1490 510 282
6971 5434 47056923 1 1490 510 281
6901 5318 47056933 1 1490 510 281
6801 5192 47056943 1 1490 510 282
6676 5065 47056953 1 1500 510 282
6535 4936 47056963 1 1500 510 281
6372 4798 47056973 1 1500 510 282
6194 4655 47056983 1 1500 510 282
6006 4528 47056993 1 1490 520 282
5853 4415 47057003 1 1490 520 284
5723 4312 47057013 1 1490 520 287
5608 4239 47057023 1 1480 510 306
5537 4200 47057033 1 1470 510 334
5505 4183 47057043 1 1470 510 369
5498 4183 47057053 1 1450 510 367
5517 4203 47057063 1 1440 500 382
5584 4233 47057073 1 1430 510 396
5683 4290 47057083 1 1430 510 396
5832 4358 47057093 1 1420 500 399
5981 4433 47057103 1 1410 510 389
6153 4508 47057113 1 1410 510 389
6339 4586 47057123 1 1410 510 389
6512 4665 47057133 1 1410 510 389
6668 4745 47057143 1 1410 510 398
6813 4828 47057153 1 1410 510 374
6925 4913 47057163 1 1420 520 320
6989 4986 47057173 1 1420 520 214
6430 5737 47057274 0 1460 520 130
6259 5708 47057284 1 1470 510 137
6204 5703 47057294 1 1470 510 141
6168 5651 47057304 1 1470 510 148
6145 5560 47057314 1 1470 510 149
6136 5443 47057324 1 1480 500 187
6128 5277 47057334 1 1480 500 208
6119 5106 47057344 1 1460 500 235
6099 4914 47057354 1 1460 500 267
6073 4710 47057364 1 1460 500 287
6033 4517 47057374 1 1440 500 314
5989 4320 47057384 1 1450 510 319
5942 4154 47057394 1 1450 510 329
5889 4010 47057404 1 1440 510 337
5837 3897 47057414 1 1440 510 337
5786 3808 47057424 1 1440 510 340
5737 3734 47057434 1 1430 520 340
5704 3702 47057444 1 1430 520 337
5681 3694 47057454 1 1430 520 312
5675 3703 47057464 1 1420 530 217
5675 3741 47057474 1 1410 520 120
5715 3825 47057484 1 1400 530 1
6320 4625 47057555 0 1390 520 53
6497 4753 47057565 1 1390 520 142
6542 4792 47057575 1 1390 520 136
6558 4792 47057585 1 1390 520 181
6578 4749 47057595 1 1390 520 206
6590 4676 47057605 1 1400 520 256
6596 4573 47057615 1 1400 520 282
6587 4447 47057625 1 1410 520 294
6581 4307 47057635 1 1410 520 304
6581 4174 47057645 1 1410 520 327
6592 4069 47057655 1 1410 520 344
6620 3984 47057665 1 1410 520 361
6681 3911 47057675 1 1400 530 384
6788 3838 47057685 1 1400 530 420
6925 3803 47057695 1 1400 530 431
7073 3794 47057705 1 1410 530 438
7258 3804 47057715 1 1400 540 441
7468 3837 47057725 1 1400 540 450
7673 3885 47057735 1 1410 550 468
7884 3946 47057745 1 1400 550 467
8100 4014 47057755 1 1400 550 490
8317 4087 47057765 1 1410 560 495
8541 4176 47057775 1 1410 560 496
8729 4284 47057785 1 1430 560 488
8893 4406 47057795 1 1430 560 496
9012 4534 47057805 1 1440 570 496
9080 4672 47057815 1 1460 570 490
9113 4816 47057825 1 1460 570 463
9120 4993 47057835 1 1470 580 420
9096 5186 47057845 1 1470 580 363
9051 5391 47057855 1 1490 580 247
