221
3696 4986 63446070 0 1430 480 249
3630 5017 63446080 1 1430 480 257
3597 5044 63446090 1 1430 480 337
3562 5057 63446100 1 1430 460 388
3557 5057 63446110 1 1430 460 449
3557 5064 63446120 1 1430 460 470
3557 5072 63446130 1 1440 470 491
3589 5084 63446140 1 1430 480 514
3643 5114 63446150 1 1430 480 533
3770 5165 63446160 1 1440 480 546
3954 5231 63446170 1 1440 480 567
4175 5308 63446180 1 1450 480 566
4360 5388 63446190 1 1450 480 569
4573 5470 63446200 1 1460 490 569
4805 5526 63446210 1 1460 490 574
4962 5557 63446220 1 1470 490 575
5093 5571 63446230 1 1470 490 575
5207 5571 63446240 1 1480 500 578
5281 5565 63446250 1 1480 500 581
5332 5551 63446260 1 1500 500 581
5368 5514 63446270 1 1500 500 591
5385 5462 63446280 1 1510 500 595
5362 5362 63446290 1 1510 500 608
5312 5244 63446300 1 1520 510 616
5228 5113 63446310 1 1520 510 636
5130 4960 63446320 1 1510 510 644
5023 4791 63446330 1 1530 520 664
4920 4611 63446340 1 1530 520 672
4818 4442 63446350 1 1530 520 687
4718 4288 63446360 1 1520 530 700
4646 4144 63446370 1 1520 530 702
4594 4051 63446380 1 1520 530 690
4563 3989 63446390 1 1520 530 691
4549 3949 63446400 1 1500 520 693
4549 3941 63446410 1 1500 520 693
4544 3941 63446420 1 1490 530 694
4544 3951 63446430 1 1490 530 625
4544 3988 63446440 1 1490 530 389
4367 4645 63446571 0 1460 500 340
4367 4645 63446581 1 1460 500 348
4337 4652 63446591 1 1470 490 373
4318 4652 63446601 1 1470 490 402
4292 4626 63446611 1 1470 490 463
4262 4583 63446621 1 1460 490 512
4208 4498 63446631 1 1460 490 557
4137 4385 63446641 1 1460 490 595
4055 4246 63446651 1 1450 500 617
3959 4092 63446661 1 1450 500 619
3860 3929 63446671 1 1450 500 631
3758 3764 63446681 1 1440 500 642
3669 3638 63446691 1 1440 500 647
3610 3538 63446701 1 1440 500 638
3572 3455 63446711 1 1430 510 638
3552 3401 63446721 1 1430 510 645
3552 3367 63446731 1 1420 520 643
3563 3349 63446741 1 1420 520 650
3608 3349 63446751 1 1420 520 667
3698 3362 63446761 1 1420 520 666
3819 3409 63446771 1 1410 520 690
3956 3475 63446781 1 1410 520 710
4144 3554 63446791 1 1410 520 733
4366 3633 63446801 1 1410 520 731
4602 3709 63446811 1 1410 530 736
4834 3778 63446821 1 1410 530 739
5063 3818 63446831 1 1410 530 743
5278 3840 63446841 1 1420 540 745
5462 3831 63446851 1 1420 540 746
5625 3799 63446861 1 1440 540 751
5758 3752 63446871 1 1440 540 760
5863 3693 63446881 1 1450 550 770
5948 3617 63446891 1 1470 550 777
6006 3530 63446901 1 1470 550 793
6039 3433 63446911 1 1490 550 790
6056 3319 63446921 1 1500 550 809
6056 3195 63446931 1 1500 550 826
6024 3067 63446941 1 1520 560 840
5980 2920 63446951 1 1530 560 853
5911 2760 63446961 1 1540 560 884
5814 2588 63446971 1 1540 560 905
5699 2447 63446981 1 1560 570 930
5600 2327 63446991 1 1560 570 939
5505 2198 63447001 1 1560 570 947
5419 2097 63447011 1 1560 570 944
5339 2015 63447021 1 1560 570 958
5268 1973 63447031 1 1560 570 968
5194 1950 63447041 1 1560 570 974
5117 1939 63447051 1 1560 570 979
5040 1949 63447061 1 1560 570 977
4959 1976 63447071 1 1560 570 976
4874 2014 63447081 1 1560 570 967
4777 2060 63447091 1 1540 560 959
4682 2117 63447101 1 1540 560 941
4590 2181 63447111 1 1540 550 817
4504 2261 63447121 1 1540 550 466
3049 2424 63447342 0 1440 460 327
2897 2372 63447352 1 1440 460 372
2856 2390 63447362 1 1440 470 475
2837 2395 63447372 1 1430 480 567
2837 2395 63447382 1 1430 480 600
2842 2395 63447392 1 1430 490 641
2871 2421 63447402 1 1430 490 681
2955 2471 63447412 1 1430 500 707
3076 2538 63447422 1 1430 500 727
3258 2613 63447432 1 1420 490 720
3485 2693 63447442 1 1420 500 720
3743 2787 63447452 1 1420 500 724
4016 2878 63447462 1 1420 500 721
4322 2960 63447472 1 1420 520 724
4651 3024 63447482 1 1420 520 663
4939 3076 63447492 1 1430 520 456
6981 4917 63447833 0 1500 450 519
7045 4892 63447843 1 1510 450 567
7028 4924 63447853 1 1510 450 560
7028 4987 63447863 1 1510 450 588
7049 4979 63447873 1 1510 460 591
7096 4965 63447883 1 1510 460 597
7145 4948 63447893 1 1520 460 608
7196 4888 63447903 1 1520 480 606
7247 4814 63447913 1 1520 480 605
7291 4731 63447923 1 1530 480 602
7329 4662 63447933 1 1540 490 585
7362 4609 63447943 1 1530 500 543
7403 4566 63447953 1 1530 510 237
7938 4933 63448033 0 1560 530 251
8044 5037 63448043 1 1560 530 361
8076 5090 63448053 1 1580 530 463
8102 5128 63448063 1 1580 530 512
8125 5143 63448073 1 1580 530 521
8133 5148 63448083 1 1580 530 541
8121 5142 63448093 1 1590 530 550
8095 5106 63448103 1 1590 530 559
8035 5050 63448113 1 1590 530 567
7951 4976 63448123 1 1590 530 570
7852 4876 63448133 1 1600 520 560
7710 4759 63448143 1 1590 530 567
7554 4639 63448153 1 1590 530 570
7389 4509 63448163 1 1590 530 569
7137 4356 63448173 1 1590 530 574
6927 4190 63448183 1 1590 530 575
6746 4066 63448193 1 1590 530 574
6615 3965 63448203 1 1580 540 572
6520 3879 63448213 1 1570 540 575
6450 3816 63448223 1 1570 540 570
6415 3780 63448233 1 1560 530 569
6404 3763 63448243 1 1560 530 567
6404 3756 63448253 1 1530 540 575
6416 3748 63448263 1 1530 540 588
6458 3753 63448273 1 1520 540 589
6522 3768 63448283 1 1510 540 605
6646 3823 63448293 1 1510 540 617
6821 3890 63448303 1 1500 540 649
7029 3964 63448313 1 1500 540 669
7274 4046 63448323 1 1510 530 676
7564 4125 63448333 1 1510 530 678
7884 4180 63448343 1 1510 540 678
8126 4220 63448353 1 1510 540 670
8346 4252 63448363 1 1510 540 671
8551 4281 63448373 1 1530 550 594
8705 4302 63448383 1 1530 550 312
7630 5403 63448684 0 1620 490 306
7630 5403 63448694 1 1620 500 322
7601 5518 63448704 1 1610 500 332
7596 5518 63448714 1 1590 510 329
7605 5499 63448724 1 1590 510 342
7570 5461 63448734 1 1580 520 363
7529 5340 63448744 1 1570 520 399
7483 5190 63448754 1 1580 510 465
7448 5022 63448764 1 1580 510 515
7410 4759 63448774 1 1560 510 570
7369 4496 63448784 1 1560 510 617
7346 4176 63448794 1 1560 510 646
7333 3817 63448804 1 1550 520 664
7333 3503 63448814 1 1550 520 678
7333 3232 63448824 1 1550 520 682
7340 2991 63448834 1 1540 530 679
7345 2820 63448844 1 1530 530 676
7345 2706 63448854 1 1520 540 667
7356 2629 63448864 1 1530 550 644
7367 2593 63448874 1 1530 550 430
7745 3561 63449004 0 1480 570 438
7834 3629 63449014 1 1480 570 450
7840 3646 63449024 1 1480 570 465
7846 3641 63449034 1 1480 570 467
7853 3634 63449044 1 1480 570 509
7875 3600 63449054 1 1480 570 545
7885 3548 63449064 1 1480 570 600
7885 3461 63449074 1 1500 570 662
7885 3349 63449084 1 1500 570 700
7885 3220 63449094 1 1500 570 740
7874 3093 63449104 1 1500 570 760
7882 2988 63449114 1 1500 570 790
7894 2898 63449124 1 1500 570 796
7914 2820 63449134 1 1510 580 812
7941 2761 63449144 1 1500 580 832
7974 2714 63449154 1 1500 580 833
8031 2696 63449164 1 1500 580 852
8102 2711 63449174 1 1520 590 867
8228 2748 63449184 1 1520 590 866
8354 2820 63449194 1 1530 590 870
8523 2905 63449204 1 1530 590 873
8720 3000 63449214 1 1560 590 875
8932 3094 63449224 1 1550 600 878
9123 3184 63449234 1 1570 600 882
9301 3268 63449244 1 1570 600 885
9477 3346 63449254 1 1570 600 890
9625 3418 63449264 1 1580 600 896
9755 3483 63449274 1 1580 600 903
9848 3539 63449284 1 1580 600 908
9905 3587 63449294 1 1580 600 896
9939 3630 63449304 1 1580 600 899
9954 3676 63449314 1 1580 600 900
9939 3739 63449324 1 1580 600 897
9903 3813 63449325 1 1600 600 897
9855 3888 63449335 1 1600 600 897
9804 3963 63449345 1 1600 600 896
9751 4036 63449355 1 1600 600 896
9713 4105 63449365 1 1600 600 892
9675 4155 63449375 1 1600 600 897
9637 4196 63449385 1 1600 600 866
9602 4237 63449395 1 1580 600 752
9565 4276 63449405 1 1590 590 372
