124
5102 5326 62578533 0 1690 580 550
5284 5520 62578543 1 1690 580 606
5332 5683 62578553 1 1690 580 639
5358 5867 62578563 1 1690 580 636
5369 5997 62578573 1 1690 580 647
5357 6124 62578583 1 1690 580 659
5281 6265 62578593 1 1690 580 667
5163 6417 62578603 1 1690 580 702
4995 6508 62578613 1 1690 580 717
4786 6540 62578623 1 1690 580 734
4549 6533 62578633 1 1690 580 759
4305 6467 62578643 1 1670 570 791
4028 6362 62578653 1 1660 560 802
3730 6230 62578663 1 1630 560 817
3557 6096 62578673 1 1620 560 824
3485 5960 62578683 1 1610 550 821
3479 5797 62578693 1 1600 540 827
3537 5617 62578703 1 1580 540 830
3664 5425 62578713 1 1580 530 830
3838 5221 62578723 1 1560 530 818
4023 5010 62578733 1 1540 520 817
4220 4764 62578743 1 1530 520 821
4426 4538 62578753 1 1510 510 824
4581 4325 62578763 1 1500 510 825
4659 4099 62578773 1 1490 510 828
4685 3906 62578783 1 1470 510 839
4606 3736 62578793 1 1470 510 860
4458 3614 62578803 1 1460 520 892
4263 3535 62578813 1 1450 530 926
4033 3486 62578823 1 1420 530 935
3815 3474 62578833 1 1410 530 932
3605 3492 62578843 1 1400 540 932
3432 3530 62578853 1 1400 540 921
3320 3576 62578863 1 1390 550 899
3249 3618 62578873 1 1370 540 773
3240 3654 62578883 1 1370 540 514
5057 4341 62578983 0 1350 540 825
5334 4379 62578993 1 1360 540 840
5346 4455 62579003 1 1360 540 846
5346 4420 62579013 1 1370 530 852
5330 4313 62579023 1 1370 530 866
5337 4195 62579033 1 1390 540 860
5310 4057 62579043 1 1400 530 879
5259 3907 62579053 1 1400 530 887
5266 3785 62579063 1 1400 530 897
5310 3702 62579073 1 1410 520 903
5378 3645 62579083 1 1420 530 906
5478 3635 62579093 1 1420 530 903
5610 3685 62579103 1 1410 530 876
5762 3774 62579113 1 1420 540 833
5897 3910 62579123 1 1420 540 794
5975 4069 62579133 1 1430 550 783
6015 4244 62579143 1 1430 550 793
5972 4385 62579153 1 1440 560 809
5884 4478 62579163 1 1440 560 821
5767 4539 62579173 1 1440 560 823
5635 4554 62579183 1 1440 560 823
5506 4530 62579193 1 1440 560 815
5428 4481 62579203 1 1440 560 777
5382 4394 62579213 1 1440 560 540
6607 3976 62579304 0 1440 540 592
7020 3937 62579314 1 1440 540 742
7073 4016 62579324 1 1420 540 803
7114 4165 62579334 1 1440 540 819
7148 4279 62579344 1 1440 540 825
7214 4400 62579354 1 1440 540 846
7226 4526 62579364 1 1450 550 846
7201 4609 62579364 1 1450 550 851
7113 4656 62579374 1 1450 550 853
6973 4678 62579384 1 1460 550 876
6799 4639 62579394 1 1460 550 908
6593 4517 62579404 1 1460 550 962
6434 4341 62579414 1 1460 550 1023
6305 4161 62579424 1 1460 550 1023
6239 4013 62579434 1 1460 550 1023
6239 3886 62579444 1 1460 550 1023
6292 3777 62579454 1 1450 560 1023
6391 3714 62579464 1 1450 560 1023
6525 3683 62579474 1 1450 560 1023
6683 3716 62579484 1 1450 560 1023
6865 3797 62579494 1 1450 560 1012
7012 3911 62579504 1 1450 560 999
7136 4019 62579514 1 1440 560 993
7220 4124 62579524 1 1440 560 988
7255 4181 62579534 1 1440 560 990
7255 4207 62579544 1 1440 560 987
7246 4184 62579554 1 1450 560 991
7217 4122 62579564 1 1450 560 993
7174 4035 62579574 1 1450 560 993
7124 3907 62579584 1 1450 560 990
7106 3794 62579594 1 1460 550 978
7106 3690 62579604 1 1470 560 888
7149 3624 62579614 1 1470 560 592
7763 4226 62579694 0 1470 560 820
7806 4418 62579704 1 1470 560 875
7806 4486 62579714 1 1470 560 878
7816 4496 62579724 1 1470 560 899
7864 4467 62579734 1 1450 560 912
7896 4445 62579744 1 1470 560 934
7918 4355 62579754 1 1470 560 970
7898 4219 62579764 1 1470 560 977
7843 4023 62579774 1 1470 560 1014
7765 3846 62579784 1 1470 560 1023
7700 3683 62579794 1 1470 560 1023
7657 3595 62579804 1 1470 560 1023
7629 3555 62579814 1 1470 560 1023
7629 3547 62579824 1 1470 560 1023
7629 3553 62579834 1 1470 560 1023
7683 3634 62579844 1 1470 560 1023
7770 3764 62579854 1 1470 560 994
7935 3970 62579864 1 1470 560 912
8126 4200 62579874 1 1480 570 900
8335 4447 62579884 1 1480 570 899
8525 4572 62579894 1 1470 580 946
8636 4620 62579904 1 1470 580 993
8693 4620 62579914 1 1470 580 1023
8730 4584 62579924 1 1470 580 1023
8741 4499 62579934 1 1490 580 1023
8734 4379 62579944 1 1490 580 1023
8700 4209 62579954 1 1490 580 1023
8669 4064 62579964 1 1490 580 1023
8640 3935 62579974 1 1510 580 1023
8630 3816 62579984 1 1510 580 1023
8624 3722 62579994 1 1510 580 872
