136
3845 5909 40618683 0 1300 520 364
3986 5882 40618693 1 1300 520 444
4017 5959 40618703 1 1290 510 448
4017 6018 40618713 1 1290 510 439
4059 6066 40618723 1 1280 500 443
4136 6151 40618733 1 1300 510 455
4237 6267 40618743 1 1320 510 473
4311 6404 40618753 1 1330 520 486
4329 6526 40618763 1 1340 520 489
4309 6631 40618773 1 1350 530 514
4234 6725 40618783 1 1370 530 546
4109 6790 40618793 1 1370 530 562
3950 6805 40618803 1 1390 540 568
3761 6786 40618813 1 1400 540 563
3532 6709 40618823 1 1410 550 591
3277 6588 40618833 1 1430 550 636
3048 6438 40618843 1 1440 560 688
2887 6273 40618853 1 1450 560 710
2770 6109 40618863 1 1470 560 722
2717 5947 40618873 1 1470 560 728
2730 5761 40618883 1 1480 570 733
2788 5593 40618893 1 1480 570 721
2925 5436 40618903 1 1470 580 725
3130 5275 40618913 1 1470 580 725
3380 5130 40618923 1 1460 580 722
3643 4997 40618933 1 1470 590 730
3876 4845 40618943 1 1460 600 733
4090 4692 40618953 1 1460 600 720
4243 4567 40618963 1 1460 600 722
4302 4461 40618973 1 1440 600 733
4297 4360 40618983 1 1440 600 767
4199 4268 40618993 1 1420 610 800
4037 4181 40619003 1 1420 610 825
3832 4112 40619013 1 1410 610 866
3606 4069 40619023 1 1400 620 873
3384 4043 40619033 1 1400 620 878
3190 4035 40619043 1 1370 620 876
3012 4041 40619053 1 1370 620 858
2897 4056 40619063 1 1370 620 819
2834 4071 40619073 1 1370 620 719
2806 4087 40619083 1 1370 620 373
4996 5067 40619213 0 1370 620 727
5315 5076 40619223 1 1370 620 765
5320 5109 40619233 1 1370 620 756
5236 5080 40619243 1 1370 620 757
5199 5009 40619253 1 1360 610 768
5179 4901 40619263 1 1360 610 782
5169 4789 40619273 1 1360 610 799
5162 4667 40619283 1 1360 610 827
5157 4537 40619293 1 1360 610 860
5157 4403 40619303 1 1350 620 863
5191 4296 40619313 1 1350 620 876
5241 4216 40619323 1 1350 620 879
5317 4155 40619333 1 1350 620 878
5431 4137 40619343 1 1350 620 876
5571 4188 40619353 1 1340 610 864
5745 4286 40619363 1 1330 620 866
5887 4425 40619373 1 1330 620 843
6007 4565 40619383 1 1330 620 821
6061 4709 40619393 1 1350 630 806
6046 4863 40619403 1 1350 630 811
5985 5020 40619413 1 1350 630 817
5864 5120 40619423 1 1350 630 821
5718 5174 40619433 1 1350 630 827
5556 5197 40619443 1 1350 630 823
5424 5185 40619453 1 1350 630 818
5325 5156 40619463 1 1350 630 787
5248 5116 40619473 1 1370 620 711
5229 5073 40619483 1 1370 620 605
5284 5021 40619493 1 1370 620 325
7166 4909 40619584 0 1400 620 624
7417 4932 40619594 1 1400 620 699
7417 4983 40619604 1 1400 620 711
7352 5035 40619614 1 1410 630 725
7324 5094 40619624 1 1410 630 758
7285 5158 40619634 1 1410 630 763
7238 5208 40619644 1 1430 630 784
7157 5222 40619654 1 1430 630 840
7053 5212 40619664 1 1430 630 885
6933 5144 40619674 1 1450 640 921
6792 5003 40619684 1 1460 630 953
6657 4813 40619694 1 1450 640 992
6579 4645 40619704 1 1450 640 999
6537 4534 40619714 1 1450 640 1002
6553 4461 40619724 1 1430 640 999
6598 4409 40619734 1 1410 640 988
6662 4394 40619744 1 1410 640 977
6765 4405 40619754 1 1400 650 982
6886 4482 40619764 1 1400 650 962
7020 4569 40619774 1 1400 650 945
7123 4662 40619784 1 1370 650 917
7195 4749 40619794 1 1370 650 923
7247 4827 40619804 1 1370 650 947
7247 4849 40619814 1 1370 650 941
7247 4836 40619824 1 1370 650 953
7247 4815 40619834 1 1370 650 979
7237 4731 40619844 1 1370 650 997
7232 4605 40619854 1 1370 650 978
7249 4488 40619864 1 1370 650 977
7281 4390 40619874 1 1370 650 991
7349 4305 40619884 1 1370 650 974
7443 4260 40619894 1 1370 650 942
7554 4268 40619904 1 1370 650 811
7693 4311 40619914 1 1370 650 477
8197 4981 40619985 0 1380 640 779
8238 5044 40619995 1 1380 640 906
8198 5068 40620005 1 1400 650 921
8181 5068 40620015 1 1400 650 933
8181 5055 40620025 1 1400 650 944
8196 4975 40620035 1 1400 650 982
8208 4851 40620045 1 1410 640 999
8208 4700 40620055 1 1430 640 1023
8208 4567 40620065 1 1430 640 1023
8191 4445 40620075 1 1430 640 1023
8168 4336 40620085 1 1430 640 1023
8141 4275 40620095 1 1430 640 1023
8131 4246 40620105 1 1430 640 1023
8131 4246 40620115 1 1430 640 1023
8137 4297 40620125 1 1430 640 1023
8183 4377 40620135 1 1440 660 989
8287 4544 40620145 1 1440 660 885
8429 4732 40620155 1 1440 660 815
8587 4933 40620165 1 1440 660 817
8720 5093 40620175 1 1440 660 832
8835 5169 40620185 1 1440 660 858
8891 5188 40620195 1 1440 660 906
8936 5168 40620205 1 1440 660 982
8974 5119 40620215 1 1460 660 1023
9017 5052 40620225 1 1460 660 1023
9062 4940 40620235 1 1460 660 1023
9111 4806 40620245 1 1460 660 1023
9166 4657 40620255 1 1470 650 1023
9225 4538 40620265 1 1470 650 1023
9280 4440 40620275 1 1470 650 1023
9330 4355 40620285 1 1470 650 964
9348 4287 40620295 1 1470 650 468
