217
4609 6957 73452318 0 1300 500 13
4644 6968 73452328 1 1300 500 81
4669 7001 73452338 1 1310 480 173
4705 7029 73452348 1 1310 480 281
4721 7057 73452358 1 1310 480 369
4721 7094 73452368 1 1320 480 438
4721 7124 73452378 1 1320 480 473
4711 7142 73452388 1 1330 470 475
4704 7171 73452398 1 1330 470 486
4698 7206 73452408 1 1330 470 490
4685 7246 73452418 1 1330 470 498
4667 7300 73452428 1 1340 470 501
4644 7370 73452438 1 1340 470 522
4612 7450 73452448 1 1340 470 543
4574 7521 73452458 1 1340 470 559
4523 7568 73452468 1 1350 460 570
4459 7598 73452478 1 1350 460 561
4387 7612 73452488 1 1350 460 569
4298 7606 73452498 1 1350 460 570
4184 7586 73452508 1 1350 460 577
4053 7545 73452518 1 1350 460 578
3926 7475 73452528 1 1350 460 580
3800 7387 73452538 1 1350 460 581
3662 7276 73452548 1 1350 460 588
3517 7147 73452558 1 1350 460 608
3399 7006 73452568 1 1350 460 617
3299 6836 73452578 1 1350 460 611
3211 6694 73452588 1 1350 460 614
3142 6571 73452598 1 1350 460 617
3094 6425 73452608 1 1340 470 619
3059 6300 73452618 1 1340 470 620
3064 6189 73452628 1 1340 470 622
3112 6096 73452639 1 1340 470 628
3189 6018 73452649 1 1340 470 625
3298 5949 73452659 1 1340 470 638
3433 5895 73452669 1 1340 470 628
3584 5846 73452679 1 1330 470 627
3767 5800 73452689 1 1330 470 633
3933 5752 73452699 1 1320 480 638
4088 5698 73452709 1 1320 480 639
4256 5624 73452719 1 1310 480 645
4395 5539 73452729 1 1290 490 642
4515 5431 73452739 1 1290 490 647
4610 5312 73452749 1 1290 490 637
4668 5187 73452759 1 1280 490 655
4700 5053 73452769 1 1280 490 663
4682 4914 73452779 1 1280 490 691
4615 4769 73452789 1 1270 500 730
4514 4622 73452799 1 1270 500 752
4373 4487 73452809 1 1260 500 757
4194 4351 73452819 1 1260 500 770
3990 4218 73452829 1 1250 510 770
3791 4125 73452839 1 1250 510 770
3579 4056 73452849 1 1230 510 776
3385 4031 73452859 1 1230 510 777
3208 4031 73452869 1 1230 510 759
3054 4040 73452879 1 1230 510 730
2959 4058 73452889 1 1230 510 616
2902 4101 73452899 1 1230 510 363
5896 5206 73453169 0 1270 490 120
5896 5206 73453179 1 1270 490 170
5876 5248 73453189 1 1270 490 211
5860 5274 73453199 1 1280 480 287
5846 5274 73453209 1 1280 480 325
5833 5279 73453219 1 1280 480 361
5807 5263 73453229 1 1280 480 389
5772 5234 73453239 1 1280 480 427
5733 5191 73453249 1 1290 490 473
5692 5126 73453259 1 1290 490 504
5650 5046 73453269 1 1290 490 539
5616 4960 73453279 1 1290 490 561
5581 4854 73453289 1 1280 490 591
5549 4734 73453299 1 1280 490 599
5520 4634 73453309 1 1280 490 617
5507 4541 73453319 1 1270 500 613
5499 4454 73453329 1 1270 500 616
5519 4390 73453339 1 1270 500 624
5557 4351 73453349 1 1260 500 633
5616 4329 73453359 1 1250 500 636
5714 4351 73453369 1 1250 500 638
5837 4409 73453379 1 1240 500 641
5949 4490 73453389 1 1240 500 644
6051 4571 73453399 1 1250 510 652
6145 4653 73453409 1 1250 510 659
6215 4734 73453419 1 1250 510 664
6263 4834 73453429 1 1250 510 694
6295 4945 73453439 1 1250 510 717
6289 5046 73453449 1 1260 510 733
6253 5126 73453459 1 1260 510 758
6196 5193 73453469 1 1260 510 759
6112 5229 73453479 1 1260 510 763
6012 5238 73453489 1 1260 510 770
5902 5230 73453499 1 1260 510 770
5793 5214 73453509 1 1270 510 771
5684 5195 73453519 1 1270 510 777
5594 5170 73453529 1 1270 510 779
5517 5141 73453539 1 1280 500 777
5473 5123 73453549 1 1280 500 763
5462 5111 73453559 1 1280 500 711
5473 5103 73453569 1 1290 500 592
5509 5094 73453579 1 1290 500 349
7738 4911 73453750 0 1300 510 167
7725 4883 73453760 1 1320 510 275
7715 4883 73453770 1 1320 510 342
7702 4897 73453780 1 1320 510 396
7688 4916 73453790 1 1320 510 440
7672 4941 73453800 1 1320 510 472
7656 4973 73453810 1 1330 520 507
7641 5000 73453820 1 1330 520 519
7641 5061 73453830 1 1330 520 526
7636 5147 73453840 1 1330 520 537
7636 5204 73453850 1 1330 520 536
7627 5245 73453860 1 1330 520 562
7615 5276 73453870 1 1330 520 569
7593 5292 73453880 1 1340 510 561
7557 5305 73453890 1 1340 510 566
7511 5298 73453900 1 1330 510 570
7454 5280 73453910 1 1330 510 584
7383 5235 73453920 1 1330 510 588
7303 5162 73453930 1 1330 510 613
7210 5071 73453940 1 1330 510 641
7132 4948 73453950 1 1330 510 649
7064 4817 73453960 1 1320 510 668
7016 4680 73453970 1 1320 510 678
6983 4562 73453980 1 1320 510 688
6961 4461 73453991 1 1300 520 694
6966 4372 73454001 1 1300 520 700
6997 4336 73454011 1 1300 520 694
7044 4341 73454021 1 1280 520 700
7099 4373 73454031 1 1280 520 707
7173 4442 73454041 1 1280 520 705
7259 4527 73454051 1 1280 520 700
7347 4622 73454061 1 1280 520 697
7425 4724 73454071 1 1280 520 694
7495 4838 73454081 1 1280 520 696
7564 4960 73454091 1 1280 520 696
7619 5040 73454101 1 1280 520 694
7665 5100 73454111 1 1280 520 697
7689 5148 73454121 1 1280 520 699
7700 5181 73454131 1 1280 520 700
7700 5197 73454141 1 1280 520 708
7700 5202 73454151 1 1280 520 708
7700 5202 73454161 1 1280 520 707
7700 5202 73454171 1 1290 510 708
7700 5180 73454181 1 1300 520 719
7695 5151 73454191 1 1300 520 721
7695 5110 73454201 1 1320 510 757
7695 5048 73454211 1 1320 510 780
7705 4972 73454221 1 1320 510 788
7716 4885 73454231 1 1330 510 800
7732 4792 73454241 1 1330 510 809
7759 4703 73454251 1 1320 510 811
7796 4618 73454261 1 1320 510 817
7849 4546 73454271 1 1320 510 820
7912 4492 73454281 1 1300 520 824
7978 4449 73454291 1 1300 520 821
8058 4426 73454301 1 1300 520 806
8148 4433 73454311 1 1290 520 768
8247 4459 73454321 1 1300 530 690
8351 4504 73454331 1 1300 530 513
8451 4561 73454341 1 1290 530 149
8960 5046 73454441 0 1330 540 54
8965 5083 73454451 1 1340 540 144
8953 5092 73454461 1 1340 540 246
8942 5099 73454471 1 1340 540 327
8932 5099 73454481 1 1350 530 420
8922 5099 73454491 1 1350 530 473
8911 5091 73454501 1 1360 520 504
8905 5084 73454511 1 1370 530 548
8899 5061 73454521 1 1370 530 588
8894 5032 73454531 1 1390 520 617
8887 4993 73454541 1 1390 520 638
8878 4934 73454551 1 1390 520 663
8869 4864 73454561 1 1390 520 693
8860 4772 73454571 1 1370 530 731
8851 4681 73454581 1 1370 530 748
8839 4592 73454591 1 1370 530 763
8825 4502 73454601 1 1350 530 776
8817 4412 73454611 1 1350 530 788
8811 4324 73454621 1 1340 540 790
8811 4238 73454631 1 1330 530 787
8817 4191 73454641 1 1330 530 793
8817 4166 73454651 1 1310 540 790
8817 4157 73454661 1 1310 540 793
8817 4157 73454671 1 1290 530 793
8817 4163 73454681 1 1290 530 790
8822 4183 73454691 1 1290 530 785
8833 4223 73454701 1 1280 540 780
8851 4290 73454711 1 1280 540 768
8875 4376 73454721 1 1280 540 743
8904 4483 73454731 1 1290 550 696
8937 4602 73454741 1 1290 550 665
8971 4728 73454751 1 1290 550 642
9011 4860 73454761 1 1290 550 619
9056 4950 73454771 1 1290 550 614
9101 5011 73454781 1 1300 550 614
9142 5051 73454791 1 1310 550 616
9181 5076 73454801 1 1310 550 620
9217 5092 73454811 1 1310 550 627
9253 5092 73454821 1 1330 540 630
9291 5092 73454831 1 1330 540 639
9330 5076 73454841 1 1340 550 656
9374 5057 73454851 1 1350 540 690
9419 5021 73454861 1 1350 540 720
9454 4973 73454871 1 1350 540 749
9483 4915 73454881 1 1360 540 776
9510 4834 73454891 1 1360 540 802
9539 4738 73454901 1 1360 540 819
9570 4639 73454911 1 1360 540 837
9603 4532 73454921 1 1360 540 855
9632 4412 73454931 1 1360 540 870
9659 4292 73454941 1 1360 540 878
9679 4167 73454951 1 1340 540 878
9699 4078 73454961 1 1340 540 878
9717 4014 73454971 1 1340 540 860
9733 3965 73454981 1 1330 540 771
9754 3943 73454991 1 1330 540 391
