132
4723 5591 62580996 0 1650 650 668
4899 5573 62581006 1 1650 650 676
4939 5670 62581016 1 1650 650 678
5008 5792 62581026 1 1650 650 685
5097 5929 62581036 1 1650 650 688
5200 6065 62581046 1 1650 650 696
5257 6253 62581056 1 1650 650 700
5257 6476 62581066 1 1650 650 690
5223 6674 62581076 1 1630 640 699
5114 6804 62581086 1 1610 640 707
4947 6890 62581096 1 1600 630 714
4741 6903 62581106 1 1590 610 731
4505 6839 62581116 1 1580 600 742
4256 6724 62581126 1 1570 590 767
3997 6598 62581136 1 1570 570 785
3835 6454 62581146 1 1570 560 800
3744 6299 62581156 1 1580 550 808
3700 6136 62581166 1 1560 550 809
3729 5945 62581176 1 1540 530 811
3817 5736 62581186 1 1540 520 818
3944 5554 62581196 1 1510 510 823
4128 5350 62581206 1 1510 500 820
4321 5132 62581216 1 1500 500 817
4521 4901 62581226 1 1500 500 812
4660 4668 62581236 1 1480 500 823
4716 4467 62581246 1 1480 500 823
4716 4288 62581256 1 1460 500 817
4625 4121 62581266 1 1450 510 837
4480 3990 62581276 1 1450 510 857
4300 3883 62581286 1 1430 510 897
4080 3815 62581296 1 1430 510 900
3863 3790 62581306 1 1420 520 903
3648 3790 62581316 1 1420 520 911
3476 3837 62581326 1 1410 520 908
3333 3892 62581336 1 1410 520 896
3254 3954 62581346 1 1400 530 830
3231 3988 62581356 1 1400 530 510
4841 4592 62581457 0 1410 510 757
5261 4585 62581467 1 1410 510 771
5307 4691 62581477 1 1410 510 770
5287 4675 62581487 1 1410 510 782
5326 4578 62581497 1 1400 510 785
5326 4492 62581507 1 1400 510 809
5294 4330 62581517 1 1400 510 830
5220 4118 62581527 1 1400 510 858
5200 3980 62581537 1 1400 510 864
5216 3867 62581547 1 1410 500 872
5260 3770 62581557 1 1400 510 887
5345 3716 62581567 1 1410 510 897
5458 3730 62581577 1 1410 510 897
5617 3789 62581587 1 1400 520 888
5785 3916 62581597 1 1400 530 861
5958 4076 62581607 1 1400 530 855
6066 4259 62581617 1 1400 540 846
6093 4452 62581627 1 1410 550 855
6067 4592 62581637 1 1400 550 863
5976 4698 62581647 1 1400 550 853
5840 4767 62581657 1 1410 560 855
5674 4796 62581667 1 1410 560 860
5547 4796 62581677 1 1410 560 854
5465 4762 62581687 1 1410 560 848
5412 4721 62581697 1 1410 560 722
5398 4651 62581707 1 1410 560 287
6757 4387 62581797 0 1420 540 578
7024 4199 62581807 1 1420 540 784
7043 4297 62581817 1 1420 540 839
7072 4375 62581827 1 1430 530 870
7104 4440 62581837 1 1450 540 888
7149 4547 62581847 1 1450 540 903
7201 4653 62581857 1 1450 540 906
7201 4756 62581867 1 1460 540 906
7152 4864 62581877 1 1460 540 892
7073 4975 62581887 1 1460 540 899
6958 5022 62581897 1 1470 550 908
6801 4992 62581907 1 1470 550 924
6616 4911 62581917 1 1460 550 961
6440 4727 62581927 1 1460 550 1023
6302 4538 62581937 1 1460 550 1023
6189 4340 62581947 1 1450 560 1023
6149 4170 62581957 1 1450 560 1023
6174 4020 62581967 1 1450 560 1023
6241 3916 62581977 1 1440 560 1023
6360 3870 62581987 1 1450 550 1023
6520 3863 62581997 1 1450 550 1023
6708 3939 62582007 1 1440 540 1023
6919 4048 62582017 1 1440 540 1023
7072 4178 62582027 1 1440 540 1023
7185 4307 62582037 1 1430 550 1023
7244 4398 62582047 1 1430 550 1023
7257 4463 62582057 1 1410 550 1023
7239 4451 62582067 1 1410 550 1023
7227 4439 62582077 1 1430 550 1023
7186 4354 62582087 1 1430 550 1023
7125 4220 62582097 1 1430 550 1023
7087 4096 62582107 1 1430 550 1023
7077 3978 62582117 1 1440 560 1008
7085 3863 62582127 1 1440 560 909
7139 3782 62582137 1 1440 560 711
7864 4546 62582218 0 1450 560 739
8018 4712 62582228 1 1450 560 815
8018 4827 62582248 1 1450 560 818
8047 4858 62582258 1 1450 560 853
8093 4834 62582268 1 1450 560 897
8151 4834 62582278 1 1470 560 932
8162 4739 62582288 1 1470 560 976
8136 4587 62582298 1 1470 560 1011
8085 4384 62582308 1 1480 570 1023
8006 4155 62582318 1 1490 560 1023
7923 3909 62582328 1 1490 560 1023
7836 3710 62582338 1 1490 560 1023
7782 3593 62582348 1 1490 560 1023
7755 3530 62582358 1 1490 560 1023
7747 3515 62582368 1 1480 570 1023
7747 3535 62582378 1 1480 570 1023
7811 3578 62582388 1 1480 570 1023
7908 3730 62582398 1 1480 570 1023
8049 3940 62582408 1 1480 570 986
8231 4189 62582418 1 1480 570 965
8439 4427 62582428 1 1480 570 967
8572 4548 62582438 1 1470 580 989
8640 4590 62582448 1 1470 580 981
8664 4590 62582458 1 1470 580 994
8684 4560 62582468 1 1470 580 1012
8706 4502 62582478 1 1470 580 1023
8728 4412 62582488 1 1490 580 1023
8734 4303 62582498 1 1490 580 1023
8734 4181 62582508 1 1490 580 1023
8721 4073 62582518 1 1500 580 1023
8716 3965 62582528 1 1510 580 1023
8716 3858 62582538 1 1510 580 1023
8706 3746 62582548 1 1530 580 920
8717 3662 62582558 1 1530 580 156
