133
3764 5946 62573195 0 1520 450 296
3908 5764 62573205 1 1510 450 306
3979 5758 62573215 1 1490 440 306
4045 5794 62573225 1 1470 450 304
4249 5806 62573235 1 1430 450 314
4384 5865 62573245 1 1420 450 322
4474 5956 62573255 1 1410 460 372
4565 6075 62573265 1 1400 470 415
4611 6200 62573275 1 1400 470 439
4626 6328 62573285 1 1420 470 473
4570 6445 62573295 1 1420 470 485
4422 6491 62573305 1 1430 460 499
4212 6491 62573315 1 1430 460 530
3955 6419 62573325 1 1440 470 559
3711 6324 62573335 1 1440 470 592
3475 6213 62573345 1 1440 470 627
3310 6091 62573355 1 1450 470 636
3231 5969 62573365 1 1470 470 641
3209 5824 62573375 1 1470 470 646
3249 5665 62573385 1 1480 470 656
3355 5485 62573395 1 1490 480 655
3505 5270 62573405 1 1490 480 647
3706 5031 62573415 1 1480 480 644
3907 4750 62573425 1 1480 480 647
4096 4483 62573435 1 1480 480 644
4276 4225 62573445 1 1470 490 644
4365 3989 62573455 1 1470 490 647
4348 3793 62573465 1 1460 500 655
4261 3624 62573475 1 1460 500 690
4094 3538 62573485 1 1450 510 757
3897 3498 62573495 1 1440 510 799
3681 3488 62573505 1 1430 520 832
3448 3517 62573515 1 1420 530 828
3238 3575 62573525 1 1400 530 834
3042 3652 62573535 1 1400 530 827
2925 3729 62573545 1 1390 540 822
2873 3798 62573555 1 1390 540 803
2865 3836 62573565 1 1390 540 730
2922 3855 62573575 1 1390 540 463
4865 4610 62573656 0 1400 530 717
5251 4623 62573666 1 1400 520 740
5328 4642 62573676 1 1410 520 733
5274 4688 62573686 1 1420 520 742
5263 4575 62573696 1 1420 520 760
5281 4425 62573706 1 1420 520 768
5208 4250 62573716 1 1430 510 791
5152 4071 62573726 1 1430 510 790
5106 3920 62573736 1 1430 510 796
5128 3789 62573746 1 1420 520 799
5194 3695 62573756 1 1420 520 803
5290 3662 62573766 1 1420 520 802
5417 3669 62573776 1 1420 530 793
5573 3751 62573786 1 1420 530 797
5748 3897 62573796 1 1410 530 771
5901 4087 62573806 1 1420 540 737
5985 4319 62573816 1 1410 550 733
6024 4528 62573826 1 1430 550 740
5979 4722 62573836 1 1430 550 749
5871 4825 62573846 1 1430 550 755
5721 4857 62573856 1 1430 550 763
5558 4842 62573866 1 1430 550 751
5412 4788 62573876 1 1430 550 751
5316 4714 62573886 1 1430 550 760
5248 4628 62573896 1 1430 550 736
5248 4512 62573916 1 1430 550 513
6790 4008 62573996 0 1440 540 591
7103 4006 62574006 1 1450 540 690
7142 4083 62574016 1 1450 540 702
7184 4191 62574026 1 1450 540 717
7244 4323 62574036 1 1450 550 722
7315 4471 62574046 1 1450 550 725
7315 4606 62574056 1 1450 550 760
7264 4707 62574066 1 1460 550 784
7177 4786 62574076 1 1460 550 802
7055 4807 62574086 1 1480 560 824
6881 4742 62574096 1 1480 560 846
6672 4621 62574106 1 1490 560 902
6458 4439 62574116 1 1490 560 933
6319 4256 62574126 1 1490 560 980
6229 4073 62574136 1 1490 560 987
6218 3948 62574146 1 1490 560 990
6264 3853 62574156 1 1470 560 990
6348 3777 62574166 1 1470 560 982
6474 3772 62574176 1 1470 560 992
6644 3843 62574186 1 1470 560 974
6843 3966 62574196 1 1450 560 946
7027 4110 62574206 1 1450 560 947
7183 4258 62574216 1 1450 560 947
7320 4409 62574226 1 1450 560 938
7320 4409 62574236 1 1460 550 937
7320 4409 62574246 1 1460 550 947
7267 4334 62574256 1 1460 550 959
7168 4180 62574266 1 1480 560 967
7096 4036 62574276 1 1480 560 973
7041 3899 62574286 1 1480 560 970
7023 3751 62574296 1 1480 560 971
7056 3646 62574306 1 1480 560 952
7124 3569 62574316 1 1480 560 887
7220 3524 62574326 1 1490 560 592
7895 4306 62574407 0 1490 560 783
7944 4400 62574417 1 1510 560 863
7933 4462 62574427 1 1510 560 873
7941 4540 62574437 1 1500 570 875
7964 4540 62574447 1 1510 580 888
7984 4516 62574457 1 1510 580 899
7994 4475 62574467 1 1510 580 921
7994 4338 62574477 1 1540 570 944
7968 4149 62574487 1 1540 570 955
7907 3925 62574497 1 1540 570 995
7824 3724 62574507 1 1540 570 1012
7749 3592 62574517 1 1540 570 1023
7710 3506 62574527 1 1540 570 1021
7695 3465 62574537 1 1540 570 1012
7695 3457 62574547 1 1540 570 1008
7708 3472 62574557 1 1530 580 993
7793 3578 62574567 1 1530 580 977
7926 3757 62574577 1 1530 580 979
8068 3985 62574587 1 1530 580 976
8232 4204 62574597 1 1530 580 976
8411 4372 62574607 1 1530 580 970
8571 4505 62574617 1 1530 580 974
8704 4551 62574627 1 1530 580 982
8819 4544 62574637 1 1530 580 994
8908 4501 62574647 1 1540 580 988
8952 4421 62574657 1 1540 580 1020
8966 4300 62574667 1 1540 580 1023
8934 4151 62574677 1 1560 590 1023
8894 4011 62574687 1 1560 590 1023
8848 3876 62574697 1 1570 590 1023
8835 3745 62574707 1 1580 580 1023
8845 3641 62574717 1 1600 580 1023
8869 3557 62574727 1 1610 590 982
8894 3486 62574737 1 1610 590 722
