132
3529 5606 62564232 0 1610 300 307
3629 5465 62564242 1 1660 300 399
3712 5600 62564252 1 1690 330 418
3828 5691 62564262 1 1690 340 440
3965 5752 62564272 1 1690 340 443
4146 5852 62564282 1 1670 350 443
4264 5973 62564292 1 1660 370 439
4340 6109 62564302 1 1640 390 448
4362 6213 62564312 1 1630 410 483
4333 6300 62564322 1 1610 410 516
4270 6377 62564332 1 1610 420 542
4131 6415 62564342 1 1580 440 591
3954 6406 62564352 1 1580 450 622
3751 6366 62564362 1 1560 450 644
3547 6297 62564372 1 1540 470 664
3360 6206 62564382 1 1520 480 685
3219 6100 62564392 1 1510 480 694
3102 5995 62564402 1 1500 480 699
3070 5871 62564412 1 1490 490 690
3093 5734 62564422 1 1500 480 696
3152 5594 62564432 1 1500 480 697
3265 5420 62564442 1 1500 480 697
3394 5223 62564452 1 1500 480 693
3533 5010 62564462 1 1490 490 702
3667 4784 62564472 1 1490 490 699
3780 4549 62564482 1 1490 490 700
3878 4336 62564492 1 1480 500 700
3931 4157 62564502 1 1480 500 691
3931 4002 62564512 1 1480 500 696
3889 3864 62564522 1 1480 500 700
3789 3756 62564532 1 1480 500 720
3640 3667 62564542 1 1450 510 748
3457 3619 62564552 1 1440 510 756
3269 3599 62564562 1 1430 520 762
3093 3599 62564572 1 1420 530 762
2926 3619 62564582 1 1410 520 757
2817 3643 62564592 1 1400 530 760
2749 3670 62564602 1 1400 530 742
2707 3683 62564613 1 1390 540 625
4256 4533 62564713 0 1360 550 724
4693 4592 62564723 1 1370 540 728
4769 4684 62564733 1 1370 530 699
4812 4666 62564743 1 1400 530 691
4848 4613 62564753 1 1400 530 700
4878 4537 62564763 1 1400 530 727
4820 4439 62564773 1 1400 530 728
4733 4271 62564783 1 1400 520 751
4626 4057 62564793 1 1400 520 754
4587 3896 62564803 1 1400 520 770
4595 3770 62564813 1 1410 510 782
4635 3668 62564823 1 1410 510 794
4728 3620 62564833 1 1400 520 793
4876 3633 62564843 1 1400 520 790
5060 3686 62564853 1 1400 520 782
5227 3824 62564863 1 1390 520 779
5390 3998 62564873 1 1400 530 759
5549 4196 62564883 1 1390 540 753
5619 4402 62564893 1 1390 540 760
5604 4578 62564903 1 1390 540 763
5531 4671 62564913 1 1390 540 767
5404 4718 62564923 1 1390 540 771
5251 4712 62564933 1 1390 540 771
5080 4679 62564943 1 1390 540 774
4966 4628 62564953 1 1390 540 767
4904 4576 62564963 1 1400 540 755
4876 4521 62564973 1 1400 540 611
6464 4303 62565063 0 1420 530 512
6847 4193 62565073 1 1430 520 620
6928 4341 62565083 1 1430 520 625
6945 4443 62565093 1 1430 520 630
7009 4515 62565103 1 1450 530 634
7044 4607 62565113 1 1450 530 637
7059 4695 62565123 1 1450 530 670
7014 4773 62565133 1 1450 530 687
6909 4796 62565143 1 1460 530 717
6763 4783 62565153 1 1460 530 760
6567 4685 62565163 1 1450 540 806
6366 4516 62565173 1 1450 540 870
6162 4301 62565183 1 1460 540 924
6031 4094 62565193 1 1460 540 940
5975 3938 62565203 1 1460 540 949
5968 3815 62565213 1 1450 550 955
6011 3722 62565223 1 1450 550 959
6114 3692 62565233 1 1450 550 947
6257 3704 62565243 1 1440 560 937
6440 3791 62565253 1 1440 560 933
6623 3916 62565263 1 1430 550 926
6805 4067 62565273 1 1430 550 915
6953 4223 62565283 1 1430 550 921
7029 4373 62565293 1 1430 550 933
7056 4425 62565303 1 1430 550 932
7046 4415 62565313 1 1430 550 942
6997 4328 62565323 1 1430 550 950
6921 4206 62565333 1 1430 550 943
6853 4060 62565343 1 1430 550 946
6812 3927 62565353 1 1440 560 947
6788 3806 62565363 1 1440 560 935
6810 3694 62565373 1 1440 560 945
6876 3637 62565383 1 1440 560 912
6970 3614 62565393 1 1450 550 802
7818 4285 62565474 0 1450 560 761
7856 4272 62565484 1 1450 560 782
7863 4387 62565494 1 1450 560 785
7898 4387 62565504 1 1450 560 793
7952 4379 62565514 1 1450 560 793
7986 4329 62565524 1 1450 560 829
7999 4250 62565534 1 1470 560 839
7999 4111 62565544 1 1470 560 863
7980 3957 62565554 1 1480 570 890
7945 3793 62565564 1 1490 560 912
7898 3664 62565574 1 1490 560 947
7823 3584 62565584 1 1490 560 977
7778 3536 62565594 1 1500 550 979
7752 3525 62565604 1 1500 550 977
7752 3542 62565614 1 1490 560 958
7794 3579 62565624 1 1490 560 943
7854 3703 62565634 1 1490 560 924
7975 3887 62565644 1 1490 560 900
8125 4110 62565654 1 1490 560 896
8294 4327 62565664 1 1490 560 911
8425 4446 62565664 1 1490 560 930
8487 4501 62565674 1 1510 560 942
8503 4492 62565684 1 1510 560 961
8546 4441 62565694 1 1510 560 984
8589 4363 62565704 1 1510 560 1023
8615 4235 62565714 1 1510 560 1023
8630 4097 62565724 1 1510 560 1023
8630 3953 62565734 1 1510 560 1023
8611 3825 62565744 1 1520 570 1023
8584 3728 62565754 1 1520 570 1023
8576 3653 62565764 1 1520 570 1012
8576 3595 62565774 1 1540 560 834
