176
4268 7017 60968137 0 1170 490 446
4280 7017 60968147 1 1180 490 513
4269 7038 60968157 1 1180 490 569
4244 7043 60968167 1 1180 490 575
4244 7043 60968177 1 1190 500 583
4244 7038 60968187 1 1190 500 589
4244 7038 60968197 1 1180 510 605
4253 7033 60968207 1 1180 510 606
4275 7024 60968217 1 1190 510 616
4309 7011 60968227 1 1190 510 592
4344 6994 60968237 1 1200 510 516
4376 6972 60968247 1 1200 510 279
3869 6555 60968367 0 1180 480 515
3852 6508 60968377 1 1160 470 592
3827 6487 60968387 1 1160 470 591
3776 6458 60968397 1 1160 470 584
3776 6427 60968407 1 1160 470 595
3776 6395 60968417 1 1150 470 594
3776 6344 60968427 1 1150 470 595
3782 6293 60968437 1 1150 470 572
3795 6243 60968447 1 1150 480 529
3810 6213 60968457 1 1140 480 498
3825 6197 60968467 1 1140 480 456
3836 6197 60968477 1 1150 490 445
3844 6203 60968487 1 1150 500 490
3864 6220 60968497 1 1150 500 532
3920 6300 60968507 1 1150 510 562
4001 6412 60968517 1 1150 510 567
4128 6545 60968527 1 1150 510 585
4259 6629 60968537 1 1150 510 605
4395 6710 60968547 1 1150 510 617
4518 6766 60968557 1 1150 510 613
4634 6807 60968567 1 1150 510 617
4727 6824 60968577 1 1150 510 625
4788 6836 60968587 1 1160 520 627
4828 6836 60968597 1 1160 520 617
4851 6828 60968607 1 1160 520 569
4862 6814 60968617 1 1170 520 491
4862 6797 60968627 1 1170 520 54
3807 5528 60968728 0 1140 510 595
3698 5359 60968738 1 1140 510 566
3659 5389 60968748 1 1130 520 494
3670 5394 60968758 1 1130 520 538
3718 5413 60968768 1 1110 510 592
3790 5442 60968778 1 1110 510 619
3905 5525 60968788 1 1100 510 634
4052 5618 60968798 1 1080 510 642
4219 5717 60968808 1 1080 510 636
4376 5808 60968818 1 1080 510 585
4521 5900 60968828 1 1080 510 444
4658 5969 60968838 1 1080 510 20
4341 6177 60968948 0 1130 520 551
4382 6227 60968958 1 1130 520 594
4333 6220 60968968 1 1130 520 562
4339 6220 60968978 1 1140 510 577
4354 6131 60968988 1 1140 510 614
4375 5992 60968998 1 1140 510 662
4391 5804 60969008 1 1140 510 687
4409 5649 60969018 1 1140 510 707
4430 5517 60969028 1 1130 520 730
4451 5396 60969038 1 1130 520 720
4470 5294 60969048 1 1130 520 722
4489 5204 60969058 1 1120 520 721
4505 5126 60969068 1 1120 520 691
4513 5088 60969078 1 1110 530 563
4513 5076 60969088 1 1110 530 15
4262 5447 60969178 0 1050 530 620
4369 5487 60969188 1 1050 530 784
4307 5478 60969198 1 1050 530 765
4292 5478 60969208 1 1050 530 771
4307 5478 60969218 1 1050 530 794
4302 5472 60969228 1 1040 520 788
4264 5415 60969238 1 1040 520 779
4205 5322 60969248 1 1040 520 681
4125 5205 60969258 1 1040 520 499
4069 5115 60969268 1 1040 520 130
4358 5374 60969349 0 1050 530 346
4613 5514 60969359 1 1050 530 366
4683 5537 60969369 1 1050 530 475
4726 5537 60969379 1 1050 530 567
4786 5537 60969389 1 1060 540 636
4829 5529 60969399 1 1060 540 647
4860 5517 60969409 1 1060 540 676
4888 5501 60969419 1 1060 540 702
4911 5483 60969429 1 1060 550 705
4930 5465 60969439 1 1060 550 707
4945 5446 60969449 1 1060 550 684
4957 5427 60969459 1 1060 550 490
5638 6692 60969689 0 1210 530 569
5725 6755 60969699 1 1210 530 655
5725 6775 60969709 1 1220 530 638
5704 6775 60969719 1 1220 530 658
5704 6770 60969729 1 1220 530 720
5704 6770 60969739 1 1220 530 751
5704 6765 60969749 1 1220 530 749
5680 6760 60969759 1 1220 530 730
5646 6690 60969769 1 1230 520 658
5569 6578 60969779 1 1220 530 463
5498 6479 60969789 1 1210 520 76
5606 6346 60969869 0 1200 520 314
5723 6388 60969879 1 1200 520 389
5715 6388 60969889 1 1180 530 504
5715 6382 60969899 1 1180 530 613
5710 6382 60969909 1 1180 530 631
5671 6326 60969919 1 1180 530 591
5608 6242 60969929 1 1180 530 362
5487 6029 60970000 0 1180 530 304
5645 6060 60970010 1 1180 530 399
5664 6052 60970020 1 1180 530 540
5650 6025 60970030 1 1180 530 611
5650 5968 60970040 1 1180 530 685
5642 5890 60970050 1 1170 530 691
5625 5810 60970060 1 1170 530 694
5609 5742 60970070 1 1170 530 702
5609 5686 60970080 1 1160 530 649
5615 5633 60970090 1 1140 530 514
5624 5578 60970100 1 1140 530 272
5924 6526 60970290 0 1110 490 606
5967 6514 60970300 1 1120 490 586
5934 6542 60970310 1 1120 490 588
5961 6566 60970320 1 1120 480 591
6029 6623 60970330 1 1130 480 592
6111 6703 60970340 1 1140 480 584
6196 6764 60970350 1 1140 480 514
6286 6823 60970360 1 1160 490 322
6361 6712 60970470 0 1240 530 668
6339 6659 60970480 1 1240 530 642
6334 6659 60970490 1 1240 530 656
6342 6647 60970500 1 1240 530 724
6342 6583 60970510 1 1240 530 797
6326 6485 60970520 1 1230 530 828
6334 6378 60970530 1 1230 530 857
6339 6284 60970540 1 1230 530 861
6339 6198 60970550 1 1230 530 854
6349 6129 60970560 1 1220 540 821
6359 6063 60970570 1 1220 540 641
6428 6217 60970661 0 1190 540 671
6462 6274 60970671 1 1190 540 666
6444 6286 60970681 1 1190 540 667
6454 6312 60970691 1 1190 540 666
6482 6347 60970701 1 1190 540 667
6507 6373 60970711 1 1190 540 652
6536 6399 60970721 1 1190 540 499
6570 6424 60970731 1 1190 540 63
6196 6296 60970841 0 1180 540 694
6160 6296 60970851 1 1190 530 756
6117 6288 60970861 1 1190 530 754
6106 6282 60970871 1 1190 530 762
6115 6275 60970881 1 1190 530 793
6120 6236 60970891 1 1190 530 808
6120 6176 60970901 1 1200 540 803
6120 6096 60970911 1 1200 540 780
6120 6017 60970921 1 1200 540 671
6127 5940 60970931 1 1200 540 391
6000 5643 60970991 0 1180 560 242
5961 5627 60971001 1 1170 560 611
5941 5627 60971011 1 1170 560 633
5920 5636 60971021 1 1160 560 630
5925 5636 60971031 1 1160 560 663
5972 5666 60971041 1 1140 570 702
6048 5709 60971051 1 1140 570 705
6171 5764 60971061 1 1140 570 727
6306 5820 60971071 1 1130 570 722
6448 5878 60971081 1 1130 570 728
6575 5925 60971091 1 1130 570 737
6692 5961 60971101 1 1130 570 746
6803 5989 60971111 1 1130 570 755
6889 6010 60971121 1 1130 580 757
6941 6025 60971131 1 1150 580 763
6971 6030 60971141 1 1150 580 782
6971 6030 60971151 1 1160 570 784
6971 6030 60971161 1 1160 570 794
6971 6030 60971171 1 1190 580 794
6971 6030 60971181 1 1190 580 756
6971 6030 60971191 1 1200 570 578
6962 6030 60971201 1 1200 570 78
