180
6826 6072 61039289 0 1320 510 466
6880 6154 61039299 1 1300 520 509
6867 6154 61039309 1 1310 520 501
6867 6154 61039319 1 1310 520 510
6867 6154 61039329 1 1310 520 522
6867 6154 61039339 1 1310 520 515
6867 6154 61039349 1 1310 520 522
6867 6154 61039359 1 1330 530 524
6893 6113 61039369 1 1310 540 522
6908 6094 61039379 1 1310 540 522
6925 6068 61039389 1 1310 540 501
6947 6031 61039399 1 1310 540 129
6634 5803 61039530 0 1290 500 540
6634 5754 61039540 1 1290 500 548
6586 5731 61039550 1 1280 490 556
6575 5700 61039560 1 1270 500 562
6591 5678 61039570 1 1270 500 567
6604 5639 61039580 1 1250 500 567
6622 5589 61039590 1 1250 500 559
6648 5540 61039600 1 1250 510 543
6678 5502 61039610 1 1250 510 516
6705 5471 61039620 1 1260 510 397
6730 5454 61039630 1 1240 520 212
6747 5454 61039640 1 1230 520 184
6763 5465 61039650 1 1230 520 191
6777 5490 61039660 1 1220 530 292
6801 5537 61039670 1 1230 530 404
6845 5600 61039680 1 1220 540 468
6902 5671 61039690 1 1220 540 499
6986 5750 61039700 1 1220 540 515
7087 5834 61039710 1 1230 550 521
7199 5915 61039720 1 1230 550 539
7311 5970 61039730 1 1230 550 578
7402 6009 61039740 1 1240 540 591
7479 6031 61039750 1 1240 540 594
7513 6038 61039760 1 1260 540 591
7522 6038 61039770 1 1260 540 600
7515 6038 61039780 1 1280 540 603
7515 6001 61039790 1 1280 540 591
7484 5947 61039800 1 1280 540 520
7439 5858 61039810 1 1290 530 304
6878 5259 61039890 0 1270 530 280
6762 5153 61039900 1 1270 530 396
6727 5153 61039910 1 1250 540 466
6727 5153 61039920 1 1250 540 546
6751 5179 61039930 1 1240 540 616
6794 5214 61039940 1 1230 530 638
6883 5275 61039950 1 1230 530 662
6977 5346 61039960 1 1220 540 665
7074 5425 61039970 1 1220 540 667
7168 5483 61039980 1 1220 540 655
7262 5537 61039990 1 1200 540 550
7358 5582 61040000 1 1200 540 139
7226 5685 61040120 0 1240 530 524
7226 5685 61040130 1 1240 530 570
7226 5685 61040140 1 1240 530 570
7226 5685 61040150 1 1240 530 600
7218 5647 61040160 1 1240 530 625
7218 5556 61040170 1 1240 530 649
7224 5415 61040180 1 1230 530 667
7236 5320 61040190 1 1230 530 670
7253 5257 61040200 1 1230 530 673
7271 5182 61040210 1 1220 540 666
7290 5119 61040220 1 1230 550 668
7309 5065 61040230 1 1230 550 647
7319 5018 61040240 1 1230 550 556
7089 5193 61040341 0 1200 540 374
7115 5200 61040351 1 1200 540 642
7115 5200 61040361 1 1200 540 640
7104 5191 61040371 1 1200 540 662
7104 5183 61040381 1 1200 540 719
7091 5174 61040391 1 1200 540 720
7075 5146 61040401 1 1200 540 731
7039 5082 61040411 1 1200 540 702
6995 4994 61040421 1 1210 550 603
6945 4902 61040431 1 1210 550 93
7210 5194 61040521 0 1210 550 315
7411 5237 61040531 1 1210 550 407
7448 5248 61040541 1 1200 550 512
7454 5272 61040551 1 1200 550 581
7484 5262 61040561 1 1200 550 622
7513 5249 61040571 1 1200 550 684
7544 5228 61040581 1 1200 550 699
7580 5205 61040591 1 1190 540 703
7615 5182 61040601 1 1190 540 705
7637 5163 61040611 1 1190 540 703
7651 5141 61040621 1 1200 550 690
7665 5118 61040631 1 1200 550 613
8018 6187 61040831 0 1250 530 670
8085 6202 61040841 1 1270 520 700
8080 6231 61040851 1 1270 520 700
8063 6240 61040861 1 1270 510 711
8063 6230 61040871 1 1270 510 733
8063 6230 61040881 1 1280 500 721
8063 6225 61040892 1 1280 500 720
8017 6154 61040902 1 1280 500 708
7948 6038 61040912 1 1280 500 441
7915 5857 61040992 0 1300 530 302
8101 5893 61041002 1 1300 530 367
8080 5893 61041012 1 1300 530 422
8080 5884 61041022 1 1300 530 473
8088 5874 61041032 1 1300 530 561
8088 5859 61041042 1 1290 530 592
8071 5816 61041052 1 1290 530 600
8043 5757 61041062 1 1290 530 595
7986 5671 61041072 1 1280 540 517
7924 5596 61041082 1 1280 540 48
7987 5602 61041142 0 1270 560 413
8083 5617 61041152 1 1270 560 442
8091 5606 61041162 1 1270 560 527
8103 5587 61041172 1 1260 570 575
8112 5561 61041182 1 1260 570 622
8112 5561 61041192 1 1260 580 640
8117 5499 61041202 1 1260 580 643
8126 5448 61041212 1 1260 580 647
8131 5391 61041222 1 1260 580 627
8136 5335 61041232 1 1240 580 561
8136 5282 61041242 1 1230 580 93
8254 5906 61041382 0 1240 530 748
8278 5942 61041392 1 1240 530 731
8271 5970 61041402 1 1250 530 720
8299 6009 61041412 1 1250 530 730
8351 6051 61041422 1 1270 520 736
8401 6097 61041432 1 1270 520 727
8470 6145 61041442 1 1280 520 663
8551 6189 61041452 1 1280 520 491
8610 6182 61041553 0 1330 530 453
8598 6136 61041563 1 1330 530 583
8592 6122 61041573 1 1330 530 580
8584 6122 61041583 1 1330 530 591
8584 6116 61041593 1 1330 530 628
8584 6074 61041603 1 1330 530 671
8584 6008 61041613 1 1330 530 705
8584 5922 61041623 1 1330 530 714
8593 5845 61041633 1 1330 530 719
8600 5773 61041643 1 1330 530 721
8609 5727 61041653 1 1330 530 721
8620 5677 61041663 1 1310 540 707
8620 5624 61041673 1 1310 540 671
8620 5577 61041683 1 1300 540 96
8670 5751 61041763 0 1270 560 561
8679 5768 61041773 1 1260 570 664
8667 5779 61041783 1 1260 570 670
8667 5779 61041793 1 1240 570 670
8667 5779 61041803 1 1240 570 675
8672 5779 61041813 1 1240 570 670
8696 5804 61041823 1 1240 570 585
8734 5839 61041833 1 1240 570 334
8514 5899 61041953 0 1270 550 540
8485 5832 61041963 1 1270 550 628
8467 5832 61041973 1 1270 550 613
8459 5826 61041983 1 1270 550 620
8459 5776 61041993 1 1270 550 624
8459 5698 61042003 1 1270 550 625
8459 5631 61042013 1 1290 550 619
8465 5561 61042023 1 1270 550 614
8465 5486 61042033 1 1270 550 589
8465 5409 61042043 1 1270 550 472
8450 5336 61042053 1 1260 560 334
8423 5290 61042063 1 1260 560 342
8399 5262 61042073 1 1260 570 446
8377 5262 61042083 1 1260 570 545
8367 5278 61042093 1 1260 570 636
8362 5297 61042103 1 1240 570 663
8362 5312 61042113 1 1240 570 682
8399 5346 61042123 1 1240 570 716
8455 5394 61042133 1 1230 580 736
8557 5443 61042143 1 1230 580 763
8680 5495 61042153 1 1230 580 776
8816 5548 61042163 1 1230 580 784
8962 5599 61042173 1 1230 580 802
9072 5637 61042183 1 1230 580 829
9157 5666 61042193 1 1240 580 830
9206 5676 61042203 1 1240 580 828
9222 5681 61042213 1 1240 580 860
9217 5681 61042223 1 1240 580 879
9217 5681 61042233 1 1240 580 887
9217 5681 61042243 1 1240 580 873
9212 5681 61042253 1 1240 580 808
9212 5676 61042263 1 1240 580 574
