142
2309 6249 24560779 0 1350 800 314
2339 6276 24560789 1 1350 800 327
2367 6312 24560799 1 1350 800 335
2431 6318 24560809 1 1350 800 341
2520 6304 24560819 1 1350 800 381
2678 6296 24560829 1 1350 800 431
2886 6316 24560839 1 1350 800 486
3127 6356 24560849 1 1350 800 494
3353 6435 24560859 1 1350 800 491
3527 6492 24560869 1 1390 790 485
3666 6535 24560879 1 1380 780 289
3381 6350 24561000 0 1450 590 498
3365 6170 24561010 1 1460 580 497
3354 6136 24561020 1 1470 580 507
3367 5968 24561030 1 1460 570 499
3401 5717 24561040 1 1460 570 448
3441 5410 24561050 1 1460 570 392
3477 5108 24561060 1 1460 580 389
3509 4854 24561070 1 1460 580 404
3530 4631 24561080 1 1450 590 449
3530 4484 24561090 1 1440 600 490
3530 4335 24561100 1 1420 610 504
3492 4184 24561110 1 1410 610 512
3446 4047 24561120 1 1400 620 544
3391 3940 24561130 1 1380 630 567
3327 3853 24561140 1 1370 630 572
3247 3766 24561150 1 1350 640 591
3157 3699 24561160 1 1330 650 588
3054 3646 24561170 1 1320 650 602
2947 3597 24561180 1 1300 660 613
2838 3564 24561190 1 1280 660 619
2736 3543 24561200 1 1260 670 634
2636 3530 24561210 1 1260 670 650
2542 3530 24561220 1 1240 670 670
2474 3539 24561230 1 1220 680 664
2421 3561 24561240 1 1220 680 664
2381 3597 24561250 1 1190 680 652
2364 3642 24561260 1 1190 680 570
2364 3715 24561270 1 1190 680 247
4917 4972 24561500 0 1190 600 518
4790 4660 24561510 1 1200 580 574
4712 4598 24561520 1 1190 580 583
4669 4446 24561530 1 1190 580 570
4648 4234 24561540 1 1190 580 559
4695 4109 24561550 1 1190 580 557
4766 4044 24561560 1 1190 580 559
4852 4018 24561570 1 1210 580 561
4925 4018 24561580 1 1210 590 568
4998 4049 24561590 1 1210 590 567
5083 4109 24561600 1 1220 600 557
5177 4222 24561610 1 1220 610 522
5248 4337 24561620 1 1230 620 467
5305 4454 24561630 1 1240 630 409
5310 4541 24561640 1 1240 640 327
5286 4602 24561650 1 1240 640 205
4985 4685 24561701 0 1260 670 1
4945 4718 24561711 1 1260 670 76
4965 4751 24561721 1 1260 670 148
5026 4805 24561731 1 1260 670 160
5114 4876 24561741 1 1260 670 170
5253 4959 24561751 1 1260 670 172
5427 5060 24561761 1 1280 660 180
5625 5156 24561771 1 1280 660 216
5833 5249 24561781 1 1280 660 279
5997 5299 24561791 1 1300 660 314
6131 5316 24561801 1 1300 660 364
6251 5311 24561811 1 1300 660 394
6335 5285 24561821 1 1300 660 436
6396 5236 24561831 1 1320 650 498
6427 5172 24561841 1 1330 660 546
6422 5060 24561851 1 1330 660 570
6394 4905 24561861 1 1330 660 578
6329 4722 24561871 1 1330 660 588
6248 4560 24561881 1 1330 660 613
6156 4422 24561891 1 1330 660 611
6095 4299 24561901 1 1330 670 613
6058 4219 24561911 1 1330 670 614
6036 4188 24561921 1 1330 670 614
6042 4188 24561931 1 1310 680 624
6053 4188 24561941 1 1310 680 622
6071 4238 24561951 1 1290 680 619
6111 4312 24561961 1 1290 680 589
6164 4454 24561971 1 1290 680 557
6239 4646 24561981 1 1290 680 537
6345 4871 24561991 1 1290 680 543
6472 5060 24562001 1 1290 680 551
6603 5197 24562011 1 1290 680 553
6732 5299 24562021 1 1290 680 556
6837 5345 24562031 1 1290 680 568
6926 5345 24562041 1 1310 690 581
6979 5312 24562051 1 1310 690 613
7008 5257 24562061 1 1310 690 649
7020 5172 24562071 1 1350 690 670
7003 5066 24562081 1 1350 690 673
6968 4937 24562091 1 1350 690 678
6922 4803 24562101 1 1390 690 685
6887 4662 24562111 1 1390 690 690
6855 4543 24562121 1 1390 690 697
6855 4438 24562131 1 1410 700 690
6879 4370 24562131 1 1410 700 694
6930 4322 24562141 1 1390 710 699
7011 4287 24562151 1 1390 710 700
7113 4298 24562161 1 1420 710 700
7242 4344 24562171 1 1400 720 703
7404 4414 24562181 1 1400 720 702
7588 4505 24562191 1 1400 720 699
7768 4606 24562201 1 1400 720 697
7948 4713 24562211 1 1370 730 700
8096 4843 24562221 1 1370 730 702
8223 4975 24562231 1 1370 730 702
8332 5108 24562241 1 1370 730 702
8398 5218 24562251 1 1370 730 700
8434 5308 24562261 1 1370 730 700
8423 5386 24562271 1 1370 730 702
8382 5427 24562281 1 1400 720 707
8320 5427 24562291 1 1420 720 708
8251 5389 24562301 1 1420 720 717
8172 5291 24562311 1 1440 720 724
8086 5160 24562321 1 1440 720 730
8026 5007 24562331 1 1440 720 730
8007 4866 24562341 1 1440 720 731
8014 4770 24562351 1 1480 710 727
8080 4705 24562361 1 1480 710 736
8172 4669 24562371 1 1480 710 740
8281 4669 24562381 1 1470 720 736
8432 4694 24562391 1 1470 720 731
8586 4759 24562401 1 1470 720 727
8740 4855 24562411 1 1470 720 720
8892 4973 24562421 1 1470 720 722
9031 5105 24562431 1 1470 720 731
9161 5222 24562441 1 1470 720 724
9286 5328 24562451 1 1490 730 731
9386 5366 24562461 1 1490 730 742
9478 5357 24562471 1 1490 730 759
9565 5317 24562481 1 1490 730 791
9633 5235 24562491 1 1520 730 815
9674 5109 24562501 1 1520 730 827
9696 4955 24562511 1 1520 730 827
9696 4784 24562521 1 1520 730 824
9654 4656 24562531 1 1520 730 820
9587 4558 24562541 1 1550 740 796
9459 4478 24562551 1 1550 740 655
