220
2427 7174 72865514 0 1340 510 113
2344 7136 72865524 1 1340 510 163
2315 7143 72865534 1 1330 510 235
2290 7172 72865544 1 1330 510 301
2281 7172 72865554 1 1330 510 314
2281 7166 72865564 1 1330 510 322
2281 7157 72865574 1 1330 500 372
2325 7140 72865584 1 1330 500 423
2391 7140 72865594 1 1330 500 465
2516 7156 72865604 1 1330 500 502
2678 7183 72865614 1 1330 500 537
2864 7210 72865624 1 1340 490 564
3058 7237 72865634 1 1340 490 592
3254 7264 72865644 1 1340 490 606
3431 7296 72865654 1 1340 490 616
3594 7332 72865664 1 1340 490 619
3749 7371 72865674 1 1340 490 610
3859 7410 72865684 1 1340 490 620
3940 7449 72865694 1 1340 490 614
3992 7468 72865704 1 1340 490 600
4002 7468 72865714 1 1340 490 586
3984 7463 72865724 1 1340 490 572
3933 7443 72865734 1 1340 490 546
3867 7422 72865744 1 1340 490 546
3791 7398 72865754 1 1330 480 546
3718 7377 72865764 1 1330 480 537
3648 7358 72865774 1 1330 480 537
3599 7328 72865784 1 1330 480 542
3562 7295 72865794 1 1330 480 548
3540 7244 72865804 1 1330 480 551
3520 7183 72865814 1 1330 480 557
3508 7105 72865824 1 1330 480 560
3508 6994 72865834 1 1320 490 567
3508 6862 72865844 1 1320 490 574
3508 6715 72865854 1 1320 490 578
3508 6532 72865864 1 1300 500 588
3514 6324 72865874 1 1300 500 624
3521 6073 72865884 1 1300 500 644
3529 5822 72865894 1 1290 500 664
3537 5570 72865904 1 1280 500 705
3537 5305 72865914 1 1270 510 731
3522 5039 72865924 1 1260 510 754
3495 4800 72865934 1 1240 520 762
3449 4578 72865944 1 1230 520 780
3390 4385 72865954 1 1220 530 784
3307 4203 72865964 1 1210 530 790
3184 4029 72865974 1 1190 530 803
3033 3887 72865984 1 1190 530 827
2861 3768 72865994 1 1180 540 817
2679 3664 72866004 1 1170 540 832
2490 3631 72866014 1 1150 540 825
2316 3631 72866024 1 1140 550 821
2159 3658 72866034 1 1140 550 817
2014 3717 72866044 1 1120 550 805
1920 3798 72866054 1 1120 550 691
1882 3895 72866064 1 1120 550 439
5084 5282 72866346 0 1200 500 61
5084 5282 72866356 1 1200 500 179
5047 5304 72866366 1 1200 500 218
5026 5316 72866376 1 1220 500 270
5014 5324 72866386 1 1220 500 310
5000 5324 72866396 1 1220 500 369
4986 5324 72866406 1 1220 500 391
4973 5319 72866416 1 1220 500 415
4955 5296 72866426 1 1220 500 440
4934 5261 72866436 1 1220 500 465
4910 5209 72866446 1 1220 500 483
4880 5151 72866456 1 1220 500 505
4847 5073 72866466 1 1220 500 526
4814 4983 72866476 1 1220 500 545
4780 4878 72866486 1 1220 500 566
4746 4763 72866496 1 1210 510 583
4714 4641 72866506 1 1210 510 594
4700 4534 72866516 1 1210 510 595
4700 4437 72866526 1 1210 510 592
4723 4346 72866536 1 1200 510 589
4763 4282 72866546 1 1200 510 599
4814 4249 72866556 1 1200 510 611
4875 4238 72866566 1 1190 500 614
4938 4270 72866576 1 1180 510 619
5007 4337 72866586 1 1180 510 611
5078 4427 72866596 1 1180 510 616
5148 4523 72866606 1 1180 510 614
5199 4625 72866616 1 1180 510 616
5238 4731 72866626 1 1180 510 616
5252 4840 72866636 1 1190 510 622
5242 4939 72866646 1 1190 510 636
5216 5006 72866656 1 1190 510 645
5165 5054 72866666 1 1190 510 638
5106 5082 72866676 1 1190 510 646
5041 5096 72866686 1 1190 510 659
4993 5101 72866696 1 1200 510 667
4966 5101 72866706 1 1200 510 675
4953 5096 72866716 1 1200 510 667
4953 5091 72866726 1 1210 510 670
4966 5078 72866736 1 1210 510 673
4999 5048 72866746 1 1210 510 678
5045 5009 72866756 1 1220 500 681
5119 4968 72866766 1 1230 510 687
5216 4928 72866776 1 1230 510 693
5329 4900 72866786 1 1250 510 700
5458 4879 72866796 1 1250 510 693
5605 4884 72866806 1 1250 510 700
5764 4907 72866816 1 1250 510 707
5922 4941 72866826 1 1250 510 717
6063 4973 72866836 1 1250 510 721
6193 5014 72866846 1 1250 510 719
6336 5062 72866856 1 1250 510 719
6454 5112 72866866 1 1260 510 717
6555 5152 72866876 1 1260 510 717
6621 5186 72866886 1 1260 510 713
6653 5206 72866896 1 1260 510 717
6662 5211 72866906 1 1260 510 713
6657 5206 72866916 1 1260 510 710
6634 5187 72866926 1 1260 510 714
6598 5162 72866936 1 1260 510 717
6558 5127 72866946 1 1260 510 724
6518 5069 72866956 1 1260 510 722
6468 4996 72866966 1 1260 510 739
6411 4896 72866976 1 1260 510 760
6354 4771 72866986 1 1260 510 768
6297 4630 72866996 1 1240 520 784
6244 4502 72867006 1 1240 520 790
6197 4391 72867016 1 1240 520 794
6172 4292 72867026 1 1230 520 796
6159 4230 72867036 1 1230 520 794
6159 4202 72867046 1 1230 520 797
6159 4196 72867056 1 1220 530 785
6170 4202 72867066 1 1220 530 785
6188 4245 72867076 1 1220 530 783
6227 4312 72867086 1 1220 530 796
6279 4424 72867096 1 1220 530 794
6358 4541 72867106 1 1210 530 791
6443 4662 72867116 1 1210 530 791
6539 4762 72867126 1 1210 530 788
6641 4859 72867136 1 1210 530 790
6742 4933 72867146 1 1210 530 790
6840 4993 72867156 1 1210 530 791
6935 5033 72867166 1 1230 530 791
7006 5052 72867176 1 1230 530 796
7065 5057 72867186 1 1230 530 797
7115 5034 72867196 1 1240 530 783
7152 4987 72867206 1 1250 540 785
7185 4924 72867216 1 1250 540 788
7214 4839 72867226 1 1270 530 790
7251 4743 72867236 1 1270 530 796
7293 4640 72867246 1 1270 530 800
7343 4538 72867247 1 1270 530 800
7401 4454 72867257 1 1270 530 802
7467 4382 72867267 1 1270 530 806
7550 4335 72867277 1 1250 540 811
7643 4319 72867287 1 1250 540 808
7759 4319 72867297 1 1260 540 806
7896 4369 72867307 1 1260 540 811
8048 4445 72867317 1 1250 550 811
8205 4540 72867327 1 1250 550 809
8362 4648 72867337 1 1250 550 802
8513 4772 72867347 1 1250 550 796
8629 4907 72867357 1 1250 550 797
8724 5020 72867367 1 1250 550 793
8777 5103 72867377 1 1250 550 791
8784 5166 72867387 1 1250 550 790
8759 5203 72867397 1 1250 550 790
8702 5213 72867407 1 1260 540 791
8628 5204 72867417 1 1260 540 794
8542 5172 72867427 1 1260 540 794
8454 5121 72867437 1 1280 540 794
8362 5057 72867447 1 1280 540 796
8268 4977 72867457 1 1280 540 797
8188 4879 72867467 1 1290 530 800
8131 4768 72867477 1 1290 530 805
8090 4675 72867487 1 1290 530 808
8075 4582 72867497 1 1300 530 811
8083 4497 72867507 1 1290 530 812
8106 4417 72867517 1 1290 530 812
8155 4351 72867527 1 1290 530 818
8237 4315 72867537 1 1290 530 820
8342 4300 72867547 1 1290 530 821
8472 4328 72867557 1 1280 540 820
8607 4389 72867567 1 1280 540 820
8755 4472 72867577 1 1290 550 818
8914 4562 72867587 1 1290 550 818
9079 4656 72867597 1 1290 550 817
9236 4753 72867607 1 1270 550 812
9392 4865 72867617 1 1270 550 814
9547 4977 72867627 1 1270 550 817
9685 5076 72867637 1 1270 550 812
9813 5167 72867647 1 1270 550 814
9916 5233 72867657 1 1290 550 814
9979 5275 72867667 1 1290 550 817
10015 5301 72867677 1 1300 550 820
10015 5307 72867687 1 1300 550 824
10015 5307 72867697 1 1300 550 826
10004 5307 72867707 1 1320 550 829
9990 5307 72867717 1 1320 550 829
9964 5290 72867727 1 1320 550 832
9930 5273 72867737 1 1320 550 819
9896 5251 72867747 1 1340 550 824
9860 5220 72867757 1 1340 550 827
9822 5180 72867767 1 1340 550 833
9780 5129 72867777 1 1350 540 836
9735 5071 72867787 1 1350 540 837
9688 5005 72867797 1 1350 540 852
9651 4932 72867807 1 1350 540 866
9621 4854 72867817 1 1350 540 866
9602 4773 72867827 1 1350 540 887
9607 4704 72867837 1 1350 540 908
9626 4644 72867847 1 1340 550 917
9663 4579 72867857 1 1340 550 942
9706 4510 72867867 1 1330 540 943
9744 4433 72867877 1 1330 540 964
9777 4353 72867887 1 1330 540 986
9789 4272 72867897 1 1310 540 982
9771 4190 72867907 1 1300 540 1002
9733 4104 72867917 1 1300 540 1006
9634 4012 72867927 1 1310 550 1000
9478 3911 72867937 1 1310 550 984
9283 3806 72867947 1 1310 550 967
9073 3703 72867957 1 1300 550 842
8875 3652 72867967 1 1300 550 139
