232
4314 5019 66373900 0 1300 550 420
4276 4996 66373910 1 1310 560 478
4257 5033 66373920 1 1320 570 492
4274 5033 66373930 1 1340 570 539
4283 5033 66373940 1 1350 580 606
4331 5033 66373950 1 1360 570 668
4405 5027 66373960 1 1360 570 693
4554 5057 66373970 1 1360 570 702
4746 5115 66373980 1 1360 570 697
4966 5158 66373990 1 1380 580 700
5177 5206 66374000 1 1380 580 703
5395 5258 66374010 1 1380 580 700
5618 5305 66374020 1 1400 580 696
5812 5337 66374030 1 1400 580 702
5945 5360 66374040 1 1400 580 628
6037 5360 66374050 1 1420 580 314
5748 5193 66374110 0 1420 580 130
5539 5113 66374120 1 1420 580 327
5447 5097 66374130 1 1420 580 366
5373 5097 66374140 1 1420 580 422
5309 5075 66374150 1 1420 580 497
5247 5051 66374160 1 1420 580 560
5209 5027 66374170 1 1420 580 603
5186 4961 66374180 1 1420 580 645
5174 4867 66374190 1 1420 580 664
5167 4684 66374200 1 1420 580 690
5167 4423 66374210 1 1420 580 711
5146 4109 66374220 1 1390 580 722
5132 3750 66374220 1 1390 580 725
5122 3445 66374230 1 1390 580 760
5111 3175 66374240 1 1380 590 783
5089 2947 66374250 1 1380 590 822
5060 2753 66374260 1 1360 600 854
5007 2583 66374270 1 1360 600 888
4923 2470 66374280 1 1350 600 900
4817 2378 66374290 1 1350 600 903
4649 2299 66374300 1 1340 610 906
4443 2240 66374310 1 1340 610 906
4212 2212 66374320 1 1310 610 905
3958 2204 66374330 1 1310 610 900
3717 2242 66374340 1 1290 610 896
3485 2318 66374350 1 1290 610 899
3296 2419 66374360 1 1270 620 885
3146 2526 66374370 1 1260 610 784
6621 3397 66374962 0 1280 580 170
6577 3439 66374972 1 1280 580 230
6559 3448 66374982 1 1280 580 260
6541 3453 66374992 1 1280 580 324
6526 3453 66375002 1 1280 580 372
6512 3453 66375012 1 1280 580 400
6503 3453 66375022 1 1270 590 407
6497 3453 66375032 1 1270 590 409
6497 3453 66375042 1 1270 590 417
6497 3453 66375052 1 1270 590 422
6477 3422 66375062 1 1270 590 455
6449 3371 66375072 1 1270 590 512
6390 3228 66375082 1 1270 590 565
6324 3025 66375092 1 1270 590 614
6252 2782 66375102 1 1250 590 667
6194 2575 66375112 1 1250 590 694
6174 2438 66375122 1 1250 590 721
6179 2347 66375132 1 1250 590 733
6225 2274 66375142 1 1240 600 733
6297 2255 66375152 1 1240 600 749
6387 2272 66375162 1 1240 600 751
6496 2345 66375172 1 1240 600 751
6608 2440 66375182 1 1240 600 748
6727 2551 66375192 1 1240 600 739
6851 2687 66375202 1 1230 610 728
6958 2852 66375212 1 1230 610 722
7052 3037 66375222 1 1230 610 693
7122 3212 66375232 1 1230 610 662
7156 3386 66375242 1 1240 620 636
7165 3520 66375252 1 1240 620 608
7142 3627 66375262 1 1240 620 594
7094 3704 66375272 1 1240 620 586
7028 3755 66375282 1 1260 620 588
6955 3789 66375292 1 1270 620 586
6884 3797 66375302 1 1270 620 594
6816 3776 66375312 1 1270 620 591
6752 3735 66375322 1 1290 610 609
6695 3674 66375332 1 1290 610 620
6662 3593 66375342 1 1290 610 620
6645 3500 66375352 1 1310 610 625
6663 3411 66375362 1 1310 610 625
6735 3347 66375372 1 1310 610 625
6844 3301 66375382 1 1310 610 628
6982 3291 66375392 1 1310 610 624
7136 3323 66375402 1 1290 600 625
7301 3382 66375412 1 1310 600 628
7465 3444 66375422 1 1310 600 628
7616 3502 66375432 1 1310 600 634
7758 3554 66375442 1 1290 600 634
7903 3602 66375452 1 1290 600 641
8009 3631 66375462 1 1290 600 647
8088 3649 66375472 1 1310 610 647
8151 3649 66375482 1 1290 610 639
8184 3649 66375492 1 1290 610 628
8198 3643 66375502 1 1300 620 628
8198 3643 66375512 1 1300 620 633
8198 3643 66375522 1 1320 630 638
8185 3634 66375532 1 1320 630 641
8174 3634 66375542 1 1320 630 638
8165 3634 66375552 1 1330 630 653
8165 3634 66375562 1 1330 630 658
8158 3634 66375572 1 1330 630 661
8158 3634 66375582 1 1350 640 659
8158 3629 66375592 1 1350 640 659
8158 3629 66375602 1 1350 640 659
8158 3623 66375612 1 1350 640 658
8158 3616 66375622 1 1350 640 659
8158 3616 66375632 1 1350 640 659
8158 3610 66375642 1 1350 640 658
8158 3610 66375652 1 1350 640 659
8158 3610 66375662 1 1350 640 661
8153 3604 66375672 1 1350 640 667
8153 3604 66375682 1 1350 640 670
8142 3597 66375692 1 1350 640 662
8135 3597 66375702 1 1350 640 662
8130 3591 66375712 1 1350 640 662
8124 3591 66375722 1 1350 640 673
8118 3591 66375732 1 1350 640 673
8106 3583 66375742 1 1350 640 664
8091 3567 66375752 1 1350 640 664
8065 3530 66375762 1 1350 640 664
8035 3480 66375772 1 1350 640 664
8002 3429 66375782 1 1350 640 666
7977 3378 66375792 1 1350 640 669
7951 3309 66375802 1 1350 640 672
7916 3229 66375812 1 1350 640 675
7874 3116 66375822 1 1370 630 681
7820 3004 66375832 1 1370 630 697
7772 2895 66375842 1 1370 630 716
7737 2805 66375852 1 1370 630 731
7711 2726 66375862 1 1370 630 727
7702 2676 66375872 1 1350 630 730
7702 2647 66375882 1 1350 630 733
7712 2631 66375892 1 1330 630 742
7721 2624 66375902 1 1330 630 746
7732 2619 66375912 1 1320 630 748
7739 2619 66375922 1 1320 630 745
7744 2614 66375932 1 1320 630 743
7744 2614 66375942 1 1300 630 743
7744 2614 66375952 1 1290 630 749
7744 2614 66375962 1 1290 630 751
7744 2626 66375972 1 1290 630 751
7744 2643 66375982 1 1270 620 743
7760 2684 66375992 1 1270 620 740
7789 2760 66376002 1 1270 620 731
7849 2860 66376012 1 1270 620 725
7921 2984 66376022 1 1270 620 699
8001 3127 66376032 1 1270 620 670
8086 3282 66376042 1 1270 620 625
8172 3432 66376052 1 1290 630 591
8259 3558 66376062 1 1290 630 574
8348 3669 66376072 1 1290 630 560
8428 3760 66376082 1 1300 620 567
8502 3806 66376092 1 1300 620 560
8542 3822 66376102 1 1330 620 577
8573 3803 66376112 1 1330 620 585
8599 3760 66376122 1 1330 620 614
8614 3700 66376132 1 1350 620 636
8627 3644 66376142 1 1350 620 644
8639 3593 66376152 1 1370 620 656
8649 3546 66376162 1 1370 620 666
8649 3495 66376172 1 1370 620 696
8636 3408 66376182 1 1370 620 694
8601 3298 66376192 1 1370 620 724
8558 3162 66376202 1 1370 620 721
8510 3041 66376212 1 1370 620 731
8477 2929 66376222 1 1350 620 742
8465 2839 66376232 1 1350 620 751
8465 2774 66376242 1 1350 620 763
8491 2727 66376252 1 1350 620 773
8532 2711 66376262 1 1350 620 780
8584 2711 66376272 1 1330 620 790
8644 2711 66376282 1 1330 620 791
8717 2733 66376292 1 1330 620 790
8798 2767 66376302 1 1330 620 788
8893 2811 66376312 1 1330 620 782
8990 2873 66376322 1 1330 620 771
9090 2951 66376332 1 1350 620 742
9185 3041 66376342 1 1350 620 700
9279 3147 66376352 1 1350 620 631
9349 3271 66376362 1 1350 620 597
9404 3407 66376372 1 1350 620 595
9415 3507 66376382 1 1370 620 602
9397 3581 66376392 1 1350 630 619
9360 3638 66376402 1 1350 630 647
9317 3676 66376412 1 1350 630 667
9276 3689 66376422 1 1350 630 688
9239 3689 66376432 1 1350 630 691
9202 3654 66376442 1 1370 630 730
9157 3576 66376452 1 1370 630 742
9108 3468 66376462 1 1370 630 757
9066 3321 66376472 1 1370 630 751
9026 3171 66376482 1 1370 630 760
9026 3062 66376492 1 1370 630 760
9047 2980 66376502 1 1370 630 768
9093 2929 66376512 1 1370 630 770
9166 2917 66376522 1 1370 630 770
9258 2930 66376532 1 1370 630 762
9375 2977 66376542 1 1370 630 749
9503 3051 66376552 1 1380 630 696
9638 3142 66376562 1 1380 630 605
9770 3257 66376572 1 1380 630 488
9903 3387 66376582 1 1370 630 418
10037 3526 66376592 1 1370 630 402
10131 3648 66376602 1 1370 630 412
10199 3746 66376612 1 1380 640 466
10237 3829 66376622 1 1380 640 543
10252 3866 66376632 1 1380 640 616
10252 3885 66376642 1 1380 640 661
10245 3893 66376652 1 1400 630 678
10240 3883 66376662 1 1400 630 708
10235 3871 66376672 1 1400 630 740
10214 3809 66376682 1 1400 630 763
10182 3715 66376692 1 1410 640 759
10148 3614 66376702 1 1410 640 760
10101 3490 66376712 1 1410 640 765
10046 3351 66376722 1 1430 640 770
10009 3207 66376732 1 1430 640 780
10000 3067 66376742 1 1430 640 790
10010 2942 66376752 1 1430 640 790
10047 2825 66376762 1 1430 640 806
10096 2706 66376772 1 1430 640 818
10154 2604 66376782 1 1430 640 839
10198 2514 66376792 1 1420 650 849
10204 2428 66376802 1 1420 650 852
10185 2343 66376812 1 1420 650 852
10124 2258 66376822 1 1400 660 839
10032 2176 66376832 1 1400 660 758
