121
3142 6607 31328110 0 1350 800 418
3152 6646 31328120 1 1350 800 502
3115 6683 31328130 1 1350 800 540
3178 6732 31328140 1 1350 800 575
3309 6732 31328150 1 1390 790 591
3491 6721 31328160 1 1380 780 595
3734 6709 31328170 1 1380 770 602
4017 6696 31328180 1 1380 740 546
4264 6673 31328190 1 1370 710 391
4378 6650 31328200 1 1390 690 48
3781 6612 31328290 0 1380 490 617
3807 6191 31328300 1 1380 470 650
3774 6241 31328310 1 1390 450 659
3774 6104 31328320 1 1400 430 664
3784 5843 31328330 1 1400 430 663
3795 5458 31328340 1 1400 430 667
3806 5032 31328350 1 1400 430 669
3816 4578 31328360 1 1400 430 691
3766 4242 31328370 1 1400 450 711
3676 3984 31328370 1 1400 450 736
3495 3779 31328380 1 1400 450 745
3253 3620 31328390 1 1400 460 748
2969 3535 31328400 1 1390 460 739
2711 3499 31328410 1 1380 470 705
2473 3557 31328420 1 1380 480 628
2247 3711 31328430 1 1380 480 464
1979 3929 31328440 1 1380 490 315
1907 4187 31328450 1 1380 500 242
1966 4394 31328460 1 1380 500 107
4853 5022 31328571 0 1420 480 614
5097 4666 31328581 1 1430 490 647
5066 4679 31328591 1 1430 490 646
5066 4614 31328601 1 1440 480 665
5076 4496 31328611 1 1440 480 671
5150 4338 31328621 1 1440 480 673
5259 4200 31328631 1 1440 480 673
5392 4138 31328641 1 1430 490 667
5513 4121 31328651 1 1440 490 663
5613 4168 31328661 1 1440 490 664
5698 4272 31328671 1 1430 500 664
5726 4414 31328681 1 1440 500 666
5699 4584 31328691 1 1440 500 681
5635 4722 31328701 1 1440 500 710
5549 4840 31328711 1 1430 500 708
5476 4840 31328721 1 1430 500 703
5411 4756 31328731 1 1430 500 708
5340 4617 31328741 1 1420 490 711
5277 4480 31328751 1 1420 490 713
5246 4338 31328761 1 1420 490 714
5234 4313 31328771 1 1420 490 716
5242 4368 31328781 1 1420 490 717
5313 4409 31328791 1 1420 490 721
5425 4526 31328801 1 1420 490 717
5597 4693 31328811 1 1420 490 717
5784 4894 31328821 1 1420 490 730
5980 5041 31328831 1 1430 490 748
6096 5153 31328841 1 1440 490 754
6190 5153 31328851 1 1440 490 761
6268 5088 31328861 1 1450 480 751
6339 4974 31328871 1 1450 500 753
6378 4803 31328881 1 1450 500 760
6395 4652 31328891 1 1450 500 768
6383 4515 31328901 1 1460 500 771
6358 4412 31328911 1 1460 500 774
6325 4346 31328921 1 1460 500 777
6300 4304 31328931 1 1480 500 784
6294 4299 31328941 1 1480 500 784
6300 4334 31328951 1 1480 500 782
6341 4395 31328961 1 1480 500 780
6433 4541 31328971 1 1480 500 780
6560 4687 31328981 1 1480 500 780
6687 4797 31328991 1 1480 500 777
6806 4885 31329001 1 1480 500 776
6879 4885 31329011 1 1490 510 777
6925 4830 31329021 1 1490 510 782
6954 4736 31329031 1 1490 510 784
6979 4602 31329041 1 1500 510 785
7002 4464 31329051 1 1500 510 788
7053 4324 31329061 1 1500 510 791
7133 4236 31329071 1 1510 510 793
7233 4199 31329081 1 1510 510 783
7382 4199 31329091 1 1510 510 785
7554 4257 31329102 1 1510 510 784
7742 4386 31329112 1 1530 520 794
7952 4559 31329122 1 1530 520 784
8136 4743 31329132 1 1530 520 796
8302 4923 31329142 1 1540 520 787
8400 5100 31329152 1 1540 520 791
8438 5212 31329162 1 1550 520 796
8438 5264 31329172 1 1550 520 787
8395 5277 31329182 1 1550 520 785
8310 5219 31329192 1 1550 520 785
8196 5092 31329202 1 1550 520 784
8082 4920 31329212 1 1560 510 794
8028 4725 31329222 1 1560 510 787
8014 4573 31329232 1 1570 520 788
8041 4449 31329242 1 1560 530 794
8108 4363 31329252 1 1560 530 800
8201 4346 31329262 1 1560 530 799
8376 4375 31329272 1 1560 530 799
8599 4500 31329282 1 1560 530 790
8854 4682 31329292 1 1560 530 794
9123 4903 31329302 1 1560 530 790
9369 5157 31329312 1 1560 530 796
9600 5411 31329322 1 1570 540 808
9725 5571 31329332 1 1570 540 832
9776 5670 31329342 1 1570 540 819
9776 5675 31329352 1 1570 540 833
9755 5605 31329362 1 1570 540 846
9762 5484 31329372 1 1570 540 851
9788 5273 31329382 1 1570 540 860
9864 5106 31329392 1 1580 540 854
9973 4969 31329402 1 1580 540 881
10104 4859 31329412 1 1580 540 897
10233 4771 31329422 1 1600 540 892
10324 4698 31329432 1 1600 540 897
10389 4631 31329442 1 1610 550 900
10389 4546 31329452 1 1610 550 897
10327 4448 31329462 1 1610 550 869
10227 4334 31329472 1 1600 550 721
10096 4255 31329482 1 1600 550 491
