143
5494 4174 61124211 0 1150 480 575
5549 4160 61124221 1 1160 490 584
5501 4196 61124231 1 1170 500 567
5512 4203 61124241 1 1180 510 569
5556 4227 61124251 1 1190 510 581
5622 4262 61124261 1 1200 520 589
5700 4303 61124271 1 1200 520 591
5790 4348 61124281 1 1200 520 588
5888 4396 61124291 1 1200 520 520
5976 4442 61124301 1 1200 520 269
5944 4701 61124422 0 1220 500 456
5899 4753 61124432 1 1220 500 556
5873 4772 61124442 1 1220 500 566
5867 4772 61124452 1 1240 500 572
5867 4765 61124462 1 1250 510 588
5872 4719 61124472 1 1230 510 630
5872 4619 61124482 1 1230 510 688
5859 4483 61124492 1 1240 520 721
5859 4352 61124502 1 1240 520 751
5859 4248 61124512 1 1240 520 756
5875 4180 61124522 1 1240 530 762
5891 4126 61124532 1 1240 530 768
5908 4079 61124542 1 1250 540 759
5925 4041 61124552 1 1240 540 758
5947 4010 61124562 1 1250 550 731
5976 3985 61124572 1 1250 550 515
6396 4500 61124652 0 1250 550 435
6463 4583 61124662 1 1250 540 526
6424 4574 61124672 1 1240 540 539
6389 4545 61124682 1 1240 540 616
6346 4504 61124692 1 1240 540 727
6296 4389 61124702 1 1240 540 799
6235 4314 61124712 1 1230 530 818
6187 4265 61124722 1 1230 530 833
6161 4192 61124732 1 1230 530 828
6161 4154 61124742 1 1230 530 832
6170 4139 61124752 1 1230 530 823
6193 4118 61124762 1 1230 530 818
6249 4118 61124772 1 1230 530 808
6327 4135 61124782 1 1220 540 758
6436 4224 61124792 1 1220 540 711
6529 4331 61124802 1 1220 540 694
6610 4451 61124812 1 1220 540 717
6644 4521 61124822 1 1220 540 822
6651 4539 61124832 1 1220 540 896
6641 4523 61124842 1 1220 540 911
6641 4523 61124852 1 1220 540 924
6641 4514 61124862 1 1220 540 923
6641 4508 61124872 1 1220 540 935
6620 4442 61124882 1 1220 540 933
6592 4337 61124892 1 1220 540 932
6598 4268 61124902 1 1220 540 924
6609 4218 61124912 1 1220 540 914
6630 4180 61124922 1 1230 550 909
6656 4153 61124932 1 1230 550 882
6691 4135 61124942 1 1230 550 721
6731 4123 61124952 1 1230 550 322
6989 4960 61125083 0 1220 500 569
7021 5002 61125093 1 1220 500 788
7021 5043 61125103 1 1220 500 784
6991 5055 61125113 1 1230 490 785
6983 5047 61125123 1 1230 490 790
6989 5047 61125133 1 1240 500 742
6989 5047 61125143 1 1250 500 608
6989 5004 61125153 1 1260 500 200
6844 4718 61125203 0 1280 540 394
6832 4654 61125213 1 1280 540 446
6832 4654 61125223 1 1290 550 505
6840 4654 61125233 1 1270 550 647
6848 4672 61125243 1 1290 560 699
6879 4695 61125253 1 1290 560 730
6925 4721 61125263 1 1270 560 725
6953 4741 61125273 1 1270 560 736
6975 4747 61125283 1 1270 560 734
6992 4747 61125293 1 1260 570 746
7001 4734 61125303 1 1260 570 773
7010 4681 61125313 1 1260 570 787
7010 4601 61125323 1 1240 570 817
7003 4519 61125333 1 1240 570 849
6998 4440 61125343 1 1240 570 863
6998 4363 61125353 1 1240 570 869
7010 4313 61125363 1 1240 570 873
7024 4275 61125373 1 1240 570 866
7038 4244 61125383 1 1240 570 860
7048 4237 61125393 1 1240 570 852
7054 4232 61125403 1 1240 570 708
7075 4232 61125413 1 1240 570 270
7264 4711 61125513 0 1270 550 631
7373 4756 61125523 1 1260 540 751
7287 4775 61125533 1 1260 540 759
7262 4775 61125543 1 1260 540 771
7278 4775 61125553 1 1260 540 794
7278 4758 61125563 1 1260 540 833
7278 4690 61125573 1 1250 540 863
7263 4586 61125583 1 1250 540 894
7256 4491 61125593 1 1260 540 914
7248 4421 61125603 1 1260 540 920
7240 4369 61125613 1 1260 540 915
7240 4348 61125623 1 1260 540 911
7240 4343 61125633 1 1260 560 908
7240 4349 61125643 1 1260 560 905
7240 4349 61125653 1 1260 560 912
7248 4369 61125663 1 1250 560 900
7256 4395 61125673 1 1250 560 909
7283 4486 61125683 1 1250 560 894
7322 4574 61125693 1 1250 560 887
7361 4655 61125704 1 1250 560 884
7393 4710 61125714 1 1250 560 884
7421 4749 61125724 1 1250 560 885
7449 4786 61125734 1 1250 560 885
7459 4798 61125744 1 1250 560 891
7459 4793 61125754 1 1250 560 896
7459 4786 61125764 1 1250 560 892
7474 4741 61125774 1 1250 560 900
7483 4671 61125784 1 1250 560 912
7483 4604 61125794 1 1250 560 918
7492 4545 61125804 1 1250 560 920
7499 4491 61125814 1 1250 560 920
7514 4446 61125824 1 1250 560 917
7536 4422 61125834 1 1250 560 914
7568 4411 61125844 1 1250 560 918
7606 4406 61125854 1 1250 560 929
7662 4427 61125864 1 1250 560 933
7730 4466 61125874 1 1250 560 927
7814 4549 61125884 1 1250 560 896
7878 4639 61125894 1 1250 560 878
7928 4734 61125904 1 1250 560 879
7928 4775 61125914 1 1260 570 884
7917 4797 61125924 1 1260 570 890
7890 4806 61125934 1 1260 570 893
7832 4791 61125944 1 1260 570 897
7771 4741 61125954 1 1260 570 918
7708 4667 61125964 1 1260 570 924
7693 4604 61125974 1 1260 570 950
7708 4541 61125984 1 1260 570 973
7743 4478 61125994 1 1260 570 988
7805 4440 61126004 1 1260 570 981
7888 4417 61126014 1 1270 570 993
7985 4417 61126024 1 1270 570 1000
8083 4454 61126034 1 1270 570 978
8190 4509 61126044 1 1270 570 908
8304 4563 61126054 1 1270 570 730
8406 4612 61126064 1 1270 570 175
