165
3892 4560 51329524 0 1250 510 132
3876 4522 51329534 1 1250 510 153
3868 4543 51329544 1 1260 510 183
3863 4543 51329554 1 1240 520 235
3869 4543 51329564 1 1240 520 267
3877 4543 51329574 1 1240 530 286
3907 4558 51329584 1 1240 530 302
3950 4579 51329594 1 1240 530 309
3998 4606 51329604 1 1230 530 314
4047 4630 51329614 1 1240 540 307
4087 4650 51329624 1 1240 540 304
4121 4663 51329634 1 1240 540 280
4143 4671 51329644 1 1240 540 103
4073 4823 51329754 0 1250 540 108
4104 4852 51329764 1 1270 530 161
4104 4858 51329774 1 1270 530 173
4095 4853 51329784 1 1270 530 269
4095 4816 51329794 1 1280 530 351
4095 4759 51329804 1 1280 530 425
4087 4679 51329814 1 1280 530 467
4076 4587 51329824 1 1280 530 513
4076 4487 51329834 1 1280 530 553
4076 4408 51329844 1 1280 540 581
4076 4337 51329854 1 1280 540 600
4085 4291 51329864 1 1280 540 620
4096 4259 51329874 1 1260 540 622
4110 4241 51329884 1 1270 550 627
4125 4232 51329894 1 1260 560 630
4147 4232 51329904 1 1260 560 624
4186 4244 51329914 1 1260 560 614
4235 4280 51329924 1 1250 560 498
4292 4329 51329934 1 1250 560 101
4678 4643 51330045 0 1240 550 312
4678 4643 51330055 1 1240 550 342
4678 4643 51330065 1 1240 550 372
4614 4665 51330075 1 1240 550 448
4589 4671 51330085 1 1240 550 494
4577 4677 51330095 1 1240 550 524
4570 4682 51330105 1 1240 550 538
4565 4682 51330115 1 1240 550 546
4565 4682 51330125 1 1240 550 537
4565 4682 51330135 1 1240 550 556
4555 4639 51330145 1 1240 550 567
4532 4575 51330155 1 1220 560 585
4507 4493 51330165 1 1220 560 611
4487 4430 51330175 1 1220 560 624
4476 4396 51330185 1 1220 560 633
4470 4356 51330195 1 1220 560 639
4470 4338 51330205 1 1220 560 639
4470 4331 51330215 1 1220 560 636
4481 4331 51330225 1 1210 550 641
4497 4360 51330235 1 1210 550 640
4532 4402 51330245 1 1210 550 637
4579 4466 51330255 1 1210 550 638
4628 4521 51330265 1 1210 550 637
4656 4569 51330275 1 1200 550 637
4670 4586 51330285 1 1200 550 637
4670 4586 51330295 1 1200 550 641
4676 4576 51330305 1 1200 550 652
4676 4549 51330315 1 1210 560 661
4684 4516 51330325 1 1210 560 671
4684 4474 51330335 1 1210 560 664
4684 4428 51330345 1 1210 560 663
4699 4398 51330355 1 1210 560 662
4717 4374 51330365 1 1210 560 667
4742 4353 51330375 1 1220 570 637
4773 4340 51330385 1 1220 570 522
4810 4347 51330395 1 1220 570 86
5064 5014 51330555 0 1240 550 386
5064 5014 51330565 1 1240 550 391
5018 4999 51330575 1 1250 550 443
5005 4993 51330585 1 1250 550 498
5005 4983 51330595 1 1260 560 521
5005 4966 51330605 1 1270 550 539
5005 4944 51330615 1 1270 550 553
5011 4922 51330625 1 1290 560 556
5018 4899 51330635 1 1290 560 556
5024 4881 51330645 1 1300 560 550
5029 4866 51330655 1 1300 560 540
5029 4853 51330665 1 1310 570 491
5037 4839 51330675 1 1320 570 251
4960 4644 51330756 0 1300 580 246
4943 4603 51330766 1 1280 580 304
4922 4591 51330776 1 1280 580 418
4914 4583 51330786 1 1280 580 483
4914 4583 51330796 1 1270 590 512
4914 4583 51330806 1 1270 590 520
4926 4593 51330816 1 1270 590 512
4946 4611 51330826 1 1250 590 513
4980 4635 51330836 1 1250 590 513
5023 4659 51330846 1 1250 590 521
5044 4659 51330856 1 1250 590 530
5058 4642 51330866 1 1250 590 559
5066 4604 51330876 1 1250 590 592
5066 4552 51330886 1 1250 590 627
5054 4490 51330896 1 1250 590 641
5037 4396 51330906 1 1250 590 661
5032 4348 51330916 1 1250 590 662
5032 4331 51330926 1 1250 590 675
5032 4307 51330936 1 1240 600 676
5046 4294 51330946 1 1240 600 681
5061 4288 51330956 1 1240 600 676
5087 4288 51330966 1 1240 600 675
5121 4317 51330976 1 1240 600 647
5162 4357 51330986 1 1240 600 464
5375 4629 51331076 0 1240 600 54
5443 4685 51331086 1 1240 600 389
5443 4699 51331096 1 1240 600 472
5415 4706 51331106 1 1240 600 540
5409 4699 51331116 1 1240 600 592
5409 4684 51331126 1 1240 600 633
5409 4655 51331136 1 1240 600 653
5409 4605 51331146 1 1240 600 675
5400 4541 51331156 1 1240 600 696
5405 4488 51331166 1 1250 590 717
5405 4442 51331176 1 1250 590 720
5405 4402 51331186 1 1240 600 730
5405 4377 51331196 1 1240 600 739
5405 4369 51331206 1 1240 600 751
5410 4369 51331216 1 1240 600 750
5410 4380 51331226 1 1240 600 750
5422 4421 51331236 1 1240 600 750
5447 4485 51331246 1 1240 600 757
5482 4557 51331256 1 1240 600 754
5522 4633 51331266 1 1240 600 754
5564 4712 51331276 1 1240 600 754
5605 4762 51331286 1 1240 600 751
5629 4788 51331296 1 1240 600 751
5644 4797 51331306 1 1240 600 752
5657 4782 51331316 1 1240 600 757
5670 4741 51331326 1 1240 600 750
5675 4682 51331336 1 1240 600 760
5675 4609 51331346 1 1240 600 770
5675 4544 51331356 1 1240 600 779
5683 4484 51331366 1 1220 600 782
5705 4449 51331376 1 1220 600 787
5724 4429 51331386 1 1220 600 793
5758 4420 51331396 1 1230 610 784
5803 4434 51331406 1 1230 610 785
5852 4467 51331416 1 1230 610 787
5899 4512 51331426 1 1240 620 787
5943 4565 51331436 1 1240 620 785
5978 4627 51331446 1 1240 620 796
6006 4694 51331456 1 1240 620 796
6014 4750 51331466 1 1260 620 793
6014 4804 51331476 1 1260 620 794
6003 4854 51331486 1 1260 620 796
5985 4884 51331496 1 1270 630 796
5965 4901 51331506 1 1270 630 783
5944 4908 51331516 1 1270 630 796
5920 4900 51331526 1 1290 640 797
5900 4883 51331536 1 1300 630 787
5889 4865 51331546 1 1300 630 799
5889 4805 51331556 1 1300 630 824
5884 4717 51331566 1 1300 630 843
5884 4638 51331576 1 1300 630 853
5899 4570 51331586 1 1320 630 876
5919 4509 51331596 1 1320 630 903
5940 4460 51331606 1 1320 630 908
5966 4426 51331616 1 1320 630 906
5999 4403 51331626 1 1320 630 905
6036 4393 51331636 1 1320 630 900
6072 4393 51331646 1 1300 630 885
6107 4408 51331656 1 1300 630 818
6136 4430 51331666 1 1300 630 494
