226
3862 6390 32494871 0 1170 390 384
3803 6376 32494881 1 1170 400 443
3765 6388 32494891 1 1180 400 535
3747 6416 32494901 1 1180 410 602
3742 6416 32494911 1 1190 420 628
3742 6416 32494921 1 1200 430 628
3742 6416 32494931 1 1210 440 641
3764 6404 32494941 1 1200 450 671
3798 6399 32494951 1 1210 460 699
3865 6421 32494961 1 1220 460 714
3948 6461 32494971 1 1220 460 724
4041 6505 32494981 1 1230 470 742
4126 6545 32494991 1 1230 470 759
4196 6575 32495001 1 1230 480 768
4256 6598 32495011 1 1230 480 774
4278 6607 32495021 1 1240 490 782
4285 6607 32495031 1 1240 490 784
4285 6607 32495041 1 1240 490 776
4285 6607 32495051 1 1240 490 763
4270 6617 32495061 1 1240 490 668
4252 6630 32495071 1 1240 490 443
4234 6647 32495081 1 1240 490 96
4151 6777 32495131 0 1250 480 32
4121 6827 32495141 1 1250 480 137
4111 6836 32495151 1 1250 480 250
4111 6836 32495161 1 1250 480 327
4106 6836 32495171 1 1250 480 361
4106 6828 32495181 1 1250 480 407
4106 6794 32495191 1 1250 480 464
4098 6743 32495201 1 1250 480 526
4091 6678 32495211 1 1250 480 584
4078 6595 32495221 1 1250 480 622
4066 6499 32495231 1 1250 480 667
4054 6404 32495241 1 1250 480 697
4054 6310 32495251 1 1250 480 716
4054 6234 32495261 1 1250 480 733
4070 6170 32495271 1 1250 480 736
4091 6112 32495281 1 1250 480 746
4125 6078 32495291 1 1240 490 748
4164 6059 32495301 1 1250 500 742
4215 6059 32495312 1 1250 500 733
4274 6085 32495322 1 1250 500 687
4337 6125 32495332 1 1250 500 425
4594 6398 32495412 0 1240 500 136
4627 6427 32495422 1 1240 500 220
4627 6442 32495432 1 1240 500 344
4627 6455 32495442 1 1240 500 436
4627 6469 32495452 1 1240 500 471
4627 6485 32495462 1 1240 500 478
4627 6502 32495472 1 1230 490 488
4627 6521 32495482 1 1230 490 514
4627 6543 32495492 1 1230 490 524
4627 6568 32495502 1 1230 490 544
4617 6589 32495512 1 1230 490 565
4612 6606 32495522 1 1230 490 588
4605 6616 32495532 1 1230 490 628
4596 6622 32495542 1 1230 490 653
4584 6622 32495552 1 1220 480 661
4569 6616 32495562 1 1220 480 670
4553 6584 32495572 1 1220 480 670
4531 6536 32495582 1 1220 480 690
4509 6468 32495592 1 1220 480 705
4488 6396 32495602 1 1220 480 731
4471 6331 32495612 1 1220 480 733
4471 6273 32495622 1 1230 490 733
4471 6246 32495632 1 1230 490 727
4488 6233 32495642 1 1230 490 739
4508 6233 32495652 1 1230 490 748
4535 6250 32495662 1 1230 490 749
4564 6283 32495672 1 1230 490 751
4594 6325 32495682 1 1230 490 758
4622 6371 32495692 1 1220 500 771
4639 6417 32495702 1 1220 500 803
4650 6457 32495712 1 1220 500 851
4663 6494 32495722 1 1220 500 892
4668 6513 32495732 1 1220 500 940
4668 6522 32495742 1 1220 500 980
4668 6522 32495752 1 1220 500 994
4668 6533 32495762 1 1220 500 1023
4673 6538 32495772 1 1240 500 1023
4673 6538 32495782 1 1240 500 1023
4673 6531 32495792 1 1240 500 1023
4665 6526 32495802 1 1250 510 1023
4665 6526 32495812 1 1250 510 1023
4659 6521 32495822 1 1250 510 1023
4659 6521 32495832 1 1260 500 1023
4659 6521 32495842 1 1260 500 1023
4659 6521 32495852 1 1260 500 1023
4659 6521 32495862 1 1270 510 1023
4659 6521 32495872 1 1270 510 1023
4667 6521 32495882 1 1280 500 1023
4675 6508 32495892 1 1280 500 1023
4685 6492 32495902 1 1280 500 1023
4695 6476 32495912 1 1280 500 1023
4707 6457 32495922 1 1280 500 1023
4719 6435 32495932 1 1280 500 1023
4734 6410 32495942 1 1270 500 1023
4751 6383 32495952 1 1270 500 1023
4771 6356 32495962 1 1270 500 1023
4792 6339 32495972 1 1270 500 1023
4813 6329 32495982 1 1260 500 1023
4833 6324 32495992 1 1260 500 1023
4857 6324 32496002 1 1260 500 1023
4885 6338 32496012 1 1260 500 1023
4917 6363 32496022 1 1270 510 1023
4949 6392 32496032 1 1270 510 1023
4971 6425 32496042 1 1270 510 934
4988 6446 32496052 1 1270 510 791
5001 6473 32496062 1 1270 510 430
5051 6841 32496163 0 1270 500 253
5060 6882 32496173 1 1270 500 361
5060 6890 32496183 1 1280 490 450
5060 6890 32496193 1 1280 490 517
5060 6890 32496203 1 1290 490 535
5065 6890 32496213 1 1290 490 572
5078 6880 32496223 1 1290 490 619
5098 6859 32496233 1 1310 480 638
5122 6829 32496243 1 1320 490 646
5144 6805 32496253 1 1320 490 650
5162 6785 32496263 1 1320 490 643
5178 6769 32496273 1 1320 490 636
5187 6758 32496283 1 1320 490 616
5193 6747 32496293 1 1300 500 448
5193 6736 32496303 1 1300 500 1
5104 6694 32496343 0 1290 500 98
5020 6658 32496353 1 1280 500 237
4982 6637 32496363 1 1280 500 379
4959 6618 32496373 1 1280 500 480
4947 6612 32496383 1 1270 510 516
4947 6612 32496393 1 1270 510 538
4947 6612 32496403 1 1270 510 554
4953 6612 32496413 1 1270 510 588
4966 6612 32496423 1 1270 510 611
4990 6612 32496433 1 1270 510 625
5024 6631 32496443 1 1270 510 633
5064 6646 32496453 1 1270 510 638
5094 6656 32496463 1 1270 510 641
5115 6656 32496473 1 1270 510 637
5129 6651 32496483 1 1270 510 659
5138 6639 32496493 1 1270 510 667
5148 6620 32496503 1 1270 510 691
5142 6581 32496513 1 1270 510 690
5124 6529 32496523 1 1270 510 711
5113 6472 32496533 1 1270 510 724
5104 6417 32496543 1 1270 510 722
5115 6381 32496553 1 1270 510 743
5138 6356 32496563 1 1270 510 761
5173 6349 32496573 1 1260 510 770
5213 6357 32496583 1 1260 510 779
5261 6374 32496593 1 1260 510 784
5309 6403 32496603 1 1260 510 790
5346 6432 32496613 1 1260 510 791
5376 6460 32496623 1 1260 510 790
5395 6479 32496633 1 1260 510 784
5407 6497 32496643 1 1260 510 759
5414 6514 32496653 1 1260 510 647
5425 6530 32496663 1 1260 510 317
5594 6799 32496764 0 1270 510 181
5619 6835 32496774 1 1270 510 252
5614 6841 32496784 1 1270 510 368
5609 6841 32496794 1 1280 500 497
5609 6848 32496804 1 1280 500 556
5609 6848 32496814 1 1280 500 569
5609 6848 32496824 1 1280 500 603
5601 6814 32496834 1 1280 500 647
5593 6766 32496844 1 1280 500 700
5584 6707 32496854 1 1280 500 731
5575 6646 32496864 1 1280 500 757
5569 6585 32496874 1 1280 500 779
5569 6534 32496884 1 1280 500 790
5569 6489 32496894 1 1280 500 796
5575 6456 32496904 1 1270 510 785
5575 6438 32496914 1 1270 510 785
5580 6430 32496924 1 1270 510 785
5580 6430 32496934 1 1270 510 797
5580 6440 32496944 1 1270 510 802
5588 6454 32496954 1 1260 510 799
5606 6496 32496964 1 1260 510 797
5633 6545 32496974 1 1260 510 794
5659 6599 32496984 1 1260 510 791
5687 6650 32496994 1 1260 510 788
5715 6684 32497004 1 1260 510 787
5737 6708 32497014 1 1260 510 785
5756 6720 32497024 1 1270 520 785
5773 6729 32497034 1 1270 520 787
5790 6729 32497044 1 1270 520 788
5806 6729 32497054 1 1270 520 790
5822 6729 32497064 1 1270 520 791
5837 6722 32497074 1 1270 520 796
5852 6714 32497084 1 1280 530 799
5868 6700 32497094 1 1280 530 803
5883 6681 32497104 1 1280 530 808
5898 6657 32497114 1 1280 530 808
5910 6631 32497124 1 1290 530 809
5924 6605 32497134 1 1290 530 812
5940 6585 32497144 1 1290 530 818
5959 6569 32497154 1 1290 530 817
5983 6558 32497164 1 1300 540 820
6014 6558 32497174 1 1300 540 826
6049 6558 32497184 1 1300 540 829
6089 6573 32497194 1 1290 550 829
6131 6595 32497204 1 1290 550 830
6169 6621 32497214 1 1290 550 827
6204 6648 32497224 1 1290 550 827
6240 6679 32497234 1 1290 550 826
6269 6714 32497244 1 1290 550 829
6294 6756 32497254 1 1290 550 824
6309 6801 32497264 1 1290 550 823
6317 6847 32497275 1 1290 550 827
6317 6884 32497285 1 1290 550 830
6317 6905 32497295 1 1290 550 819
6298 6915 32497305 1 1290 530 825
6278 6915 32497315 1 1290 530 827
6247 6901 32497325 1 1290 530 833
6214 6873 32497335 1 1300 530 837
6180 6833 32497345 1 1300 530 845
6158 6790 32497355 1 1300 530 855
6141 6743 32497365 1 1300 530 869
6134 6692 32497375 1 1300 530 870
6134 6650 32497385 1 1310 520 887
6158 6614 32497395 1 1310 520 900
6187 6582 32497405 1 1310 520 908
6231 6560 32497415 1 1310 520 909
6280 6546 32497425 1 1310 520 903
6336 6546 32497435 1 1300 530 882
6396 6553 32497445 1 1300 530 504
