167
3144 6367 32627912 0 1270 620 282
3042 6272 32627922 1 1260 600 382
2991 6280 32627932 1 1260 580 384
2991 6315 32627942 1 1260 560 422
3013 6327 32627952 1 1260 540 481
3077 6360 32627962 1 1260 540 561
3196 6408 32627972 1 1270 530 609
3352 6470 32627982 1 1270 530 640
3535 6535 32627992 1 1270 530 672
3711 6601 32628002 1 1280 540 708
3883 6656 32628012 1 1280 540 724
4015 6710 32628022 1 1280 540 728
4124 6760 32628032 1 1280 540 728
4218 6804 32628042 1 1280 540 721
4270 6839 32628052 1 1280 540 711
4284 6865 32628062 1 1280 540 570
3854 7243 32628153 0 1290 520 216
3844 7202 32628163 1 1290 520 279
3844 7236 32628173 1 1300 520 292
3850 7213 32628183 1 1300 520 334
3860 7151 32628193 1 1300 520 448
3876 7047 32628203 1 1320 510 567
3891 6895 32628213 1 1320 510 646
3907 6710 32628223 1 1320 510 720
3923 6536 32628233 1 1320 510 794
3939 6336 32628243 1 1300 520 819
3952 6119 32628253 1 1300 520 860
3964 5927 32628263 1 1300 520 863
3974 5774 32628273 1 1290 520 866
3983 5648 32628283 1 1290 530 867
3993 5571 32628293 1 1280 540 864
3993 5531 32628303 1 1260 540 861
3998 5516 32628313 1 1250 550 846
3993 5516 32628323 1 1240 550 581
3992 6445 32628423 0 1150 550 205
4043 6526 32628433 1 1150 550 316
4043 6550 32628443 1 1160 550 399
4037 6580 32628453 1 1170 550 497
4030 6585 32628463 1 1190 540 535
4020 6590 32628473 1 1190 540 545
4000 6573 32628483 1 1200 540 559
3967 6543 32628493 1 1220 540 578
3924 6496 32628503 1 1220 540 595
3870 6425 32628513 1 1230 530 613
3801 6337 32628523 1 1230 530 638
3723 6224 32628533 1 1250 540 685
3619 6108 32628543 1 1250 540 730
3517 5988 32628553 1 1250 540 757
3430 5879 32628563 1 1250 540 777
3351 5778 32628573 1 1250 550 803
3287 5711 32628583 1 1250 550 826
3256 5676 32628593 1 1250 550 830
3247 5663 32628603 1 1240 550 818
3254 5655 32628613 1 1220 560 828
3264 5650 32628623 1 1220 560 851
3297 5650 32628633 1 1210 560 855
3345 5663 32628643 1 1210 560 864
3434 5704 32628653 1 1190 560 873
3551 5763 32628663 1 1190 560 875
3686 5833 32628673 1 1180 570 873
3826 5900 32628683 1 1180 570 885
3962 5964 32628693 1 1180 570 888
4092 6014 32628703 1 1180 570 893
4198 6034 32628713 1 1180 570 894
4286 6034 32628723 1 1180 570 903
4341 6006 32628733 1 1180 570 896
4363 5952 32628743 1 1200 570 909
4363 5879 32628753 1 1200 570 923
4328 5767 32628763 1 1220 570 945
4272 5653 32628773 1 1220 570 949
4200 5520 32628783 1 1220 570 964
4126 5375 32628793 1 1220 570 965
4091 5247 32628804 1 1220 570 968
4081 5149 32628814 1 1220 570 974
4118 5070 32628824 1 1230 560 976
4199 5016 32628834 1 1220 570 985
4308 4971 32628844 1 1220 570 977
4424 4933 32628854 1 1220 570 990
4536 4876 32628864 1 1220 570 1021
4591 4795 32628874 1 1200 570 1023
4610 4698 32628884 1 1190 580 1023
4559 4580 32628894 1 1190 580 1023
4451 4438 32628904 1 1170 580 1023
4306 4279 32628914 1 1160 580 1023
4112 4131 32628924 1 1160 580 1023
3947 4043 32628934 1 1160 580 1023
3802 3996 32628944 1 1160 580 1023
3697 4024 32628954 1 1140 590 939
3638 4115 32628964 1 1140 590 763
3609 4248 32628974 1 1140 590 144
3174 4918 32629124 0 1160 560 398
3025 4832 32629134 1 1150 550 443
3006 4832 32629144 1 1150 550 475
3006 4838 32629154 1 1160 550 550
3065 4860 32629164 1 1160 550 644
3198 4894 32629174 1 1160 550 711
3381 4953 32629184 1 1170 550 768
3646 5033 32629194 1 1180 560 830
3938 5128 32629204 1 1180 560 861
4247 5230 32629214 1 1210 560 878
4541 5331 32629224 1 1210 560 875
4788 5428 32629234 1 1210 560 869
5003 5508 32629244 1 1220 570 824
5187 5577 32629244 1 1220 570 282
6038 6905 32629655 0 1350 460 187
6060 6878 32629665 1 1350 460 217
6077 6862 32629675 1 1350 460 309
6120 6843 32629685 1 1350 470 402
6196 6808 32629695 1 1350 470 499
6276 6770 32629705 1 1360 480 567
6353 6724 32629715 1 1350 490 619
6425 6675 32629725 1 1360 490 670
6484 6629 32629735 1 1350 500 688
6532 6594 32629745 1 1360 500 700
6572 6566 32629755 1 1360 500 690
6595 6547 32629765 1 1360 510 697
6605 6538 32629775 1 1360 510 679
6605 6538 32629785 1 1350 520 594
6011 6347 32629875 0 1360 520 257
5877 6247 32629885 1 1360 520 282
5845 6235 32629895 1 1360 520 333
5845 6235 32629905 1 1360 520 492
5877 6243 32629915 1 1360 520 591
5946 6254 32629925 1 1360 520 647
6056 6286 32629935 1 1360 520 694
6193 6320 32629945 1 1360 520 728
6352 6355 32629955 1 1360 520 757
6484 6381 32629965 1 1360 520 773
6599 6402 32629975 1 1360 520 782
6684 6412 32629985 1 1370 530 782
6735 6412 32629995 1 1370 530 779
6762 6412 32630005 1 1360 540 770
6762 6412 32630015 1 1360 540 727
6733 6401 32630025 1 1360 540 211
6169 6134 32630106 0 1350 530 382
6120 6077 32630116 1 1350 530 409
6114 6082 32630126 1 1350 530 491
6122 6082 32630136 1 1350 530 572
6135 6082 32630146 1 1350 530 640
6175 6076 32630156 1 1350 530 699
6232 6065 32630166 1 1350 530 725
6318 6050 32630176 1 1350 530 757
6407 6030 32630186 1 1360 520 796
6501 6003 32630196 1 1360 520 818
6596 5951 32630206 1 1360 520 863
6692 5883 32630216 1 1350 530 882
6786 5791 32630226 1 1360 540 908
6848 5702 32630236 1 1360 540 941
6889 5614 32630246 1 1360 550 977
6889 5510 32630256 1 1350 550 987
6833 5380 32630266 1 1350 550 993
6749 5232 32630276 1 1340 560 999
6638 5093 32630286 1 1340 560 996
6523 4982 32630296 1 1320 570 993
6404 4891 32630306 1 1320 570 990
6341 4870 32630316 1 1310 570 967
6319 4904 32630326 1 1300 580 827
6324 4975 32630336 1 1300 580 510
6598 6082 32630516 0 1310 550 282
6598 6082 32630526 1 1310 540 417
6619 6125 32630536 1 1330 530 512
6603 6125 32630546 1 1330 530 606
6547 6072 32630556 1 1340 540 691
6461 5992 32630566 1 1350 530 759
6303 5812 32630576 1 1340 540 785
6112 5599 32630586 1 1340 540 796
5899 5363 32630596 1 1340 540 638
