189
2539 6508 32699535 0 1270 530 333
2449 6385 32699545 1 1270 520 369
2414 6385 32699555 1 1270 510 373
2401 6418 32699565 1 1280 500 389
2401 6418 32699575 1 1270 510 480
2450 6437 32699585 1 1270 510 550
2525 6470 32699595 1 1280 520 591
2696 6546 32699605 1 1280 520 644
2899 6641 32699615 1 1280 530 675
3123 6748 32699625 1 1280 530 717
3351 6845 32699635 1 1290 530 751
3557 6942 32699646 1 1290 530 771
3747 7035 32699656 1 1300 540 782
3878 7107 32699666 1 1300 540 784
3970 7166 32699676 1 1300 540 782
4036 7200 32699686 1 1300 540 759
4058 7213 32699696 1 1310 540 697
4046 7213 32699706 1 1310 540 447
3591 7378 32699786 0 1340 510 93
3540 7439 32699796 1 1340 510 161
3523 7455 32699806 1 1340 510 171
3523 7463 32699816 1 1350 510 198
3523 7453 32699826 1 1350 510 244
3541 7432 32699836 1 1350 510 325
3559 7372 32699846 1 1350 510 412
3580 7261 32699856 1 1350 510 513
3602 7115 32699866 1 1350 510 611
3621 6944 32699876 1 1350 510 687
3639 6765 32699886 1 1340 510 752
3652 6581 32699896 1 1340 510 788
3662 6384 32699906 1 1350 520 830
3671 6199 32699916 1 1340 520 833
3684 6021 32699926 1 1340 520 837
3694 5883 32699936 1 1330 530 846
3694 5794 32699946 1 1300 530 842
3694 5737 32699956 1 1290 530 839
3694 5713 32699966 1 1280 540 824
3694 5713 32699976 1 1260 540 535
3710 6696 32700086 0 1220 560 334
3722 6736 32700096 1 1220 560 396
3708 6749 32700106 1 1210 550 455
3689 6755 32700116 1 1230 550 522
3670 6749 32700126 1 1230 550 554
3640 6741 32700136 1 1240 540 569
3603 6708 32700146 1 1240 540 599
3558 6659 32700156 1 1250 540 636
3510 6572 32700166 1 1250 540 668
3460 6488 32700176 1 1250 540 690
3398 6407 32700186 1 1250 530 737
3332 6284 32700196 1 1250 530 782
3262 6165 32700206 1 1250 530 827
3192 6049 32700216 1 1270 530 851
3138 5952 32700226 1 1270 530 866
3095 5877 32700236 1 1250 540 884
3072 5817 32700246 1 1250 540 891
3065 5792 32700256 1 1250 540 894
3065 5780 32700266 1 1250 550 896
3082 5780 32700276 1 1250 550 941
3128 5780 32700286 1 1240 550 937
3197 5833 32700296 1 1240 550 947
3307 5916 32700306 1 1240 550 953
3433 6001 32700316 1 1240 550 956
3570 6080 32700326 1 1240 550 956
3715 6131 32700336 1 1240 550 962
3833 6165 32700346 1 1240 550 968
3932 6182 32700356 1 1240 550 971
4010 6173 32700366 1 1240 550 974
4065 6147 32700376 1 1240 550 979
4105 6092 32700386 1 1240 550 980
4105 5996 32700396 1 1240 550 977
4084 5872 32700406 1 1240 550 985
4039 5710 32700416 1 1240 550 989
3992 5562 32700426 1 1250 560 991
3953 5423 32700436 1 1260 560 992
3958 5294 32700446 1 1250 560 977
3990 5201 32700456 1 1250 560 982
4069 5131 32700466 1 1250 560 991
4190 5079 32700476 1 1230 560 1005
4339 5042 32700477 1 1230 560 1018
4483 5015 32700487 1 1230 560 1023
4602 4976 32700497 1 1220 570 1023
4703 4931 32700507 1 1220 570 1023
4765 4876 32700517 1 1220 570 1023
4765 4793 32700527 1 1200 570 1023
4724 4693 32700537 1 1190 580 1023
4620 4595 32700547 1 1190 580 1023
4486 4508 32700557 1 1160 570 1023
4333 4428 32700567 1 1150 580 971
4164 4390 32700577 1 1150 580 779
3176 5064 32700697 0 1150 580 578
3073 4965 32700707 1 1160 570 572
3079 4982 32700717 1 1160 570 625
3150 4998 32700727 1 1160 570 721
3264 5042 32700737 1 1180 570 823
3445 5105 32700747 1 1180 570 894
3689 5213 32700757 1 1180 570 959
3974 5347 32700767 1 1190 560 997
4303 5499 32700777 1 1190 560 979
4617 5643 32700787 1 1190 560 986
4920 5783 32700797 1 1190 560 936
5156 5915 32700807 1 1210 560 711
6394 7381 32701258 0 1380 480 144
6365 7393 32701268 1 1380 480 151
6398 7393 32701278 1 1390 480 253
6444 7393 32701288 1 1390 480 317
6507 7378 32701298 1 1390 480 376
6571 7348 32701308 1 1390 480 440
6640 7298 32701318 1 1390 480 507
6703 7243 32701328 1 1390 480 567
6763 7180 32701338 1 1390 480 605
6817 7116 32701348 1 1410 490 628
6855 7061 32701358 1 1410 490 646
6883 7011 32701368 1 1410 490 650
6905 6969 32701378 1 1420 490 653
6918 6938 32701388 1 1420 490 647
6926 6914 32701398 1 1430 500 644
6926 6901 32701408 1 1430 500 583
6905 6883 32701418 1 1430 500 222
6511 6827 32701478 0 1410 510 187
6296 6746 32701488 1 1410 510 244
6181 6715 32701498 1 1410 510 337
6114 6681 32701508 1 1400 520 450
6079 6668 32701518 1 1400 520 497
6079 6668 32701528 1 1390 520 519
6088 6668 32701538 1 1390 520 586
6150 6681 32701548 1 1370 530 630
6246 6697 32701558 1 1370 530 641
6382 6726 32701568 1 1360 520 659
6518 6753 32701578 1 1350 530 667
6644 6775 32701588 1 1350 530 685
6764 6792 32701598 1 1350 530 691
6877 6806 32701608 1 1350 530 727
6955 6818 32701618 1 1340 540 731
7010 6828 32701628 1 1350 540 740
7035 6833 32701638 1 1350 540 755
7041 6833 32701648 1 1350 540 762
7033 6827 32701658 1 1350 540 768
7013 6815 32701668 1 1350 540 770
6962 6774 32701678 1 1350 540 768
6889 6717 32701688 1 1360 550 765
6798 6641 32701698 1 1360 550 768
6702 6524 32701708 1 1360 550 771
6603 6381 32701718 1 1360 550 777
6512 6232 32701728 1 1360 550 788
6438 6101 32701738 1 1360 550 794
6374 5983 32701748 1 1360 550 791
6336 5893 32701758 1 1360 550 790
6320 5840 32701768 1 1360 550 779
6320 5813 32701778 1 1360 550 759
6320 5813 32701788 1 1350 540 702
6342 5838 32701798 1 1340 550 613
6371 5883 32701808 1 1340 550 568
6404 5957 32701818 1 1340 550 537
6433 6039 32701828 1 1330 540 536
6458 6127 32701838 1 1330 540 556
6499 6204 32701848 1 1330 540 581
6539 6260 32701858 1 1310 540 624
6578 6302 32701868 1 1310 540 667
6632 6340 32701878 1 1310 540 694
6705 6363 32701888 1 1310 540 731
6790 6377 32701898 1 1310 540 755
6893 6382 32701908 1 1330 540 788
6984 6358 32701918 1 1310 550 824
7067 6316 32701928 1 1310 550 863
7161 6245 32701938 1 1310 550 863
7255 6155 32701948 1 1340 550 899
7314 6053 32701958 1 1340 550 917
7350 5927 32701968 1 1340 550 948
7338 5787 32701978 1 1340 550 958
7269 5638 32701988 1 1350 550 979
7163 5494 32701998 1 1340 560 988
7037 5338 32702008 1 1340 560 988
6878 5173 32702018 1 1320 570 980
6697 5053 32702028 1 1320 570 974
6563 5003 32702038 1 1310 570 947
6496 5003 32702048 1 1310 570 790
6474 5069 32702058 1 1310 570 466
6780 5935 32702109 0 1260 580 305
6936 6174 32702119 1 1260 580 524
6936 6247 32702129 1 1260 580 649
6912 6269 32702139 1 1270 570 702
6847 6245 32702149 1 1270 570 763
6726 6190 32702159 1 1280 570 821
6567 6056 32702169 1 1280 570 867
6379 5871 32702179 1 1270 560 872
6187 5652 32702189 1 1290 560 878
5993 5461 32702199 1 1290 560 866
5858 5317 32702209 1 1300 560 785
5817 5205 32702219 1 1300 560 188
