162
4545 4848 68487780 0 1090 470 468
4512 4783 68487790 1 1090 480 536
4438 4795 68487800 1 1080 490 546
4438 4795 68487810 1 1080 490 556
4481 4847 68487820 1 1080 500 588
4552 4926 68487830 1 1090 500 614
4708 5032 68487840 1 1100 510 627
4900 5184 68487850 1 1100 520 639
5116 5367 68487860 1 1110 530 639
5353 5520 68487870 1 1130 540 642
5557 5647 68487880 1 1140 550 639
5739 5757 68487890 1 1150 550 641
5859 5826 68487900 1 1160 560 645
5918 5861 68487910 1 1160 570 647
5935 5874 68487920 1 1190 580 645
5927 5869 68487930 1 1200 580 514
5875 5864 68487940 1 1210 580 259
5519 6064 68487990 0 1240 570 51
5427 6238 68488000 1 1240 570 287
5398 6292 68488010 1 1260 570 327
5393 6317 68488020 1 1270 560 339
5393 6310 68488030 1 1270 560 514
5402 6283 68488040 1 1290 560 611
5413 6190 68488050 1 1290 560 678
5425 6005 68488060 1 1290 560 730
5440 5759 68488070 1 1290 560 779
5460 5478 68488080 1 1290 560 794
5483 5160 68488090 1 1270 550 797
5508 4818 68488100 1 1260 560 800
5539 4606 68488110 1 1250 560 808
5559 4466 68488120 1 1230 560 809
5572 4373 68488130 1 1220 570 806
5572 4337 68488140 1 1200 570 800
5561 4337 68488150 1 1190 580 756
5539 4354 68488160 1 1170 580 693
5501 4411 68488170 1 1160 580 501
5416 4845 68488210 0 1100 580 175
5405 5127 68488220 1 1090 590 369
5399 5171 68488230 1 1070 590 526
5390 5171 68488240 1 1070 590 574
5354 5151 68488250 1 1070 590 636
5291 5070 68488260 1 1070 590 681
5209 4947 68488270 1 1070 590 719
5118 4797 68488280 1 1070 590 755
5043 4668 68488290 1 1070 590 799
4979 4595 68488300 1 1070 590 808
4959 4560 68488310 1 1090 590 806
4982 4566 68488320 1 1090 590 808
5033 4628 68488330 1 1090 590 806
5172 4728 68488340 1 1090 590 811
5353 4882 68488350 1 1080 580 817
5561 5032 68488360 1 1090 590 817
5776 5150 68488370 1 1090 590 821
5968 5248 68488380 1 1090 590 821
6089 5276 68488390 1 1090 590 821
6170 5255 68488400 1 1090 590 818
6181 5202 68488410 1 1090 590 820
6119 5070 68488420 1 1090 590 817
6008 4915 68488430 1 1070 590 799
5878 4744 68488440 1 1070 590 802
5724 4565 68488450 1 1070 590 823
5555 4428 68488460 1 1070 590 833
5481 4318 68488470 1 1070 590 840
5457 4268 68488480 1 1070 590 845
5465 4252 68488490 1 1070 590 849
5509 4259 68488500 1 1050 590 848
5582 4292 68488510 1 1050 590 840
5675 4325 68488520 1 1050 590 827
5780 4358 68488530 1 1040 590 791
5866 4341 68488540 1 1040 590 749
5905 4272 68488550 1 1040 590 751
5920 4168 68488560 1 1040 590 756
5927 4050 68488570 1 1020 600 802
5933 3928 68488580 1 1020 600 849
5939 3799 68488590 1 1020 600 878
5964 3666 68488600 1 1010 610 897
6001 3546 68488610 1 1010 610 899
6046 3434 68488620 1 990 610 906
6079 3318 68488630 1 990 610 909
6079 3214 68488640 1 990 620 896
6063 3118 68488650 1 990 620 899
5996 3024 68488660 1 970 620 899
5872 2926 68488670 1 970 620 897
5709 2836 68488680 1 970 620 894
5532 2754 68488690 1 960 620 872
5390 2735 68488700 1 960 620 633
4799 3190 68488851 0 980 570 202
4735 3166 68488861 1 980 570 320
4722 3177 68488871 1 980 570 361
4711 3184 68488881 1 990 570 568
4711 3184 68488891 1 990 570 645
4711 3184 68488901 1 990 570 702
4726 3184 68488911 1 980 570 783
4783 3216 68488921 1 980 580 836
4870 3303 68488931 1 980 580 906
5020 3428 68488941 1 980 580 912
5250 3604 68488951 1 980 580 917
5532 3798 68488961 1 980 590 920
5838 4005 68488971 1 980 590 935
6088 4172 68488981 1 980 590 955
6300 4313 68488991 1 990 600 962
6482 4436 68489001 1 990 600 964
6584 4494 68489011 1 1000 600 964
6633 4510 68489021 1 1000 600 970
6627 4498 68489031 1 1020 590 956
6582 4470 68489041 1 1020 600 903
6512 4420 68489051 1 1040 600 721
7623 6245 68489292 0 1240 570 516
7692 6277 68489302 1 1240 570 591
7653 6297 68489312 1 1240 570 608
7685 6339 68489322 1 1230 580 678
7764 6339 68489332 1 1220 570 779
7857 6308 68489342 1 1230 580 827
7957 6267 68489352 1 1230 580 854
8061 6209 68489362 1 1230 580 860
8149 6150 68489372 1 1260 580 857
8215 6087 68489382 1 1260 580 828
8266 6024 68489392 1 1270 590 719
8280 5962 68489402 1 1280 580 163
7551 5258 68489472 0 1250 590 699
7462 5027 68489482 1 1250 590 750
7462 4993 68489492 1 1240 600 757
7455 5006 68489502 1 1240 600 762
7581 5085 68489512 1 1220 600 760
7744 5208 68489522 1 1220 600 759
7931 5346 68489532 1 1200 600 756
8109 5466 68489542 1 1200 600 757
8283 5573 68489552 1 1190 610 696
8453 5640 68489562 1 1190 610 696
8553 5668 68489572 1 1170 610 468
8584 5668 68489582 1 1150 620 269
8381 5384 68489622 0 1140 620 334
8122 5117 68489632 1 1140 620 473
8056 5025 68489642 1 1140 620 538
8026 4966 68489652 1 1140 620 591
8038 4926 68489662 1 1140 620 640
8094 4898 68489672 1 1140 620 678
8179 4898 68489682 1 1120 620 678
8297 4893 68489692 1 1120 620 676
8417 4893 68489702 1 1120 620 675
8536 4880 68489712 1 1120 620 676
8621 4864 68489722 1 1120 620 681
8684 4791 68489732 1 1120 620 702
8661 4682 68489742 1 1120 620 746
8545 4521 68489752 1 1120 620 779
8366 4308 68489762 1 1100 630 788
8117 4060 68489772 1 1100 630 843
7884 3839 68489782 1 1100 630 861
7662 3698 68489792 1 1080 630 853
7531 3611 68489802 1 1080 630 860
7480 3624 68489812 1 1080 630 756
8158 5230 68489903 0 1050 620 620
8347 5366 68489913 1 1050 620 757
8271 5366 68489923 1 1050 620 811
8248 5366 68489933 1 1070 620 887
8261 5354 68489943 1 1070 620 897
8185 5257 68489953 1 1090 620 941
8071 5103 68489963 1 1090 620 947
7932 4888 68489973 1 1110 610 933
7782 4666 68489983 1 1110 610 899
7634 4439 68489993 1 1110 610 832
7490 4247 68490003 1 1130 610 646
