185
3089 6064 32738842 0 1310 480 187
3014 5966 32738852 1 1310 480 205
2995 5972 32738862 1 1310 480 212
2975 5972 32738872 1 1310 480 269
2987 5972 32738882 1 1310 480 351
3046 5991 32738892 1 1310 480 422
3136 6061 32738902 1 1310 480 456
3307 6162 32738912 1 1310 480 488
3524 6292 32738922 1 1310 480 514
3771 6427 32738932 1 1320 490 526
3966 6565 32738942 1 1320 490 544
4136 6662 32738952 1 1320 490 557
4290 6741 32738962 1 1320 490 565
4407 6807 32738972 1 1320 490 565
4484 6863 32738982 1 1320 490 561
4534 6897 32738992 1 1320 490 556
4543 6916 32739002 1 1320 490 466
4522 6922 32739012 1 1330 480 216
4029 7086 32739112 0 1360 470 149
4029 7086 32739122 1 1360 470 141
4029 7086 32739132 1 1360 470 149
4029 7086 32739142 1 1370 460 218
4036 7034 32739152 1 1370 460 306
4041 6965 32739162 1 1370 460 394
4041 6846 32739172 1 1360 470 472
4053 6721 32739182 1 1360 470 564
4058 6593 32739192 1 1360 470 619
4058 6417 32739202 1 1350 470 664
4058 6227 32739212 1 1350 470 702
4058 6029 32739222 1 1350 470 708
4058 5833 32739232 1 1340 480 711
4058 5695 32739242 1 1330 480 716
4064 5596 32739252 1 1320 490 719
4073 5531 32739262 1 1300 500 716
4073 5495 32739272 1 1290 500 711
4073 5478 32739282 1 1280 500 691
4073 5478 32739292 1 1270 510 545
4064 5516 32739302 1 1250 510 302
4069 6281 32739383 0 1210 520 56
4111 6420 32739393 1 1210 520 177
4117 6460 32739403 1 1210 520 289
4117 6475 32739413 1 1220 510 381
4106 6485 32739423 1 1220 510 428
4095 6485 32739433 1 1230 510 469
4069 6451 32739443 1 1250 510 494
4022 6396 32739453 1 1250 510 544
3962 6307 32739463 1 1260 500 560
3894 6213 32739473 1 1260 500 584
3818 6098 32739483 1 1270 500 613
3737 5972 32739493 1 1270 500 639
3657 5837 32739503 1 1270 500 668
3584 5730 32739513 1 1270 500 690
3538 5641 32739523 1 1270 500 711
3506 5569 32739533 1 1270 510 720
3494 5518 32739543 1 1270 510 724
3486 5481 32739553 1 1260 510 736
3498 5470 32739563 1 1260 510 757
3522 5476 32739573 1 1260 510 793
3583 5493 32739583 1 1240 520 790
3682 5559 32739593 1 1240 520 790
3806 5640 32739603 1 1230 520 800
3927 5730 32739613 1 1230 520 803
4049 5803 32739623 1 1220 530 802
4170 5855 32739633 1 1220 530 808
4265 5894 32739643 1 1220 530 812
4344 5906 32739653 1 1220 530 818
4397 5895 32739663 1 1220 530 827
4429 5868 32739673 1 1220 530 819
4447 5808 32739683 1 1220 530 833
4432 5722 32739693 1 1220 530 839
4391 5618 32739703 1 1230 520 848
4332 5481 32739713 1 1230 520 851
4269 5338 32739723 1 1230 520 857
4247 5224 32739733 1 1230 520 857
4253 5132 32739743 1 1230 520 855
4304 5058 32739753 1 1230 520 858
4397 5001 32739763 1 1240 530 861
4519 4955 32739773 1 1240 530 863
4678 4901 32739783 1 1240 530 861
4839 4843 32739793 1 1240 530 858
4951 4767 32739803 1 1230 530 879
5030 4681 32739813 1 1230 530 903
5055 4571 32739823 1 1230 550 937
5032 4446 32739833 1 1210 550 979
4978 4311 32739843 1 1210 550 995
4887 4189 32739853 1 1210 550 997
4756 4094 32739863 1 1220 560 991
4598 4018 32739873 1 1220 560 988
4454 3997 32739883 1 1220 560 968
4328 4037 32739893 1 1210 560 921
4213 4117 32739903 1 1200 550 827
4125 4252 32739913 1 1200 550 647
4067 4391 32739923 1 1200 550 342
3938 4747 32739963 0 1200 550 161
3797 4804 32739973 1 1190 540 316
3714 4780 32739983 1 1190 540 450
3627 4762 32739993 1 1190 540 586
3592 4748 32740003 1 1200 540 622
3604 4748 32740013 1 1200 540 655
3647 4774 32740023 1 1200 540 705
3768 4812 32740033 1 1190 530 752
3948 4897 32740043 1 1190 530 791
4167 4995 32740053 1 1210 530 817
4441 5103 32740063 1 1210 530 824
4735 5286 32740073 1 1220 540 829
5042 5463 32740083 1 1230 530 811
5360 5614 32740093 1 1230 530 703
6129 6931 32740364 0 1350 460 98
6176 6918 32740374 1 1350 460 163
6202 6911 32740384 1 1370 460 250
6264 6899 32740394 1 1370 460 345
6349 6880 32740404 1 1370 460 420
6448 6858 32740414 1 1380 470 488
6543 6828 32740424 1 1370 470 557
6635 6792 32740434 1 1370 470 595
6721 6766 32740444 1 1370 470 622
6792 6748 32740454 1 1380 480 645
6854 6725 32740464 1 1370 480 643
6890 6705 32740474 1 1370 480 646
6907 6687 32740484 1 1380 490 650
6912 6668 32740494 1 1380 490 652
6906 6642 32740504 1 1380 490 645
6872 6604 32740514 1 1380 500 465
6217 6079 32740594 0 1360 500 322
6096 5971 32740604 1 1360 500 367
6072 5963 32740614 1 1360 500 490
6067 5963 32740624 1 1360 500 564
6067 5972 32740634 1 1360 500 611
6098 5993 32740644 1 1360 500 637
6143 6033 32740654 1 1360 500 671
6240 6087 32740664 1 1360 500 693
6349 6144 32740674 1 1360 500 725
6465 6204 32740684 1 1350 500 746
6583 6265 32740694 1 1350 500 763
6701 6321 32740704 1 1360 500 788
6819 6375 32740714 1 1350 510 797
6906 6421 32740724 1 1350 510 821
6973 6457 32740734 1 1360 510 821
7025 6478 32740744 1 1360 510 821
7066 6491 32740754 1 1360 510 822
7099 6500 32740764 1 1360 510 824
7114 6505 32740775 1 1360 510 822
7114 6505 32740785 1 1370 520 832
7114 6505 32740795 1 1370 520 808
7114 6505 32740805 1 1370 520 647
7069 6452 32740815 1 1390 520 67
6608 6108 32740895 0 1370 520 296
6548 6073 32740905 1 1370 520 371
6535 6073 32740915 1 1370 520 436
6535 6083 32740925 1 1360 510 486
6543 6096 32740935 1 1360 510 515
6567 6107 32740945 1 1360 510 537
6627 6122 32740955 1 1360 510 572
6712 6140 32740965 1 1360 510 588
6820 6145 32740975 1 1350 510 620
6922 6145 32740985 1 1350 510 685
7020 6126 32740995 1 1360 510 700
7121 6095 32741005 1 1360 510 733
7222 6048 32741015 1 1360 510 757
7298 5980 32741025 1 1360 510 809
7356 5899 32741035 1 1360 520 824
7373 5786 32741045 1 1360 520 849
7337 5671 32741055 1 1360 520 853
7266 5554 32741065 1 1360 540 875
7138 5415 32741075 1 1360 540 894
6976 5263 32741085 1 1360 540 893
6791 5103 32741095 1 1350 540 897
6596 4978 32741105 1 1350 540 899
6509 4933 32741115 1 1340 550 893
6495 4941 32741125 1 1340 550 882
6506 5017 32741135 1 1320 550 855
6565 5170 32741145 1 1320 550 716
6656 5375 32741155 1 1310 560 473
6779 5636 32741165 1 1300 550 417
6911 5886 32741175 1 1300 550 422
7048 6130 32741185 1 1300 550 442
7129 6251 32741195 1 1300 550 583
7154 6297 32741205 1 1290 550 667
7142 6297 32741215 1 1290 550 684
7066 6246 32741225 1 1300 540 719
6911 6106 32741235 1 1300 540 731
6704 5905 32741245 1 1300 540 749
6428 5631 32741255 1 1310 540 752
6135 5350 32741265 1 1310 540 740
5831 5065 32741275 1 1330 540 407
