191
3008 6714 32680368 0 1300 630 427
2885 6642 32680378 1 1310 610 465
2814 6625 32680388 1 1290 590 470
2789 6625 32680398 1 1310 570 520
2789 6625 32680408 1 1320 550 569
2801 6642 32680418 1 1310 540 649
2857 6679 32680428 1 1310 520 702
2989 6731 32680438 1 1310 520 749
3172 6823 32680448 1 1300 520 782
3396 6934 32680458 1 1300 520 814
3620 7059 32680468 1 1310 520 836
3814 7141 32680478 1 1310 520 857
3988 7208 32680488 1 1310 520 867
4129 7265 32680498 1 1330 530 869
4234 7305 32680508 1 1330 530 867
4316 7343 32680518 1 1340 520 839
4354 7372 32680528 1 1350 530 774
4354 7382 32680538 1 1350 530 557
4327 7382 32680548 1 1350 530 65
3868 7644 32680648 0 1360 500 349
3868 7644 32680658 1 1350 500 363
3868 7644 32680668 1 1350 500 438
3883 7613 32680678 1 1350 500 540
3891 7559 32680688 1 1350 500 641
3900 7446 32680698 1 1350 500 721
3913 7288 32680708 1 1350 500 806
3929 7100 32680718 1 1350 500 870
3945 6881 32680728 1 1330 500 915
3950 6665 32680738 1 1340 500 959
3950 6451 32680748 1 1340 500 976
3937 6212 32680758 1 1330 510 977
3942 6038 32680768 1 1340 510 976
3958 5908 32680778 1 1330 520 968
3969 5818 32680788 1 1310 520 953
3980 5783 32680798 1 1300 530 921
3980 5783 32680808 1 1280 540 832
3980 5783 32680818 1 1260 540 540
3980 5830 32680828 1 1260 540 132
3966 6425 32680889 0 1210 560 153
4011 6664 32680899 1 1200 550 287
4017 6717 32680909 1 1200 550 440
4017 6747 32680919 1 1200 550 589
4010 6763 32680929 1 1200 550 668
3995 6769 32680939 1 1200 550 705
3975 6769 32680949 1 1210 550 733
3942 6741 32680959 1 1200 540 760
3890 6696 32680969 1 1220 540 767
3825 6616 32680979 1 1230 530 788
3740 6497 32680989 1 1230 530 790
3632 6353 32680999 1 1240 530 817
3509 6190 32681009 1 1240 530 831
3408 6042 32681019 1 1240 530 860
3348 5905 32681029 1 1240 530 869
3315 5815 32681039 1 1250 540 855
3315 5765 32681049 1 1250 540 864
3325 5743 32681059 1 1240 540 887
3373 5735 32681069 1 1230 550 903
3446 5764 32681079 1 1230 550 908
3565 5819 32681089 1 1210 550 892
3708 5900 32681099 1 1210 550 902
3866 5961 32681109 1 1220 560 905
3997 6009 32681119 1 1220 560 914
4107 6024 32681129 1 1220 560 920
4203 6009 32681139 1 1220 560 932
4257 5973 32681149 1 1220 560 945
4265 5890 32681159 1 1220 560 951
4242 5772 32681169 1 1210 560 943
4190 5630 32681179 1 1210 560 956
4134 5490 32681189 1 1210 560 958
4075 5349 32681199 1 1190 560 961
4059 5247 32681209 1 1190 560 959
4101 5170 32681219 1 1220 570 961
4181 5120 32681229 1 1220 570 964
4302 5089 32681239 1 1220 570 968
4438 5072 32681249 1 1220 570 973
4585 5050 32681259 1 1220 570 982
4703 5008 32681269 1 1220 570 981
4772 4953 32681279 1 1200 570 1017
4807 4862 32681289 1 1200 570 1023
4785 4748 32681299 1 1190 580 1023
4705 4619 32681309 1 1190 580 1023
4586 4497 32681319 1 1170 580 1023
4441 4379 32681329 1 1170 580 1023
4267 4286 32681339 1 1170 580 1023
4073 4208 32681349 1 1170 580 958
3893 4194 32681359 1 1170 580 821
3730 4228 32681369 1 1170 580 685
3578 4295 32681379 1 1160 580 592
3466 4376 32681389 1 1160 580 589
3374 4436 32681399 1 1160 580 613
3296 4481 32681409 1 1160 580 691
3240 4526 32681419 1 1160 580 787
3220 4558 32681429 1 1140 590 848
3220 4582 32681439 1 1140 590 923
3293 4636 32681439 1 1140 590 977
3473 4737 32681449 1 1140 590 1023
3725 4869 32681459 1 1140 590 1023
4049 5054 32681469 1 1140 590 1023
4423 5253 32681479 1 1140 590 991
4830 5462 32681489 1 1160 580 694
6067 7311 32681950 0 1360 470 343
6132 7284 32681960 1 1360 470 361
6100 7284 32681970 1 1370 470 418
6127 7274 32681980 1 1360 480 521
6180 7260 32681990 1 1360 480 599
6251 7243 32682000 1 1370 480 650
6338 7216 32682010 1 1370 480 688
6426 7183 32682020 1 1380 480 713
6506 7154 32682030 1 1390 480 725
6581 7126 32682040 1 1390 480 740
6641 7100 32682050 1 1410 490 743
6677 7079 32682060 1 1410 490 742
6697 7058 32682070 1 1420 490 736
6707 7038 32682080 1 1420 490 697
6695 7018 32682090 1 1420 490 551
6667 6974 32682100 1 1420 490 274
6055 6678 32682160 0 1400 510 307
5860 6555 32682170 1 1400 510 364
5792 6522 32682180 1 1380 510 417
5742 6506 32682190 1 1380 510 515
5727 6500 32682200 1 1380 510 545
5737 6500 32682210 1 1370 520 594
5764 6508 32682220 1 1370 520 647
5822 6522 32682230 1 1370 520 693
5911 6551 32682240 1 1360 520 721
6021 6591 32682250 1 1360 520 748
6136 6628 32682260 1 1360 520 759
6259 6664 32682270 1 1350 530 784
6386 6695 32682280 1 1350 530 794
6495 6719 32682290 1 1350 530 785
6584 6740 32682300 1 1350 530 793
6660 6755 32682310 1 1350 530 797
6713 6764 32682320 1 1350 530 797
6738 6764 32682330 1 1340 540 800
6744 6764 32682340 1 1340 540 806
6744 6757 32682350 1 1330 530 817
6728 6740 32682360 1 1330 530 821
6703 6700 32682370 1 1340 540 827
6638 6645 32682380 1 1340 540 830
6552 6565 32682390 1 1340 540 832
6453 6462 32682400 1 1340 540 829
6344 6345 32682410 1 1330 530 829
6235 6238 32682420 1 1330 530 821
6150 6152 32682430 1 1340 540 793
6080 6080 32682440 1 1340 540 746
6042 6027 32682450 1 1340 540 667
6022 6000 32682460 1 1340 540 636
6013 5990 32682470 1 1350 530 578
6013 5998 32682480 1 1350 530 561
6021 6019 32682490 1 1350 530 570
6045 6050 32682500 1 1350 530 580
6081 6087 32682510 1 1350 530 620
6125 6122 32682520 1 1350 530 675
6175 6156 32682530 1 1350 530 727
6243 6193 32682540 1 1350 530 784
6322 6232 32682550 1 1350 530 827
6401 6263 32682560 1 1350 530 867
6482 6277 32682570 1 1350 530 911
6568 6277 32682580 1 1350 530 933
6667 6269 32682590 1 1350 530 967
6775 6242 32682600 1 1350 530 985
6888 6204 32682610 1 1350 540 1011
6982 6156 32682620 1 1350 540 1023
7063 6105 32682630 1 1350 540 1023
7129 6051 32682640 1 1360 550 1023
7158 5985 32682650 1 1360 550 1023
7158 5889 32682660 1 1360 550 1023
7099 5772 32682670 1 1350 550 1023
6977 5649 32682680 1 1350 550 1023
6815 5497 32682690 1 1350 550 1023
6601 5327 32682700 1 1340 560 1023
6412 5181 32682710 1 1350 570 1023
6239 5091 32682720 1 1340 570 1023
6131 5039 32682730 1 1340 570 979
6072 5044 32682740 1 1340 570 885
6046 5122 32682750 1 1320 580 705
6081 5248 32682760 1 1320 580 442
6139 5443 32682770 1 1310 580 371
6211 5637 32682780 1 1310 580 359
6298 5811 32682790 1 1310 580 363
6386 5971 32682800 1 1300 580 414
6456 6081 32682811 1 1300 580 567
6513 6133 32682821 1 1300 580 711
6513 6147 32682831 1 1280 570 763
6460 6127 32682841 1 1280 570 818
6366 6032 32682851 1 1280 570 873
6193 5886 32682861 1 1300 560 906
5996 5685 32682871 1 1310 560 932
5782 5486 32682881 1 1310 560 929
5554 5288 32682891 1 1320 550 908
5397 5133 32682901 1 1320 550 748
