187
3393 5896 51433604 0 1330 480 55
3367 5811 51433614 1 1340 490 207
3339 5824 51433624 1 1340 490 220
3322 5824 51433634 1 1340 500 225
3329 5824 51433644 1 1340 500 259
3359 5839 51433654 1 1350 510 304
3405 5889 51433664 1 1340 510 336
3492 5959 51433674 1 1340 510 361
3609 6066 51433684 1 1340 510 387
3747 6158 51433694 1 1340 510 388
3855 6240 51433704 1 1350 510 389
3951 6315 51433714 1 1350 510 391
4038 6374 51433724 1 1350 510 399
4096 6422 51433734 1 1350 510 389
4123 6449 51433744 1 1350 510 363
4129 6464 51433754 1 1350 510 170
3884 6611 51433834 0 1380 490 76
3836 6656 51433844 1 1380 490 120
3811 6662 51433854 1 1380 490 132
3802 6662 51433864 1 1370 480 149
3802 6654 51433874 1 1370 480 202
3802 6610 51433884 1 1370 480 254
3802 6544 51433894 1 1370 480 304
3817 6439 51433904 1 1380 490 334
3839 6317 51433914 1 1380 490 374
3863 6183 51433924 1 1380 490 402
3886 6043 51433934 1 1380 490 420
3907 5903 51433944 1 1370 500 423
3927 5761 51433954 1 1370 500 438
3947 5656 51433964 1 1370 500 449
3964 5575 51433974 1 1360 500 440
3979 5510 51433984 1 1350 510 440
3988 5461 51433994 1 1350 510 448
3993 5423 51434004 1 1340 510 443
3993 5416 51434014 1 1340 510 465
3993 5416 51434024 1 1330 520 465
3984 5430 51434034 1 1310 520 473
3969 5478 51434044 1 1310 520 474
3956 5556 51434054 1 1300 530 468
3948 5654 51434064 1 1300 530 473
3948 5764 51434074 1 1290 530 464
3941 5862 51434084 1 1290 530 472
3934 5951 51434094 1 1290 530 491
3926 5972 51434104 1 1290 530 491
3918 5972 51434114 1 1290 530 492
3901 5972 51434124 1 1300 530 504
3877 5937 51434134 1 1300 530 504
3832 5871 51434144 1 1300 530 512
3774 5782 51434154 1 1310 520 519
3707 5698 51434164 1 1310 520 518
3635 5612 51434174 1 1310 520 530
3566 5524 51434184 1 1330 520 541
3504 5434 51434194 1 1330 520 548
3448 5346 51434204 1 1330 520 565
3425 5306 51434214 1 1330 520 560
3425 5298 51434224 1 1330 520 591
3438 5298 51434234 1 1330 520 622
3477 5333 51434244 1 1310 520 640
3532 5381 51434254 1 1310 520 643
3632 5470 51434264 1 1310 520 647
3738 5559 51434274 1 1300 530 650
3848 5636 51434284 1 1300 530 649
3945 5704 51434294 1 1290 530 650
4045 5770 51434304 1 1290 530 652
4148 5835 51434314 1 1290 530 649
4252 5897 51434324 1 1300 540 646
4330 5939 51434334 1 1300 540 641
4392 5970 51434344 1 1300 540 645
4428 5984 51434354 1 1310 540 611
4440 5984 51434364 1 1310 540 563
4440 5970 51434374 1 1330 530 423
3832 5274 51434475 0 1340 510 384
3814 5158 51434485 1 1340 510 391
3814 5167 51434495 1 1330 520 394
3814 5160 51434505 1 1330 520 417
3848 5176 51434515 1 1310 520 447
3900 5207 51434525 1 1310 520 480
3966 5268 51434535 1 1310 520 501
4052 5335 51434545 1 1300 530 519
4141 5407 51434555 1 1300 530 522
4206 5437 51434565 1 1300 530 522
4254 5426 51434575 1 1310 540 537
4276 5388 51434585 1 1310 540 539
4270 5303 51434595 1 1310 540 561
4244 5195 51434605 1 1330 540 561
4192 5073 51434615 1 1330 540 583
4140 4957 51434625 1 1330 540 594
4115 4859 51434635 1 1330 540 585
4107 4773 51434645 1 1310 550 595
4151 4718 51434655 1 1310 550 606
4221 4677 51434665 1 1310 550 613
4309 4645 51434675 1 1300 550 611
4395 4613 51434685 1 1300 550 617
4474 4566 51434695 1 1290 550 625
4520 4509 51434705 1 1270 550 645
4546 4442 51434715 1 1270 550 662
4540 4372 51434725 1 1270 550 685
4511 4295 51434735 1 1260 560 693
4467 4216 51434745 1 1260 560 716
4398 4157 51434755 1 1260 560 727
4312 4112 51434765 1 1250 560 742
4215 4083 51434775 1 1250 560 761
4105 4072 51434785 1 1250 560 782
4016 4072 51434795 1 1230 560 811
3940 4092 51434805 1 1240 570 824
3900 4144 51434815 1 1240 570 828
3912 4218 51434825 1 1240 570 834
3958 4353 51434835 1 1240 570 833
4064 4507 51434845 1 1240 570 831
4217 4674 51434855 1 1240 570 827
4402 4850 51434865 1 1240 570 818
4583 4999 51434875 1 1240 570 787
4768 5130 51434885 1 1260 570 625
5897 6624 51435366 0 1350 490 366
5907 6580 51435376 1 1350 490 389
5866 6598 51435386 1 1360 490 394
5866 6639 51435396 1 1370 480 399
5897 6611 51435406 1 1380 490 396
5922 6583 51435416 1 1380 490 417
5950 6558 51435426 1 1380 490 420
5988 6537 51435436 1 1400 500 428
6033 6517 51435446 1 1400 500 436
6081 6495 51435456 1 1410 500 436
6131 6473 51435466 1 1400 510 431
6172 6449 51435476 1 1410 510 427
6209 6425 51435486 1 1410 510 420
6230 6381 51435496 1 1420 520 309
5909 5970 51435576 0 1400 530 158
5790 5833 51435586 1 1400 530 181
5719 5795 51435596 1 1390 540 203
5673 5780 51435606 1 1390 540 214
5657 5764 51435616 1 1370 530 275
5662 5764 51435626 1 1360 540 333
5677 5770 51435636 1 1360 540 413
5735 5797 51435646 1 1350 540 443
5822 5857 51435656 1 1340 540 468
5930 5938 51435666 1 1340 540 486
6050 6016 51435676 1 1340 540 499
6178 6092 51435686 1 1350 540 514
6306 6149 51435696 1 1350 540 512
6407 6194 51435706 1 1350 540 524
6489 6221 51435716 1 1350 540 533
6533 6228 51435726 1 1350 540 536
6553 6221 51435736 1 1360 550 568
6553 6196 51435746 1 1360 550 580
6533 6136 51435756 1 1370 540 594
6475 6053 51435766 1 1390 550 597
6395 5947 51435776 1 1390 550 606
6291 5834 51435786 1 1400 540 620
6192 5717 51435796 1 1410 550 645
6131 5644 51435806 1 1410 550 640
6093 5610 51435816 1 1400 550 643
6098 5602 51435826 1 1400 550 662
6126 5602 51435836 1 1400 550 663
6170 5627 51435846 1 1390 560 669
6267 5668 51435856 1 1390 560 675
6394 5738 51435867 1 1380 570 673
6540 5807 51435877 1 1380 570 673
6663 5876 51435887 1 1380 570 676
6762 5895 51435897 1 1380 570 679
6846 5873 51435907 1 1380 580 688
6894 5825 51435917 1 1380 580 696
6914 5732 51435927 1 1380 580 721
6914 5600 51435937 1 1360 580 728
6881 5442 51435947 1 1360 580 737
6814 5257 51435957 1 1360 580 749
6724 5090 51435967 1 1360 580 755
6631 4934 51435977 1 1360 580 755
6537 4779 51435987 1 1360 580 757
6443 4666 51435997 1 1360 580 752
6358 4582 51436007 1 1350 590 746
6299 4549 51436017 1 1350 590 713
6256 4561 51436027 1 1350 590 518
6232 4602 51436037 1 1350 590 144
6269 5435 51436097 0 1320 590 302
6334 5690 51436107 1 1320 590 314
6327 5783 51436117 1 1320 590 359
6327 5828 51436127 1 1310 600 414
6327 5842 51436137 1 1310 600 474
6313 5832 51436147 1 1290 590 536
6290 5748 51436157 1 1290 590 616
6217 5615 51436167 1 1310 580 667
6128 5437 51436177 1 1310 580 684
6027 5245 51436187 1 1310 580 690
5934 5043 51436197 1 1320 580 685
5844 4840 51436207 1 1320 580 662
5756 4688 51436217 1 1320 580 474
