188
6292 6172 68637555 0 1280 470 369
6156 6141 68637565 1 1280 470 481
6115 6115 68637575 1 1280 470 502
6146 6170 68637585 1 1280 480 537
6226 6245 68637595 1 1280 480 589
6386 6333 68637605 1 1280 480 622
6588 6450 68637615 1 1290 490 641
6819 6550 68637625 1 1290 490 640
7023 6640 68637635 1 1280 490 644
7208 6709 68637645 1 1290 500 640
7379 6748 68637655 1 1290 500 639
7475 6768 68637665 1 1290 500 614
7507 6768 68637675 1 1300 510 526
7497 6768 68637685 1 1300 510 304
7446 6753 68637695 1 1300 510 76
7352 6732 68637705 1 1320 510 83
7229 6722 68637715 1 1320 510 134
7119 6714 68637725 1 1320 510 165
7023 6707 68637735 1 1330 520 273
6936 6661 68637745 1 1330 520 398
6838 6510 68637755 1 1330 520 467
6743 6288 68637765 1 1330 520 546
6678 5866 68637775 1 1330 520 591
6633 5296 68637785 1 1310 520 619
6621 4627 68637795 1 1310 520 624
6621 4002 68637805 1 1290 520 638
6628 3509 68637815 1 1290 520 693
6621 3103 68637825 1 1280 530 721
6587 2759 68637835 1 1240 530 728
6536 2521 68637845 1 1230 530 728
6454 2353 68637855 1 1200 540 728
6334 2217 68637865 1 1170 550 721
6188 2118 68637875 1 1150 550 713
6027 2043 68637885 1 1130 560 656
5848 2011 68637895 1 1110 550 463
4597 2850 68637966 0 1010 570 115
4491 3272 68637976 1 990 560 394
4531 3415 68637986 1 990 560 439
4693 3575 68637996 1 1000 560 546
4937 3747 68638006 1 1000 550 691
5267 3987 68638016 1 1000 550 797
5674 4274 68638026 1 1010 540 833
6132 4593 68638036 1 1020 530 843
6637 4896 68638046 1 1020 530 842
7146 5129 68638056 1 1040 530 857
7595 5316 68638066 1 1040 530 849
8002 5457 68638076 1 1050 530 855
8267 5527 68638086 1 1070 540 858
8408 5550 68638096 1 1080 540 861
8466 5550 68638106 1 1100 530 861
8497 5550 68638116 1 1100 540 869
8491 5550 68638126 1 1120 540 900
8461 5550 68638136 1 1140 550 943
8395 5563 68638146 1 1140 550 956
8323 5581 68638156 1 1160 550 956
8246 5581 68638166 1 1170 560 952
8181 5586 68638176 1 1180 560 949
8121 5579 68638186 1 1190 560 947
8072 5570 68638196 1 1190 560 946
8047 5563 68638206 1 1220 570 944
8039 5563 68638216 1 1220 570 934
8039 5563 68638226 1 1220 570 945
8039 5563 68638236 1 1220 570 941
8039 5541 68638246 1 1220 570 942
8039 5507 68638256 1 1230 560 944
8044 5443 68638266 1 1240 570 950
8044 5338 68638276 1 1240 570 933
8044 5206 68638286 1 1240 570 934
8035 5067 68638296 1 1240 570 937
8035 4937 68638306 1 1240 570 937
8030 4812 68638316 1 1240 570 941
8030 4720 68638326 1 1230 580 946
8036 4661 68638336 1 1230 580 947
8036 4623 68638346 1 1230 580 952
8036 4611 68638356 1 1200 570 961
8036 4611 68638356 1 1200 570 965
8036 4611 68638366 1 1190 580 967
8017 4641 68638376 1 1190 580 965
8009 4705 68638386 1 1190 580 964
8019 4793 68638396 1 1190 580 962
8042 4935 68638406 1 1190 580 958
8092 5077 68638416 1 1190 580 940
8176 5217 68638426 1 1190 580 864
8283 5329 68638436 1 1190 580 620
8403 5422 68638446 1 1190 580 168
8743 5533 68638516 0 1190 560 156
8711 5519 68638526 1 1190 560 369
8676 5529 68638536 1 1210 560 486
8643 5537 68638546 1 1210 560 619
8607 5537 68638556 1 1210 560 713
8569 5537 68638566 1 1220 560 760
8530 5494 68638576 1 1220 560 773
8495 5432 68638586 1 1210 560 785
8481 5333 68638596 1 1210 560 796
8481 5250 68638606 1 1210 560 800
8494 5179 68638616 1 1210 560 803
8518 5129 68638626 1 1210 560 803
8550 5104 68638636 1 1210 560 803
8582 5095 68638646 1 1200 550 802
8616 5112 68638656 1 1200 550 796
8652 5152 68638666 1 1200 550 788
8675 5207 68638677 1 1200 550 785
8689 5271 68638687 1 1200 550 784
8699 5332 68638697 1 1200 550 785
8699 5392 68638707 1 1200 550 796
8699 5415 68638717 1 1200 550 794
8707 5415 68638727 1 1200 550 797
8717 5404 68638737 1 1200 550 805
8734 5366 68638747 1 1200 550 811
8751 5316 68638757 1 1200 550 815
8766 5258 68638767 1 1200 550 818
8781 5226 68638777 1 1200 550 815
8793 5213 68638787 1 1200 550 812
8808 5213 68638797 1 1200 550 806
8824 5233 68638807 1 1200 550 788
8843 5273 68638817 1 1200 550 765
8861 5326 68638827 1 1200 550 746
8877 5374 68638837 1 1200 550 739
8897 5413 68638847 1 1210 560 743
8911 5422 68638857 1 1210 560 758
8920 5415 68638867 1 1210 560 762
8940 5391 68638877 1 1210 560 780
8960 5356 68638887 1 1220 570 794
8975 5315 68638897 1 1220 570 797
8986 5284 68638907 1 1220 570 797
8994 5267 68638917 1 1230 580 796
9001 5259 68638927 1 1230 580 793
9008 5264 68638937 1 1240 580 782
9024 5294 68638947 1 1240 580 759
9041 5340 68638957 1 1240 580 725
9061 5386 68638967 1 1240 580 691
9079 5429 68638977 1 1250 590 675
9096 5451 68638987 1 1250 590 678
9104 5460 68638997 1 1270 590 697
9104 5443 68639007 1 1270 590 721
9115 5421 68639017 1 1270 590 728
9121 5391 68639027 1 1270 590 748
9121 5366 68639037 1 1270 590 757
9126 5346 68639047 1 1270 590 758
9136 5341 68639057 1 1270 590 755
9147 5358 68639067 1 1270 590 727
9169 5390 68639077 1 1270 590 611
9199 5454 68639087 1 1260 580 391
9221 5526 68639097 1 1260 580 105
9221 5526 68639107 0 1260 580 29
9261 5793 68639117 1 1260 580 170
9274 5903 68639127 1 1260 580 312
9288 6001 68639137 1 1260 580 427
9303 6064 68639147 1 1270 570 488
9318 6103 68639157 1 1270 570 509
9331 6103 68639167 1 1280 570 561
9343 6058 68639177 1 1280 570 611
9354 5991 68639187 1 1300 580 662
9346 5846 68639197 1 1310 570 691
9324 5696 68639207 1 1310 570 746
9324 5564 68639217 1 1310 570 788
9324 5446 68639227 1 1320 570 803
9324 5336 68639237 1 1320 570 818
9332 5260 68639247 1 1320 570 817
9341 5208 68639257 1 1320 570 833
9349 5183 68639267 1 1320 570 846
9349 5174 68639277 1 1320 570 861
9338 5174 68639287 1 1310 570 873
9316 5194 68639307 1 1310 570 876
9288 5234 68639317 1 1310 570 873
9265 5290 68639327 1 1300 580 857
9272 5391 68639337 1 1300 580 840
9297 5504 68639347 1 1280 580 822
9365 5625 68639357 1 1280 580 817
9450 5698 68639367 1 1270 590 817
9547 5742 68639377 1 1270 590 817
9616 5767 68639387 1 1270 590 817
9654 5767 68639397 1 1270 590 830
9672 5746 68639407 1 1270 590 823
9652 5710 68639417 1 1270 590 797
9596 5642 68639427 1 1270 590 787
9517 5573 68639437 1 1270 590 790
9435 5504 68639447 1 1280 580 800
9362 5436 68639457 1 1280 580 833
9296 5397 68639467 1 1270 570 894
9277 5379 68639477 1 1270 570 935
9286 5379 68639487 1 1270 570 1023
9313 5401 68639497 1 1270 570 1023
9398 5432 68639507 1 1270 570 1023
9531 5486 68639517 1 1270 570 1023
9697 5539 68639527 1 1270 570 1023
9982 5612 68639537 1 1280 580 1009
10244 5699 68639547 1 1280 580 770
