189
3336 6221 51627212 0 1700 740 410
3336 6221 51627222 1 1730 820 415
3336 6221 51627232 1 0 900 420
3362 6221 51627242 1 0 900 415
3431 6221 51627252 1 0 900 420
3534 6267 51627262 1 0 900 427
3703 6337 51627272 1 0 900 431
3930 6528 51627282 1 0 900 431
4195 6699 51627292 1 900 820 428
4418 6857 51627302 1 1160 720 420
4549 6947 51627312 1 1230 620 423
4619 6994 51627322 1 1250 530 362
4638 7013 51627332 1 1350 490 247
4608 6999 51627342 1 1360 480 105
4545 6952 51627352 1 1360 470 20
4436 6883 51627362 1 1360 470 1
4302 6812 51627372 1 1370 460 1
4150 6736 51627382 1 1360 460 27
4009 6679 51627392 1 1370 450 55
3901 6635 51627402 1 1370 450 101
3816 6571 51627412 1 1370 440 122
3759 6463 51627422 1 1370 440 151
3704 6325 51627432 1 1370 430 183
3666 6136 51627442 1 1370 430 212
3637 5887 51627452 1 1380 430 247
3631 5597 51627462 1 1370 420 269
3642 5252 51627472 1 1370 420 287
3663 4905 51627482 1 1370 420 324
3696 4584 51627492 1 1360 430 334
3725 4282 51627502 1 1360 430 351
3752 3992 51627512 1 1340 440 358
3758 3756 51627522 1 1330 440 354
3764 3557 51627532 1 1320 450 351
3771 3398 51627542 1 1300 460 341
3771 3298 51627552 1 1290 460 342
3771 3238 51627562 1 1280 470 175
2650 4213 51627673 0 1200 480 551
2476 4003 51627683 1 1200 480 589
2375 4008 51627693 1 1200 480 588
2343 4008 51627703 1 1200 470 603
2358 4021 51627713 1 1200 470 611
2441 4099 51627723 1 1210 470 624
2583 4221 51627733 1 1220 470 627
2764 4417 51627743 1 1230 470 631
2954 4612 51627753 1 1230 470 634
3196 4804 51627763 1 1240 470 625
3473 5003 51627773 1 1230 460 616
3752 5207 51627783 1 1240 460 614
4000 5350 51627793 1 1240 460 556
4228 5501 51627803 1 1260 460 351
4417 5657 51627813 1 1260 460 65
4634 5700 51627893 0 1290 450 211
4608 5686 51627903 1 1290 450 225
4575 5686 51627913 1 1290 450 228
4575 5650 51627923 1 1300 450 247
4570 5595 51627933 1 1300 450 249
4570 5493 51627943 1 1300 450 273
4565 5365 51627953 1 1300 450 310
4565 5221 51627963 1 1300 450 353
4559 5106 51627973 1 1300 450 393
4559 5025 51627983 1 1300 450 417
4564 4966 51627993 1 1300 450 443
4572 4949 51628003 1 1300 450 527
4581 4957 51628013 1 1300 450 591
4594 4982 51628023 1 1300 450 591
4636 5086 51628033 1 1300 450 597
4696 5231 51628043 1 1310 450 595
4774 5403 51628053 1 1310 450 592
4839 5548 51628063 1 1320 460 594
4895 5646 51628073 1 1320 460 575
4953 5713 51628083 1 1330 460 536
5013 5742 51628093 1 1320 470 422
5078 5742 51628103 1 1320 470 270
5150 5731 51628113 1 1320 470 141
5236 5716 51628123 1 1320 470 127
5329 5707 51628133 1 1330 470 122
5410 5715 51628143 1 1330 470 137
5461 5733 51628153 1 1330 470 172
5491 5747 51628163 1 1330 470 241
5496 5764 51628173 1 1340 480 316
5479 5782 51628183 1 1340 480 369
5446 5799 51628193 1 1340 480 397
5400 5799 51628203 1 1340 480 418
5346 5791 51628213 1 1340 480 423
5286 5757 51628223 1 1340 480 440
5242 5704 51628233 1 1340 480 447
5202 5638 51628243 1 1330 470 473
5187 5566 51628253 1 1330 470 465
5187 5498 51628263 1 1330 470 468
5203 5446 51628273 1 1330 470 478
5233 5403 51628283 1 1330 470 490
5272 5383 51628293 1 1330 470 502
5323 5396 51628303 1 1320 480 514
5379 5431 51628313 1 1320 480 522
5444 5517 51628323 1 1320 480 522
5512 5615 51628333 1 1320 480 512
5569 5721 51628343 1 1320 480 513
5619 5803 51628353 1 1310 480 512
5645 5853 51628363 1 1310 480 520
5658 5882 51628373 1 1310 480 521
5658 5875 51628383 1 1310 480 526
5676 5840 51628393 1 1310 480 527
5691 5786 51628403 1 1310 480 532
5711 5732 51628413 1 1310 480 530
5736 5692 51628423 1 1310 480 535
5766 5662 51628433 1 1310 480 535
5799 5648 51628443 1 1320 490 540
5834 5658 51628453 1 1320 490 536
5869 5683 51628463 1 1320 490 537
5905 5746 51628473 1 1330 500 539
5941 5822 51628483 1 1330 500 540
5979 5908 51628493 1 1340 500 543
6008 5962 51628503 1 1340 500 542
6031 5982 51628513 1 1340 500 543
6056 5982 51628523 1 1340 500 554
6081 5947 51628533 1 1340 500 559
6101 5884 51628543 1 1340 510 567
6117 5801 51628553 1 1340 510 570
6125 5737 51628563 1 1340 510 568
6133 5694 51628573 1 1340 510 561
6141 5666 51628583 1 1340 510 567
6147 5666 51628593 1 1340 510 584
6155 5687 51628603 1 1340 510 594
6189 5728 51628613 1 1340 510 594
6240 5824 51628623 1 1340 510 585
6307 5917 51628633 1 1340 510 585
6361 6007 51628643 1 1340 510 588
6405 6043 51628653 1 1340 510 585
6431 6043 51628663 1 1340 510 592
6457 6028 51628673 1 1330 510 602
6484 5977 51628683 1 1330 510 611
6508 5909 51628693 1 1330 510 609
6529 5831 51628703 1 1330 510 614
6549 5772 51628713 1 1330 510 613
6567 5738 51628723 1 1330 510 611
6586 5721 51628733 1 1320 500 608
6596 5721 51628743 1 1320 500 605
6601 5737 51628753 1 1320 500 599
6621 5772 51628763 1 1320 500 600
6642 5871 51628773 1 1320 500 586
6661 5987 51628783 1 1320 500 594
6674 6115 51628784 1 1320 500 589
6683 6265 51628794 1 1320 500 584
6683 6429 51628804 1 1320 500 581
6669 6602 51628814 1 1330 510 581
6654 6742 51628824 1 1330 510 583
6646 6826 51628834 1 1330 510 589
6639 6872 51628844 1 1330 510 589
6634 6872 51628854 1 1330 510 591
6634 6840 51628864 1 1340 500 585
6643 6781 51628874 1 1340 500 592
6652 6661 51628884 1 1340 500 603
6660 6499 51628894 1 1340 500 611
6672 6310 51628904 1 1350 500 613
6685 6131 51628914 1 1350 500 614
6700 5970 51628924 1 1360 500 613
6720 5821 51628934 1 1360 500 617
6745 5713 51628944 1 1360 500 617
6771 5638 51628954 1 1350 510 614
6787 5586 51628964 1 1360 510 614
6797 5574 51628974 1 1360 510 625
6797 5579 51628984 1 1350 520 641
6787 5596 51628994 1 1350 520 636
6769 5649 51629004 1 1360 520 637
6754 5736 51629014 1 1350 530 638
6754 5845 51629024 1 1350 530 637
6773 5980 51629034 1 1350 530 643
6807 6095 51629044 1 1350 530 640
6847 6196 51629054 1 1350 530 641
6891 6258 51629064 1 1360 540 641
6913 6284 51629074 1 1360 540 638
6930 6284 51629084 1 1360 540 638
6943 6265 51629094 1 1360 540 643
6954 6220 51629104 1 1370 540 643
6949 6160 51629114 1 1370 540 638
6933 6098 51629124 1 1390 540 638
6901 6036 51629134 1 1390 540 647
6847 5980 51629144 1 1390 540 641
6779 5928 51629154 1 1390 540 636
6696 5883 51629164 1 1400 530 633
6618 5853 51629174 1 1400 530 634
6580 5832 51629184 1 1400 530 638
6568 5832 51629194 1 1400 530 636
6585 5840 51629204 1 1400 530 647
6671 5854 51629214 1 1400 530 641
6802 5874 51629224 1 1400 530 649
6968 5894 51629234 1 1400 530 655
7136 5894 51629235 1 1400 530 646
7356 5878 51629245 1 1390 540 586
