175
2634 5908 51603708 0 1030 570 368
2538 5857 51603718 1 1150 550 384
2512 5902 51603728 1 1250 530 389
2512 5976 51603738 1 1350 490 388
2636 6037 51603748 1 1360 480 394
2851 6185 51603758 1 1360 480 405
3126 6390 51603768 1 1370 470 415
3431 6582 51603778 1 1370 460 412
3705 6755 51603788 1 1370 460 407
3959 6877 51603798 1 1380 460 399
4130 6972 51603808 1 1390 450 389
4203 7003 51603818 1 1400 450 364
4211 7003 51603828 1 1400 430 309
4157 6985 51603838 1 1400 430 191
4056 6933 51603848 1 1410 430 130
3923 6871 51603858 1 1420 420 119
3797 6803 51603868 1 1420 420 124
3662 6731 51603878 1 1430 420 134
3522 6655 51603888 1 1430 420 131
3417 6554 51603898 1 1420 410 155
3338 6438 51603908 1 1420 410 182
3275 6283 51603918 1 1430 420 215
3237 6083 51603928 1 1430 420 257
3216 5854 51603938 1 1420 420 312
3206 5576 51603948 1 1420 420 339
3213 5186 51603958 1 1410 430 372
3225 4721 51603968 1 1400 430 407
3239 4290 51603978 1 1390 430 428
3253 3878 51603988 1 1370 440 453
3268 3479 51603998 1 1360 450 473
3299 3159 51604008 1 1350 450 473
3340 2888 51604018 1 1330 460 469
3276 2651 51604028 1 1320 470 465
3255 2554 51604038 1 1300 480 442
3262 2527 51604048 1 1280 480 193
2495 4356 51604169 0 1190 500 391
2456 4312 51604179 1 1190 500 444
2430 4369 51604189 1 1200 500 436
2395 4384 51604199 1 1220 500 443
2409 4370 51604209 1 1230 490 468
2466 4384 51604219 1 1240 490 489
2551 4450 51604229 1 1260 490 514
2703 4550 51604239 1 1260 490 521
2857 4681 51604249 1 1270 490 532
3059 4831 51604259 1 1270 490 535
3291 4994 51604269 1 1280 480 530
3499 5137 51604279 1 1310 480 524
3690 5276 51604289 1 1310 480 522
3870 5407 51604299 1 1310 480 450
4020 5512 51604309 1 1320 480 134
4369 5851 51604439 0 1320 440 286
4369 5851 51604449 1 1320 440 301
4328 5836 51604459 1 1330 430 302
4320 5828 51604469 1 1320 430 312
4313 5786 51604479 1 1320 430 305
4308 5719 51604489 1 1330 420 322
4301 5635 51604499 1 1320 430 339
4301 5486 51604509 1 1320 430 349
4301 5394 51604519 1 1320 430 361
4301 5340 51604529 1 1330 430 394
4301 5280 51604539 1 1320 440 409
4307 5254 51604549 1 1320 440 473
4307 5254 51604559 1 1320 440 539
4314 5249 51604569 1 1310 440 566
4319 5297 51604579 1 1310 440 575
4348 5379 51604589 1 1310 440 578
4392 5496 51604599 1 1300 450 572
4454 5610 51604609 1 1300 450 566
4521 5704 51604619 1 1300 450 564
4596 5787 51604629 1 1300 450 546
4677 5860 51604639 1 1300 450 469
4761 5912 51604649 1 1310 450 363
4844 5950 51604659 1 1310 450 296
4911 5968 51604669 1 1310 450 287
4969 5980 51604679 1 1320 460 285
5015 5985 51604689 1 1320 460 273
5043 5985 51604699 1 1340 460 277
5059 5985 51604709 1 1340 460 296
5059 5985 51604719 1 1350 460 311
5044 5977 51604729 1 1350 460 312
5020 5977 51604739 1 1360 470 335
4987 5964 51604749 1 1360 470 341
4954 5951 51604759 1 1370 470 359
4920 5914 51604769 1 1370 470 369
4895 5862 51604779 1 1380 480 398
4872 5782 51604789 1 1380 480 407
4854 5709 51604799 1 1390 480 415
4843 5642 51604809 1 1390 480 433
4843 5586 51604819 1 1380 490 439
4849 5553 51604829 1 1380 490 460
4865 5536 51604839 1 1380 490 490
4891 5536 51604849 1 1380 490 501
4940 5580 51604859 1 1380 490 504
5003 5659 51604869 1 1380 490 509
5078 5766 51604879 1 1370 500 510
5150 5864 51604889 1 1360 490 514
5201 5957 51604899 1 1360 490 514
5238 5994 51604900 1 1360 490 514
5238 5994 51604910 1 1360 490 512
5267 5972 51604920 1 1360 490 522
5284 5926 51604930 1 1360 490 522
5299 5870 51604940 1 1350 490 529
5318 5808 51604950 1 1350 490 529
5341 5775 51604960 1 1350 490 537
5369 5760 51604970 1 1350 490 539
5399 5760 51604980 1 1350 490 548
5447 5791 51604990 1 1350 490 551
5506 5862 51605000 1 1350 490 554
5561 5958 51605010 1 1340 480 559
5609 6032 51605020 1 1350 470 559
5651 6063 51605030 1 1350 470 561
5675 6063 51605040 1 1350 470 560
5692 6041 51605050 1 1350 470 567
5703 5986 51605060 1 1360 480 572
5713 5911 51605070 1 1360 480 575
5720 5840 51605080 1 1360 480 577
5720 5797 51605090 1 1360 480 584
5737 5773 51605100 1 1360 480 606
5756 5773 51605110 1 1360 480 619
5779 5814 51605120 1 1360 480 628
5835 5882 51605130 1 1370 480 636
5885 5979 51605140 1 1370 480 636
5930 6044 51605150 1 1370 480 641
5961 6088 51605160 1 1380 490 641
5977 6095 51605170 1 1380 490 644
5983 6081 51605180 1 1400 500 643
6003 6052 51605190 1 1400 500 644
6022 6006 51605200 1 1380 500 646
6040 5959 51605210 1 1380 500 646
6059 5926 51605220 1 1400 510 646
6077 5904 51605230 1 1400 510 650
6094 5904 51605240 1 1400 510 655
6114 5935 51605250 1 1400 510 658
6137 5988 51605260 1 1400 510 656
6164 6078 51605270 1 1400 510 658
6194 6200 51605280 1 1400 510 655
6224 6343 51605290 1 1400 510 656
6255 6534 51605300 1 1410 500 656
6284 6669 51605310 1 1410 500 659
6294 6767 51605320 1 1410 500 670
6294 6796 51605330 1 1410 500 670
6289 6801 51605340 1 1410 500 667
6289 6789 51605350 1 1410 500 664
6289 6725 51605360 1 1410 500 669
6297 6622 51605370 1 1410 500 678
6304 6494 51605380 1 1410 500 684
6313 6349 51605390 1 1410 500 690
6326 6221 51605401 1 1410 500 691
6338 6104 51605411 1 1420 490 694
6349 6012 51605421 1 1420 490 696
6358 5956 51605431 1 1410 500 700
6363 5925 51605441 1 1410 500 696
6363 5925 51605451 1 1400 500 722
6363 5948 51605461 1 1400 500 728
6370 5985 51605471 1 1400 500 731
6377 6072 51605481 1 1400 500 731
6406 6169 51605491 1 1400 500 733
6448 6272 51605501 1 1400 500 720
6498 6355 51605511 1 1400 500 733
6550 6419 51605521 1 1400 500 731
6606 6471 51605531 1 1400 500 731
6649 6500 51605541 1 1400 500 724
6684 6500 51605551 1 1400 500 724
6692 6486 51605561 1 1400 500 724
6670 6441 51605571 1 1400 500 727
6629 6364 51605581 1 1420 490 728
6546 6266 51605591 1 1420 490 728
6464 6167 51605601 1 1420 490 731
6382 6107 51605611 1 1420 490 720
6388 6074 51605621 1 1420 490 733
6454 6045 51605631 1 1420 490 758
6559 6045 51605641 1 1420 490 750
6715 6058 51605651 1 1430 500 760
6899 6074 51605661 1 1430 500 757
7101 6084 51605671 1 1430 500 679
