170
2873 6154 51599732 0 1370 460 130
2768 6133 51599742 1 1370 460 187
2768 6159 51599752 1 1380 460 191
2829 6216 51599762 1 1380 460 212
2925 6302 51599772 1 1380 460 247
3078 6408 51599782 1 1380 460 262
3256 6527 51599792 1 1380 460 279
3450 6641 51599802 1 1380 460 297
3641 6729 51599812 1 1380 460 296
3783 6802 51599822 1 1380 460 291
3892 6826 51599832 1 1380 460 274
3940 6826 51599842 1 1400 460 213
3463 6525 51599923 0 1380 460 110
3338 6379 51599933 1 1380 460 137
3287 6335 51599943 1 1380 460 134
3239 6306 51599953 1 1380 460 151
3225 6199 51599963 1 1380 460 181
3216 6019 51599973 1 1380 460 247
3216 5790 51599983 1 1370 460 291
3222 5525 51599993 1 1370 460 319
3231 5168 51600003 1 1370 460 348
3253 4750 51600013 1 1360 470 387
3285 4395 51600023 1 1350 470 409
3298 4041 51600033 1 1350 470 420
3308 3688 51600043 1 1340 480 418
3316 3473 51600053 1 1330 480 420
3326 3279 51600063 1 1320 490 415
3332 3098 51600073 1 1300 500 417
3332 2991 51600083 1 1290 500 373
2417 4327 51600193 0 1200 520 520
2375 4371 51600203 1 1200 520 526
2305 4389 51600213 1 1200 510 522
2299 4411 51600223 1 1200 510 538
2336 4411 51600233 1 1210 510 543
2387 4453 51600243 1 1210 510 557
2500 4522 51600253 1 1210 510 568
2654 4672 51600263 1 1220 500 561
2844 4875 51600273 1 1220 500 566
3078 5114 51600283 1 1240 500 563
3340 5348 51600293 1 1250 500 564
3604 5579 51600303 1 1260 500 544
3823 5743 51600313 1 1270 500 448
4011 5862 51600323 1 1270 500 51
4274 5871 51600453 0 1340 470 178
4274 5871 51600463 1 1340 470 203
4244 5863 51600473 1 1350 460 223
4232 5878 51600483 1 1350 460 242
4232 5878 51600493 1 1360 460 252
4232 5878 51600503 1 1360 460 272
4251 5872 51600513 1 1350 460 284
4282 5816 51600523 1 1350 460 311
4311 5732 51600533 1 1350 460 330
4324 5640 51600543 1 1340 470 364
4324 5548 51600553 1 1340 470 396
4324 5455 51600563 1 1340 470 413
4315 5374 51600573 1 1330 470 418
4315 5331 51600583 1 1330 470 444
4310 5314 51600584 1 1320 480 515
4310 5314 51600594 1 1320 480 600
4310 5340 51600604 1 1320 480 611
4319 5384 51600614 1 1310 480 617
4346 5506 51600624 1 1310 480 617
4387 5633 51600634 1 1290 490 617
4440 5764 51600644 1 1280 480 614
4494 5881 51600654 1 1280 480 605
4548 5964 51600664 1 1280 480 592
4602 6024 51600674 1 1280 480 522
4657 6050 51600684 1 1280 480 389
4736 6071 51600694 1 1290 490 203
5046 6151 51600744 0 1320 480 47
5133 6197 51600754 1 1340 480 180
5138 6210 51600764 1 1340 480 245
5126 6219 51600774 1 1350 470 286
5095 6219 51600784 1 1360 480 327
5044 6189 51600794 1 1360 480 364
4980 6133 51600804 1 1370 470 396
4914 6037 51600814 1 1370 470 417
4853 5940 51600824 1 1370 470 423
4817 5845 51600834 1 1380 480 435
4796 5779 51600844 1 1380 480 443
4796 5729 51600854 1 1370 480 439
4796 5705 51600864 1 1370 480 453
4813 5697 51600874 1 1370 480 473
4846 5697 51600884 1 1360 490 498
4891 5741 51600894 1 1360 490 489
4959 5838 51600904 1 1350 490 492
5042 5973 51600914 1 1340 490 497
5134 6089 51600924 1 1340 490 497
5210 6163 51600934 1 1340 490 501
5256 6208 51600944 1 1340 490 501
5281 6208 51600954 1 1340 490 510
5307 6174 51600964 1 1340 490 515
5331 6121 51600974 1 1340 490 520
5351 6049 51600984 1 1340 490 512
5369 5989 51600994 1 1340 490 516
5396 5938 51601004 1 1340 490 521
5426 5909 51601014 1 1340 490 535
5465 5909 51601024 1 1340 490 542
5514 5923 51601034 1 1350 490 550
5573 5994 51601044 1 1350 490 554
5640 6087 51601054 1 1350 490 556
5708 6195 51601064 1 1360 480 561
5774 6286 51601074 1 1360 480 554
5826 6335 51601084 1 1370 480 556
5845 6356 51601094 1 1370 480 565
5845 6335 51601104 1 1370 480 564
5850 6284 51601114 1 1360 490 570
5855 6212 51601124 1 1360 490 581
5855 6139 51601134 1 1360 490 586
5855 6081 51601144 1 1370 500 586
5855 6034 51601154 1 1370 500 592
5855 6034 51601164 1 1370 500 617
5884 6031 51601174 1 1370 500 636
5917 6058 51601184 1 1370 500 641
5963 6137 51601194 1 1370 500 636
6028 6222 51601204 1 1380 500 640
6093 6312 51601214 1 1380 500 640
6157 6361 51601224 1 1380 500 643
6204 6368 51601234 1 1380 500 652
6242 6346 51601244 1 1380 500 656
6279 6309 51601254 1 1380 500 659
6311 6261 51601264 1 1380 500 658
6339 6205 51601274 1 1370 510 661
6360 6176 51601284 1 1370 510 659
6375 6167 51601294 1 1370 510 667
6386 6167 51601304 1 1370 510 668
6406 6216 51601314 1 1370 510 667
6426 6304 51601324 1 1370 510 665
6443 6421 51601334 1 1370 510 668
6443 6554 51601344 1 1370 510 661
6443 6697 51601354 1 1370 510 658
6432 6847 51601364 1 1370 510 658
6422 6997 51601374 1 1380 510 661
6411 7076 51601384 1 1380 510 667
6400 7107 51601394 1 1380 510 665
6390 7107 51601404 1 1400 510 659
6390 7079 51601414 1 1400 510 665
6395 7029 51601424 1 1400 510 671
6401 6879 51601434 1 1410 500 664
6410 6730 51601444 1 1410 500 670
6422 6581 51601454 1 1410 500 675
6432 6422 51601464 1 1410 500 679
6440 6277 51601474 1 1410 500 679
6448 6185 51601484 1 1420 490 679
6456 6125 51601494 1 1420 490 678
6456 6109 51601504 1 1420 490 699
6461 6115 51601514 1 1420 490 700
6461 6137 51601524 1 1410 500 690
6461 6212 51601534 1 1410 500 690
6479 6313 51601544 1 1410 500 693
6506 6431 51601554 1 1400 510 691
6550 6537 51601564 1 1400 510 702
6596 6606 51601574 1 1400 510 702
6646 6651 51601584 1 1380 510 699
6684 6678 51601594 1 1380 510 697
6714 6678 51601604 1 1380 510 696
6729 6672 51601614 1 1380 510 694
6734 6648 51601624 1 1380 510 699
6734 6596 51601634 1 1400 520 699
6685 6525 51601644 1 1400 520 690
6617 6436 51601654 1 1400 520 700
6535 6356 51601664 1 1400 520 690
6470 6282 51601674 1 1400 520 690
6462 6248 51601684 1 1400 520 699
6493 6221 51601694 1 1410 510 719
6599 6199 51601704 1 1410 510 731
6789 6215 51601714 1 1420 520 737
7036 6259 51601724 1 1420 520 739
7313 6321 51601734 1 1420 520 720
7645 6382 51601744 1 1430 520 402
