183
5713 5832 68611427 0 1220 470 337
5638 5735 68611437 1 1210 480 486
5638 5745 68611447 1 1200 480 496
5676 5801 68611457 1 1200 480 496
5829 5888 68611467 1 1200 480 489
6060 5985 68611477 1 1190 480 505
6305 6089 68611487 1 1190 480 489
6551 6213 68611497 1 1190 480 486
6753 6310 68611507 1 1190 490 407
6323 6206 68611628 0 1290 500 63
6253 6093 68611638 1 1290 500 108
6218 5908 68611648 1 1290 500 230
6193 5616 68611658 1 1290 500 351
6193 5252 68611668 1 1290 500 456
6198 4788 68611678 1 1280 500 490
6226 4308 68611688 1 1280 500 496
6237 3817 68611698 1 1270 510 515
6237 3376 68611708 1 1260 510 527
6229 3036 68611718 1 1240 520 540
6188 2764 68611728 1 1220 530 537
6123 2581 68611738 1 1210 530 533
6040 2467 68611748 1 1180 540 280
4267 3439 68611878 0 980 520 239
4642 3727 68611888 1 970 510 273
4940 3927 68611898 1 990 510 356
5288 4143 68611908 1 990 510 404
5699 4399 68611918 1 1000 500 425
6090 4608 68611928 1 1010 500 423
6468 4785 68611938 1 1010 500 407
6757 4894 68611948 1 1020 490 218
7005 4864 68612158 0 1140 510 285
6992 4902 68612168 1 1140 510 340
6985 4945 68612178 1 1150 520 422
6997 4980 68612188 1 1160 520 475
7011 5009 68612198 1 1170 530 510
7030 5014 68612208 1 1180 540 546
7057 5006 68612218 1 1190 530 556
7095 4938 68612228 1 1200 540 562
7139 4839 68612238 1 1200 540 559
7173 4720 68612248 1 1210 550 557
7193 4638 68612258 1 1210 550 565
7203 4576 68612268 1 1200 550 564
7198 4528 68612278 1 1200 550 613
7187 4505 68612288 1 1200 550 673
7172 4505 68612298 1 1180 560 716
7157 4514 68612308 1 1180 560 731
7146 4571 68612318 1 1180 560 725
7159 4662 68612328 1 1180 560 727
7186 4776 68612338 1 1170 560 721
7230 4905 68612348 1 1170 560 725
7288 5004 68612358 1 1160 550 731
7356 5084 68612368 1 1160 550 717
7416 5130 68612378 1 1160 550 688
7472 5153 68612388 1 1160 550 589
7525 5162 68612398 1 1160 550 364
7568 5162 68612408 1 1160 550 144
7653 5186 68612439 0 1170 550 170
7706 5213 68612449 1 1170 550 460
7706 5213 68612459 1 1190 540 602
7691 5213 68612469 1 1190 540 693
7665 5213 68612479 1 1200 550 763
7615 5213 68612489 1 1210 550 830
7567 5213 68612499 1 1210 550 845
7527 5213 68612509 1 1210 550 861
7497 5213 68612519 1 1230 550 866
7471 5204 68612529 1 1230 550 867
7446 5157 68612539 1 1230 550 867
7427 5083 68612549 1 1230 550 869
7418 4983 68612559 1 1230 550 867
7434 4897 68612569 1 1230 550 861
7465 4821 68612579 1 1230 550 860
7507 4790 68612589 1 1230 550 851
7553 4813 68612599 1 1230 550 839
7608 4872 68612609 1 1230 550 827
7653 4953 68612619 1 1230 550 830
7691 5031 68612629 1 1230 550 811
7711 5102 68612639 1 1230 550 797
7721 5166 68612649 1 1230 550 799
7721 5206 68612659 1 1230 550 817
7721 5230 68612669 1 1230 550 822
7715 5230 68612679 1 1230 550 846
7706 5199 68612689 1 1230 550 875
7693 5148 68612699 1 1230 550 908
7693 5080 68612709 1 1230 550 930
7693 5024 68612719 1 1230 550 930
7711 4976 68612729 1 1230 550 929
7733 4959 68612739 1 1230 550 921
7759 4973 68612749 1 1230 550 911
7798 5007 68612759 1 1230 550 908
7845 5071 68612769 1 1230 550 875
7879 5138 68612779 1 1240 550 836
7906 5208 68612789 1 1240 550 827
7927 5270 68612799 1 1240 550 830
7936 5300 68612809 1 1220 560 825
7936 5309 68612819 1 1230 560 843
7936 5298 68612829 1 1230 560 867
7946 5257 68612839 1 1230 560 870
7954 5195 68612849 1 1240 570 878
7962 5142 68612859 1 1240 570 885
7970 5105 68612869 1 1240 570 882
7978 5080 68612879 1 1240 570 878
7987 5075 68612889 1 1240 570 875
7996 5092 68612899 1 1260 580 861
8014 5125 68612909 1 1260 580 852
8032 5171 68612919 1 1260 580 793
8050 5218 68612929 1 1260 580 690
8068 5266 68612939 1 1260 580 655
8078 5298 68612949 1 1260 580 658
8083 5298 68612959 1 1260 580 671
8083 5288 68612969 1 1260 580 703
8093 5250 68612979 1 1260 580 760
8100 5207 68612989 1 1260 580 806
8108 5157 68612999 1 1270 570 834
8117 5109 68613009 1 1270 570 842
8128 5081 68613019 1 1270 570 842
8141 5066 68613029 1 1270 570 845
8157 5078 68613039 1 1270 570 830
8186 5127 68613049 1 1270 570 824
8222 5200 68613059 1 1270 570 788
8246 5272 68613069 1 1270 570 730
8265 5356 68613079 1 1270 570 676
8280 5447 68613089 1 1270 570 661
8294 5548 68613099 1 1270 570 642
8307 5660 68613109 1 1270 570 543
8319 5780 68613119 1 1270 570 512
8333 5910 68613129 1 1270 570 544
8333 5983 68613139 1 1270 570 671
8333 6019 68613149 1 1280 570 763
8328 6019 68613159 1 1280 570 788
8321 6014 68613169 1 1300 560 827
8311 5993 68613179 1 1300 560 858
8300 5963 68613189 1 1310 560 860
8293 5949 68613199 1 1320 570 872
8293 5942 68613209 1 1340 560 887
8293 5942 68613219 1 1340 560 900
8293 5942 68613229 1 1350 550 900
8293 5942 68613239 1 1360 550 921
8293 5942 68613249 1 1360 550 936
8293 5942 68613259 1 1370 540 942
8293 5942 68613269 1 1370 540 945
8287 5952 68613279 1 1370 540 947
8287 5952 68613289 1 1390 540 947
8287 5952 68613299 1 1370 530 941
8287 5952 68613309 1 1370 530 941
8287 5906 68613319 1 1390 540 944
8293 5825 68613329 1 1390 540 948
8300 5668 68613339 1 1370 540 950
8314 5489 68613349 1 1370 540 934
8336 5295 68613359 1 1360 550 934
8360 5131 68613369 1 1360 550 935
8383 5018 68613379 1 1350 550 935
8406 4939 68613389 1 1350 550 937
8418 4909 68613399 1 1350 550 944
8423 4901 68613409 1 1340 560 964
8423 4909 68613419 1 1340 560 967
8418 4946 68613429 1 1320 570 967
8412 5008 68613439 1 1320 570 961
8412 5086 68613449 1 1310 570 950
8412 5199 68613459 1 1310 570 950
8417 5333 68613469 1 1300 580 923
8457 5481 68613479 1 1300 580 915
8516 5582 68613489 1 1300 580 918
8591 5629 68613499 1 1300 580 923
8656 5641 68613509 1 1300 580 930
8715 5629 68613519 1 1300 580 935
8748 5586 68613529 1 1300 580 935
8739 5522 68613539 1 1300 580 932
8702 5424 68613549 1 1300 580 930
8631 5326 68613559 1 1300 580 929
8551 5260 68613560 1 1300 580 930
8466 5217 68613570 1 1300 580 945
8385 5217 68613580 1 1300 580 961
8339 5239 68613590 1 1300 580 992
8316 5277 68613600 1 1300 580 997
8316 5300 68613610 1 1300 580 1012
8342 5318 68613620 1 1300 580 1023
8384 5327 68613630 1 1300 580 1023
8451 5312 68613640 1 1300 580 1023
8542 5280 68613650 1 1300 580 1023
8649 5251 68613660 1 1300 580 1023
8833 5279 68613670 1 1300 580 1023
9058 5346 68613680 1 1300 580 997
9310 5449 68613690 1 1300 580 659
