125
4645 7688 193217 0 1430 480 220
4591 7484 193227 1 1420 480 275
4548 7469 193237 1 1410 490 307
4542 7514 193247 1 1400 500 307
4542 7514 193257 1 1400 500 302
4542 7533 193267 1 1380 500 309
4589 7562 193277 1 1380 500 304
4656 7660 193287 1 1380 500 307
4770 7775 193297 1 1400 510 307
4844 7902 193307 1 1400 510 312
4892 8006 193317 1 1400 510 314
4906 8079 193327 1 1420 500 320
4906 8132 193337 1 1430 510 327
4889 8171 193347 1 1450 510 332
4854 8181 193357 1 1450 510 340
4788 8172 193367 1 1480 500 348
4702 8103 193377 1 1480 500 386
4598 7964 193387 1 1480 500 418
4497 7778 193397 1 1480 500 440
4439 7542 193407 1 1460 500 455
4408 7231 193417 1 1450 500 471
4344 6870 193427 1 1440 500 464
4344 6502 193437 1 1430 500 473
4376 6131 193447 1 1420 500 474
4414 5831 193457 1 1400 510 464
4446 5581 193467 1 1370 520 465
4446 5407 193477 1 1360 520 452
4429 5263 193487 1 1330 530 391
4393 5139 193497 1 1300 540 235
4060 5754 193598 0 1250 540 339
4177 5980 193608 1 1240 530 366
4231 6077 193618 1 1270 530 366
4280 6179 193628 1 1280 530 364
4407 6274 193638 1 1290 520 366
4559 6388 193648 1 1300 530 364
4727 6516 193658 1 1300 530 359
4879 6621 193668 1 1330 530 301
4993 6720 193678 1 1340 540 143
5269 7306 193738 0 1370 540 94
5302 7419 193748 1 1390 540 252
5284 7466 193758 1 1400 540 327
5268 7488 193768 1 1410 530 359
5255 7493 193778 1 1410 530 362
5247 7485 193788 1 1410 530 400
5214 7429 193798 1 1410 530 443
5165 7341 193808 1 1410 530 469
5102 7176 193818 1 1410 530 472
5041 6949 193828 1 1410 530 473
4981 6681 193838 1 1410 530 481
4953 6448 193848 1 1390 540 488
4953 6256 193858 1 1390 540 466
4980 6091 193868 1 1390 540 397
5025 5979 193878 1 1360 540 277
5081 5893 193888 1 1350 540 86
5465 6177 193988 0 1310 560 339
5488 6142 193998 1 1310 560 409
5488 6130 194008 1 1320 550 392
5472 6130 194018 1 1320 550 397
5492 6138 194028 1 1320 550 435
5537 6179 194038 1 1340 550 480
5598 6242 194048 1 1340 550 488
5682 6318 194058 1 1340 550 496
5767 6391 194068 1 1340 550 504
5836 6470 194078 1 1350 550 507
5895 6554 194088 1 1350 550 514
5925 6625 194098 1 1350 550 513
5931 6676 194108 1 1350 550 524
5921 6715 194118 1 1350 550 537
5896 6734 194128 1 1350 550 535
5856 6734 194138 1 1350 550 538
5807 6726 194148 1 1360 550 540
5759 6686 194158 1 1360 550 543
5715 6612 194168 1 1360 550 543
5679 6516 194178 1 1360 550 546
5669 6404 194188 1 1360 550 544
5677 6316 194198 1 1360 550 489
5714 6243 194208 1 1350 540 397
5780 6203 194218 1 1350 540 241
5864 6203 194228 1 1340 550 85
6303 6719 194309 0 1340 570 272
6377 6804 194319 1 1340 570 349
6377 6813 194329 1 1340 570 358
6371 6813 194339 1 1340 570 358
6366 6813 194349 1 1340 570 415
6346 6762 194359 1 1350 570 468
6315 6685 194369 1 1350 570 496
6285 6564 194379 1 1360 560 522
6278 6440 194389 1 1360 560 521
6287 6313 194399 1 1360 560 526
6331 6239 194409 1 1360 560 532
6392 6198 194419 1 1350 550 535
6465 6178 194429 1 1350 550 521
6543 6191 194439 1 1350 550 505
6622 6234 194449 1 1340 560 453
6690 6298 194459 1 1340 560 393
6750 6370 194469 1 1340 560 282
6780 6444 194479 1 1340 560 252
6793 6519 194489 1 1340 560 287
6793 6550 194499 1 1350 570 304
6793 6556 194509 1 1360 560 320
6793 6545 194519 1 1360 560 396
6806 6520 194529 1 1360 560 436
6822 6480 194539 1 1360 560 478
6855 6429 194549 1 1360 560 504
6899 6401 194559 1 1360 560 532
6952 6392 194569 1 1360 560 542
7029 6392 194579 1 1360 560 570
7122 6437 194589 1 1360 560 567
7257 6498 194599 1 1360 560 577
7395 6573 194609 1 1360 560 580
7489 6642 194619 1 1360 560 584
7551 6707 194629 1 1380 570 578
7569 6763 194639 1 1380 570 595
7558 6812 194649 1 1380 570 585
7527 6828 194659 1 1380 570 603
7478 6822 194669 1 1380 570 641
7432 6787 194679 1 1380 570 667
7387 6736 194689 1 1380 570 675
7387 6674 194699 1 1380 570 690
7422 6604 194709 1 1380 570 697
7481 6537 194719 1 1380 570 699
7618 6494 194729 1 1380 570 707
7821 6466 194739 1 1380 570 710
8068 6466 194749 1 1380 570 667
8357 6466 194759 1 1390 570 410
