169
4800 7869 2229535 0 1440 480 165
4767 7921 2229545 1 1440 480 213
4715 7936 2229555 1 1440 480 282
4658 7930 2229565 1 1440 480 312
4608 7898 2229575 1 1440 480 325
4524 7849 2229585 1 1440 480 340
4416 7762 2229595 1 1450 470 364
4298 7622 2229605 1 1450 470 412
4180 7447 2229615 1 1440 470 428
4079 7248 2229625 1 1440 470 471
3990 7025 2229635 1 1430 480 491
3954 6786 2229645 1 1420 470 491
3964 6649 2229655 1 1390 470 501
4004 6539 2229665 1 1380 480 496
4087 6448 2229675 1 1380 480 501
4199 6409 2229685 1 1360 480 489
4329 6421 2229695 1 1350 490 412
4481 6468 2229705 1 1360 490 91
4634 7120 2229786 0 1420 530 382
4553 7162 2229796 1 1430 520 394
4464 7185 2229806 1 1430 520 430
4417 7185 2229816 1 1440 510 472
4397 7185 2229826 1 1440 510 498
4397 7180 2229836 1 1450 510 490
4431 7180 2229846 1 1450 510 485
4483 7188 2229856 1 1460 500 468
4591 7204 2229866 1 1460 500 468
4726 7238 2229876 1 1460 500 455
4880 7263 2229886 1 1460 500 448
4983 7281 2229896 1 1460 500 444
5033 7257 2229906 1 1460 500 449
5047 7201 2229916 1 1460 500 469
5027 7124 2229926 1 1460 500 497
4961 6996 2229936 1 1450 510 584
4864 6826 2229946 1 1450 510 609
4754 6629 2229956 1 1440 510 620
4645 6483 2229966 1 1440 510 613
4594 6364 2229976 1 1430 520 585
4581 6262 2229986 1 1430 520 399
5363 6836 2230447 0 1350 500 36
5363 6836 2230457 1 1370 500 103
5331 6810 2230467 1 1370 500 172
5322 6794 2230477 1 1380 490 207
5322 6785 2230487 1 1380 490 221
5322 6779 2230497 1 1390 480 249
5339 6764 2230507 1 1390 480 265
5362 6747 2230517 1 1390 480 279
5425 6757 2230527 1 1420 480 291
5513 6787 2230537 1 1420 480 309
5617 6830 2230547 1 1420 480 311
5732 6902 2230557 1 1420 480 309
5855 6994 2230567 1 1430 490 309
5935 7066 2230577 1 1430 490 307
5981 7127 2230587 1 1430 490 306
6004 7181 2230597 1 1430 490 302
5994 7220 2230607 1 1440 480 307
5970 7244 2230617 1 1440 480 311
5936 7259 2230627 1 1440 480 322
5897 7269 2230637 1 1440 480 332
5848 7259 2230647 1 1440 480 344
5792 7237 2230657 1 1440 480 345
5735 7196 2230667 1 1450 470 341
5682 7140 2230677 1 1460 480 341
5649 7075 2230687 1 1450 480 348
5627 6996 2230697 1 1450 480 361
5611 6908 2230707 1 1450 480 366
5617 6815 2230717 1 1460 490 362
5638 6741 2230727 1 1450 500 379
5690 6677 2230737 1 1450 500 389
5744 6621 2230747 1 1450 500 396
5821 6588 2230757 1 1450 500 415
5913 6581 2230767 1 1450 500 471
6020 6592 2230777 1 1450 500 496
6130 6620 2230787 1 1450 500 491
6249 6658 2230797 1 1460 500 501
6370 6703 2230807 1 1460 500 515
6473 6748 2230817 1 1460 500 522
6562 6793 2230827 1 1480 500 515
6631 6838 2230837 1 1490 510 516
6672 6886 2230847 1 1500 510 515
6694 6936 2230857 1 1520 510 522
6687 6969 2230867 1 1530 510 527
6674 6997 2230877 1 1540 520 526
6656 7017 2230887 1 1540 520 540
6629 7034 2230897 1 1540 520 538
6596 7024 2230907 1 1530 530 533
6559 7014 2230917 1 1530 530 533
6517 6978 2230927 1 1530 530 530
6477 6926 2230937 1 1530 530 532
6439 6873 2230947 1 1530 530 532
6425 6835 2230957 1 1530 530 533
6425 6806 2230967 1 1530 530 537
6443 6774 2230977 1 1530 520 540
6465 6749 2230987 1 1530 520 535
6508 6740 2230997 1 1530 520 543
6565 6740 2231007 1 1530 510 535
6649 6752 2231017 1 1530 510 538
6734 6779 2231027 1 1550 510 538
6819 6817 2231037 1 1550 510 538
6884 6847 2231047 1 1550 510 538
6937 6876 2231057 1 1550 510 538
6957 6899 2231067 1 1530 510 540
6957 6899 2231077 1 1530 510 544
6952 6889 2231087 1 1530 510 538
6952 6889 2231097 1 1530 510 540
6952 6889 2231107 1 1530 500 537
6967 6889 2231117 1 1530 500 537
6995 6889 2231127 1 1530 500 540
7063 6912 2231137 1 1530 500 530
7172 6972 2231147 1 1540 500 519
7307 7057 2231157 1 1550 510 498
7455 7157 2231167 1 1560 510 473
7594 7260 2231177 1 1570 520 446
7727 7365 2231187 1 1580 520 420
7835 7465 2231197 1 1600 530 409
7906 7541 2231207 1 1620 540 394
7953 7601 2231217 1 1620 540 374
7962 7639 2231227 1 1610 550 374
7962 7672 2231237 1 1610 550 377
7947 7697 2231247 1 1610 550 384
7931 7714 2231257 1 1600 550 382
7915 7722 2231267 1 1600 550 379
7896 7722 2231277 1 1600 550 376
7874 7709 2231287 1 1600 560 374
7847 7691 2231297 1 1600 550 376
7826 7655 2231307 1 1600 550 376
7797 7606 2231317 1 1630 550 376
7761 7536 2231327 1 1630 550 379
7715 7441 2231337 1 1630 550 384
7654 7330 2231347 1 1640 540 382
7582 7200 2231357 1 1640 540 381
7501 7038 2231367 1 1640 540 381
7408 6854 2231377 1 1640 540 377
7307 6661 2231387 1 1630 540 381
7216 6439 2231397 1 1620 540 393
7143 6197 2231407 1 1610 550 399
7083 5976 2231417 1 1600 540 423
7045 5743 2231427 1 1580 550 444
6998 5501 2231437 1 1570 560 456
6946 5242 2231447 1 1540 560 468
6867 4997 2231457 1 1540 570 469
6781 4762 2231467 1 1510 580 489
6689 4548 2231477 1 1510 580 499
6584 4341 2231487 1 1500 580 505
6439 4140 2231497 1 1470 590 505
6267 3952 2231507 1 1470 590 517
6082 3791 2231517 1 1460 600 526
5898 3649 2231527 1 1450 590 539
5719 3577 2231537 1 1440 600 565
5545 3543 2231547 1 1420 590 569
5402 3535 2231557 1 1410 600 592
5277 3557 2231567 1 1390 600 620
5191 3610 2231577 1 1380 590 638
5152 3684 2231587 1 1380 590 611
5143 3798 2231597 1 1380 590 628
5206 3972 2231607 1 1360 580 640
5335 4185 2231617 1 1360 580 641
5507 4441 2231627 1 1360 580 662
5751 4710 2231637 1 1380 580 673
6038 4987 2231647 1 1390 580 673
6354 5237 2231657 1 1400 580 662
6672 5454 2231667 1 1420 580 667
6989 5648 2231677 1 1440 580 672
7287 5797 2231687 1 1470 580 672
7583 5935 2231697 1 1490 580 685
7889 6067 2231707 1 1510 580 681
8190 6178 2231717 1 1530 580 644
8510 6277 2231727 1 1550 580 471
8843 6369 2231737 1 1570 580 42
