276
3536 5595 757939 0 1280 480 180
3536 5595 757949 1 1280 480 212
3536 5595 757959 1 1280 480 270
3536 5595 757969 1 1280 480 344
3536 5595 757979 1 1280 480 391
3536 5595 757989 1 1300 480 409
3536 5595 757999 1 1300 480 420
3536 5595 758009 1 1300 480 453
3536 5595 758019 1 1300 480 497
3536 5595 758029 1 1300 480 540
3536 5595 758039 1 1300 480 595
3536 5595 758049 1 1300 480 630
3536 5595 758059 1 1300 480 667
3536 5595 758069 1 1300 480 697
3536 5595 758079 1 1310 470 721
3640 5663 758089 1 1310 470 734
3698 5696 758099 1 1310 470 761
3764 5739 758109 1 1310 470 763
3825 5797 758119 1 1310 470 774
3889 5866 758129 1 1330 470 788
3955 5959 758139 1 1330 470 790
4020 6038 758149 1 1340 470 812
4077 6107 758159 1 1360 470 830
4129 6164 758169 1 1370 460 833
4161 6217 758179 1 1380 460 842
4180 6265 758189 1 1390 460 852
4190 6317 758199 1 1400 460 863
4190 6371 758209 1 1410 460 863
4180 6422 758219 1 1420 450 887
4166 6470 758229 1 1420 450 906
4153 6511 758239 1 1410 450 905
4131 6540 758249 1 1410 450 911
4104 6560 758259 1 1410 450 912
4065 6573 758269 1 1420 440 909
4011 6578 758279 1 1420 440 911
3948 6562 758289 1 1420 440 906
3871 6532 758299 1 1410 440 906
3787 6488 758309 1 1410 440 903
3697 6426 758319 1 1410 440 906
3585 6352 758329 1 1410 440 905
3476 6259 758339 1 1410 440 905
3373 6162 758349 1 1400 450 906
3275 6055 758359 1 1400 450 905
3186 5939 758369 1 1400 450 903
3107 5814 758379 1 1390 450 903
3046 5682 758389 1 1380 460 906
2995 5545 758399 1 1380 460 905
2960 5349 758409 1 1360 460 911
2948 5150 758419 1 1350 460 914
2948 4963 758429 1 1340 470 914
2975 4786 758439 1 1320 470 920
3013 4662 758449 1 1310 470 923
3062 4565 758459 1 1300 480 927
3123 4485 758469 1 1280 470 935
3201 4441 758479 1 1270 480 945
3290 4432 758489 1 1260 480 938
3390 4446 758499 1 1260 480 887
3505 4492 758509 1 1250 480 754
3629 4549 758519 1 1260 490 371
3820 5131 758771 0 1300 470 399
3820 5131 758781 1 1300 470 461
3820 5131 758791 1 1300 470 616
3820 5131 758801 1 1310 470 720
3820 5131 758811 1 1310 470 796
3820 5131 758821 1 1300 480 845
3820 5131 758831 1 1310 480 872
3820 5131 758841 1 1310 480 894
3820 5131 758851 1 1310 480 942
3820 5131 758861 1 1330 480 962
3820 5131 758871 1 1330 480 997
3820 5131 758881 1 1330 480 1006
3820 5131 758891 1 1330 480 1023
3909 5125 758901 1 1330 480 1023
3951 5140 758911 1 1330 480 1023
3998 5152 758921 1 1330 480 1023
4044 5162 758931 1 1330 480 1023
4082 5168 758941 1 1340 480 1023
4115 5168 758951 1 1340 480 1023
4147 5168 758961 1 1340 490 1023
4175 5168 758971 1 1340 490 1023
4200 5168 758981 1 1340 490 1023
4226 5159 758991 1 1340 490 1023
4250 5150 759001 1 1350 490 1023
4275 5139 759011 1 1350 490 1023
4297 5122 759021 1 1360 490 1023
4318 5093 759031 1 1350 500 1023
4330 5055 759041 1 1350 500 1023
4335 4993 759051 1 1350 500 1023
4335 4916 759061 1 1350 500 1023
4327 4808 759071 1 1350 500 1023
4317 4698 759081 1 1340 500 1023
4305 4583 759091 1 1340 500 1023
4286 4464 759101 1 1340 500 1023
4262 4320 759111 1 1330 510 1023
4235 4161 759121 1 1300 510 1023
4213 4034 759131 1 1300 510 1023
4213 3947 759141 1 1290 510 1023
4213 3887 759151 1 1280 520 1023
4234 3850 759161 1 1260 510 900
4252 3837 759171 1 1270 520 630
5181 4838 759411 0 1260 500 535
5181 4838 759421 1 1260 500 564
5181 4838 759431 1 1260 500 661
5181 4838 759441 1 1270 510 716
5181 4838 759451 1 1270 510 743
5181 4838 759461 1 1280 500 782
5181 4838 759471 1 1290 510 818
5181 4838 759481 1 1300 510 864
5181 4838 759491 1 1300 510 906
5260 4899 759501 1 1300 510 921
5322 4957 759511 1 1320 500 942
5379 5010 759521 1 1330 510 943
5432 5063 759531 1 1330 510 964
5479 5113 759541 1 1330 510 979
5517 5161 759551 1 1340 500 992
5548 5202 759561 1 1340 500 978
5580 5247 759571 1 1350 510 988
5614 5294 759581 1 1350 510 993
5651 5350 759591 1 1360 500 999
5689 5407 759601 1 1360 500 1005
5720 5464 759611 1 1360 500 1006
5745 5506 759621 1 1370 510 1017
5754 5533 759631 1 1370 510 1023
5754 5549 759641 1 1380 500 1023
5748 5570 759651 1 1380 500 1023
5739 5589 759661 1 1380 500 1023
5728 5604 759671 1 1380 500 1023
5715 5615 759681 1 1380 500 1023
5707 5621 759691 1 1400 500 1023
5700 5621 759701 1 1400 500 1023
5691 5621 759711 1 1400 500 1023
5681 5615 759721 1 1400 500 1023
5669 5607 759731 1 1400 500 1023
5651 5593 759741 1 1400 500 1023
5630 5574 759751 1 1400 500 1023
5611 5553 759761 1 1380 490 1023
5592 5532 759771 1 1380 490 1023
5577 5507 759781 1 1380 490 1023
5566 5480 759791 1 1380 490 1023
5556 5449 759801 1 1380 490 1023
5546 5411 759811 1 1380 490 1023
5538 5369 759821 1 1380 490 1023
5530 5328 759831 1 1370 500 1023
5523 5290 759841 1 1370 500 1023
5515 5249 759851 1 1370 500 1023
5510 5209 759861 1 1370 500 1023
5510 5168 759871 1 1370 500 1023
5510 5126 759881 1 1370 500 1023
5504 5082 759891 1 1370 500 1023
5504 5038 759901 1 1360 500 1023
5498 4998 759911 1 1360 500 1023
5498 4960 759921 1 1360 500 1023
5491 4920 759931 1 1360 500 1023
5484 4876 759941 1 1360 500 1023
5484 4825 759951 1 1360 500 1023
5478 4779 759961 1 1360 500 1023
5478 4736 759971 1 1350 510 1023
5485 4702 759981 1 1350 510 1023
5493 4675 759991 1 1350 510 1023
5503 4652 760001 1 1350 510 1023
5512 4636 760011 1 1340 510 1023
5521 4620 760021 1 1340 510 1023
5532 4602 760031 1 1340 510 1023
5544 4584 760041 1 1340 510 1023
5559 4566 760051 1 1340 510 1023
5579 4547 760061 1 1340 510 1023
5606 4535 760071 1 1340 510 1023
5636 4529 760081 1 1340 510 1023
5668 4529 760091 1 1330 520 1023
5699 4545 760101 1 1330 520 1023
5734 4562 760111 1 1330 520 1023
5776 4596 760121 1 1330 520 1023
5818 4634 760131 1 1330 520 1023
5859 4674 760141 1 1330 520 1023
5900 4708 760151 1 1330 520 1023
5942 4744 760161 1 1330 520 1023
5986 4798 760171 1 1340 510 1023
6030 4863 760181 1 1340 510 1023
6073 4934 760191 1 1340 510 1023
6106 5005 760201 1 1350 520 1023
6131 5074 760211 1 1360 510 1023
6152 5141 760221 1 1360 510 1023
6163 5181 760231 1 1360 510 1023
6163 5200 760241 1 1370 510 1023
6163 5200 760251 1 1380 510 1023
6163 5205 760261 1 1380 510 1023
6163 5205 760271 1 1380 510 1023
6163 5205 760281 1 1380 510 1023
6163 5205 760291 1 1380 510 1023
6163 5197 760301 1 1400 510 1023
6163 5185 760311 1 1400 510 1023
6163 5161 760321 1 1400 510 1023
6163 5128 760331 1 1400 510 1023
6179 5092 760341 1 1400 510 1023
6198 5065 760351 1 1410 510 1023
6223 5044 760361 1 1410 510 1023
6255 5036 760371 1 1400 520 1023
6293 5042 760381 1 1400 520 1023
6344 5058 760391 1 1400 520 1023
6402 5091 760401 1 1400 520 1023
6468 5134 760411 1 1410 520 1023
6537 5183 760421 1 1410 520 1023
6611 5240 760431 1 1410 520 1023
6694 5314 760441 1 1410 520 1023
6789 5400 760451 1 1420 530 1023
6892 5487 760461 1 1420 530 1023
6979 5570 760471 1 1430 520 1023
7058 5649 760481 1 1430 520 1023
7132 5736 760491 1 1450 530 1023
7209 5827 760501 1 1450 530 1023
7283 5920 760511 1 1450 530 1023
7346 5989 760521 1 1470 520 1023
7403 6041 760531 1 1480 510 1023
7433 6078 760541 1 1490 520 1023
7448 6102 760551 1 1510 510 1023
7448 6117 760561 1 1510 510 1023
7448 6122 760571 1 1530 510 1023
7448 6122 760581 1 1530 510 1023
7448 6122 760591 1 1530 510 1023
7441 6117 760601 1 1540 500 1023
7428 6086 760611 1 1530 510 1023
7403 6038 760621 1 1530 510 1023
7370 5965 760631 1 1530 510 1023
7331 5889 760641 1 1530 510 1023
7300 5805 760651 1 1530 520 1023
7270 5728 760661 1 1530 520 1023
7244 5656 760671 1 1510 510 1023
7219 5572 760681 1 1500 520 1023
7194 5465 760691 1 1490 520 1023
7159 5343 760701 1 1480 530 1023
7119 5213 760711 1 1480 530 1023
7077 5078 760721 1 1460 530 1023
7034 4935 760731 1 1460 530 1023
6988 4788 760741 1 1450 540 1023
6940 4640 760751 1 1450 540 1023
6888 4500 760761 1 1440 540 1023
6832 4345 760771 1 1420 540 1023
6772 4181 760781 1 1420 540 1023
6716 4032 760791 1 1420 540 1023
6675 3894 760801 1 1410 530 1023
6644 3763 760811 1 1400 540 1023
6638 3669 760821 1 1400 540 1023
6638 3601 760831 1 1370 540 1023
6649 3550 760841 1 1370 540 1023
6669 3515 760851 1 1360 550 1023
6708 3505 760861 1 1350 540 1023
6760 3511 760871 1 1340 550 1023
6843 3563 760881 1 1340 550 1023
6932 3672 760891 1 1320 550 1023
7035 3818 760901 1 1340 560 1023
7146 4008 760911 1 1350 550 1023
7254 4186 760921 1 1350 550 1023
7358 4355 760931 1 1360 550 1023
7460 4531 760941 1 1380 550 1023
7543 4684 760951 1 1390 550 1023
7615 4823 760961 1 1390 550 1023
7680 4969 760971 1 1410 550 1023
7731 5075 760981 1 1420 540 1023
7760 5154 760991 1 1420 540 1023
7773 5186 761001 1 1420 540 1023
7773 5194 761011 1 1450 540 1023
7773 5186 761021 1 1450 540 1023
7773 5144 761031 1 1450 540 1023
7778 5080 761041 1 1450 540 1023
7783 5001 761051 1 1460 530 1023
7815 4949 761061 1 1460 530 1023
7864 4931 761071 1 1460 530 1023
7941 4931 761081 1 1460 530 1023
8042 4977 761091 1 1460 530 1023
8160 5038 761101 1 1460 530 1023
8299 5113 761111 1 1460 530 1023
8441 5175 761121 1 1460 530 1023
8573 5235 761131 1 1460 530 1023
8696 5291 761141 1 1470 530 1023
8835 5348 761151 1 1470 530 1023
8993 5435 761161 1 1470 530 879
