368
4340 5091 530002 0 940 550 37
4340 5091 530012 1 930 560 67
4340 5091 530022 1 930 560 75
4340 5091 530032 1 910 560 106
4340 5091 530042 1 910 560 108
4340 5091 530052 1 910 560 127
4340 5091 530062 1 910 560 139
4340 5091 530072 1 910 560 139
4340 5091 530082 1 910 560 168
4340 5091 530092 1 910 550 180
4340 5091 530102 1 910 550 205
4340 5091 530112 1 910 550 207
4340 5091 530122 1 910 550 219
4340 5091 530132 1 910 550 233
4340 5091 530142 1 910 550 237
4340 5091 530152 1 910 550 240
4340 5091 530162 1 910 550 246
4340 5091 530172 1 910 550 251
4340 5091 530182 1 910 550 241
4340 5091 530192 1 910 550 252
4340 5091 530202 1 910 550 257
4340 5091 530212 1 910 550 262
4340 5091 530222 1 910 550 270
4340 5091 530232 1 910 550 277
4340 5091 530242 1 910 560 287
4340 5091 530252 1 910 560 287
4340 5091 530262 1 910 560 279
4340 5091 530272 1 910 560 281
4366 5091 530282 1 910 560 289
4371 5091 530292 1 910 560 299
4376 5100 530302 1 910 560 301
4382 5106 530312 1 910 560 306
4389 5114 530322 1 910 560 314
4398 5122 530332 1 910 560 317
4408 5131 530342 1 910 560 305
4415 5140 530352 1 900 560 315
4420 5148 530362 1 900 560 320
4425 5155 530372 1 900 560 327
4430 5165 530382 1 900 560 327
4438 5177 530392 1 900 550 334
4448 5192 530402 1 900 550 335
4461 5213 530412 1 900 550 340
4476 5237 530422 1 900 550 339
4492 5264 530432 1 900 550 344
4510 5292 530442 1 900 550 342
4529 5320 530452 1 900 550 333
4548 5350 530462 1 900 550 338
4566 5385 530472 1 910 550 341
4586 5424 530482 1 910 550 344
4609 5461 530492 1 910 550 349
4634 5508 530502 1 930 550 358
4661 5563 530512 1 930 540 361
4690 5632 530522 1 930 540 368
4718 5709 530532 1 930 550 373
4739 5792 530542 1 940 550 366
4756 5880 530552 1 940 550 376
4763 5967 530562 1 960 560 384
4763 6051 530572 1 970 560 387
4752 6134 530582 1 990 570 386
4733 6214 530592 1 1010 570 394
4696 6291 530602 1 1020 560 389
4648 6343 530612 1 1040 560 392
4592 6378 530622 1 1050 560 397
4524 6385 530632 1 1050 560 399
4448 6354 530642 1 1070 560 397
4371 6298 530652 1 1070 560 399
4293 6206 530662 1 1060 550 397
4214 6098 530672 1 1060 550 392
4140 5979 530682 1 1060 550 394
4070 5840 530692 1 1060 550 397
4010 5681 530702 1 1040 540 397
3968 5510 530712 1 1040 540 400
3936 5325 530722 1 1020 530 404
3929 5140 530732 1 1010 530 410
3940 4970 530742 1 1000 540 410
3963 4811 530752 1 970 530 413
4000 4653 530762 1 950 530 413
4039 4505 530772 1 940 530 412
4102 4364 530782 1 910 530 417
4180 4215 530792 1 900 530 418
4282 4094 530802 1 900 540 418
4386 3992 530812 1 890 540 418
4491 3930 530822 1 870 540 417
4587 3894 530832 1 870 550 412
4676 3875 530842 1 860 550 402
4757 3875 530852 1 860 560 344
4811 3870 530862 1 840 570 60
4737 4519 531594 0 880 570 96
4737 4480 531604 1 880 570 146
4737 4470 531614 1 870 570 155
4725 4470 531624 1 870 570 186
4725 4470 531634 1 870 570 221
4720 4470 531644 1 870 570 241
4720 4470 531654 1 870 570 272
4706 4480 531664 1 870 570 296
4693 4508 531674 1 870 570 310
4677 4548 531684 1 880 570 342
4654 4605 531694 1 880 570 364
4629 4666 531704 1 890 560 386
4603 4731 531714 1 900 560 392
4580 4790 531724 1 900 560 400
4561 4846 531734 1 900 560 405
4551 4882 531744 1 900 560 405
4551 4914 531754 1 900 560 405
4551 4930 531764 1 900 560 400
4551 4938 531774 1 900 560 399
4575 4944 531784 1 910 560 400
4606 4949 531794 1 910 560 400
4657 4949 531804 1 920 570 400
4729 4954 531814 1 920 570 405
4814 4954 531824 1 920 570 405
4902 4961 531834 1 920 570 405
4992 4971 531844 1 920 570 405
5088 4994 531854 1 930 580 402
5189 5027 531864 1 930 580 402
5286 5067 531874 1 930 580 400
5364 5105 531884 1 950 590 402
5431 5140 531894 1 950 590 402
5474 5169 531904 1 950 600 400
5498 5178 531914 1 970 600 400
5510 5178 531924 1 970 610 409
5517 5157 531934 1 970 610 417
5508 5107 531944 1 970 610 422
5489 5035 531954 1 970 610 436
5452 4929 531964 1 970 610 466
5418 4792 531974 1 970 610 483
5390 4634 531984 1 970 610 490
5374 4460 531994 1 950 610 491
5379 4294 532004 1 950 610 493
5397 4133 532014 1 940 610 493
5431 4006 532024 1 920 610 474
5480 3900 532034 1 900 610 418
5539 3809 532044 1 900 610 282
5894 3985 533667 0 870 590 254
5873 3932 533677 1 870 590 272
5860 3907 533687 1 870 590 302
5849 3895 533697 1 870 590 316
5849 3895 533707 1 870 590 317
5854 3895 533717 1 870 580 305
5867 3902 533727 1 850 580 322
5898 3940 533737 1 850 580 342
5940 3997 533747 1 850 580 344
5988 4100 533757 1 870 580 358
6036 4234 533767 1 870 580 359
6076 4388 533777 1 870 580 368
6111 4531 533787 1 880 580 373
6133 4665 533797 1 880 580 367
6142 4792 533807 1 900 580 374
6142 4893 533817 1 900 580 379
6131 4955 533827 1 900 580 396
6114 4991 533837 1 900 580 392
6091 4991 533847 1 920 580 392
6056 4949 533857 1 920 580 394
6013 4882 533867 1 920 580 400
5964 4760 533877 1 930 580 409
5929 4626 533887 1 920 580 420
5915 4485 533897 1 920 580 449
5915 4339 533907 1 920 580 461
5941 4194 533917 1 900 580 474
5993 4070 533927 1 900 580 465
6061 3959 533937 1 900 580 465
6135 3892 533947 1 900 580 465
6209 3870 533957 1 880 580 474
6284 3878 533967 1 880 580 471
6360 3916 533977 1 870 590 394
6431 3974 533987 1 870 590 149
6317 3861 535339 0 870 580 5
6317 3861 535349 1 870 580 30
6317 3861 535359 1 870 580 63
6317 3861 535369 1 870 580 60
6317 3861 535379 1 870 580 83
6317 3861 535389 1 870 580 93
6317 3861 535399 1 870 580 119
6317 3861 535409 1 870 580 136
6349 3873 535419 1 870 580 160
6360 3873 535429 1 870 580 184
6375 3873 535439 1 870 580 180
6391 3867 535449 1 880 580 198
6406 3867 535459 1 880 580 213
6421 3867 535469 1 880 580 211
6437 3875 535479 1 880 580 232
6453 3887 535489 1 870 580 241
6471 3904 535499 1 880 580 262
6486 3930 535509 1 880 580 274
6500 3960 535519 1 880 580 287
6516 3998 535529 1 880 580 287
6532 4041 535539 1 880 580 299
6548 4089 535549 1 880 580 309
6570 4143 535559 1 880 580 304
6595 4191 535569 1 900 580 305
6624 4235 535579 1 900 580 305
6644 4269 535589 1 900 580 312
6659 4292 535599 1 900 580 314
6668 4307 535609 1 900 580 319
6674 4324 535619 1 900 590 322
6679 4340 535629 1 900 590 325
6687 4358 535639 1 900 590 330
6687 4378 535649 1 900 590 332
6687 4395 535659 1 900 590 335
6692 4414 535669 1 920 590 340
6692 4434 535679 1 920 590 340
6699 4449 535689 1 920 590 344
6699 4464 535699 1 920 590 344
6699 4480 535709 1 920 590 342
6705 4495 535719 1 920 590 344
6705 4509 535729 1 930 590 345
6711 4522 535739 1 930 590 345
6711 4531 535749 1 930 590 345
6716 4540 535759 1 930 590 345
6716 4548 535769 1 930 590 336
6716 4553 535779 1 930 590 336
6716 4553 535789 1 930 590 341
6716 4553 535799 1 930 590 348
6716 4553 535809 1 930 590 359
6716 4563 535819 1 930 590 362
6721 4563 535829 1 930 590 372
6721 4570 535839 1 930 590 377
6721 4576 535849 1 930 590 387
6721 4582 535859 1 930 590 393
6721 4588 535869 1 930 590 391
6721 4596 535879 1 930 590 399
6721 4606 535889 1 930 590 412
6721 4618 535899 1 930 590 425
6721 4627 535909 1 950 590 463
6721 4632 535919 1 950 590 489
6721 4632 535929 1 950 590 524
6721 4632 535939 1 950 590 557
6714 4632 535949 1 950 590 589
6705 4637 535959 1 950 600 614
6699 4637 535969 1 970 600 656
6699 4637 535979 1 970 600 667
6694 4637 535989 1 970 600 675
6694 4637 535999 1 990 600 699
6694 4637 536009 1 990 600 716
6694 4637 536019 1 1010 610 728
6694 4637 536029 1 1010 610 745
6694 4637 536039 1 1010 610 761
6694 4637 536049 1 1020 600 760
6694 4637 536059 1 1030 610 761
6694 4637 536069 1 1030 610 760
6694 4637 536079 1 1030 610 761
6694 4637 536089 1 1050 610 761
6694 4637 536099 1 1050 610 761
6694 4637 536109 1 1030 610 760
6694 4637 536119 1 1030 610 761
6694 4637 536129 1 1030 610 761
6694 4637 536139 1 1010 620 757
6694 4637 536149 1 1010 610 757
6694 4637 536159 1 1010 610 754
6694 4637 536169 1 1010 610 752
6694 4637 536179 1 990 610 755
6694 4637 536189 1 990 610 757
6694 4637 536199 1 990 610 757
6694 4645 536209 1 990 610 755
6694 4652 536219 1 990 600 752
6694 4657 536229 1 990 600 757
6694 4657 536239 1 990 600 754
6694 4662 536249 1 990 600 749
6694 4662 536259 1 990 600 743
6694 4662 536269 1 990 600 736
6694 4662 536279 1 990 600 734
6694 4662 536289 1 990 600 731
6706 4651 536299 1 990 600 731
6715 4641 536309 1 990 600 731
6726 4632 536319 1 990 600 730
6734 4623 536329 1 990 600 731
6741 4615 536339 1 990 600 731
6741 4604 536349 1 990 600 731
6749 4596 536359 1 990 600 731
6749 4590 536369 1 990 600 730
6756 4583 536379 1 990 600 731
6756 4576 536389 1 990 600 731
6764 4569 536399 1 990 600 731
6775 4555 536409 1 990 600 731
6791 4538 536419 1 990 600 727
6813 4516 536429 1 990 600 728
6839 4494 536439 1 970 600 728
6869 4473 536449 1 970 600 727
6903 4450 536459 1 970 600 728
6935 4427 536469 1 970 600 728
6966 4408 536479 1 970 600 727
6996 4391 536489 1 970 600 728
7023 4378 536499 1 970 600 728
7047 4378 536509 1 970 600 727
7069 4378 536519 1 970 600 724
7094 4396 536529 1 970 600 727
7121 4435 536539 1 970 600 728
7154 4488 536549 1 970 610 727
7192 4557 536559 1 970 610 724
7237 4636 536569 1 970 610 724
7288 4723 536579 1 970 610 724
7339 4806 536589 1 970 610 725
7374 4883 536599 1 970 620 725
7400 4939 536609 1 990 620 728
7414 4983 536619 1 990 620 728
7422 5016 536629 1 1000 630 728
7422 5046 536639 1 1020 630 728
7422 5070 536649 1 1020 630 725
7422 5089 536659 1 1020 630 727
7427 5104 536669 1 1040 630 722
7427 5115 536679 1 1040 630 713
7427 5115 536689 1 1040 630 705
7427 5115 536699 1 1040 630 694
7427 5115 536709 1 1040 620 697
7427 5115 536719 1 1040 620 690
7437 5115 536729 1 1040 620 687
7442 5115 536739 1 1040 620 675
7448 5106 536749 1 1040 620 669
7454 5097 536759 1 1040 620 664
7460 5084 536769 1 1040 620 662
7468 5069 536779 1 1040 620 670
7480 5057 536789 1 1040 620 668
7497 5046 536799 1 1040 620 664
7518 5046 536809 1 1040 630 662
7540 5046 536819 1 1040 630 664
7565 5065 536829 1 1040 630 667
7592 5098 536839 1 1040 630 668
7618 5143 536849 1 1040 630 671
7643 5199 536859 1 1040 630 670
7661 5259 536869 1 1040 630 670
7675 5321 536879 1 1040 630 671
7680 5379 536889 1 1040 630 670
7680 5435 536899 1 1040 630 667
7687 5470 536909 1 1040 630 667
7687 5492 536919 1 1040 630 667
7692 5492 536929 1 1040 630 662
7692 5492 536939 1 1040 630 661
7692 5492 536949 1 1040 630 656
7692 5483 536959 1 1060 630 652
7692 5464 536969 1 1050 620 644
7692 5436 536979 1 1050 620 641
7692 5386 536989 1 1050 620 640
7697 5321 536999 1 1050 620 636
7704 5240 537009 1 1040 620 636
7713 5157 537019 1 1040 620 647
7723 5073 537029 1 1040 630 636
7729 4976 537039 1 1040 630 636
7734 4852 537049 1 1020 630 636
7739 4711 537059 1 1020 630 638
7731 4556 537069 1 1020 630 644
7714 4378 537079 1 1000 640 652
7683 4186 537089 1 1000 640 662
7655 3994 537099 1 980 640 670
7634 3799 537109 1 960 640 664
7614 3599 537119 1 960 650 673
7596 3413 537129 1 940 650 673
7568 3237 537139 1 920 650 675
7533 3043 537149 1 900 660 675
7479 2852 537159 1 900 660 681
7404 2662 537169 1 880 660 679
7315 2494 537179 1 860 660 684
7211 2363 537189 1 830 660 685
7092 2258 537199 1 810 660 687
6964 2197 537209 1 810 660 685
6807 2197 537219 1 810 660 687
6640 2246 537229 1 790 660 685
6467 2340 537239 1 790 660 691
6386 2439 537249 1 790 660 693
6348 2592 537259 1 790 650 694
6339 2781 537269 1 790 650 700
6407 3005 537279 1 800 640 700
6543 3265 537289 1 800 640 700
6724 3549 537299 1 820 640 690
6946 3825 537309 1 820 640 699
7168 4040 537319 1 840 640 613
7376 4214 537329 1 860 640 287
8486 4688 537422 0 970 670 220
8859 4863 537432 1 970 670 122
