194
3490 5452 558012 0 690 640 240
3496 5490 558022 1 690 640 267
3501 5479 558032 1 690 640 345
3509 5432 558042 1 690 640 456
3525 5307 558052 1 690 640 514
3546 5130 558062 1 710 640 550
3572 4906 558072 1 710 640 584
3604 4640 558082 1 710 640 622
3626 4347 558092 1 710 640 671
3642 4067 558102 1 690 640 673
3650 3874 558112 1 690 640 667
3660 3739 558122 1 680 640 649
3670 3702 558132 1 680 640 570
3670 3690 558142 1 660 640 348
3670 3690 558152 1 640 640 106
3112 5273 558292 0 730 620 423
3072 5368 558302 1 730 610 391
3072 5376 558312 1 730 610 366
3072 5376 558322 1 730 610 391
3123 5405 558332 1 730 610 415
3200 5452 558342 1 730 610 466
3329 5510 558352 1 730 610 473
3499 5580 558362 1 730 610 468
3696 5650 558372 1 750 620 472
3900 5717 558382 1 750 620 463
4111 5769 558392 1 750 620 418
4326 5813 558402 1 760 630 392
4486 5831 558412 1 750 640 394
4598 5813 558422 1 750 640 399
4678 5770 558432 1 750 650 428
4732 5664 558442 1 750 650 491
4740 5522 558452 1 740 660 546
4716 5357 558462 1 740 660 568
4661 5169 558472 1 710 670 572
4585 4982 558482 1 710 670 616
4495 4809 558492 1 690 670 610
4403 4644 558502 1 690 670 628
4313 4521 558512 1 690 670 636
4257 4444 558522 1 660 660 640
4222 4398 558532 1 670 650 633
4222 4409 558542 1 670 650 568
4228 4418 558552 1 680 640 532
4237 4427 558562 1 680 640 535
4265 4465 558572 1 660 640 535
4325 4532 558582 1 670 630 537
4405 4619 558592 1 670 630 537
4513 4713 558602 1 670 630 518
4623 4792 558612 1 660 640 516
4735 4860 558622 1 680 640 515
4828 4909 558632 1 670 650 522
4910 4921 558642 1 670 650 522
4974 4908 558652 1 690 670 533
5014 4879 558662 1 690 670 553
5039 4796 558672 1 680 670 564
5047 4676 558682 1 660 680 564
5011 4530 558692 1 660 680 578
4946 4350 558702 1 660 680 589
4841 4147 558712 1 660 680 634
4702 3947 558722 1 640 680 634
4541 3748 558732 1 640 680 638
4382 3550 558742 1 630 670 636
4227 3379 558752 1 630 670 644
4079 3227 558762 1 640 660 638
3989 3113 558772 1 630 650 649
3937 3063 558782 1 630 650 634
3931 3056 558792 1 630 630 564
3955 3069 558802 1 640 630 570
3999 3123 558812 1 640 630 570
4114 3205 558822 1 620 620 561
4272 3327 558832 1 630 610 564
4459 3473 558842 1 630 610 568
4644 3634 558852 1 620 620 566
4839 3813 558862 1 640 630 589
5020 3979 558872 1 640 630 589
5187 4137 558882 1 630 630 589
5346 4304 558892 1 630 650 586
5458 4445 558902 1 630 650 594
5539 4570 558912 1 640 660 578
5590 4664 558922 1 630 670 561
5610 4711 558932 1 630 670 564
5610 4727 558942 1 620 680 591
5592 4717 558952 1 620 680 473
5524 4681 558962 1 620 680 517
5420 4629 558972 1 620 680 545
5337 4539 558982 1 620 680 557
5258 4430 558992 1 620 680 568
5201 4308 559002 1 630 670 591
5158 4194 559012 1 630 670 583
5150 4119 559022 1 630 670 580
5150 4071 559032 1 660 660 553
5165 4081 559042 1 660 660 542
5184 4097 559052 1 660 660 550
5232 4116 559062 1 660 660 562
5300 4180 559072 1 660 660 564
5370 4260 559082 1 660 660 568
5440 4350 559092 1 660 660 564
5498 4407 559102 1 650 670 561
5548 4422 559112 1 650 670 570
5581 4408 559122 1 650 670 567
5613 4378 559132 1 650 670 583
5643 4334 559142 1 640 680 586
5665 4282 559152 1 640 680 602
5680 4256 559162 1 640 680 594
5689 4233 559172 1 640 680 578
5689 4233 559182 1 640 680 575
5701 4243 559192 1 640 680 577
5738 4273 559202 1 640 680 584
5793 4315 559212 1 640 680 588
5837 4365 559222 1 640 680 583
5874 4397 559232 1 640 680 578
5907 4407 559242 1 660 680 586
5925 4407 559252 1 660 680 614
5946 4386 559262 1 660 680 622
5972 4366 559272 1 660 680 619
5995 4344 559282 1 660 680 617
6015 4344 559292 1 660 680 611
6036 4349 559302 1 660 680 616
6063 4378 559312 1 650 690 622
6101 4423 559322 1 650 690 620
6146 4469 559332 1 650 690 634
6202 4504 559342 1 650 690 638
6261 4531 559352 1 650 690 630
6324 4536 559362 1 640 700 633
6384 4524 559372 1 640 700 639
6442 4501 559382 1 640 700 638
6499 4482 559392 1 630 710 636
6561 4482 559402 1 630 710 641
6627 4503 559412 1 610 720 636
6703 4549 559422 1 610 720 640
6773 4607 559432 1 610 720 638
6839 4672 559442 1 610 720 636
6890 4706 559452 1 590 730 644
6930 4714 559462 1 620 730 653
6962 4705 559472 1 620 730 661
7011 4666 559482 1 620 730 652
7052 4610 559492 1 610 740 650
7082 4542 559502 1 610 740 650
7110 4466 559512 1 610 740 653
7134 4379 559522 1 590 750 644
7148 4286 559532 1 590 750 634
7153 4160 559542 1 590 750 647
7153 4012 559552 1 570 760 638
7132 3850 559562 1 570 760 643
7104 3657 559572 1 540 770 666
7069 3466 559582 1 540 770 693
7021 3278 559592 1 480 770 687
6940 3117 559602 1 480 770 672
6837 2976 559612 1 480 770 659
6696 2846 559622 1 450 760 668
6509 2728 559632 1 450 760 636
6291 2617 559642 1 420 750 640
6031 2512 559652 1 420 750 636
5729 2425 559662 1 420 740 662
5400 2350 559672 1 420 740 653
5039 2288 559682 1 450 730 640
4659 2258 559692 1 450 720 645
4266 2250 559702 1 470 710 641
3921 2273 559712 1 490 690 641
3622 2330 559722 1 510 680 646
3353 2410 559732 1 540 670 646
3169 2515 559742 1 540 660 649
3040 2636 559752 1 550 650 646
2947 2768 559762 1 560 640 647
2901 2889 559772 1 580 630 614
2916 3001 559782 1 580 630 611
2972 3108 559792 1 590 630 603
3099 3205 559802 1 610 630 619
3295 3280 559812 1 610 630 619
3536 3340 559822 1 610 630 641
3842 3388 559832 1 610 630 647
4161 3439 559842 1 630 630 638
4489 3495 559852 1 630 630 668
4870 3574 559862 1 630 630 662
5248 3668 559872 1 610 640 697
5625 3784 559882 1 610 640 690
6020 3902 559892 1 600 650 705
6419 4024 559902 1 610 660 705
6779 4162 559912 1 600 670 721
7110 4312 559922 1 580 680 722
7438 4440 559932 1 570 690 721
7706 4559 559942 1 580 700 737
7935 4671 559952 1 580 700 755
8127 4731 559962 1 560 710 765
8262 4776 559972 1 540 720 790
8359 4810 559982 1 540 720 787
8421 4816 559992 1 540 720 790
8434 4816 560002 1 540 720 818
8413 4816 560012 1 570 720 854
8413 4816 560022 1 570 720 887
8413 4816 560032 1 570 720 894
8413 4816 560042 1 570 720 872
8413 4822 560052 1 570 720 824
8413 4822 560062 1 570 720 667
8406 4822 560072 1 570 720 113
