257
3525 5568 247015 0 880 670 48
3518 5624 247025 1 880 670 109
3518 5656 247035 1 880 670 168
3518 5688 247045 1 880 670 244
3525 5719 247055 1 880 670 279
3532 5730 247065 1 880 670 367
3532 5730 247075 1 880 670 443
3532 5720 247085 1 880 670 520
3539 5653 247095 1 880 670 543
3547 5546 247105 1 880 670 560
3539 5391 247115 1 880 670 575
3519 5188 247125 1 880 670 600
3499 4954 247135 1 880 670 627
3479 4698 247145 1 880 670 644
3461 4465 247155 1 850 670 636
3445 4247 247165 1 850 670 640
3434 4085 247175 1 830 670 636
3428 3998 247185 1 830 670 611
3428 3998 247195 3 810 670 448
3436 3976 247205 3 810 670 131
3436 3976 247215 2 810 670 0
3453 4146 247225 2 780 670 0
3463 4311 247235 2 780 670 0
3479 4479 247245 2 780 670 0
3498 4653 247255 2 810 670 0
3517 4837 247265 2 810 670 0
3537 4992 247275 2 810 670 0
3557 5126 247285 2 830 670 0
3562 5229 247295 2 850 670 0
3557 5287 247305 2 850 670 0
3541 5315 247315 2 880 670 0
3518 5315 247325 2 880 660 0
3490 5310 247335 2 900 660 0
3466 5298 247345 2 900 660 0
3440 5298 247355 2 900 660 0
3412 5298 247365 2 900 660 0
3383 5317 247375 2 900 660 0
3354 5348 247385 2 900 650 0
3327 5390 247395 2 900 650 0
3301 5432 247405 2 900 650 0
3275 5456 247415 2 900 650 0
3249 5470 247425 2 900 640 0
3223 5460 247435 2 900 640 0
3223 5460 247445 3 900 640 592
3177 5428 247455 3 900 640 584
3155 5412 247465 3 900 640 616
3134 5407 247475 3 900 640 586
3141 5407 247485 3 900 630 561
3154 5414 247495 3 900 640 566
3223 5427 247505 3 900 640 595
3326 5446 247515 3 900 640 597
3464 5489 247525 3 900 640 622
3622 5536 247535 3 920 650 634
3794 5586 247545 3 920 650 638
3947 5620 247555 3 940 650 641
4086 5634 247565 3 940 650 636
4215 5634 247575 3 940 660 634
4314 5618 247585 3 970 660 628
4368 5582 247595 3 970 660 641
4393 5533 247605 3 970 670 661
4393 5448 247615 3 970 670 661
4343 5307 247625 3 950 670 662
4265 5129 247635 3 950 680 671
4148 4969 247645 3 950 680 673
4050 4835 247655 3 920 680 696
3965 4718 247665 3 920 680 708
3905 4654 247675 3 920 680 730
3883 4633 247685 3 900 680 728
3883 4642 247695 3 900 680 658
3889 4648 247705 3 900 680 649
3924 4657 247715 3 900 670 659
3981 4690 247725 3 900 670 664
4076 4738 247735 3 900 670 662
4180 4790 247745 3 900 670 667
4291 4830 247755 3 900 670 664
4389 4863 247765 3 900 670 659
4472 4878 247775 3 900 680 661
4546 4888 247785 3 900 690 661
4613 4877 247795 3 900 690 653
4664 4853 247805 3 900 700 661
4705 4821 247815 3 900 710 670
4729 4775 247825 3 900 710 675
4729 4721 247835 3 900 710 684
4705 4643 247845 3 900 710 693
4647 4535 247855 3 900 710 691
4562 4406 247865 3 900 710 681
4459 4266 247875 3 900 710 668
4323 4118 247885 3 900 710 664
4165 3964 247895 3 900 700 684
3991 3823 247905 3 900 700 682
3830 3671 247915 3 870 700 699
3669 3545 247925 3 870 700 691
3541 3441 247935 3 850 690 708
3433 3348 247945 3 850 690 724
3375 3299 247955 3 820 690 746
3356 3280 247965 3 820 690 702
3362 3294 247975 3 820 690 694
3390 3310 247985 3 800 690 693
3463 3354 247995 3 800 690 699
3565 3416 248005 3 800 690 690
3702 3490 248015 3 800 690 700
3858 3582 248025 3 800 690 691
4027 3686 248035 3 820 690 696
4223 3823 248045 3 820 690 697
4413 3960 248055 3 820 690 697
4600 4086 248065 3 850 700 696
4790 4205 248075 3 850 700 702
4952 4304 248085 3 850 700 696
5095 4392 248095 3 870 700 694
5225 4473 248105 3 870 710 676
5310 4524 248115 3 870 710 658
5364 4549 248125 3 870 710 636
5374 4558 248135 3 870 710 664
5374 4558 248145 3 870 710 684
5356 4551 248155 3 870 710 666
5314 4551 248165 3 870 710 662
5263 4545 248175 3 870 710 640
5207 4545 248185 3 870 710 671
5175 4537 248195 3 870 710 664
5159 4537 248205 3 870 710 643
5153 4531 248215 3 870 700 616
5143 4509 248225 3 870 700 600
5136 4473 248235 3 870 700 595
5136 4417 248245 3 870 700 586
5147 4352 248255 3 870 700 591
5172 4280 248265 3 870 690 594
5203 4233 248275 3 870 690 608
5238 4208 248285 3 870 690 603
5279 4197 248295 3 870 690 611
5323 4206 248305 3 870 700 628
5376 4230 248315 3 850 700 638
5429 4264 248325 3 850 700 646
5484 4326 248335 3 840 710 644
5520 4389 248345 3 840 710 643
5542 4424 248355 3 840 710 656
5542 4440 248365 3 840 710 693
5535 4440 248375 3 840 710 699
5524 4419 248385 3 840 710 675
5485 4389 248395 3 840 710 681
5451 4326 248405 3 840 710 685
5437 4264 248415 3 840 710 666
5437 4232 248425 3 840 710 662
5445 4220 248435 3 840 710 638
5460 4220 248445 3 840 710 641
5497 4220 248455 3 840 710 650
5546 4244 248465 3 840 710 652
5605 4279 248475 3 840 710 659
5666 4316 248485 3 840 710 656
5710 4344 248495 3 840 710 644
5742 4344 248505 3 870 710 659
5766 4332 248515 3 870 720 667
5789 4290 248525 3 870 720 702
5810 4233 248535 3 870 720 700
5828 4165 248545 3 870 720 691
5843 4132 248555 3 870 720 673
5856 4117 248565 3 870 720 687
5885 4117 248575 3 870 720 697
5927 4141 248585 3 840 720 724
5978 4183 248595 3 840 720 721
6027 4235 248605 3 840 720 724
6071 4271 248615 3 840 720 717
6111 4282 248625 3 870 720 716
6149 4276 248635 3 870 720 722
6182 4255 248645 3 870 720 721
6212 4235 248655 3 870 720 721
6241 4215 248665 3 870 720 716
6271 4193 248675 3 870 720 702
6298 4193 248685 3 870 720 708
6324 4198 248695 3 870 720 721
6363 4230 248705 3 870 720 721
6405 4279 248715 3 870 720 721
6452 4339 248725 3 870 720 733
6502 4378 248735 3 870 720 728
6542 4395 248745 3 870 720 724
6575 4395 248755 3 870 730 731
6603 4395 248765 3 900 730 721
6633 4375 248775 3 900 730 722
6656 4354 248785 3 900 730 724
6674 4354 248795 3 900 730 722
6697 4354 248805 3 900 730 724
6721 4354 248815 3 900 730 728
6750 4379 248825 3 900 730 727
6780 4401 248835 3 900 730 717
6811 4423 248845 3 900 730 713
6842 4416 248855 3 900 730 703
6872 4404 248865 3 900 730 713
6900 4358 248875 3 900 730 713
6926 4291 248885 3 930 740 713
6942 4223 248895 3 930 740 713
6951 4149 248905 3 930 740 708
6956 4066 248915 3 940 750 710
6949 3978 248925 3 940 750 708
6923 3888 248935 3 900 760 708
6884 3795 248945 3 900 760 682
6814 3680 248955 3 900 760 687
6714 3551 248965 3 900 760 690
6595 3424 248975 3 860 760 707
6451 3296 248985 3 860 760 710
6280 3163 248995 3 820 760 727
6092 3027 249005 3 830 750 696
5888 2918 249015 3 790 750 705
5660 2834 249025 3 790 750 671
5415 2767 249035 3 760 740 702
5147 2727 249045 3 760 740 699
4883 2715 249055 3 730 730 722
4608 2721 249065 3 740 720 699
4325 2743 249075 3 740 720 697
4034 2789 249085 3 710 720 676
3760 2850 249095 3 710 720 684
3496 2926 249105 3 710 720 681
3279 3003 249115 3 720 710 649
3084 3101 249125 3 690 710 640
2903 3213 249135 3 690 710 625
2776 3297 249145 3 720 710 630
2687 3355 249155 3 720 710 627
2622 3395 249165 3 730 700 625
2596 3425 249175 3 730 700 610
2605 3447 249185 3 720 710 620
2636 3465 249195 3 720 710 620
2729 3480 249205 3 720 710 616
2871 3495 249215 3 720 710 636
3046 3509 249225 3 730 700 659
3286 3536 249235 3 730 700 694
3561 3567 249245 3 730 700 702
3860 3618 249255 3 760 700 708
4170 3680 249265 3 760 700 716
4520 3734 249275 3 760 700 721
4897 3783 249285 3 760 690 727
5247 3829 249295 3 790 710 737
5603 3868 249305 3 790 710 745
5964 3907 249315 3 790 710 746
6307 3947 249325 3 810 710 755
6621 3978 249335 3 810 720 763
6915 4004 249345 3 840 720 759
7157 4025 249355 3 840 720 760
7379 4047 249365 3 830 730 771
7588 4062 249375 3 830 730 765
7736 4071 249385 3 870 740 767
7846 4071 249395 3 870 740 768
7930 4063 249405 3 870 740 770
7962 4058 249415 3 870 740 787
7970 4058 249425 3 870 740 849
7963 4058 249435 3 870 740 899
7963 4058 249445 3 870 730 912
7963 4058 249455 3 870 730 917
7958 4058 249465 3 870 730 908
7958 4058 249475 3 870 730 858
7958 4065 249485 3 870 730 751
7958 4065 249495 3 870 730 532
7958 4065 249505 2 870 730 0
7945 4086 249515 2 870 720 0
7928 4096 249525 2 870 720 0
7912 4096 249535 2 840 720 0
7894 4096 249545 2 840 710 0
7874 4115 249555 2 840 710 0
7861 4145 249565 2 820 700 0
7849 4185 249575 2 820 690 0
