183
2836 6929 2685721 0 1270 490 188
2836 6929 2685731 1 1270 490 281
2870 7017 2685741 1 1270 490 282
2860 7000 2685751 1 1280 480 330
2868 6961 2685761 1 1280 480 384
2875 6853 2685771 1 1280 480 404
2880 6708 2685781 1 1300 480 430
2899 6538 2685791 1 1300 480 448
2929 6318 2685801 1 1300 480 443
2967 6104 2685811 1 1300 480 447
3002 5895 2685821 1 1280 480 447
3028 5709 2685831 1 1270 490 443
3047 5559 2685841 1 1260 490 439
3057 5432 2685851 1 1250 500 415
3070 5324 2685861 1 1240 500 336
3090 5277 2685871 1 1220 500 246
3115 5272 2685881 1 1210 510 124
2370 6628 2686032 0 1270 490 471
2332 6579 2686042 1 1270 490 481
2270 6661 2686052 1 1270 490 480
2270 6725 2686062 1 1270 490 480
2300 6778 2686072 1 1280 480 478
2394 6843 2686082 1 1290 490 478
2553 6926 2686092 1 1310 480 477
2754 7020 2686102 1 1320 480 477
2960 7082 2686112 1 1330 470 478
3205 7122 2686122 1 1350 470 472
3476 7147 2686132 1 1360 470 442
3709 7134 2686142 1 1360 470 420
3862 7116 2686152 1 1370 470 397
3961 7079 2686162 1 1380 470 392
4015 7031 2686172 1 1380 470 392
4021 6957 2686182 1 1380 470 399
3994 6865 2686192 1 1380 470 402
3926 6761 2686202 1 1370 470 405
3836 6656 2686212 1 1370 470 412
3731 6551 2686222 1 1360 480 425
3608 6451 2686232 1 1360 480 431
3506 6354 2686242 1 1350 490 443
3418 6256 2686252 1 1350 490 447
3373 6192 2686262 1 1340 490 447
3373 6144 2686272 1 1350 500 445
3392 6106 2686282 1 1350 500 452
3466 6081 2686292 1 1350 500 453
3593 6081 2686302 1 1360 500 453
3756 6095 2686312 1 1360 500 455
3903 6116 2686322 1 1370 500 455
4029 6132 2686332 1 1370 500 450
4142 6145 2686342 1 1360 500 445
4193 6117 2686352 1 1360 500 450
4193 6044 2686362 1 1360 500 453
4147 5940 2686372 1 1360 500 461
4057 5796 2686382 1 1350 510 468
3966 5665 2686392 1 1350 510 481
3873 5544 2686402 1 1350 510 490
3790 5408 2686412 1 1340 510 496
3707 5286 2686422 1 1330 520 492
3626 5173 2686432 1 1330 520 499
3551 5062 2686442 1 1310 520 512
3510 4975 2686452 1 1310 520 512
3491 4903 2686462 1 1300 530 512
3505 4872 2686472 1 1310 540 522
3559 4884 2686482 1 1310 540 518
3640 4924 2686492 1 1310 540 516
3775 5013 2686502 1 1310 540 519
3910 5119 2686512 1 1330 530 521
4044 5236 2686522 1 1330 530 519
4202 5360 2686532 1 1330 530 524
4357 5482 2686542 1 1330 530 521
4509 5604 2686552 1 1310 540 519
4655 5723 2686562 1 1310 540 522
4771 5841 2686572 1 1310 540 517
4866 5959 2686582 1 1310 540 520
4908 6064 2686592 1 1330 530 515
4916 6159 2686602 1 1330 530 516
4900 6233 2686612 1 1330 530 518
4870 6272 2686622 1 1350 530 520
4819 6289 2686632 1 1350 530 501
4754 6276 2686642 1 1360 520 496
4663 6224 2686652 1 1360 520 496
4568 6146 2686662 1 1360 520 499
4471 6047 2686672 1 1370 520 509
4400 5946 2686682 1 1370 520 514
4359 5840 2686692 1 1360 520 519
4337 5752 2686702 1 1360 520 517
4348 5675 2686712 1 1350 530 522
4401 5628 2686722 1 1340 540 513
4481 5618 2686732 1 1340 540 515
4601 5633 2686742 1 1310 540 522
4734 5676 2686752 1 1300 540 512
4875 5747 2686762 1 1300 540 505
4981 5836 2686772 1 1300 550 504
5068 5935 2686782 1 1310 550 505
5143 6010 2686792 1 1310 550 505
5194 6068 2686802 1 1340 550 509
5227 6092 2686812 1 1350 540 505
5248 6092 2686822 1 1350 540 514
5266 6073 2686832 1 1370 540 513
5284 6009 2686842 1 1370 540 518
5303 5927 2686852 1 1370 540 521
5326 5833 2686862 1 1390 550 529
5354 5784 2686872 1 1380 550 527
5386 5752 2686882 1 1380 550 527
5423 5732 2686892 1 1380 570 533
5460 5743 2686902 1 1360 570 535
5510 5792 2686912 1 1350 580 538
5567 5867 2686922 1 1350 580 542
5642 5965 2686932 1 1360 580 559
5723 6058 2686942 1 1360 580 565
5811 6142 2686952 1 1360 580 561
5898 6207 2686962 1 1380 580 564
5979 6260 2686972 1 1380 580 566
6063 6292 2686982 1 1390 570 564
6146 6292 2686992 1 1390 570 569
6222 6264 2687002 1 1400 560 567
6293 6219 2687012 1 1400 560 567
6348 6172 2687022 1 1400 560 569
6393 6127 2687032 1 1400 560 572
6430 6103 2687042 1 1420 570 575
6473 6091 2687052 1 1420 570 578
6519 6099 2687062 1 1400 580 583
6583 6135 2687072 1 1400 580 580
6658 6190 2687082 1 1400 580 577
6751 6264 2687092 1 1400 580 572
6845 6340 2687102 1 1400 580 577
6928 6418 2687112 1 1400 580 577
7003 6476 2687122 1 1420 580 575
7073 6513 2687132 1 1420 580 577
7139 6535 2687142 1 1420 580 578
7201 6548 2687152 1 1420 580 583
7275 6560 2687162 1 1420 580 584
7355 6572 2687172 1 1420 580 583
7432 6588 2687182 1 1420 580 578
7505 6605 2687192 1 1420 580 572
7572 6626 2687202 1 1420 580 564
7632 6648 2687212 1 1420 580 564
7686 6671 2687222 1 1420 580 564
7715 6688 2687232 1 1430 590 564
7736 6688 2687242 1 1430 590 586
7751 6688 2687252 1 1430 590 616
7763 6645 2687262 1 1430 590 619
7763 6544 2687272 1 1430 590 622
7752 6403 2687282 1 1420 590 620
7718 6216 2687292 1 1440 600 617
7662 5987 2687302 1 1440 600 619
7592 5729 2687312 1 1420 610 625
7516 5455 2687322 1 1440 610 627
7434 5129 2687332 1 1430 620 628
7348 4768 2687342 1 1410 630 636
7245 4467 2687352 1 1410 640 639
7132 4187 2687362 1 1400 650 636
7011 3922 2687372 1 1380 650 638
6831 3691 2687382 1 1370 660 636
6586 3512 2687392 1 1350 670 641
6297 3368 2687402 1 1350 670 639
5982 3241 2687412 1 1330 670 644
5658 3141 2687422 1 1330 670 647
5327 3058 2687432 1 1310 680 649
4975 3006 2687442 1 1310 680 664
4629 2998 2687452 1 1300 670 693
4287 3020 2687462 1 1300 670 703
3936 3102 2687472 1 1280 660 731
3595 3241 2687482 1 1260 660 743
3264 3417 2687492 1 1260 660 737
2935 3618 2687502 1 1250 650 731
2684 3825 2687512 1 1250 650 742
2501 4036 2687522 1 1240 640 745
2362 4192 2687532 1 1240 640 734
2325 4328 2687542 1 1240 640 724
2417 4450 2687552 1 1240 630 731
2595 4605 2687562 1 1240 630 725
2925 4791 2687572 1 1240 630 713
3362 4998 2687582 1 1240 630 699
3871 5186 2687592 1 1260 620 675
4347 5360 2687602 1 1270 630 673
4827 5524 2687612 1 1290 630 690
5309 5674 2687622 1 1290 630 739
5800 5819 2687632 1 1320 630 765
6288 5951 2687642 1 1330 620 771
6774 6059 2687652 1 1350 620 779
7264 6151 2687662 1 1380 610 761
7712 6217 2687672 1 1380 610 638
8133 6247 2687682 1 1410 610 265
