110
5101 6800 2622330 0 1320 470 371
5120 6836 2622340 1 1320 470 391
5100 6874 2622350 1 1330 460 386
5100 6842 2622360 1 1350 460 399
5119 6753 2622370 1 1350 460 422
5127 6627 2622380 1 1360 460 415
5135 6541 2622390 1 1360 460 418
5159 6436 2622400 1 1360 460 425
5194 6319 2622410 1 1370 450 398
5233 6261 2622420 1 1370 460 306
5265 6217 2622430 1 1370 460 96
4721 5837 2622510 0 1340 460 369
4564 5802 2622520 1 1340 460 431
4466 5802 2622530 1 1330 450 466
4402 5794 2622540 1 1330 450 470
4360 5752 2622550 1 1330 450 491
4360 5723 2622560 1 1310 450 529
4432 5704 2622570 1 1310 450 545
4542 5725 2622580 1 1310 450 568
4733 5787 2622590 1 1320 460 569
4964 5877 2622600 1 1320 460 577
5221 6002 2622610 1 1330 460 580
5472 6096 2622620 1 1340 460 577
5676 6170 2622630 1 1350 460 537
5849 6203 2622640 1 1370 460 444
5945 6194 2622650 1 1380 470 386
5991 6158 2622660 1 1390 470 374
6003 6109 2622670 1 1420 470 377
5968 6058 2622680 1 1420 470 398
5903 6004 2622690 1 1420 470 425
5817 5951 2622700 1 1420 470 473
5716 5892 2622710 1 1420 470 539
5633 5830 2622720 1 1400 480 594
5563 5749 2622730 1 1400 480 625
5506 5611 2622740 1 1400 480 646
5465 5436 2622750 1 1390 480 659
5435 5209 2622760 1 1390 480 667
5397 4971 2622770 1 1380 490 666
5337 4726 2622780 1 1380 490 681
5262 4529 2622790 1 1370 500 687
5162 4357 2622800 1 1360 500 693
5067 4201 2622810 1 1360 500 702
4979 4101 2622820 1 1350 510 694
4901 4047 2622830 1 1350 510 697
4830 4025 2622840 1 1340 510 697
4763 4041 2622850 1 1340 510 699
4698 4108 2622860 1 1330 510 682
4654 4208 2622870 1 1330 510 664
4627 4376 2622880 1 1320 500 659
4610 4564 2622890 1 1300 500 652
4645 4766 2622900 1 1300 500 650
4729 4967 2622910 1 1300 500 649
4845 5089 2622920 1 1290 490 650
4961 5159 2622930 1 1290 490 649
5101 5197 2622940 1 1310 480 650
5256 5220 2622950 1 1320 490 652
5402 5232 2622960 1 1320 490 661
5548 5227 2622970 1 1340 490 668
5688 5177 2622980 1 1340 500 666
5825 5097 2622990 1 1340 500 673
5940 4934 2623000 1 1350 510 681
6043 4752 2623010 1 1340 510 684
6138 4558 2623020 1 1350 520 673
6193 4460 2623030 1 1350 530 647
6221 4432 2623040 1 1350 530 540
6230 4450 2623050 1 1360 540 244
6523 5837 2623161 0 1370 510 570
6627 5871 2623171 1 1380 500 600
6544 5877 2623181 1 1380 500 600
6499 5905 2623191 1 1400 510 594
6478 5855 2623201 1 1400 510 595
6478 5792 2623211 1 1400 510 605
6478 5720 2623221 1 1380 510 613
6518 5659 2623231 1 1400 520 613
6578 5615 2623241 1 1390 520 572
6644 5582 2623251 1 1390 520 513
6710 5589 2623261 1 1370 530 473
6764 5619 2623271 1 1360 540 392
6811 5665 2623281 1 1370 540 351
6865 5744 2623291 1 1360 550 339
6924 5871 2623301 1 1360 550 371
7013 6029 2623311 1 1390 550 422
7120 6241 2623321 1 1390 550 463
7203 6419 2623331 1 1410 550 543
7253 6574 2623341 1 1410 550 610
7281 6638 2623351 1 1420 540 653
7281 6660 2623361 1 1450 540 661
7281 6653 2623371 1 1460 530 658
7281 6653 2623381 1 1470 520 656
7281 6646 2623391 1 1470 520 662
7308 6598 2623401 1 1490 520 672
7350 6523 2623411 1 1490 520 690
7410 6346 2623421 1 1490 520 697
7488 6075 2623431 1 1490 530 690
7579 5742 2623441 1 1490 530 703
7649 5343 2623451 1 1500 540 707
7688 4943 2623461 1 1490 550 752
7707 4543 2623471 1 1490 560 771
7707 4257 2623481 1 1470 580 784
7693 4037 2623491 1 1470 590 809
7662 3860 2623501 1 1470 610 826
7606 3680 2623511 1 1460 620 818
7521 3532 2623521 1 1440 620 818
7417 3405 2623531 1 1430 630 817
7288 3286 2623541 1 1410 640 824
7159 3201 2623551 1 1410 640 797
7031 3139 2623561 1 1400 650 760
6921 3145 2623571 1 1400 650 703
6809 3226 2623581 1 1400 650 603
6695 3356 2623591 1 1400 650 314
