106
5512 6747 473641 0 1420 410 207
5523 6686 473651 1 1400 420 212
5491 6739 473661 1 1380 440 200
5439 6739 473671 1 1380 450 196
5434 6714 473681 1 1370 450 198
5434 6665 473691 1 1370 450 193
5434 6612 473701 1 1370 450 198
5449 6552 473711 1 1370 450 198
5471 6488 473721 1 1370 450 202
5508 6423 473731 1 1380 450 202
5554 6356 473741 1 1380 450 196
5604 6297 473751 1 1380 450 158
5655 6244 473761 1 1380 450 88
4821 5542 473901 0 1320 470 244
4626 5303 473911 1 1320 470 240
4545 5250 473921 1 1310 460 253
4445 5250 473931 1 1310 460 253
4413 5250 473941 1 1310 470 232
4425 5245 473951 1 1310 470 237
4457 5258 473961 1 1310 470 264
4551 5282 473971 1 1310 470 306
4687 5364 473981 1 1300 470 322
4900 5474 473991 1 1310 470 339
5163 5604 474001 1 1310 470 339
5459 5717 474011 1 1310 470 344
5767 5831 474021 1 1320 480 342
6013 5943 474031 1 1320 480 344
6217 6013 474041 1 1330 470 327
6367 6057 474051 1 1350 470 286
6444 6068 474061 1 1370 470 212
6472 6058 474071 1 1370 470 129
6113 5865 474281 0 1390 470 285
6246 5791 474291 1 1380 480 282
6220 5777 474301 1 1380 480 274
6149 5777 474311 1 1370 470 277
6103 5701 474321 1 1370 480 299
6032 5567 474331 1 1370 480 319
5943 5397 474341 1 1360 490 356
5824 5138 474351 1 1360 490 377
5651 4863 474361 1 1340 490 396
5442 4578 474371 1 1340 490 389
5222 4284 474381 1 1330 500 397
5014 4039 474391 1 1320 490 397
4815 3826 474401 1 1300 500 400
4664 3665 474411 1 1280 490 399
4516 3553 474421 1 1270 500 339
4432 3473 474431 1 1250 500 275
4390 3454 474441 1 1230 490 39
4880 4914 474532 0 1220 470 253
5160 5035 474542 1 1240 480 254
5228 5087 474552 1 1250 470 259
5271 5074 474562 1 1260 480 285
5324 5019 474572 1 1270 480 335
5379 4932 474582 1 1280 480 393
5442 4815 474592 1 1290 490 443
5514 4678 474602 1 1290 490 491
5664 4536 474612 1 1290 490 516
5865 4390 474622 1 1290 490 544
6097 4293 474632 1 1290 500 543
6376 4231 474642 1 1290 500 540
6685 4218 474652 1 1280 500 473
6952 4225 474662 1 1280 520 346
7222 5630 474812 0 1380 500 532
7167 5638 474822 1 1370 500 512
7040 5624 474832 1 1370 500 491
6997 5481 474842 1 1370 500 478
6974 5251 474852 1 1370 500 443
6965 5057 474862 1 1360 500 418
6965 4921 474872 1 1350 510 413
6978 4824 474882 1 1350 520 399
7007 4813 474892 1 1350 520 358
7073 4878 474902 1 1350 520 262
7177 4994 474912 1 1340 520 71
7767 7102 474993 0 1400 510 320
7874 7270 475003 1 1420 490 342
7874 7287 475013 1 1430 490 320
7868 7287 475023 1 1450 480 315
7862 7226 475033 1 1460 480 324
7838 7132 475043 1 1460 480 353
7801 6938 475053 1 1460 480 391
7729 6649 475063 1 1460 480 435
7649 6296 475073 1 1460 480 491
7564 5843 475083 1 1460 480 527
7527 5345 475093 1 1450 480 537
7481 4817 475103 1 1440 490 550
7428 4304 475113 1 1430 500 577
7415 3855 475123 1 1410 510 595
7406 3449 475133 1 1370 520 617
7401 3177 475143 1 1350 530 641
7396 2972 475153 1 1330 540 638
7370 2811 475163 1 1300 550 649
7331 2669 475173 1 1260 560 670
7256 2579 475183 1 1230 560 673
7162 2523 475193 1 1200 570 681
7055 2512 475203 1 1190 580 669
6940 2594 475213 1 1190 580 649
6803 2738 475223 1 1180 570 614
6652 3014 475233 1 1180 570 546
6501 3349 475243 1 1180 570 469
6341 3724 475253 1 1170 560 442
6176 4074 475263 1 1180 560 449
6067 4273 475273 1 1200 550 430
6000 4371 475283 1 1200 540 349
5961 4298 475293 1 1220 540 287
5930 4135 475303 1 1230 530 220
5924 3911 475313 1 1240 530 96
