109
5212 4980 317446 0 860 660 609
5178 5044 317456 1 860 660 639
5188 5044 317466 1 860 660 690
5188 5037 317476 1 860 660 737
5188 5037 317486 1 850 670 763
5188 4988 317496 1 850 670 782
5188 4911 317506 1 850 670 794
5202 4792 317516 1 850 670 761
5207 4695 317526 1 850 670 667
5207 4613 317536 1 850 680 513
5213 4556 317546 1 830 680 86
4989 4426 317626 0 760 660 491
4937 4426 317636 1 770 650 543
4925 4426 317646 1 750 650 557
4925 4426 317656 1 770 650 551
4925 4426 317666 1 770 650 564
4931 4432 317676 1 770 650 613
4980 4449 317686 1 770 650 638
5056 4483 317696 1 780 670 638
5153 4527 317706 1 780 670 644
5254 4570 317716 1 780 670 646
5346 4614 317726 1 800 680 591
5431 4647 317736 1 800 680 455
5483 4672 317746 1 800 680 255
5499 4679 317756 1 820 690 58
5460 4637 317786 0 820 690 8
5356 4567 317796 1 820 690 146
5299 4532 317806 1 820 690 279
5247 4495 317816 1 820 690 346
5204 4452 317826 1 820 690 387
5167 4406 317836 1 800 690 418
5135 4341 317846 1 800 690 455
5105 4253 317856 1 800 680 464
5067 4150 317866 1 800 680 527
5023 4027 317876 1 800 680 567
4982 3905 317886 1 810 670 605
4935 3783 317896 1 780 670 653
4883 3686 317906 1 780 670 662
4843 3607 317916 1 760 660 666
4806 3556 317926 1 760 660 676
4776 3538 317936 1 740 660 663
4762 3538 317946 1 740 660 639
4762 3548 317956 1 720 660 595
4741 3595 317966 1 720 660 560
4730 3669 317976 1 700 660 540
4722 3770 317986 1 700 650 540
4746 3863 317996 1 720 650 527
4783 3950 318006 1 720 650 529
4829 4023 318016 1 720 650 527
4882 4076 318026 1 750 650 538
4937 4117 318036 1 750 650 564
4995 4110 318046 1 770 650 591
5056 4063 318056 1 760 660 613
5126 3990 318066 1 760 660 614
5203 3894 318076 1 760 660 614
5286 3801 318086 1 750 670 634
5347 3711 318096 1 750 670 628
5393 3656 318106 1 750 670 620
5448 3605 318116 1 750 680 610
5495 3586 318126 1 720 680 605
5531 3586 318136 1 710 690 594
5562 3606 318146 1 710 690 578
5598 3670 318156 1 680 700 543
5613 3764 318166 1 680 700 446
5613 3887 318176 1 680 700 332
5613 4011 318186 1 680 700 88
5652 4295 318227 0 730 700 146
5678 4438 318237 1 730 700 216
5683 4484 318247 1 760 700 306
5688 4508 318257 1 760 700 336
5693 4518 318267 1 790 700 443
5693 4518 318277 1 790 700 520
5693 4494 318287 1 790 700 565
5711 4462 318297 1 790 710 578
5728 4395 318307 1 790 710 591
5748 4334 318317 1 790 710 589
5764 4283 318327 1 790 710 580
5780 4263 318337 1 790 710 545
5794 4263 318347 1 790 710 540
5808 4285 318357 1 790 710 543
5825 4357 318367 1 760 700 565
5833 4462 318377 1 760 700 561
5833 4584 318387 1 760 700 560
5833 4733 318397 1 760 700 566
5841 4901 318407 1 790 710 561
5863 5042 318417 1 790 710 565
5896 5151 318427 1 790 710 565
5931 5238 318437 1 820 700 562
5950 5283 318447 1 820 700 583
5958 5283 318457 1 820 700 645
5964 5262 318467 1 850 700 666
5974 5189 318477 1 850 700 691
5991 5049 318487 1 850 700 724
6001 4865 318497 1 840 710 739
6008 4627 318507 1 840 710 760
6045 4357 318517 1 840 710 753
6103 4067 318527 1 840 720 756
6175 3806 318537 1 810 720 784
6247 3593 318547 1 780 720 784
6300 3411 318557 1 740 720 794
6339 3257 318567 1 700 730 832
6353 3154 318577 1 670 730 825
6353 3084 318587 1 620 730 857
6333 3065 318597 1 580 740 817
6272 3050 318607 1 550 730 808
6156 3060 318617 1 550 730 794
6004 3086 318627 1 550 730 754
5882 3126 318637 1 520 720 589
5788 3165 318647 1 520 720 225
