99
4681 5556 439552 0 1300 480 345
4654 5445 439562 1 1300 480 312
4624 5423 439572 1 1300 480 315
4639 5423 439582 1 1310 480 376
4694 5433 439592 1 1310 480 418
4776 5513 439602 1 1310 480 425
4905 5669 439612 1 1310 480 425
5068 5877 439622 1 1320 490 409
5254 6130 439632 1 1320 490 389
5436 6309 439642 1 1320 490 381
5545 6440 439652 1 1340 490 376
5606 6467 439662 1 1350 500 422
5620 6423 439672 1 1370 500 488
5615 6332 439682 1 1380 500 561
5598 6137 439692 1 1400 510 645
5548 5855 439702 1 1400 510 693
5484 5516 439712 1 1410 510 714
5411 5124 439722 1 1400 520 727
5338 4809 439732 1 1400 520 742
5297 4545 439742 1 1390 520 739
5276 4379 439752 1 1370 530 731
5301 4299 439762 1 1360 540 630
5324 4277 439772 1 1340 540 553
5346 4318 439782 1 1330 540 348
5376 4470 439792 1 1330 540 232
5357 4697 439802 1 1310 540 230
5305 4888 439812 1 1310 540 366
5191 5007 439822 1 1310 540 478
5067 5077 439832 1 1300 530 562
4935 5068 439842 1 1310 520 652
4825 5024 439852 1 1310 520 668
4739 4958 439862 1 1320 510 666
4669 4864 439872 1 1320 510 663
4678 4797 439882 1 1330 510 671
4741 4747 439892 1 1330 510 671
4841 4733 439902 1 1330 510 684
5027 4816 439912 1 1330 510 691
5290 4965 439922 1 1340 510 691
5605 5162 439932 1 1350 510 688
5895 5333 439942 1 1360 510 684
6063 5487 439952 1 1360 510 681
6150 5557 439962 1 1370 520 702
6159 5600 439972 1 1390 520 728
6123 5626 439982 1 1400 530 727
6056 5642 439992 1 1410 530 743
5950 5625 440002 1 1410 530 761
5851 5586 440012 1 1410 530 763
5757 5510 440022 1 1420 530 762
5651 5397 440032 1 1420 530 767
5581 5259 440042 1 1420 530 770
5536 5107 440052 1 1420 530 767
5519 4996 440062 1 1420 530 751
5557 4912 440072 1 1400 530 758
5631 4883 440082 1 1400 530 734
5732 4910 440092 1 1400 530 734
5856 4975 440102 1 1390 540 710
5994 5083 440112 1 1390 540 667
6098 5195 440122 1 1390 540 653
6151 5309 440132 1 1400 540 661
6171 5368 440142 1 1400 540 720
6165 5385 440152 1 1400 540 763
6159 5375 440162 1 1400 540 765
6154 5358 440172 1 1410 550 770
6145 5337 440182 1 1410 550 771
6135 5283 440192 1 1420 540 770
6123 5210 440202 1 1420 540 759
6141 5153 440212 1 1420 540 742
6164 5135 440222 1 1440 540 724
6221 5143 440232 1 1430 550 696
6299 5176 440242 1 1430 550 636
6406 5241 440252 1 1430 550 609
6497 5328 440262 1 1430 550 609
6577 5405 440272 1 1440 560 616
6627 5441 440282 1 1440 560 650
6646 5451 440292 1 1440 560 699
6646 5440 440302 1 1450 560 733
6646 5425 440312 1 1450 560 750
6646 5384 440322 1 1480 560 787
6652 5329 440332 1 1480 560 796
6669 5281 440342 1 1490 560 796
6690 5252 440352 1 1490 560 787
6737 5235 440362 1 1480 570 784
6800 5241 440372 1 1480 570 757
6879 5278 440382 1 1480 570 743
6964 5337 440392 1 1480 570 717
7054 5388 440402 1 1480 570 714
7110 5396 440412 1 1480 570 724
7142 5375 440422 1 1480 570 748
7157 5352 440432 1 1500 570 771
7167 5326 440442 1 1500 570 785
7176 5310 440452 1 1500 570 817
7185 5302 440462 1 1510 580 845
7215 5296 440472 1 1510 580 854
7281 5313 440482 1 1520 590 879
7372 5345 440492 1 1520 590 881
7514 5418 440502 1 1530 590 873
7656 5468 440512 1 1530 590 840
7799 5503 440522 1 1560 590 705
7941 5531 440532 1 1560 590 83
