168
2697 5228 295965 0 1040 470 30
2738 5214 295975 1 1040 480 56
2773 5214 295985 1 1040 480 98
2836 5226 295995 1 1040 490 124
2889 5254 296005 1 1040 490 144
2934 5294 296015 1 1040 490 184
3027 5352 296025 1 1040 490 188
3137 5421 296035 1 1050 500 203
3257 5482 296045 1 1050 500 212
3378 5574 296055 1 1050 500 217
3497 5686 296065 1 1060 510 207
3618 5798 296075 1 1080 510 211
3729 5924 296085 1 1090 500 209
3832 6059 296095 1 1110 510 209
3896 6167 296105 1 1120 510 207
3933 6242 296115 1 1130 510 211
3953 6296 296125 1 1150 500 211
3966 6328 296135 1 1160 500 214
3966 6341 296145 1 1170 500 228
3966 6341 296155 1 1180 490 244
3966 6341 296165 1 1180 490 254
3960 6341 296175 1 1190 490 276
3960 6341 296185 1 1190 490 279
3938 6327 296195 1 1190 490 286
3910 6290 296205 1 1210 490 284
3878 6236 296215 1 1190 490 286
3848 6188 296225 1 1190 490 292
3821 6130 296235 1 1190 490 286
3799 6065 296245 1 1190 480 289
3776 5998 296255 1 1170 490 284
3751 5913 296265 1 1170 490 286
3724 5817 296275 1 1170 490 291
3695 5719 296285 1 1160 490 296
3673 5590 296295 1 1150 490 302
3638 5440 296305 1 1140 500 307
3594 5263 296315 1 1130 500 314
3564 5084 296325 1 1110 500 317
3535 4898 296335 1 1110 510 307
3510 4707 296345 1 1100 510 332
3492 4554 296355 1 1070 520 342
3484 4426 296365 1 1060 530 340
3476 4288 296375 1 1050 530 337
3471 4147 296385 1 1020 530 339
3471 4062 296395 1 1010 530 340
3477 4016 296405 1 1000 540 342
3496 4000 296415 1 980 540 344
3519 3984 296425 1 970 540 340
3543 3971 296435 1 950 530 335
3569 3977 296445 1 950 530 340
3593 3995 296455 1 950 530 337
3626 4019 296465 1 940 530 339
3666 4064 296475 1 940 530 335
3704 4123 296485 1 940 530 330
3729 4193 296495 1 940 530 312
3746 4260 296505 1 940 530 314
3746 4322 296515 1 950 520 306
3731 4396 296525 1 950 510 286
3698 4478 296535 1 960 500 274
3661 4574 296545 1 960 500 202
3603 4676 296555 1 970 500 187
3531 4781 296565 1 980 500 168
3466 4874 296575 1 1000 500 137
3397 4931 296585 1 1000 510 144
3326 4964 296595 1 1010 500 139
3263 4983 296605 1 1010 510 148
3203 4983 296615 1 1030 520 158
3146 4971 296625 1 1030 520 182
3116 4966 296635 1 1030 520 187
3109 4966 296645 1 1030 520 182
3118 4971 296655 1 1030 510 179
3138 4971 296665 1 1040 510 179
3162 4980 296675 1 1040 510 180
3196 5001 296685 1 1040 510 180
3240 5010 296695 1 1040 510 182
3292 5010 296705 1 1040 510 186
3364 5000 296715 1 1040 510 180
3449 4975 296725 1 1040 520 182
3564 4946 296735 1 1040 520 180
3682 4915 296745 1 1040 520 172
3803 4889 296755 1 1040 520 170
3882 4869 296765 1 1040 520 170
3941 4861 296775 1 1040 520 175
3986 4866 296785 1 1040 520 170
4036 4881 296795 1 1040 520 172
4103 4930 296805 1 1040 520 168
4180 4989 296815 1 1040 520 156
4260 5056 296825 1 1040 520 156
4341 5143 296835 1 1040 520 139
4412 5249 296845 1 1060 520 67
4475 5369 296855 1 1060 530 47
4515 5494 296865 1 1080 530 55
4528 5581 296875 1 1090 520 75
4522 5642 296885 1 1100 520 132
4505 5675 296895 1 1120 520 155
4486 5702 296905 1 1130 520 167
4466 5712 296915 1 1130 520 171
4447 5712 296925 1 1140 510 185
4415 5697 296935 1 1140 510 191
4374 5676 296945 1 1150 510 209
4328 5621 296955 1 1150 510 249
4282 5544 296965 1 1150 500 254
4241 5455 296975 1 1130 510 262
4207 5352 296985 1 1130 510 259
4181 5239 296995 1 1120 510 269
4164 5156 297005 1 1110 510 269
4159 5080 297015 1 1110 510 267
4159 5008 297025 1 1090 500 270
4175 4960 297035 1 1080 520 269
4194 4928 297045 1 1070 520 267
4222 4906 297055 1 1070 520 262
4250 4895 297065 1 1060 520 265
4278 4895 297075 1 1060 520 264
4295 4895 297085 1 1060 530 265
4331 4931 297095 1 1060 530 262
4379 4992 297105 1 1060 530 254
4455 5070 297115 1 1070 540 256
4536 5164 297125 1 1070 540 246
4622 5253 297135 1 1070 540 244
4695 5334 297145 1 1080 540 244
4760 5412 297155 1 1080 540 246
4810 5468 297165 1 1100 530 246
4849 5504 297175 1 1110 530 253
4881 5528 297185 1 1120 530 253
4906 5548 297195 1 1120 530 254
4915 5555 297205 1 1130 520 241
4915 5555 297215 1 1140 510 242
4910 5548 297225 1 1140 510 245
4898 5519 297235 1 1130 510 249
4881 5474 297245 1 1150 500 257
4864 5404 297255 1 1130 510 259
4847 5328 297265 1 1130 510 262
4831 5237 297275 1 1130 510 257
4820 5137 297285 1 1120 510 259
4813 5056 297295 1 1110 510 257
4813 4992 297305 1 1110 510 262
4805 4939 297315 1 1100 510 262
4805 4911 297325 1 1080 520 262
4805 4904 297335 1 1080 510 264
4805 4910 297345 1 1060 510 264
4805 4910 297355 1 1060 510 264
4830 4948 297365 1 1060 510 257
4862 5001 297375 1 1060 510 259
4922 5096 297385 1 1060 510 252
4984 5191 297395 1 1070 520 247
5046 5290 297405 1 1070 520 247
5096 5361 297415 1 1080 520 254
5138 5409 297425 1 1090 520 255
5179 5432 297435 1 1100 520 255
5214 5450 297445 1 1120 520 252
5246 5450 297455 1 1120 530 255
5262 5445 297465 1 1140 530 255
5271 5430 297475 1 1140 530 259
5271 5383 297485 1 1140 530 265
5271 5314 297495 1 1160 530 267
5280 5234 297505 1 1160 530 274
5295 5154 297515 1 1150 540 282
5317 5073 297525 1 1150 540 282
5348 5023 297535 1 1150 540 285
5390 4995 297545 1 1140 550 274
5438 4982 297555 1 1140 550 296
5491 5004 297565 1 1140 550 359
5548 5050 297575 1 1140 550 386
5625 5145 297585 1 1150 550 391
5714 5256 297595 1 1150 550 413
5803 5379 297605 1 1150 550 409
5879 5494 297615 1 1150 550 392
5945 5565 297625 1 1160 550 377
6003 5606 297635 1 1160 550 284
