170
2985 5553 329563 0 1050 430 3
3013 5603 329573 1 1050 430 34
3052 5654 329583 1 1060 440 48
3121 5743 329593 1 1070 450 55
3211 5870 329603 1 1080 450 63
3324 6023 329613 1 1090 450 78
3452 6189 329623 1 1090 450 76
3590 6355 329633 1 1110 460 80
3728 6499 329643 1 1120 460 70
3834 6629 329653 1 1140 450 68
3919 6717 329663 1 1150 450 70
3987 6770 329673 1 1160 450 70
4030 6800 329683 1 1170 440 70
4057 6812 329693 1 1180 440 71
4070 6812 329703 1 1170 430 71
4070 6812 329713 1 1160 420 75
4070 6806 329723 1 1170 420 80
4070 6801 329733 1 1170 420 83
4065 6793 329743 1 1170 420 83
4045 6752 329753 1 1170 420 93
4015 6690 329763 1 1170 420 98
3990 6619 329773 1 1170 420 99
3963 6545 329783 1 1170 420 101
3935 6433 329793 1 1160 420 101
3906 6298 329803 1 1160 420 106
3879 6174 329813 1 1160 420 106
3855 6026 329823 1 1160 430 104
3834 5863 329833 1 1150 430 96
3815 5722 329843 1 1140 430 110
3800 5571 329853 1 1120 440 98
3778 5414 329863 1 1110 440 117
3750 5235 329873 1 1090 430 127
3729 5117 329883 1 1070 440 122
3711 5041 329893 1 1060 440 127
3698 4927 329903 1 1050 430 129
3687 4812 329913 1 1040 430 130
3687 4739 329923 1 1030 430 127
3701 4695 329933 1 1020 430 130
3701 4652 329943 1 1020 430 127
3706 4627 329953 1 1010 440 125
3706 4615 329963 1 1000 430 129
3713 4615 329973 1 990 430 141
3713 4620 329983 1 990 430 146
3719 4629 329993 1 990 420 146
3730 4650 330003 1 990 420 146
3747 4711 330013 1 990 420 144
3761 4799 330023 1 990 420 144
3773 4836 330033 1 990 420 144
3789 4891 330043 1 990 430 148
3806 4959 330053 1 990 430 146
3811 4992 330063 1 1000 430 146
3811 5022 330073 1 1010 440 148
3800 5062 330083 1 1010 440 148
3785 5110 330093 1 1020 430 144
3765 5159 330103 1 1020 430 142
3738 5205 330113 1 1020 430 134
3703 5247 330123 1 1020 430 134
3663 5290 330133 1 1030 440 108
3622 5334 330143 1 1030 440 103
3581 5364 330153 1 1030 440 105
3536 5385 330163 1 1030 450 105
3489 5399 330173 1 1030 450 113
3456 5410 330183 1 1030 450 117
3428 5415 330193 1 1040 450 119
3413 5428 330203 1 1050 460 124
3406 5446 330213 1 1050 460 127
3406 5455 330223 1 1050 460 141
3398 5455 330233 1 1050 460 148
3398 5445 330243 1 1050 460 144
3398 5445 330253 1 1040 450 139
3406 5452 330263 1 1040 450 144
3441 5457 330273 1 1040 450 137
3493 5492 330283 1 1040 450 136
3570 5546 330293 1 1040 450 139
3650 5570 330303 1 1040 450 139
3733 5587 330313 1 1060 450 134
3815 5592 330323 1 1060 450 125
3898 5610 330333 1 1060 450 122
3990 5637 330343 1 1050 440 119
4085 5665 330353 1 1050 440 117
4170 5686 330363 1 1060 440 113
4249 5698 330373 1 1050 430 110
4317 5714 330383 1 1050 430 96
4387 5770 330393 1 1060 430 93
4463 5849 330403 1 1070 440 94
4539 5940 330413 1 1090 440 76
4595 6010 330423 1 1090 450 76
4637 6065 330433 1 1100 450 85
4649 6087 330443 1 1120 460 98
4649 6087 330453 1 1130 470 124
4644 6087 330463 1 1140 460 136
4638 6082 330473 1 1160 470 137
4625 6082 330483 1 1160 470 134
4606 6055 330493 1 1170 470 136
4558 6014 330503 1 1170 470 134
4504 5942 330513 1 1160 470 137
4445 5868 330523 1 1160 470 139
4390 5771 330533 1 1150 470 144
4335 5659 330543 1 1130 480 149
4299 5564 330553 1 1120 470 156
4275 5479 330563 1 1110 460 156
4265 5402 330573 1 1100 460 156
4272 5360 330583 1 1080 460 156
4290 5340 330593 1 1070 450 149
4299 5334 330603 1 1060 440 148
4313 5340 330613 1 1050 440 146
4333 5371 330623 1 1050 440 155
4371 5419 330633 1 1050 430 160
4422 5504 330643 1 1050 440 139
4474 5587 330653 1 1050 440 137
4527 5668 330663 1 1050 440 113
4573 5748 330673 1 1060 450 107
4613 5829 330683 1 1070 450 110
4641 5905 330693 1 1080 460 108
4669 5951 330703 1 1100 460 115
4680 5979 330713 1 1120 470 124
4680 5979 330723 1 1130 480 124
4680 5967 330733 1 1130 480 120
4680 5953 330743 1 1140 480 117
4680 5901 330753 1 1150 480 119
4690 5822 330763 1 1150 480 117
4699 5733 330773 1 1140 480 122
4712 5677 330783 1 1140 480 120
4724 5642 330793 1 1140 480 122
4734 5627 330803 1 1120 480 125
4749 5612 330813 1 1120 470 117
4768 5597 330823 1 1100 460 115
4793 5597 330833 1 1090 450 117
4820 5597 330843 1 1090 450 117
4850 5629 330853 1 1090 440 115
4885 5673 330863 1 1090 440 110
4919 5728 330873 1 1090 440 108
4952 5826 330883 1 1090 450 107
4992 5928 330893 1 1090 450 96
5034 6032 330903 1 1090 450 96
5078 6092 330913 1 1100 450 98
5108 6114 330923 1 1110 450 98
5129 6114 330933 1 1120 460 101
5145 6114 330943 1 1130 460 105
5151 6114 330953 1 1140 450 122
5151 6101 330963 1 1140 450 130
5145 6035 330973 1 1150 450 139
5145 5922 330983 1 1150 450 139
5150 5779 330993 1 1150 450 146
5157 5666 331003 1 1140 450 144
5163 5592 331013 1 1140 450 146
5169 5543 331023 1 1130 460 146
5169 5513 331033 1 1130 470 149
5163 5502 331043 1 1130 470 143
5163 5502 331053 1 1120 470 136
5171 5525 331063 1 1100 470 148
5206 5595 331073 1 1100 470 103
5257 5698 331083 1 1100 470 100
5323 5807 331093 1 1100 470 101
5386 5914 331103 1 1100 470 103
5447 6011 331113 1 1120 480 108
5492 6064 331123 1 1130 480 108
5531 6092 331133 1 1150 470 110
5567 6099 331143 1 1160 470 113
5609 6070 331153 1 1180 480 117
5654 6018 331163 1 1190 470 127
5705 5954 331173 1 1190 470 129
5768 5899 331183 1 1200 470 139
5838 5851 331193 1 1200 470 131
5896 5818 331203 1 1190 470 144
5956 5813 331213 1 1190 470 167
6017 5826 331223 1 1180 460 176
6079 5861 331233 1 1180 460 207
6180 5953 331243 1 1180 460 196
6307 6082 331253 1 1190 470 137
