101
5816 4473 1342750 0 1070 590 88
5816 4473 1342760 1 1050 590 91
5770 4456 1342770 1 1060 600 106
5733 4428 1342780 1 1060 600 175
5683 4382 1342790 1 1060 600 241
5627 4325 1342800 1 1060 600 301
5566 4268 1342810 1 1060 600 338
5517 4238 1342820 1 1070 610 364
5473 4227 1342830 1 1070 610 405
5436 4237 1342840 1 1070 610 418
5402 4274 1342850 1 1080 610 422
5376 4330 1342860 1 1080 610 425
5386 4428 1342870 1 1080 610 420
5419 4560 1342880 1 1100 600 409
5496 4714 1342890 1 1100 600 389
5578 4892 1342900 1 1100 600 396
5677 5030 1342910 1 1120 600 402
5784 5141 1342920 1 1130 600 402
5853 5196 1342930 1 1130 600 402
5895 5210 1342940 1 1130 600 404
5920 5196 1342950 1 1150 600 431
5936 5141 1342960 1 1150 600 453
5924 5010 1342970 1 1150 600 496
5893 4828 1342980 1 1140 590 519
5823 4615 1342990 1 1130 590 546
5731 4401 1343000 1 1130 590 609
5625 4187 1343010 1 1110 590 640
5529 4021 1343020 1 1110 590 666
5433 3885 1343030 1 1090 600 682
5331 3792 1343040 1 1080 600 684
5226 3731 1343050 1 1080 600 682
5122 3691 1343060 1 1080 600 662
5060 3707 1343070 1 1060 600 605
5025 3756 1343080 1 1060 600 453
5013 3826 1343090 1 1060 600 244
6048 4466 1343241 0 1130 570 235
6042 4494 1343251 1 1110 570 249
6035 4526 1343261 1 1110 570 251
6025 4520 1343271 1 1120 580 284
6025 4513 1343281 1 1120 580 315
6032 4505 1343291 1 1130 590 368
6043 4446 1343301 1 1130 590 413
6055 4353 1343311 1 1130 590 447
6063 4252 1343321 1 1110 590 488
6068 4186 1343331 1 1110 590 529
6087 4144 1343341 1 1110 590 540
6111 4137 1343351 1 1090 600 575
6146 4150 1343361 1 1100 600 595
6199 4176 1343371 1 1100 600 585
6263 4277 1343381 1 1100 600 586
6331 4393 1343391 1 1110 610 536
6397 4519 1343401 1 1110 610 366
6441 4600 1343411 1 1130 610 53
6616 4292 1343521 0 1190 640 304
6683 4306 1343531 1 1190 640 330
6675 4332 1343541 1 1190 640 346
6645 4352 1343551 1 1170 650 448
6645 4404 1343561 1 1170 650 489
6645 4480 1343571 1 1170 650 522
6652 4524 1343581 1 1170 650 533
6645 4566 1343591 1 1170 650 586
6634 4580 1343601 1 1170 650 619
6619 4575 1343611 1 1170 650 628
6587 4555 1343621 1 1190 640 644
6543 4494 1343631 1 1190 640 641
6491 4407 1343641 1 1190 640 638
6454 4296 1343651 1 1190 640 643
6420 4208 1343661 1 1190 640 641
6420 4135 1343671 1 1170 630 639
6433 4122 1343681 1 1170 630 594
6478 4127 1343691 1 1160 640 561
6527 4145 1343701 1 1160 640 546
6591 4196 1343711 1 1160 640 527
6662 4257 1343721 1 1160 640 522
6722 4326 1343731 1 1160 640 529
6758 4366 1343741 1 1160 640 536
6778 4380 1343751 1 1170 650 586
6778 4380 1343761 1 1170 650 636
6771 4366 1343771 1 1170 650 655
6760 4352 1343781 1 1170 650 673
6760 4311 1343791 1 1180 650 675
6760 4255 1343801 1 1180 650 679
6774 4198 1343811 1 1180 650 670
6799 4169 1343821 1 1180 650 670
6850 4160 1343831 1 1160 660 670
6918 4171 1343841 1 1160 660 653
7001 4217 1343851 1 1160 660 639
7085 4286 1343861 1 1150 650 619
7157 4360 1343871 1 1150 650 619
7221 4397 1343881 1 1150 650 613
7241 4410 1343891 1 1150 650 614
7246 4399 1343901 1 1140 640 633
7240 4383 1343911 1 1140 640 647
7246 4349 1343921 1 1160 640 650
7253 4304 1343931 1 1170 650 662
7285 4257 1343941 1 1170 650 684
7332 4226 1343951 1 1170 650 694
7437 4250 1343961 1 1180 650 724
7608 4305 1343971 1 1180 650 717
7823 4423 1343981 1 1180 650 647
8102 4586 1343991 1 1190 660 381
