171
6848 3975 381228 0 1190 490 8
6848 3975 381238 1 1190 490 30
6848 3975 381248 1 1190 490 60
6826 3942 381258 1 1190 480 85
6811 3928 381268 1 1190 480 100
6802 3915 381278 1 1190 490 115
6784 3904 381288 1 1180 490 132
6760 3904 381298 1 1180 490 167
6734 3898 381308 1 1190 500 170
6698 3898 381318 1 1190 500 170
6654 3898 381328 1 1190 500 170
6606 3904 381338 1 1190 500 175
6546 3916 381348 1 1190 500 179
6479 3933 381358 1 1190 500 190
6445 3962 381368 1 1190 500 237
6358 3994 381378 1 1190 500 246
6301 4027 381388 1 1180 490 249
6282 4061 381398 1 1180 490 247
6260 4095 381408 1 1180 490 247
6260 4132 381418 1 1170 490 245
6260 4174 381428 1 1170 490 247
6285 4218 381438 1 1170 490 247
6309 4257 381448 1 1170 490 249
6334 4299 381458 1 1170 490 249
6376 4358 381468 1 1190 480 256
6438 4427 381478 1 1190 480 241
6513 4507 381488 1 1190 480 254
6603 4586 381498 1 1190 480 247
6711 4674 381508 1 1200 480 233
6832 4767 381518 1 1200 480 218
6918 4864 381528 1 1210 480 216
6985 4938 381538 1 1220 470 214
7039 4997 381548 1 1230 480 216
7080 5040 381558 1 1240 480 216
7104 5065 381568 1 1240 480 216
7116 5079 381578 1 1240 480 219
7122 5084 381588 1 1250 470 219
7122 5084 381598 1 1250 470 216
7122 5084 381608 1 1250 470 216
7110 5071 381618 1 1250 470 212
7092 5040 381628 1 1250 470 211
7067 4998 381638 1 1260 470 209
7045 4943 381648 1 1250 470 209
7024 4861 381658 1 1250 470 222
7004 4760 381668 1 1250 470 218
6984 4661 381678 1 1250 470 218
6961 4529 381688 1 1240 480 217
6929 4374 381698 1 1240 480 196
6891 4174 381708 1 1230 480 202
6853 3995 381718 1 1230 480 210
6811 3831 381728 1 1210 480 202
6766 3682 381738 1 1200 480 210
6718 3569 381748 1 1190 490 218
6673 3480 381758 1 1180 490 220
6632 3410 381768 1 1170 500 209
6594 3354 381778 1 1160 500 212
6557 3307 381788 1 1150 500 225
6518 3282 381798 1 1150 500 242
6468 3274 381808 1 1130 510 249
6411 3274 381818 1 1130 510 282
6346 3283 381828 1 1120 510 276
6282 3301 381838 1 1120 510 301
6218 3329 381848 1 1120 510 296
6165 3363 381858 1 1110 500 297
6124 3394 381868 1 1110 500 289
6090 3446 381878 1 1110 500 282
6062 3512 381888 1 1110 490 282
6051 3550 381898 1 1110 490 285
6051 3582 381908 1 1110 490 282
6070 3606 381918 1 1120 490 267
6113 3648 381928 1 1110 480 255
6172 3703 381938 1 1110 480 241
6265 3773 381948 1 1120 480 196
6360 3860 381958 1 1130 490 104
7009 4563 382179 0 1190 430 48
7009 4563 382189 1 1190 430 125
7009 4563 382199 1 1200 440 134
7009 4563 382209 1 1200 450 134
7009 4563 382219 1 1210 460 130
7009 4563 382229 1 1210 470 134
7004 4513 382239 1 1210 470 143
6989 4412 382249 1 1210 470 144
6989 4303 382259 1 1200 470 155
6996 4194 382269 1 1210 480 155
7008 4086 382279 1 1210 480 160
7019 4013 382289 1 1200 480 165
7030 3963 382299 1 1200 480 165
7037 3938 382309 1 1200 480 167
7042 3927 382319 1 1190 480 167
7047 3927 382329 1 1190 480 168
7054 3927 382339 1 1170 490 180
7065 3963 382349 1 1170 490 180
7100 4018 382359 1 1170 490 190
7149 4109 382369 1 1170 490 178
7206 4218 382379 1 1170 490 186
7263 4340 382389 1 1190 480 179
7314 4462 382399 1 1190 480 170
7360 4578 382409 1 1190 480 139
7413 4683 382419 1 1210 490 144
7462 4753 382429 1 1220 480 143
7497 4800 382439 1 1230 480 143
7525 4824 382449 1 1230 480 139
7534 4830 382459 1 1240 480 143
7534 4825 382469 1 1250 480 143
7534 4812 382479 1 1260 480 148
7527 4794 382489 1 1260 480 146
7518 4750 382499 1 1260 480 148
7506 4692 382509 1 1260 480 149
7498 4633 382519 1 1260 480 155
7491 4554 382529 1 1260 480 155
7485 4463 382539 1 1250 480 151
7485 4379 382549 1 1250 480 151
7479 4316 382559 1 1250 480 151
7479 4268 382569 1 1240 490 148
7479 4246 382579 1 1240 490 149
7479 4223 382589 1 1240 490 39
8020 4717 382750 0 1250 440 27
8006 4779 382760 1 1250 450 58
7979 4796 382770 1 1250 450 113
7953 4812 382780 1 1260 460 124
7923 4802 382790 1 1250 460 125
7891 4775 382800 1 1260 470 134
7842 4706 382810 1 1260 470 144
7798 4637 382820 1 1250 470 137
7761 4564 382830 1 1250 470 143
7729 4486 382840 1 1250 470 156
7698 4396 382850 1 1240 480 158
7684 4339 382860 1 1250 480 158
7684 4304 382870 1 1250 480 160
7684 4266 382880 1 1240 490 158
7697 4227 382890 1 1240 490 155
7716 4205 382900 1 1230 490 156
7736 4194 382910 1 1240 500 160
7781 4210 382920 1 1220 500 155
7845 4293 382930 1 1220 500 153
7918 4420 382940 1 1220 500 148
7975 4545 382950 1 1220 500 148
8021 4650 382960 1 1230 490 156
8054 4742 382970 1 1230 490 155
8075 4806 382980 1 1240 490 160
8087 4831 382990 1 1250 480 156
8092 4831 383000 1 1250 480 160
8092 4822 383010 1 1250 470 172
8077 4764 383020 1 1250 470 202
8047 4673 383030 1 1250 470 210
8031 4614 383040 1 1250 470 213
8023 4550 383050 1 1250 470 217
8023 4483 383060 1 1250 470 210
8033 4433 383070 1 1250 470 208
8049 4391 383080 1 1240 480 208
8069 4354 383090 1 1240 480 202
8091 4318 383100 1 1250 480 195
8114 4306 383110 1 1240 490 190
8142 4306 383120 1 1240 490 180
8194 4370 383130 1 1240 490 173
8261 4460 383140 1 1240 490 187
8341 4569 383150 1 1240 490 165
8402 4671 383160 1 1250 500 173
8449 4741 383170 1 1260 490 167
8484 4789 383180 1 1260 490 168
8505 4794 383190 1 1280 490 172
8516 4773 383200 1 1290 490 180
8536 4735 383210 1 1290 490 183
8557 4661 383220 1 1290 490 203
8610 4612 383230 1 1320 490 223
8684 4580 383240 1 1320 490 267
8791 4568 383250 1 1320 490 287
8906 4593 383260 1 1300 500 339
9026 4644 383270 1 1300 500 358
9144 4723 383280 1 1300 500 336
9267 4818 383290 1 1300 500 254
