111
6575 5542 855379 0 1200 580 61
6622 5599 855389 1 1200 580 48
6622 5625 855399 1 1200 580 56
6616 5649 855409 1 1200 580 78
6616 5671 855419 1 1210 590 113
6609 5671 855429 1 1210 590 127
6593 5671 855439 1 1210 590 146
6556 5658 855449 1 1210 590 168
6497 5638 855459 1 1200 580 170
6424 5597 855469 1 1200 580 230
6339 5542 855479 1 1200 580 242
6256 5514 855489 1 1200 580 242
6195 5514 855499 1 1200 580 255
6148 5521 855509 1 1200 580 255
6132 5556 855519 1 1190 580 247
6160 5648 855529 1 1190 580 247
6217 5778 855539 1 1190 580 249
6338 5973 855549 1 1180 570 255
6477 6166 855559 1 1200 570 259
6629 6322 855569 1 1220 570 264
6748 6456 855579 1 1220 570 270
6827 6529 855589 1 1230 560 270
6879 6550 855599 1 1250 560 274
6888 6537 855609 1 1250 560 274
6888 6502 855619 1 1250 560 292
6875 6377 855629 1 1260 560 353
6824 6193 855639 1 1250 550 364
6731 5936 855649 1 1240 550 443
6611 5663 855659 1 1240 550 532
6493 5379 855669 1 1220 560 542
6374 5125 855679 1 1210 560 560
6251 4913 855689 1 1190 560 591
6126 4728 855699 1 1160 570 622
6045 4634 855709 1 1150 580 668
5991 4596 855719 1 1150 580 730
5954 4596 855729 1 1130 580 725
5908 4631 855739 1 1130 570 714
5856 4754 855749 1 1130 570 633
5800 4935 855759 1 1130 570 504
5776 5153 855769 1 1120 560 191
6692 5686 855880 0 1250 550 207
6857 5660 855890 1 1250 550 314
6857 5660 855900 1 1250 550 309
6825 5672 855910 1 1250 550 330
6815 5672 855920 1 1260 560 420
6806 5665 855930 1 1250 560 463
6797 5657 855940 1 1230 560 478
6787 5644 855950 1 1230 560 494
6772 5591 855960 1 1220 570 530
6754 5511 855970 1 1230 580 543
6743 5408 855980 1 1230 580 559
6743 5320 855990 1 1230 590 568
6762 5241 856000 1 1210 590 562
6789 5214 856010 1 1210 590 570
6837 5207 856020 1 1190 600 589
6900 5214 856030 1 1190 600 592
6989 5280 856040 1 1180 600 603
7102 5415 856050 1 1180 600 605
7232 5597 856060 1 1180 600 575
7331 5730 856070 1 1170 590 516
7372 5809 856080 1 1190 600 404
7372 5852 856090 1 1190 600 134
7363 5365 856191 0 1230 590 282
7454 5300 856201 1 1240 600 274
7454 5300 856211 1 1240 600 285
7466 5300 856221 1 1220 600 359
7485 5329 856231 1 1220 600 400
7505 5382 856241 1 1200 600 418
7524 5449 856251 1 1220 610 433
7539 5516 856261 1 1220 610 450
7539 5584 856271 1 1220 610 474
7532 5611 856281 1 1220 610 480
7503 5635 856291 1 1220 610 492
7461 5635 856301 1 1220 610 492
7409 5610 856311 1 1220 610 499
7349 5553 856321 1 1230 610 494
7292 5481 856331 1 1230 610 497
7271 5398 856341 1 1230 610 496
7271 5359 856351 1 1220 600 493
7300 5335 856361 1 1200 600 490
7350 5320 856371 1 1200 600 477
7415 5334 856381 1 1200 600 468
7499 5384 856391 1 1190 600 435
7583 5459 856401 1 1200 600 435
7632 5509 856411 1 1200 600 440
7657 5532 856421 1 1200 600 469
7649 5538 856431 1 1220 610 495
7628 5529 856441 1 1220 610 488
7599 5496 856451 1 1220 610 517
7566 5447 856461 1 1230 610 517
7541 5390 856471 1 1230 610 514
7549 5354 856481 1 1230 610 502
7577 5331 856491 1 1220 610 489
7622 5331 856501 1 1220 610 471
7699 5370 856511 1 1220 610 389
7797 5443 856521 1 1220 610 376
7897 5518 856531 1 1220 610 339
7950 5558 856541 1 1220 610 333
7972 5574 856551 1 1220 610 346
7967 5566 856561 1 1220 610 376
7950 5525 856571 1 1230 610 446
7924 5461 856581 1 1230 610 480
7900 5379 856591 1 1230 610 520
7886 5330 856601 1 1230 610 536
7916 5304 856611 1 1220 600 636
7971 5292 856621 1 1200 600 710
8099 5341 856631 1 1200 600 759
8348 5430 856641 1 1200 600 793
8677 5598 856651 1 1220 610 793
9129 5784 856661 1 1230 620 716
9672 5982 856671 1 1240 630 134
