114
4099 5377 1672865 0 1230 460 8
4099 5377 1672875 1 1230 460 103
4099 5377 1672885 1 1230 460 173
4099 5377 1672895 1 1240 460 257
4069 5334 1672905 1 1240 460 320
4043 5305 1672915 1 1250 460 373
4013 5283 1672925 1 1250 460 399
3982 5269 1672935 1 1250 460 400
3938 5261 1672945 1 1250 460 409
3885 5261 1672955 1 1250 460 409
3824 5268 1672965 1 1250 460 413
3759 5283 1672975 1 1250 460 412
3690 5309 1672985 1 1250 460 418
3620 5347 1672995 1 1250 460 425
3562 5393 1673005 1 1250 460 420
3538 5437 1673015 1 1260 460 423
3531 5503 1673025 1 1260 460 425
3568 5584 1673035 1 1260 460 418
3639 5667 1673045 1 1260 460 418
3732 5743 1673055 1 1280 450 423
3826 5807 1673065 1 1280 450 423
3925 5889 1673075 1 1280 450 428
4033 5983 1673085 1 1290 450 423
4137 6054 1673095 1 1310 450 427
4238 6119 1673105 1 1310 450 423
4301 6138 1673115 1 1320 450 418
4324 6129 1673125 1 1340 450 418
4324 6073 1673135 1 1340 450 420
4284 5936 1673145 1 1350 440 423
4222 5744 1673155 1 1340 450 436
4142 5539 1673165 1 1340 450 443
4052 5275 1673175 1 1340 450 443
3963 4971 1673185 1 1330 450 450
3873 4656 1673195 1 1320 460 469
3780 4406 1673205 1 1310 460 481
3676 4200 1673215 1 1270 460 489
3564 4064 1673225 1 1260 470 496
3465 3973 1673235 1 1250 470 504
3368 3913 1673245 1 1230 470 512
3271 3885 1673255 1 1230 470 520
3200 3885 1673265 1 1220 470 505
3162 3905 1673275 1 1220 470 448
3147 3950 1673285 1 1220 470 317
3177 4063 1673295 1 1220 470 83
4537 5294 1673526 0 1250 450 491
4586 5226 1673536 1 1270 450 501
4502 5219 1673546 1 1270 450 488
4473 5219 1673556 1 1260 460 489
4480 5139 1673566 1 1260 460 488
4486 5047 1673576 1 1260 460 492
4497 4947 1673586 1 1260 470 497
4528 4843 1673596 1 1260 470 496
4572 4742 1673606 1 1250 470 499
4629 4685 1673616 1 1250 470 504
4689 4658 1673626 1 1250 480 509
4755 4671 1673636 1 1250 480 519
4809 4733 1673646 1 1250 480 517
4856 4827 1673656 1 1250 480 520
4896 4947 1673666 1 1250 480 513
4935 5063 1673676 1 1250 480 513
4974 5178 1673686 1 1260 490 518
5024 5294 1673696 1 1260 490 516
5093 5431 1673706 1 1270 490 513
5174 5567 1673716 1 1280 490 491
5248 5649 1673726 1 1280 490 289
6016 5323 1674027 0 1330 500 418
5962 5298 1674037 1 1330 500 440
5905 5288 1674047 1 1330 500 446
5871 5288 1674057 1 1320 500 446
5853 5293 1674067 1 1320 500 446
5825 5324 1674077 1 1320 500 439
5794 5371 1674087 1 1300 510 449
5762 5405 1674097 1 1300 510 446
5739 5413 1674107 1 1320 510 443
5712 5403 1674117 1 1320 510 443
5665 5351 1674127 1 1320 510 444
5605 5256 1674137 1 1320 510 444
5542 5132 1674147 1 1320 510 444
5504 5010 1674157 1 1320 510 443
5482 4891 1674167 1 1300 520 444
5482 4812 1674177 1 1300 520 448
5500 4758 1674187 1 1300 520 452
5537 4751 1674197 1 1300 520 466
5603 4789 1674207 1 1300 520 471
5692 4856 1674217 1 1300 520 473
5795 4943 1674227 1 1300 520 465
5890 5042 1674237 1 1300 520 464
5975 5148 1674247 1 1300 520 468
6052 5233 1674257 1 1300 520 470
6086 5272 1674267 1 1300 520 485
6086 5280 1674277 1 1300 520 497
6069 5266 1674287 1 1320 510 515
6038 5203 1674297 1 1330 520 524
6009 5108 1674307 1 1330 520 529
6004 5021 1674317 1 1330 520 529
6013 4970 1674327 1 1340 520 538
6071 4942 1674337 1 1340 520 546
6169 4954 1674347 1 1340 520 540
6294 4990 1674357 1 1350 530 536
6424 5041 1674367 1 1350 530 537
6537 5085 1674377 1 1350 530 537
6639 5128 1674387 1 1350 530 537
6726 5168 1674397 1 1360 540 537
6799 5202 1674407 1 1360 540 537
6862 5225 1674417 1 1360 540 535
6898 5214 1674427 1 1370 540 544
6919 5181 1674437 1 1390 550 553
6930 5152 1674447 1 1390 550 585
6946 5135 1674457 1 1400 550 641
6966 5126 1674467 1 1400 550 691
7047 5163 1674477 1 1410 560 733
7166 5270 1674487 1 1400 560 730
7375 5424 1674497 1 1420 570 730
7649 5606 1674507 1 1420 570 512
