105
6417 5678 869520 0 1100 600 198
6468 5693 869530 1 1110 610 226
6468 5688 869540 1 1130 610 218
6445 5663 869550 1 1130 610 230
6414 5618 869560 1 1130 610 285
6363 5560 869570 1 1130 610 302
6302 5498 869580 1 1130 610 325
6235 5466 869590 1 1110 610 373
6188 5453 869600 1 1110 610 392
6154 5453 869610 1 1110 610 392
6129 5490 869620 1 1110 610 402
6113 5545 869630 1 1110 610 417
6131 5639 869640 1 1110 610 405
6171 5795 869650 1 1110 610 405
6261 5992 869660 1 1120 600 412
6381 6201 869670 1 1130 610 412
6522 6365 869680 1 1140 610 417
6630 6500 869690 1 1160 600 417
6690 6553 869700 1 1190 610 418
6719 6562 869710 1 1190 610 425
6727 6543 869720 1 1220 610 449
6716 6470 869730 1 1220 610 493
6691 6306 869740 1 1240 620 561
6626 6082 869750 1 1230 620 611
6525 5804 869760 1 1230 620 658
6400 5523 869770 1 1200 620 697
6255 5273 869780 1 1180 620 754
6110 5045 869790 1 1150 620 787
5989 4880 869800 1 1140 620 793
5883 4799 869810 1 1090 620 797
5780 4773 869820 1 1070 610 755
5681 4825 869830 1 1050 610 619
5622 4966 869840 1 1030 610 267
7399 5430 870011 0 1070 590 39
6786 5620 870161 0 1130 540 219
6820 5714 870171 1 1130 540 247
6820 5733 870181 1 1120 530 254
6810 5733 870191 1 1120 530 275
6804 5719 870201 1 1120 530 342
6786 5642 870211 1 1140 530 410
6761 5523 870221 1 1140 530 473
6742 5413 870231 1 1130 540 493
6742 5322 870241 1 1140 550 507
6747 5244 870251 1 1120 550 504
6771 5221 870261 1 1130 560 509
6816 5221 870271 1 1130 570 518
6874 5241 870281 1 1110 570 522
6961 5332 870291 1 1110 570 516
7060 5454 870301 1 1110 570 496
7167 5596 870311 1 1110 570 400
7244 5690 870321 1 1110 570 213
7140 5361 870421 0 1150 550 80
7296 5252 870431 1 1160 560 107
7321 5242 870441 1 1140 570 100
7362 5252 870451 1 1140 570 108
7414 5263 870461 1 1130 580 173
7448 5305 870471 1 1130 580 275
7479 5368 870481 1 1130 590 330
7508 5433 870491 1 1130 590 367
7536 5502 870501 1 1130 590 387
7545 5575 870511 1 1130 590 389
7540 5626 870521 1 1130 590 402
7511 5654 870531 1 1140 590 418
7470 5667 870541 1 1140 590 423
7421 5654 870551 1 1140 590 443
7355 5612 870561 1 1160 580 447
7291 5551 870571 1 1160 580 458
7227 5460 870581 1 1160 580 455
7197 5364 870591 1 1160 580 455
7197 5292 870601 1 1150 580 452
7214 5239 870611 1 1130 580 452
7269 5219 870621 1 1130 580 447
7362 5256 870631 1 1130 580 449
7480 5331 870641 1 1120 580 430
7612 5432 870651 1 1120 580 418
7708 5500 870661 1 1130 590 415
7781 5547 870671 1 1130 590 420
7798 5564 870681 1 1130 590 443
7790 5555 870691 1 1130 600 452
7765 5530 870701 1 1150 600 486
7730 5467 870711 1 1150 600 489
7698 5390 870721 1 1150 600 496
7668 5305 870731 1 1150 600 489
7668 5247 870741 1 1160 600 490
7689 5216 870751 1 1160 600 463
7731 5204 870761 1 1140 610 335
7818 5227 870771 1 1140 610 108
8221 5634 870862 0 1160 570 470
8179 5563 870872 1 1160 570 443
8125 5525 870882 1 1160 570 461
8079 5416 870892 1 1160 570 499
8030 5299 870902 1 1160 570 538
7982 5178 870912 1 1150 580 562
7972 5125 870922 1 1130 580 560
7986 5100 870932 1 1120 580 570
8016 5094 870942 1 1100 580 620
8085 5116 870952 1 1100 580 664
8181 5232 870962 1 1090 600 693
8343 5410 870972 1 1090 600 696
8495 5570 870982 1 1090 600 691
8639 5673 870992 1 1100 600 681
8746 5737 871002 1 1130 610 678
8842 5758 871012 1 1140 620 664
8931 5758 871022 1 1150 620 631
9058 5747 871032 1 1160 630 404
