104
6654 5787 844604 0 1170 580 27
6654 5787 844614 1 1170 580 63
6654 5787 844624 1 1170 580 83
6629 5739 844634 1 1170 580 99
6589 5702 844644 1 1160 580 124
6541 5660 844654 1 1160 580 170
6498 5642 844664 1 1160 580 170
6457 5642 844674 1 1160 580 215
6421 5647 844684 1 1160 580 220
6389 5675 844694 1 1160 580 219
6359 5716 844704 1 1160 580 233
6347 5789 844714 1 1160 580 233
6373 5896 844724 1 1160 580 233
6425 6027 844734 1 1160 580 230
6513 6187 844744 1 1160 580 225
6643 6372 844754 1 1180 590 223
6800 6574 844764 1 1200 580 233
6929 6700 844774 1 1210 580 230
6994 6756 844784 1 1230 580 228
7016 6766 844794 1 1230 560 242
7016 6744 844804 1 1250 560 269
6985 6642 844814 1 1250 560 292
6937 6488 844824 1 1260 560 330
6855 6252 844834 1 1240 550 423
6755 5977 844844 1 1240 550 445
6642 5677 844854 1 1220 560 488
6521 5370 844864 1 1210 560 517
6404 5096 844874 1 1180 570 543
6329 4844 844884 1 1160 570 562
6279 4713 844894 1 1150 580 570
6262 4673 844904 1 1130 580 619
6250 4695 844914 1 1120 580 636
6240 4731 844924 1 1100 580 639
6179 4866 844934 1 1100 580 619
6100 5068 844944 1 1090 570 563
6010 5288 844954 1 1090 570 386
6904 5280 845135 0 1170 520 10
6859 5376 845145 1 1160 530 113
6853 5492 845155 1 1150 540 180
6853 5562 845165 1 1150 550 228
6862 5605 845175 1 1130 560 310
6870 5631 845185 1 1140 570 362
6870 5631 845195 1 1140 570 391
6860 5587 845205 1 1140 570 447
6850 5520 845215 1 1140 570 473
6837 5397 845225 1 1150 550 481
6823 5300 845235 1 1150 550 493
6843 5221 845245 1 1130 560 496
6877 5202 845255 1 1130 560 488
6920 5211 845265 1 1140 570 491
6976 5239 845275 1 1130 570 489
7056 5361 845285 1 1130 570 470
7151 5502 845295 1 1130 580 404
7228 5656 845305 1 1130 580 317
7267 5754 845315 1 1140 590 148
7307 5334 845405 0 1170 580 141
7413 5267 845415 1 1170 590 149
7430 5274 845425 1 1170 590 219
7466 5295 845435 1 1150 600 289
7492 5364 845445 1 1140 610 371
7512 5433 845455 1 1140 610 400
7520 5501 845465 1 1150 620 412
7515 5565 845475 1 1150 620 420
7501 5603 845485 1 1150 620 436
7471 5623 845495 1 1150 620 435
7431 5623 845505 1 1150 620 430
7385 5589 845515 1 1170 610 427
7327 5531 845525 1 1170 610 427
7273 5431 845535 1 1170 610 422
7250 5329 845545 1 1160 600 417
7245 5267 845555 1 1160 600 415
7269 5232 845565 1 1140 610 420
7318 5220 845575 1 1140 610 404
7384 5245 845585 1 1140 610 386
7466 5295 845595 1 1130 610 364
7545 5376 845605 1 1130 610 371
7622 5454 845615 1 1140 620 368
7663 5501 845625 1 1140 620 367
7675 5528 845635 1 1140 620 402
7668 5533 845645 1 1140 620 427
7659 5515 845655 1 1150 620 449
7638 5482 845665 1 1150 620 443
7608 5390 845675 1 1150 620 447
7579 5295 845685 1 1150 620 447
7579 5236 845695 1 1160 630 446
7607 5202 845705 1 1160 630 435
7640 5195 845715 1 1150 630 412
7695 5222 845725 1 1150 630 356
7764 5271 845735 1 1150 630 320
7858 5384 845745 1 1150 630 310
7928 5493 845755 1 1150 630 314
7983 5550 845765 1 1150 630 344
7991 5575 845775 1 1150 630 410
7974 5562 845785 1 1160 630 438
7940 5508 845795 1 1150 620 455
7896 5428 845805 1 1150 620 472
7869 5311 845815 1 1170 610 490
7853 5250 845825 1 1160 600 535
7902 5227 845835 1 1140 610 639
8005 5227 845845 1 1140 610 713
8144 5276 845855 1 1140 610 765
8366 5359 845865 1 1140 620 780
8684 5528 845875 1 1140 620 734
9065 5745 845885 1 1150 630 362
