185
3237 6362 1316332 0 1200 520 25
3237 6362 1316342 1 1210 520 333
3276 6513 1316352 1 1220 530 410
3276 6513 1316362 1 1220 530 468
3276 6513 1316372 1 1240 530 608
3281 6459 1316382 1 1240 530 700
3281 6379 1316392 1 1240 530 746
3276 6192 1316402 1 1270 530 767
3260 5907 1316412 1 1250 540 784
3280 5558 1316422 1 1250 540 788
3319 5158 1316432 1 1240 540 787
3371 4799 1316442 1 1230 550 790
3405 4467 1316452 1 1210 550 787
3420 4218 1316462 1 1190 540 767
3420 4057 1316472 1 1160 550 720
3434 3956 1316482 1 1150 550 646
3442 3923 1316492 1 1120 560 537
3442 3945 1316502 1 1100 560 317
3029 6490 1316663 0 1190 500 418
2985 6654 1316673 1 1200 510 493
2965 6678 1316683 1 1210 510 490
2951 6670 1316693 1 1230 510 522
2963 6651 1316703 1 1230 510 575
3027 6623 1316713 1 1260 510 616
3126 6588 1316723 1 1270 510 633
3306 6594 1316733 1 1290 510 645
3549 6638 1316743 1 1290 510 641
3833 6707 1316753 1 1300 520 646
4034 6762 1316763 1 1320 510 646
4161 6770 1316773 1 1320 510 640
4238 6748 1316783 1 1320 510 640
4205 6662 1316793 1 1320 510 636
4091 6514 1316803 1 1320 510 644
3924 6325 1316813 1 1320 510 647
3752 6167 1316823 1 1320 510 638
3593 6052 1316833 1 1300 520 646
3443 5966 1316843 1 1300 520 663
3373 5924 1316853 1 1310 520 669
3362 5911 1316863 1 1310 520 673
3390 5918 1316873 1 1310 520 679
3489 5918 1316883 1 1310 520 682
3638 5918 1316893 1 1330 530 687
3819 5929 1316903 1 1330 530 687
3981 5929 1316913 1 1340 520 676
4099 5934 1316923 1 1330 530 669
4188 5913 1316933 1 1330 530 681
4182 5877 1316943 1 1330 530 700
4107 5804 1316953 1 1310 540 725
3987 5708 1316963 1 1310 540 755
3854 5598 1316973 1 1300 540 759
3721 5484 1316983 1 1300 540 771
3587 5392 1316993 1 1280 540 770
3511 5315 1317003 1 1260 540 771
3483 5289 1317013 1 1260 540 720
3483 5289 1317023 1 1250 550 671
3539 5315 1317033 1 1240 550 536
3646 5383 1317043 1 1240 550 235
4638 6807 1317173 0 1290 530 589
4559 6770 1317183 1 1290 530 585
4505 6818 1317193 1 1300 530 589
4493 6826 1317203 1 1300 530 592
4507 6833 1317213 1 1300 530 668
4550 6869 1317223 1 1300 530 733
4651 6924 1317233 1 1300 530 754
4790 6987 1317243 1 1310 540 753
4961 7047 1317253 1 1330 530 757
5163 7103 1317263 1 1330 530 761
5386 7141 1317273 1 1350 530 725
5548 7168 1317283 1 1360 540 622
5631 7176 1317293 1 1360 540 491
5661 7156 1317303 1 1390 540 338
5604 7118 1317313 1 1390 540 105
4366 6470 1317404 0 1310 550 491
4383 6274 1317414 1 1310 550 658
4394 6246 1317424 1 1300 540 658
4360 6239 1317434 1 1300 540 668
4452 6186 1317444 1 1290 530 667
4551 6103 1317454 1 1290 530 694
4655 6013 1317464 1 1300 530 703
4750 5899 1317474 1 1300 530 710
4846 5770 1317484 1 1300 540 694
4926 5676 1317494 1 1300 540 664
4996 5606 1317504 1 1300 550 638
5036 5553 1317514 1 1290 560 594
5043 5523 1317524 1 1270 560 539
5027 5518 1317534 1 1260 570 489
4983 5530 1317544 1 1260 580 443
4926 5564 1317554 1 1240 580 448
4860 5627 1317564 1 1230 590 458
4810 5710 1317574 1 1230 590 497
4774 5786 1317584 1 1210 580 539
4748 5871 1317594 1 1210 580 592
4732 5962 1317604 1 1230 580 636
4737 6035 1317614 1 1240 570 663
4757 6107 1317624 1 1260 570 690
4812 6191 1317634 1 1270 560 724
4897 6282 1317644 1 1290 560 727
5002 6379 1317654 1 1300 550 736
5147 6471 1317664 1 1310 560 734
5304 6507 1317674 1 1320 550 731
5468 6507 1317684 1 1320 550 727
5591 6459 1317694 1 1340 560 727
5682 6385 1317704 1 1340 560 725
5751 6295 1317714 1 1350 570 725
5766 6200 1317724 1 1350 570 725
5726 6098 1317734 1 1350 570 731
5650 5984 1317744 1 1360 570 730
5540 5865 1317754 1 1350 580 731
5406 5762 1317764 1 1350 580 728
5256 5669 1317774 1 1340 580 728
5093 5608 1317784 1 1320 590 736
4982 5589 1317794 1 1320 590 746
4905 5597 1317804 1 1310 600 761
4874 5633 1317814 1 1290 590 750
4897 5704 1317824 1 1290 590 760
4956 5799 1317834 1 1280 590 767
5075 5922 1317844 1 1280 580 771
5239 6039 1317854 1 1280 580 770
5434 6146 1317864 1 1300 580 756
5621 6219 1317874 1 1300 580 708
5758 6271 1317884 1 1320 580 616
5861 6300 1317894 1 1320 580 473
5888 6315 1317904 1 1320 580 50
5243 6865 1318005 0 1280 570 465
5210 7142 1318015 1 1300 560 491
5175 7221 1318025 1 1300 550 491
5130 7205 1318035 1 1310 550 522
5091 7128 1318045 1 1330 540 611
5060 6987 1318055 1 1340 540 675
5060 6797 1318065 1 1340 540 731
5076 6575 1318075 1 1350 530 787
5115 6260 1318085 1 1350 530 809
5154 5894 1318095 1 1340 540 827
5193 5494 1318105 1 1330 540 817
5233 5050 1318115 1 1310 550 822
5253 4667 1318125 1 1300 560 821
5259 4326 1318135 1 1270 570 822
5239 4049 1318145 1 1240 580 832
5214 3832 1318155 1 1210 590 814
5185 3655 1318165 1 1180 600 785
5165 3538 1318175 1 1140 610 734
5152 3493 1318185 1 1130 610 664
5152 3493 1318195 1 1110 610 546
5139 3541 1318205 1 1090 620 336
5095 4887 1318285 0 1120 600 465
5197 5229 1318295 1 1130 600 568
5197 5373 1318305 1 1150 600 572
5151 5474 1318315 1 1170 590 594
5114 5515 1318325 1 1180 590 645
5067 5515 1318335 1 1180 590 666
5012 5462 1318345 1 1210 590 691
4928 5310 1318355 1 1210 590 697
4796 5093 1318365 1 1230 590 705
4632 4832 1318375 1 1210 590 717
4414 4566 1318385 1 1210 590 725
4159 4307 1318395 1 1210 590 733
3879 4056 1318405 1 1190 600 754
3668 3894 1318415 1 1180 590 759
3532 3817 1318425 1 1180 590 767
3445 3798 1318435 1 1170 590 760
3445 3831 1318445 1 1170 590 754
3530 3933 1318455 1 1170 590 754
3667 4081 1318465 1 1170 590 754
3869 4286 1318475 1 1170 590 743
4123 4509 1318485 1 1170 590 727
4411 4743 1318495 1 1170 590 724
4710 4969 1318505 1 1170 590 731
4995 5139 1318515 1 1170 590 749
5246 5273 1318525 1 1180 590 777
5477 5305 1318535 1 1190 600 820
5657 5259 1318545 1 1190 600 854
5822 5161 1318555 1 1220 600 899
5978 5028 1318565 1 1230 610 933
6140 4871 1318575 1 1240 620 973
6340 4698 1318585 1 1260 620 1023
6564 4561 1318595 1 1250 640 1023
6850 4443 1318605 1 1270 640 1023
7208 4339 1318615 1 1280 650 1023
7614 4235 1318625 1 1280 660 1023
8082 4149 1318635 1 1300 670 1023
8556 4076 1318645 1 1310 680 1023
9035 4009 1318655 1 1310 690 1023
9465 3984 1318665 1 1330 700 976
9807 3984 1318675 1 1350 710 765
10090 4020 1318685 1 1370 710 108
