135
3323 6758 63659707 0 1140 640 250
3287 6923 63659717 1 1160 630 319
3240 7012 63659727 1 1220 610 381
3240 7100 63659737 1 1250 590 397
3303 7123 63659747 1 1280 580 430
3407 7151 63659757 1 1310 570 443
3583 7183 63659767 1 1340 550 444
3790 7183 63659777 1 1360 540 449
4018 7177 63659787 1 1390 520 440
4262 7159 63659797 1 1410 510 448
4460 7127 63659807 1 1420 490 449
4628 7064 63659817 1 1430 490 449
4748 6981 63659827 1 1450 470 447
4810 6855 63659837 1 1460 470 473
4832 6728 63659847 1 1460 470 497
4819 6572 63659857 1 1460 470 524
4756 6398 63659867 1 1460 470 535
4660 6205 63659877 1 1460 470 538
4536 6010 63659887 1 1450 470 540
4397 5814 63659897 1 1450 470 544
4247 5660 63659907 1 1440 480 522
4077 5514 63659917 1 1440 480 477
3929 5374 63659927 1 1430 490 393
3795 5258 63659937 1 1420 490 233
3716 6065 63660048 0 1370 520 341
3814 6152 63660058 1 1370 520 364
3790 6201 63660068 1 1370 520 398
3770 6192 63660078 1 1370 520 392
3745 6145 63660088 1 1380 510 394
3691 6040 63660098 1 1380 510 396
3620 5903 63660108 1 1380 510 399
3534 5744 63660118 1 1400 510 402
3432 5611 63660128 1 1400 510 404
3318 5477 63660138 1 1400 510 407
3189 5340 63660148 1 1400 510 409
3069 5225 63660158 1 1400 510 409
2955 5126 63660168 1 1400 510 409
2889 5059 63660178 1 1400 510 394
2873 5023 63660188 1 1400 510 398
2891 5008 63660198 1 1400 510 393
2954 5003 63660208 1 1410 510 393
3076 5016 63660218 1 1400 520 394
3238 5042 63660228 1 1400 520 394
3426 5066 63660238 1 1400 520 393
3634 5086 63660248 1 1390 520 391
3856 5098 63660258 1 1390 520 396
4063 5104 63660268 1 1390 520 398
4276 5092 63660278 1 1390 520 389
4449 5067 63660288 1 1390 520 415
4592 5014 63660298 1 1390 520 441
4700 4932 63660308 1 1390 520 468
4769 4832 63660318 1 1390 520 499
4812 4709 63660328 1 1390 520 521
4812 4578 63660338 1 1370 530 539
4765 4443 63660348 1 1370 530 564
4683 4263 63660358 1 1370 530 578
4560 4083 63660368 1 1370 530 606
4422 3906 63660378 1 1370 530 625
4275 3732 63660388 1 1370 530 638
4114 3601 63660398 1 1360 540 653
3977 3498 63660408 1 1360 540 665
3855 3414 63660418 1 1360 540 663
3761 3365 63660428 1 1350 540 672
3669 3349 63660438 1 1350 540 664
3595 3356 63660438 1 1350 540 637
3531 3381 63660448 1 1340 550 564
3469 3429 63660458 1 1340 550 443
3411 3492 63660468 1 1340 550 245
2069 4164 63660609 0 1310 540 413
1906 4128 63660619 1 1310 540 418
1894 4235 63660629 1 1340 540 443
1945 4241 63660639 1 1340 540 465
2074 4256 63660649 1 1340 540 472
2263 4277 63660659 1 1340 540 478
2493 4306 63660669 1 1350 530 478
2767 4354 63660679 1 1350 530 477
3028 4415 63660689 1 1350 530 473
3281 4481 63660699 1 1350 530 448
3513 4542 63660709 1 1350 530 413
3725 4596 63660719 1 1340 540 363
3923 4643 63660729 1 1340 540 284
4113 4689 63660739 1 1340 540 117
6466 6192 63660899 0 1400 510 548
6613 6249 63660909 1 1410 500 592
6563 6308 63660919 1 1430 500 585
6568 6356 63660929 1 1440 490 585
6577 6345 63660939 1 1440 490 589
6590 6281 63660949 1 1460 490 595
6585 6182 63660959 1 1460 490 606
6568 6037 63660969 1 1460 490 619
6523 5868 63660979 1 1470 480 634
6459 5683 63660989 1 1470 490 652
6382 5514 63660999 1 1470 490 671
6294 5327 63661009 1 1460 500 672
6210 5129 63661019 1 1480 500 679
6131 4958 63661029 1 1470 510 679
6071 4811 63661039 1 1470 510 678
6024 4679 63661049 1 1460 520 670
5991 4582 63661059 1 1460 520 638
5972 4499 63661069 1 1460 530 554
5961 4426 63661079 1 1460 530 388
5966 4366 63661089 1 1450 540 80
6379 5257 63661209 0 1400 550 543
6522 5315 63661219 1 1410 550 561
6556 5373 63661229 1 1410 550 572
6567 5379 63661239 1 1400 540 605
6631 5379 63661249 1 1400 540 617
6729 5379 63661259 1 1400 540 619
6895 5372 63661269 1 1410 530 617
7050 5372 63661279 1 1410 530 591
7198 5372 63661289 1 1420 540 567
7330 5372 63661299 1 1420 540 536
7421 5365 63661309 1 1420 540 495
7484 5356 63661319 1 1440 540 393
7516 5344 63661329 1 1440 540 209
5254 4250 63661490 0 1420 540 409
5223 4156 63661500 1 1420 540 400
5243 4206 63661510 1 1410 530 415
5283 4194 63661520 1 1410 530 430
5466 4194 63661530 1 1400 530 438
5715 4194 63661540 1 1400 530 441
6007 4217 63661550 1 1390 540 449
6293 4237 63661560 1 1390 540 448
6580 4257 63661570 1 1370 530 467
6869 4277 63661580 1 1390 540 513
7102 4294 63661590 1 1390 540 568
7298 4304 63661600 1 1370 540 606
7484 4304 63661610 1 1390 550 634
7630 4292 63661620 1 1390 550 637
7749 4269 63661630 1 1380 550 640
7843 4244 63661640 1 1390 560 637
7901 4220 63661650 1 1390 560 633
7936 4203 63661660 1 1400 560 591
7941 4191 63661670 1 1420 570 509
7914 4186 63661680 1 1420 570 253
