136
2888 5988 44644335 0 1400 450 56
2888 5988 44644345 1 1400 450 96
2875 6025 44644355 1 1410 450 101
2886 6035 44644365 1 1410 450 137
2938 6054 44644375 1 1410 450 178
3017 6078 44644385 1 1420 450 215
3151 6113 44644395 1 1420 450 228
3308 6148 44644405 1 1430 450 254
3479 6182 44644415 1 1430 450 252
3660 6207 44644425 1 1450 450 269
3823 6207 44644435 1 1450 450 285
3975 6197 44644445 1 1450 450 282
4093 6143 44644455 1 1450 450 304
4174 6042 44644465 1 1450 440 312
4229 5909 44644475 1 1450 440 335
4229 5731 44644485 1 1450 450 339
4184 5539 44644495 1 1450 450 359
4111 5338 44644505 1 1450 450 374
4029 5149 44644515 1 1450 450 399
3950 4988 44644525 1 1450 450 400
3880 4847 44644535 1 1440 460 396
3818 4735 44644545 1 1440 460 402
3766 4666 44644555 1 1440 460 369
3720 4627 44644565 1 1410 460 291
3695 4627 44644575 1 1410 460 48
3808 5600 44644665 0 1370 460 132
3775 5661 44644675 1 1360 460 179
3745 5687 44644685 1 1360 460 170
3712 5656 44644695 1 1360 460 188
3660 5559 44644705 1 1360 460 218
3596 5419 44644715 1 1360 460 245
3515 5223 44644725 1 1360 460 274
3420 5025 44644735 1 1360 460 309
3316 4821 44644745 1 1380 460 346
3209 4651 44644755 1 1380 460 389
3104 4505 44644765 1 1370 460 412
3025 4371 44644775 1 1370 460 415
2963 4275 44644785 1 1380 470 427
2948 4204 44644795 1 1380 470 438
2968 4166 44644805 1 1380 470 458
3012 4145 44644815 1 1380 470 475
3113 4135 44644825 1 1380 470 488
3271 4158 44644835 1 1380 470 498
3466 4203 44644845 1 1380 470 497
3711 4263 44644855 1 1380 470 502
3944 4322 44644865 1 1380 470 502
4170 4379 44644875 1 1380 470 510
4390 4406 44644885 1 1380 470 509
4582 4415 44644895 1 1380 470 510
4755 4391 44644905 1 1390 470 512
4887 4338 44644915 1 1390 470 509
4993 4267 44644925 1 1390 470 514
5082 4176 44644935 1 1390 470 519
5136 4080 44644945 1 1390 470 518
5145 3959 44644955 1 1390 470 538
5123 3824 44644965 1 1390 470 546
5053 3670 44644966 1 1400 480 570
4953 3511 44644976 1 1400 480 581
4833 3348 44644986 1 1400 480 588
4679 3176 44644996 1 1400 480 600
4525 3029 44645006 1 1400 480 603
4393 2899 44645016 1 1420 480 606
4276 2805 44645026 1 1420 480 600
4175 2745 44645036 1 1420 480 572
4079 2709 44645046 1 1420 480 486
3992 2704 44645056 1 1420 480 233
3185 3178 44645146 0 1380 490 86
2922 3110 44645156 1 1380 490 136
2805 3082 44645166 1 1380 490 225
2735 3063 44645176 1 1370 480 279
2696 3046 44645186 1 1370 480 316
2696 3046 44645196 1 1370 480 345
2717 3046 44645206 1 1370 480 381
2755 3040 44645216 1 1370 480 417
2843 3057 44645216 1 1370 480 441
2982 3088 44645226 1 1370 480 450
3155 3138 44645236 1 1370 480 456
3360 3203 44645246 1 1370 480 458
3585 3278 44645256 1 1360 490 453
3824 3362 44645266 1 1360 490 440
4049 3445 44645276 1 1360 490 359
8149 5499 44645637 0 1460 470 176
8174 5504 44645647 1 1470 470 212
8131 5537 44645657 1 1470 470 223
8131 5523 44645667 1 1470 470 244
8138 5450 44645677 1 1470 470 282
8138 5338 44645687 1 1470 470 342
8138 5181 44645697 1 1470 470 391
8125 4980 44645707 1 1460 480 430
8103 4749 44645717 1 1460 480 465
8082 4548 44645727 1 1460 480 485
8062 4333 44645737 1 1450 480 497
8051 4108 44645747 1 1460 490 501
8043 3907 44645757 1 1450 500 501
8043 3735 44645767 1 1450 500 514
8050 3582 44645777 1 1450 500 510
8050 3465 44645787 1 1440 500 502
8050 3362 44645797 1 1440 500 478
8045 3268 44645807 1 1440 500 386
8031 3216 44645817 1 1430 510 218
8032 4120 44645897 0 1410 500 188
8027 4211 44645907 1 1410 500 214
8002 4234 44645917 1 1410 500 272
7983 4265 44645927 1 1410 500 282
7993 4265 44645937 1 1410 500 281
8023 4265 44645947 1 1410 500 296
8106 4273 44645957 1 1420 490 304
8230 4289 44645967 1 1420 490 312
8382 4304 44645977 1 1420 490 316
8528 4315 44645987 1 1420 490 316
8659 4323 44645997 1 1430 490 314
8779 4316 44646007 1 1430 490 287
8874 4299 44646017 1 1440 490 163
6751 3060 44646167 0 1420 470 312
6567 2836 44646177 1 1410 460 359
6475 2821 44646187 1 1410 460 364
6424 2774 44646197 1 1400 460 359
6399 2707 44646207 1 1400 460 361
6415 2672 44646217 1 1390 460 368
6458 2649 44646227 1 1390 460 372
6519 2635 44646237 1 1390 460 399
6646 2635 44646247 1 1390 460 415
6834 2650 44646257 1 1380 470 427
7062 2671 44646267 1 1390 470 433
7332 2697 44646277 1 1390 470 438
7622 2737 44646287 1 1380 480 436
7925 2786 44646297 1 1390 480 441
8190 2851 44646307 1 1390 480 444
8481 2927 44646317 1 1420 480 444
8788 3011 44646327 1 1410 490 446
9065 3071 44646337 1 1420 490 439
9288 3102 44646347 1 1420 490 439
9475 3114 44646357 1 1430 500 448
9611 3100 44646367 1 1430 500 441
9694 3072 44646377 1 1440 500 396
9742 3034 44646387 1 1440 500 144
