120
3703 7059 31531042 0 1240 740 690
3703 7059 31531052 1 1240 740 656
3744 7112 31531062 1 1200 710 659
3792 7112 31531072 1 1160 660 655
3949 7141 31531082 1 1140 610 659
4151 7181 31531092 1 1130 560 647
4383 7232 31531102 1 1140 550 622
4632 7261 31531112 1 1140 530 620
4830 7276 31531122 1 1160 530 617
4993 7240 31531132 1 1170 530 613
5071 7162 31531142 1 1170 530 649
5099 7057 31531152 1 1190 530 691
5094 6867 31531162 1 1200 540 716
5049 6653 31531172 1 1210 550 728
4997 6424 31531182 1 1240 550 740
4940 6205 31531192 1 1250 560 743
4896 6028 31531202 1 1260 570 737
4852 5878 31531212 1 1270 570 727
4806 5742 31531222 1 1270 570 702
4738 5630 31531232 1 1280 580 647
4656 5534 31531242 1 1280 580 564
4562 5434 31531252 1 1270 590 384
4468 5349 31531262 1 1250 590 15
4187 6159 31531352 0 1190 580 560
4223 6172 31531362 1 1190 580 567
4158 6165 31531372 1 1190 580 578
4110 6136 31531382 1 1190 580 578
4059 6060 31531392 1 1190 580 577
3997 5912 31531402 1 1190 580 577
3929 5715 31531412 1 1200 570 584
3849 5531 31531422 1 1200 570 591
3757 5355 31531432 1 1200 570 592
3656 5185 31531452 1 1200 570 595
3578 5074 31531462 1 1190 580 603
3530 5005 31531472 1 1200 580 600
3503 4964 31531482 1 1200 580 584
3516 4969 31531492 1 1180 590 578
3561 4969 31531502 1 1170 590 570
3626 4974 31531512 1 1170 590 564
3757 5023 31531522 1 1150 600 570
3915 5086 31531532 1 1150 600 574
4090 5159 31531542 1 1140 610 578
4310 5205 31531552 1 1140 610 592
4536 5220 31531562 1 1130 610 606
4766 5215 31531572 1 1130 610 625
4963 5170 31531582 1 1130 610 659
5149 5092 31531592 1 1140 620 691
5327 4993 31531602 1 1140 620 719
5463 4859 31531612 1 1140 620 743
5560 4700 31531622 1 1140 620 771
5630 4525 31531632 1 1150 630 784
5648 4319 31531642 1 1130 630 811
5608 4084 31531652 1 1130 630 825
5530 3830 31531662 1 1130 630 860
5413 3571 31531672 1 1130 630 888
5277 3351 31531682 1 1120 640 896
5129 3156 31531692 1 1120 640 908
5014 3008 31531702 1 1120 640 911
4934 2926 31531712 1 1100 650 911
4878 2889 31531722 1 1100 660 885
4839 2884 31531732 1 1100 660 817
4782 2912 31531742 1 1080 660 721
4713 2962 31531752 1 1080 660 583
4615 3037 31531762 1 1080 660 289
2890 3681 31531863 0 1050 620 668
2819 3707 31531873 1 1050 620 666
2801 3734 31531883 1 1050 610 656
2772 3745 31531893 1 1050 610 668
2829 3745 31531903 1 1050 610 671
2970 3775 31531913 1 1040 600 667
3166 3829 31531923 1 1040 600 663
3420 3899 31531933 1 1060 600 649
3704 4005 31531943 1 1070 610 580
4008 4114 31531953 1 1070 610 460
4325 4226 31531963 1 1070 610 275
7946 6228 31532174 0 1130 600 602
8011 6428 31532184 1 1150 600 581
7986 6592 31532194 1 1150 600 567
7986 6668 31532204 1 1160 580 594
8012 6686 31532214 1 1160 580 599
8074 6676 31532224 1 1160 580 638
8139 6584 31532234 1 1160 580 691
8188 6437 31532244 1 1160 580 742
8226 6189 31532254 1 1170 590 774
8244 5883 31532264 1 1180 590 800
8258 5539 31532274 1 1170 590 823
8270 5208 31532284 1 1180 600 830
8276 4900 31532294 1 1190 610 830
8285 4607 31532304 1 1180 620 832
8299 4424 31532314 1 1190 630 806
8306 4285 31532324 1 1190 640 757
8306 4176 31532334 1 1170 650 644
8306 4132 31532344 1 1160 660 389
8222 4735 31532424 0 1040 660 694
8524 4928 31532434 1 1040 660 702
8601 4979 31532444 1 1040 660 765
8723 5001 31532454 1 1040 660 784
8874 5039 31532464 1 1040 660 784
9097 5088 31532474 1 1040 660 783
9323 5144 31532484 1 1040 660 760
9553 5198 31532494 1 1070 670 699
9712 5222 31532504 1 1070 670 594
9824 5222 31532514 1 1070 670 320
6951 3688 31532664 0 1030 690 860
6777 3450 31532674 1 1000 690 782
6791 3391 31532684 1 950 690 788
6884 3341 31532694 1 920 680 794
7175 3334 31532704 1 900 670 799
7598 3420 31532714 1 900 660 790
8110 3567 31532724 1 900 650 796
8665 3702 31532734 1 900 650 794
9162 3785 31532744 1 880 640 811
9621 3833 31532754 1 880 650 817
9978 3818 31532764 1 880 650 848
10196 3782 31532774 1 880 650 864
10322 3732 31532784 1 860 660 863
10381 3695 31532794 1 850 670 849
10403 3684 31532804 1 850 680 802
10403 3690 31532814 1 850 690 699
10381 3728 31532824 1 870 700 396
