295
4946 5704 1256136 0 1070 700 96
4946 5704 1256146 1 1070 700 244
4946 5704 1256156 1 1070 700 249
4946 5704 1256166 1 1070 700 276
4946 5704 1256176 1 1070 700 379
4946 5704 1256186 1 1070 700 461
4946 5704 1256196 1 1070 700 501
4946 5704 1256206 1 1070 700 514
4946 5704 1256216 1 1070 700 505
4946 5704 1256226 1 1070 700 501
4874 5671 1256236 1 1070 700 505
4817 5680 1256246 1 1070 700 489
4752 5686 1256256 1 1070 700 493
4672 5704 1256266 1 1100 700 492
4585 5731 1256276 1 1100 700 501
4494 5752 1256286 1 1100 700 517
4403 5774 1256296 1 1090 690 540
4344 5797 1256306 1 1090 690 567
4306 5814 1256316 1 1090 690 569
4301 5826 1256326 1 1110 690 550
4314 5832 1256336 1 1110 690 543
4340 5878 1256346 1 1140 680 540
4414 5950 1256356 1 1160 680 539
4515 6033 1256366 1 1160 680 529
4634 6110 1256376 1 1190 680 496
4754 6174 1256386 1 1190 680 488
4853 6233 1256396 1 1190 680 485
4939 6298 1256406 1 1220 680 480
5008 6355 1256416 1 1220 680 480
5077 6400 1256426 1 1220 680 485
5145 6442 1256436 1 1220 680 490
5199 6464 1256446 1 1220 680 488
5237 6471 1256456 1 1190 680 490
5263 6471 1256466 1 1190 680 492
5269 6464 1256476 1 1190 680 519
5269 6449 1256486 1 1210 690 532
5263 6417 1256496 1 1210 690 546
5242 6347 1256506 1 1210 690 542
5205 6252 1256516 1 1210 690 568
5156 6088 1256526 1 1210 690 566
5118 5851 1256536 1 1210 690 570
5078 5566 1256546 1 1210 690 551
5038 5216 1256556 1 1180 700 527
4973 4932 1256566 1 1160 700 562
4890 4693 1256576 1 1110 710 594
4800 4546 1256586 1 1080 710 609
4696 4423 1256596 1 1020 720 619
4582 4315 1256606 1 990 720 614
4474 4217 1256616 1 930 710 630
4398 4170 1256626 1 900 710 639
4344 4158 1256636 1 900 710 633
4319 4143 1256646 1 900 710 605
4312 4143 1256656 1 900 710 513
4318 4158 1256666 1 900 710 396
4284 4171 1256676 1 900 710 361
4246 4241 1256686 1 900 710 371
4205 4349 1256696 1 900 710 386
4198 4441 1256706 1 900 700 391
4198 4545 1256716 1 900 700 399
4229 4687 1256726 1 930 700 412
4282 4852 1256736 1 930 690 412
4372 4981 1256746 1 930 690 392
4493 5108 1256756 1 930 690 335
4635 5210 1256766 1 930 700 68
5752 5591 1257378 0 1040 740 191
5752 5591 1257388 1 1040 740 282
5752 5591 1257398 1 1040 740 312
5752 5591 1257408 1 1000 740 362
5752 5591 1257418 1 1000 740 413
5752 5591 1257428 1 1000 740 417
5752 5591 1257438 1 1000 730 418
5752 5591 1257448 1 1000 730 425
5752 5591 1257458 1 1000 730 399
5764 5717 1257468 1 1000 740 422
5771 5810 1257478 1 1000 740 417
5781 5907 1257488 1 1040 740 417
5781 5969 1257498 1 1070 730 422
5781 6001 1257508 1 1070 730 425
5769 6012 1257518 1 1100 730 446
5748 6012 1257528 1 1130 730 456
5720 6012 1257538 1 1160 720 455
5664 5980 1257548 1 1190 720 445
5590 5929 1257558 1 1190 720 452
5503 5829 1257568 1 1190 720 468
5419 5706 1257578 1 1190 720 496
5338 5569 1257588 1 1190 720 514
5260 5425 1257598 1 1150 710 515
5221 5291 1257608 1 1120 720 515
5206 5207 1257618 1 1080 710 520
5206 5153 1257628 1 1080 710 519
5220 5123 1257638 1 1050 710 517
5254 5091 1257648 1 1010 710 512
5301 5068 1257658 1 990 710 501
5382 5051 1257668 1 990 710 478
5458 5081 1257678 1 960 710 453
5531 5139 1257688 1 960 720 420
5623 5217 1257698 1 960 720 393
5711 5355 1257708 1 960 720 376
5790 5467 1257718 1 960 720 374
5864 5561 1257728 1 970 730 377
5911 5635 1257738 1 970 730 393
5938 5679 1257748 1 970 730 391
5951 5704 1257758 1 970 730 428
5951 5698 1257768 1 970 730 458
5945 5692 1257778 1 1000 730 465
5928 5640 1257788 1 1000 730 466
5886 5558 1257798 1 1000 730 465
5842 5408 1257808 1 1000 730 478
5796 5298 1257818 1 1000 730 491
5775 5216 1257828 1 1000 740 496
5775 5172 1257838 1 1000 740 489
5800 5137 1257848 1 970 740 498
5852 5107 1257858 1 970 740 485
5906 5084 1257868 1 970 740 440
5966 5084 1257878 1 970 740 190
6098 5780 1258419 0 1150 690 399
6098 5780 1258429 1 1150 690 412
6098 5780 1258439 1 1150 690 379
6098 5780 1258449 1 1120 700 371
6098 5780 1258459 1 1120 700 373
6098 5780 1258469 1 1120 700 398
6098 5780 1258479 1 1120 700 436
6098 5780 1258489 1 1100 700 456
6199 5772 1258499 1 1100 700 469
6249 5754 1258509 1 1100 700 468
6292 5726 1258519 1 1110 710 480
6321 5691 1258529 1 1110 710 497
6340 5632 1258539 1 1110 710 518
6348 5559 1258549 1 1120 720 527
6340 5471 1258559 1 1090 720 521
6322 5378 1258569 1 1090 720 526
6299 5276 1258579 1 1090 720 526
6277 5223 1258589 1 1060 720 529
6258 5202 1258599 1 1060 720 532
6242 5176 1258609 1 1030 730 524
6242 5176 1258619 1 1030 730 514
6256 5202 1258629 1 1030 730 497
6261 5202 1258639 1 1030 730 501
6271 5211 1258649 1 1020 720 501
6299 5240 1258659 1 1020 720 497
6338 5282 1258669 1 1020 720 483
6388 5348 1258679 1 1020 720 463
6437 5440 1258689 1 1020 720 450
6485 5549 1258699 1 1020 720 443
6535 5631 1258709 1 1030 730 449
6581 5680 1258719 1 1030 730 445
6619 5708 1258729 1 1030 730 456
6651 5716 1258739 1 1030 730 461
6673 5716 1258749 1 1030 730 474
6685 5716 1258759 1 1030 730 474
6685 5716 1258769 1 1060 720 473
6685 5709 1258779 1 1060 720 493
6685 5697 1258789 1 1060 720 492
6676 5640 1258799 1 1060 720 505
6660 5555 1258809 1 1060 720 514
6639 5452 1258819 1 1060 720 517
6619 5363 1258829 1 1060 720 520
6605 5284 1258839 1 1060 720 520
6597 5207 1258849 1 1060 720 501
6597 5186 1258859 1 1030 730 449
6604 5203 1258869 1 1030 730 412
6620 5216 1258879 1 1030 730 392
6643 5235 1258889 1 1000 730 397
6671 5283 1258899 1 1000 730 399
6700 5348 1258909 1 1000 730 399
6733 5419 1258919 1 1000 730 399
6773 5489 1258929 1 1000 730 405
6821 5558 1258939 1 1000 740 417
6877 5625 1258949 1 1000 740 422
6938 5686 1258959 1 1040 740 417
6980 5716 1258969 1 1040 740 423
6999 5726 1258979 1 1040 740 417
6999 5726 1258989 1 1040 740 442
6999 5716 1258999 1 1040 740 480
6993 5709 1259009 1 1070 730 492
6982 5670 1259019 1 1070 730 501
6965 5617 1259029 1 1070 730 501
6949 5554 1259039 1 1080 740 517
6933 5528 1259049 1 1080 740 519
6933 5476 1259059 1 1080 740 517
6928 5406 1259069 1 1080 740 519
6923 5327 1259079 1 1080 740 499
6930 5259 1259089 1 1050 750 498
6940 5226 1259099 1 1060 750 468
6958 5212 1259109 1 1060 750 470
6982 5196 1259119 1 1060 750 469
7014 5186 1259129 1 1060 750 463
7049 5181 1259139 1 1060 750 456
7089 5194 1259149 1 1020 760 463
7131 5219 1259159 1 1020 760 448
7179 5252 1259169 1 1020 760 420
7243 5330 1259179 1 1020 760 392
7317 5415 1259189 1 1020 760 394
7374 5504 1259199 1 1020 760 396
7410 5572 1259209 1 1020 760 409
7432 5619 1259219 1 1020 760 443
7432 5653 1259229 1 1020 760 473
7432 5673 1259239 1 1010 750 493
7432 5690 1259249 1 1010 750 488
7424 5705 1259259 1 1010 750 473
7407 5718 1259269 1 1010 750 439
7384 5718 1259279 1 1010 750 446
7348 5708 1259289 1 1010 750 443
7308 5683 1259299 1 1010 750 447
7265 5633 1259309 1 1010 750 456
7230 5581 1259319 1 1010 750 458
7197 5527 1259329 1 1050 750 465
7171 5475 1259339 1 1050 750 469
7150 5422 1259349 1 1050 750 473
7145 5377 1259359 1 1050 750 465
7145 5338 1259369 1 1050 750 470
7156 5304 1259379 1 1050 750 472
7167 5260 1259389 1 1060 750 465
7182 5210 1259399 1 1060 750 466
7214 5183 1259409 1 1060 750 452
7257 5161 1259419 1 1020 760 444
7296 5143 1259429 1 1020 760 417
7334 5159 1259439 1 1020 760 394
7370 5174 1259449 1 1030 770 379
7410 5192 1259459 1 990 770 364
7455 5233 1259469 1 990 770 369
7507 5288 1259479 1 990 770 371
7577 5354 1259489 1 990 770 369
7657 5417 1259499 1 990 770 361
7737 5475 1259509 1 990 770 336
7815 5534 1259519 1 990 770 311
7893 5602 1259529 1 1030 770 317
7960 5675 1259539 1 1030 770 338
8019 5741 1259549 1 1030 770 382
8061 5804 1259559 1 1030 770 417
8093 5847 1259569 1 1030 770 415
8117 5878 1259579 1 1030 770 420
8133 5903 1259589 1 1070 760 425
8142 5930 1259599 1 1070 760 422
8142 5955 1259609 1 1110 760 415
8142 5970 1259619 1 1090 750 425
8117 5980 1259629 1 1130 750 435
8085 5990 1259639 1 1130 750 446
8037 6001 1259649 1 1130 750 474
7971 6001 1259659 1 1160 740 490
7894 5976 1259669 1 1160 740 491
7828 5944 1259679 1 1160 740 489
7768 5907 1259689 1 1190 740 491
7719 5850 1259699 1 1160 740 465
7674 5779 1259709 1 1160 740 461
7631 5715 1259719 1 1160 740 474
7589 5661 1259729 1 1130 750 480
7548 5614 1259739 1 1130 750 478
7524 5584 1259749 1 1090 750 477
7513 5561 1259759 1 1090 750 465
7513 5544 1259769 1 1060 750 453
7513 5512 1259779 1 1060 750 442
7523 5491 1259789 1 1060 750 442
7549 5477 1259799 1 1060 750 439
7588 5464 1259809 1 1060 750 439
7621 5458 1259819 1 1060 750 443
7659 5458 1259829 1 1060 750 447
7705 5458 1259839 1 1060 750 445
7751 5453 1259849 1 1060 750 447
7799 5448 1259859 1 1060 750 452
7858 5441 1259869 1 1070 760 453
7924 5430 1259879 1 1070 760 456
7990 5414 1259889 1 1070 760 471
8053 5391 1259899 1 1080 770 474
8107 5355 1259909 1 1080 770 471
8155 5311 1259919 1 1080 770 471
8189 5272 1259929 1 1080 770 473
8215 5234 1259939 1 1080 770 480
8236 5194 1259949 1 1080 770 496
8254 5157 1259959 1 1080 770 520
8264 5121 1259969 1 1100 780 559
8269 5073 1259979 1 1100 780 564
8260 5016 1259989 1 1100 780 570
8225 4933 1259999 1 1100 780 564
8172 4833 1260009 1 1100 780 567
8094 4723 1260019 1 1160 790 575
7996 4612 1260029 1 1160 790 580
7885 4516 1260039 1 1160 790 583
7763 4431 1260049 1 1190 800 591
7650 4366 1260059 1 1190 800 585
7544 4301 1260069 1 1240 790 600
7422 4237 1260079 1 1270 800 600
7299 4184 1260089 1 1270 800 608
7177 4138 1260099 1 1270 800 608
7056 4087 1260109 1 1270 800 597
6958 4052 1260119 1 1270 800 588
6875 4029 1260129 1 1270 800 570
6814 4023 1260139 1 1270 800 560
6775 4023 1260149 1 1270 800 560
6750 4032 1260159 1 1270 800 569
6750 4032 1260169 1 1270 800 572
6750 4032 1260179 1 1270 800 562
6750 4039 1260189 1 1240 790 517
6760 4039 1260199 1 1240 790 442
6802 4039 1260209 1 1240 790 279
