181
3342 5489 44690882 0 1350 670 81
3386 5495 44690892 1 1320 640 134
3344 5502 44690902 1 1320 610 139
3310 5507 44690922 1 1340 580 141
3281 5380 44690932 1 1340 560 146
3226 5202 44690942 1 1340 550 148
3135 4990 44690952 1 1340 520 149
3021 4719 44690962 1 1330 510 153
2913 4481 44690972 1 1330 480 158
2830 4264 44690982 1 1330 470 161
2763 4098 44690992 1 1330 460 165
2725 4002 44691002 1 1330 460 165
2711 3953 44691012 1 1320 470 175
2711 3953 44691022 1 1320 470 170
2725 4008 44691032 1 1320 480 117
2760 4098 44691042 1 1320 480 48
3015 4959 44691082 0 1310 480 18
3135 5218 44691092 1 1310 480 20
3172 5245 44691102 1 1310 480 37
3200 5220 44691112 1 1310 480 47
3221 5160 44691122 1 1310 480 101
3237 5053 44691132 1 1320 480 139
3249 4891 44691142 1 1320 480 165
3263 4692 44691152 1 1320 480 186
3280 4521 44691162 1 1320 480 173
3304 4349 44691172 1 1330 470 178
3333 4178 44691182 1 1330 470 180
3367 4043 44691192 1 1330 470 176
3403 3929 44691202 1 1330 470 175
3441 3847 44691212 1 1330 470 148
4356 5071 44691322 0 1280 470 188
4464 5164 44691332 1 1280 470 217
4464 5183 44691342 1 1300 470 218
4454 5174 44691352 1 1310 470 222
4438 5122 44691362 1 1310 470 214
4393 5032 44691372 1 1320 470 216
4330 4916 44691382 1 1320 470 232
4244 4746 44691392 1 1320 470 251
4143 4590 44691402 1 1320 470 247
4033 4444 44691412 1 1330 460 250
3943 4285 44691422 1 1340 470 257
3873 4162 44691432 1 1330 470 259
3816 4063 44691442 1 1330 470 257
3785 4004 44691452 1 1330 470 250
3774 3982 44691462 1 1330 470 251
3774 3982 44691472 1 1320 480 170
4201 4979 44691563 0 1300 480 153
4356 5101 44691573 1 1300 480 156
4390 5101 44691583 1 1310 470 168
4399 5084 44691593 1 1310 470 177
4399 4986 44691603 1 1310 470 175
4399 4860 44691613 1 1310 470 202
4399 4716 44691623 1 1320 470 225
4399 4603 44691633 1 1320 470 247
4410 4485 44691643 1 1320 470 275
4425 4362 44691653 1 1320 470 276
4447 4257 44691663 1 1320 470 287
4480 4164 44691673 1 1320 470 294
4521 4101 44691683 1 1320 470 304
4569 4066 44691693 1 1320 470 314
4626 4051 44691703 1 1310 470 339
4704 4073 44691713 1 1320 480 344
4796 4144 44691723 1 1320 480 334
4890 4249 44691733 1 1310 480 333
4991 4372 44691743 1 1310 480 339
5100 4469 44691753 1 1310 480 339
5206 4549 44691763 1 1320 490 336
5291 4599 44691773 1 1320 490 334
5363 4644 44691783 1 1320 490 333
5420 4684 44691793 1 1320 490 334
5460 4723 44691803 1 1320 490 336
5489 4763 44691813 1 1330 500 336
5489 4808 44691823 1 1330 500 339
5471 4857 44691833 1 1330 500 353
5438 4875 44691843 1 1330 500 358
5387 4856 44691853 1 1330 500 368
5324 4812 44691863 1 1350 500 364
5253 4719 44691873 1 1350 500 374
5178 4597 44691883 1 1350 500 377
5103 4457 44691893 1 1350 500 382
5054 4315 44691903 1 1350 500 382
5022 4216 44691913 1 1350 500 382
5022 4146 44691923 1 1350 500 384
5042 4119 44691933 1 1350 500 393
5078 4119 44691943 1 1350 500 393
5130 4136 44691953 1 1340 490 394
5198 4206 44691963 1 1340 490 396
5277 4308 44691973 1 1340 490 396
5352 4431 44691983 1 1330 500 398
5401 4516 44691993 1 1330 500 396
5432 4547 44692003 1 1330 500 394
5432 4547 44692013 1 1330 500 389
5440 4524 44692023 1 1320 500 391
5440 4473 44692033 1 1320 500 394
5440 4402 44692043 1 1320 500 396
5435 4327 44692053 1 1320 500 397
5435 4260 44692063 1 1320 500 396
5449 4212 44692073 1 1320 500 397
5477 4175 44692083 1 1320 500 397
5515 4151 44692093 1 1330 500 397
5563 4151 44692103 1 1330 500 394
5629 4160 44692113 1 1320 500 392
5708 4202 44692123 1 1320 500 389
5803 4276 44692133 1 1320 500 388
5885 4371 44692143 1 1320 500 388
5957 4482 44692153 1 1320 500 389
6027 4593 44692163 1 1330 510 389
6082 4675 44692173 1 1330 510 391
6127 4738 44692183 1 1330 510 389
6146 4753 44692193 1 1340 500 391
6157 4747 44692203 1 1340 500 396
6163 4726 44692213 1 1350 510 400
6170 4670 44692223 1 1350 510 404
6170 4596 44692233 1 1350 510 412
6158 4509 44692243 1 1350 510 417
6140 4411 44692253 1 1350 510 420
6121 4323 44692263 1 1360 510 415
6102 4241 44692273 1 1360 510 415
6096 4192 44692283 1 1360 510 417
6096 4168 44692293 1 1360 510 417
6096 4162 44692303 1 1360 510 431
6096 4162 44692313 1 1360 510 438
6109 4203 44692323 1 1360 510 443
6143 4265 44692333 1 1360 510 443
6193 4360 44692343 1 1360 510 441
6253 4454 44692353 1 1360 510 440
6315 4543 44692363 1 1350 520 436
6383 4623 44692373 1 1350 520 431
6456 4692 44692383 1 1350 520 414
6533 4753 44692393 1 1350 520 394
6607 4790 44692403 1 1360 510 340
6677 4813 44692413 1 1360 510 267
6744 4823 44692423 1 1360 510 200
6817 4829 44692433 1 1360 510 125
6893 4837 44692443 1 1360 510 88
6960 4849 44692453 1 1370 510 66
7020 4868 44692463 1 1370 510 66
7077 4889 44692473 1 1380 510 68
7116 4911 44692483 1 1380 510 76
7144 4911 44692493 1 1380 510 109
7144 4911 44692503 1 1400 510 141
7129 4903 44692513 1 1410 510 173
7101 4880 44692523 1 1410 510 218
7067 4836 44692533 1 1410 510 242
7037 4780 44692543 1 1420 500 260
7013 4725 44692553 1 1420 520 285
6995 4669 44692563 1 1420 520 287
6983 4613 44692573 1 1420 520 296
6983 4576 44692583 1 1420 520 307
7001 4550 44692593 1 1410 520 312
7020 4537 44692603 1 1410 520 339
7056 4546 44692613 1 1410 520 334
7104 4571 44692623 1 1400 530 338
7174 4629 44692633 1 1400 530 348
7259 4697 44692643 1 1400 530 361
7354 4773 44692653 1 1400 530 361
7440 4854 44692663 1 1400 530 369
7501 4906 44692673 1 1390 540 371
7545 4940 44692683 1 1390 540 372
7570 4951 44692693 1 1390 540 376
7582 4939 44692703 1 1390 540 394
7582 4913 44692713 1 1390 540 413
7568 4839 44692723 1 1400 530 440
7536 4727 44692733 1 1400 530 464
7493 4591 44692743 1 1400 530 488
7443 4432 44692753 1 1400 530 499
7388 4247 44692763 1 1400 530 514
7329 4044 44692773 1 1400 530 515
7248 3840 44692783 1 1400 530 520
7151 3593 44692793 1 1400 530 515
7043 3317 44692803 1 1400 530 513
6917 2998 44692813 1 1390 540 512
6768 2686 44692823 1 1390 540 520
6603 2379 44692833 1 1370 540 522
6451 2094 44692843 1 1360 540 515
6314 1866 44692853 1 1350 540 510
6187 1675 44692863 1 1340 550 502
6096 1551 44692873 1 1320 550 489
6045 1500 44692883 1 1290 560 431
6020 1500 44692893 1 1270 560 310
6020 1546 44692903 1 1260 570 96
