181
3178 6395 24775899 0 1360 560 217
3239 6510 24775909 1 1380 570 285
3225 6550 24775919 1 1380 580 329
3213 6564 24775929 1 1380 580 342
3213 6564 24775939 1 1390 580 358
3213 6494 24775949 1 1390 580 376
3206 6362 24775959 1 1400 580 422
3198 6186 24775969 1 1420 580 471
3172 5949 24775979 1 1420 580 501
3133 5660 24775989 1 1420 580 533
3074 5337 24775999 1 1430 590 556
3011 4988 24776009 1 1420 590 583
2945 4697 24776019 1 1420 590 614
2887 4444 24776029 1 1410 600 647
2833 4267 24776039 1 1390 610 668
2799 4141 24776049 1 1380 610 673
2777 4048 24776059 1 1370 620 670
2767 3998 24776069 1 1350 630 643
2767 3976 24776079 1 1330 630 568
2784 3976 24776089 1 1320 640 336
3284 6246 24776219 0 1300 630 389
3433 6386 24776229 1 1320 630 455
3439 6430 24776239 1 1330 620 466
3394 6452 24776249 1 1350 620 471
3401 6417 24776259 1 1350 600 473
3426 6344 24776269 1 1380 600 493
3462 6195 24776279 1 1380 600 514
3503 5984 24776289 1 1390 600 538
3544 5731 24776299 1 1390 600 561
3587 5479 24776309 1 1410 590 591
3625 5210 24776319 1 1410 590 606
3661 4931 24776329 1 1410 590 624
3692 4688 24776339 1 1390 600 647
3718 4521 24776349 1 1390 600 675
3740 4404 24776359 1 1380 600 678
3760 4311 24776369 1 1360 610 681
3780 4246 24776379 1 1350 620 675
3798 4199 24776389 1 1330 620 673
3814 4179 24776399 1 1320 630 646
3833 4179 24776409 1 1300 630 560
3857 4197 24776419 1 1290 640 376
4517 6123 24776520 0 1290 640 513
4646 6225 24776530 1 1300 630 599
4651 6281 24776540 1 1300 630 617
4640 6274 24776550 1 1320 630 616
4622 6225 24776560 1 1330 620 625
4577 6039 24776570 1 1350 620 628
4514 5796 24776580 1 1350 620 647
4393 5514 24776590 1 1360 610 665
4269 5244 24776600 1 1360 610 684
4142 4998 24776610 1 1360 610 702
4039 4797 24776620 1 1360 610 707
3941 4618 24776630 1 1360 610 721
3870 4498 24776640 1 1370 620 716
3814 4415 24776650 1 1370 620 708
3790 4357 24776660 1 1350 630 696
3785 4339 24776670 1 1330 630 673
3792 4339 24776680 1 1300 630 594
3818 4353 24776690 1 1300 630 448
3862 4432 24776700 1 1290 640 208
4313 5853 24776780 0 1250 640 160
4438 6115 24776790 1 1250 640 402
4460 6196 24776800 1 1270 630 512
4453 6269 24776810 1 1290 630 537
4453 6269 24776820 1 1300 620 544
4458 6269 24776830 1 1330 620 554
4471 6197 24776840 1 1350 620 580
4491 6084 24776850 1 1350 620 617
4498 5879 24776860 1 1360 610 658
4504 5621 24776870 1 1360 610 691
4504 5328 24776880 1 1360 610 699
4512 5005 24776890 1 1380 600 708
4518 4734 24776900 1 1360 610 731
4529 4497 24776910 1 1360 610 748
4541 4347 24776920 1 1360 610 771
4551 4234 24776930 1 1350 620 793
4561 4145 24776940 1 1330 620 793
4571 4094 24776950 1 1320 630 790
4581 4068 24776960 1 1300 630 784
4587 4059 24776970 1 1290 640 767
4587 4059 24776980 1 1270 640 719
4604 4070 24776990 1 1250 650 602
4621 4095 24777000 1 1230 650 369
5882 5194 24777461 0 1350 640 251
5937 5224 24777471 1 1330 650 310
5945 5286 24777481 1 1330 660 342
5945 5378 24777491 1 1330 670 348
5934 5438 24777501 1 1330 670 381
5913 5476 24777511 1 1330 690 458
5885 5517 24777521 1 1350 680 519
5846 5532 24777531 1 1350 680 536
5783 5532 24777541 1 1350 680 568
5705 5478 24777551 1 1370 670 583
5622 5367 24777561 1 1350 670 597
5540 5218 24777571 1 1350 670 624
5458 5042 24777581 1 1350 670 645
5390 4864 24777591 1 1350 670 637
5349 4724 24777601 1 1310 670 647
5325 4610 24777611 1 1310 670 653
5332 4551 24777621 1 1310 670 656
5357 4515 24777631 1 1300 670 661
5394 4494 24777641 1 1300 670 659
5449 4499 24777651 1 1300 670 662
5524 4553 24777661 1 1280 660 656
5612 4641 24777671 1 1280 660 638
5704 4767 24777681 1 1260 670 638
5782 4913 24777691 1 1260 670 645
5850 5073 24777701 1 1240 660 641
5890 5171 24777711 1 1240 670 649
5912 5216 24777721 1 1240 670 656
5921 5226 24777731 1 1240 670 671
5927 5220 24777741 1 1240 670 688
5935 5166 24777751 1 1240 670 696
5935 5080 24777761 1 1250 680 699
5925 4954 24777771 1 1250 680 697
5920 4838 24777781 1 1280 680 690
5920 4728 24777791 1 1280 680 699
5920 4660 24777801 1 1280 680 675
5931 4616 24777811 1 1280 680 616
5949 4587 24777821 1 1290 680 483
5973 4576 24777831 1 1290 680 54
6464 5444 24777932 0 1290 680 583
6569 5452 24777942 1 1290 680 638
6575 5462 24777952 1 1290 680 658
6584 5406 24777962 1 1290 680 670
6593 5307 24777972 1 1310 680 667
6603 5144 24777982 1 1310 680 668
6603 5008 24777992 1 1310 680 671
6597 4890 24778002 1 1310 680 673
6578 4793 24778012 1 1330 670 690
6552 4714 24778022 1 1330 670 699
6522 4648 24778032 1 1330 670 700
6509 4604 24778042 1 1310 680 697
6502 4586 24778052 1 1310 680 687
6502 4586 24778062 1 1310 680 670
6502 4586 24778072 1 1290 680 668
6530 4639 24778082 1 1290 680 656
6571 4725 24778092 1 1270 690 646
6636 4871 24778102 1 1270 690 649
6716 5013 24778112 1 1270 690 655
6807 5153 24778122 1 1270 690 664
6915 5261 24778132 1 1270 690 669
7013 5335 24778142 1 1290 700 696
7103 5386 24778152 1 1290 700 694
7200 5410 24778162 1 1290 700 697
7295 5429 24778172 1 1290 700 700
7381 5441 24778182 1 1290 700 707
7460 5454 24778192 1 1290 700 713
7527 5465 24778202 1 1290 700 724
7569 5465 24778212 1 1310 710 725
7593 5459 24778222 1 1330 700 746
7614 5423 24778232 1 1330 700 752
7627 5371 24778242 1 1330 700 763
7635 5294 24778252 1 1330 700 761
7644 5233 24778262 1 1350 710 761
7656 5182 24778272 1 1350 710 763
7672 5151 24778282 1 1350 710 750
7691 5134 24778292 1 1350 710 760
7714 5127 24778302 1 1350 710 758
7745 5137 24778312 1 1350 710 754
7809 5191 24778322 1 1350 710 748
7895 5275 24778332 1 1370 710 742
7991 5388 24778342 1 1370 710 728
8083 5519 24778352 1 1370 710 724
8173 5661 24778362 1 1400 720 728
8243 5763 24778372 1 1400 720 733
8267 5800 24778382 1 1370 730 743
8260 5795 24778392 1 1400 730 754
8260 5780 24778402 1 1400 730 757
8250 5690 24778412 1 1400 730 762
8208 5550 24778422 1 1400 730 770
8142 5331 24778432 1 1430 740 802
8039 5053 24778442 1 1430 740 839
7936 4737 24778452 1 1430 740 858
7837 4427 24778462 1 1430 740 876
7745 4115 24778472 1 1430 740 882
7651 3855 24778482 1 1400 750 882
7554 3630 24778492 1 1400 750 882
7449 3494 24778502 1 1380 750 857
7334 3412 24778512 1 1350 760 762
7211 3367 24778522 1 1290 760 473
