181
4151 6942 31581645 0 1000 500 702
4248 6994 31581655 1 1020 490 676
4205 6979 31581665 1 1030 440 676
4094 6946 31581675 1 1040 390 687
3970 6727 31581685 1 1040 340 694
3836 6440 31581695 1 1020 300 719
3747 6109 31581705 1 1030 320 727
3633 5759 31581715 1 1030 340 746
3501 5459 31581725 1 1040 360 760
3406 5192 31581735 1 1050 380 763
3328 4966 31581745 1 1050 400 760
3261 4794 31581755 1 1060 420 755
3212 4657 31581765 1 1060 440 730
3190 4599 31581775 1 1060 460 636
3185 4592 31581785 1 1060 480 568
3212 4618 31581795 1 1070 500 450
3283 4723 31581805 1 1070 520 376
3383 4920 31581815 1 1080 540 338
3509 5178 31581825 1 1080 560 335
3658 5506 31581835 1 1090 570 337
3823 5846 31581845 1 1080 580 364
3947 6194 31581855 1 1090 590 468
4052 6497 31581865 1 1090 590 554
4144 6635 31581875 1 1090 590 589
4185 6664 31581885 1 1100 580 641
4214 6653 31581895 1 1100 580 699
4236 6547 31581905 1 1120 580 737
4274 6378 31581915 1 1120 580 754
4309 6156 31581925 1 1130 570 765
4323 5916 31581935 1 1140 570 763
4323 5663 31581945 1 1140 570 767
4300 5441 31581955 1 1150 580 767
4256 5237 31581965 1 1160 570 763
4198 5046 31581975 1 1160 570 760
4137 4905 31581985 1 1160 570 749
4083 4829 31581995 1 1160 570 693
4071 4796 31582005 1 1150 580 613
4085 4820 31582015 1 1150 580 553
4139 4933 31582025 1 1150 580 464
4238 5106 31582035 1 1130 580 344
4367 5359 31582045 1 1120 580 270
4503 5651 31582055 1 1120 580 264
4639 5969 31582065 1 1100 580 320
4743 6222 31582075 1 1100 580 450
4825 6378 31582085 1 1100 580 562
4843 6470 31582095 1 1110 590 639
4837 6465 31582105 1 1110 590 652
4814 6379 31582115 1 1130 590 675
4764 6239 31582125 1 1130 590 699
4686 6010 31582135 1 1130 590 721
4590 5769 31582145 1 1140 590 737
4483 5520 31582155 1 1140 590 739
4376 5280 31582165 1 1140 590 737
4274 5089 31582175 1 1140 590 733
4174 4931 31582185 1 1140 590 721
4112 4854 31582195 1 1140 590 676
4095 4841 31582205 1 1140 590 594
4107 4872 31582215 1 1140 590 489
4150 4982 31582225 1 1130 590 353
4238 5159 31582235 1 1130 590 196
4356 5381 31582245 1 1130 590 98
4486 5643 31582255 1 1110 590 101
4620 5903 31582265 1 1100 580 252
4756 6162 31582275 1 1090 590 394
4860 6255 31582285 1 1090 590 497
4942 6272 31582295 1 1080 580 619
5010 6238 31582305 1 1080 580 699
5077 6145 31582315 1 1090 570 736
5145 6002 31582325 1 1090 570 767
5198 5825 31582335 1 1110 570 784
5242 5649 31582345 1 1120 580 790
5258 5479 31582356 1 1120 580 785
5258 5313 31582366 1 1120 580 773
5238 5157 31582376 1 1120 580 749
5220 5036 31582386 1 1120 580 697
5206 4938 31582396 1 1130 590 668
5242 4911 31582406 1 1130 590 644
5309 4911 31582416 1 1130 590 624
5410 4936 31582426 1 1130 590 589
5541 5013 31582436 1 1130 590 559
5693 5123 31582446 1 1130 600 524
5845 5255 31582456 1 1120 600 513
5950 5410 31582466 1 1120 600 513
6023 5561 31582476 1 1100 600 536
6060 5702 31582486 1 1100 600 592
6060 5805 31582496 1 1100 600 682
6039 5884 31582506 1 1110 610 721
6010 5893 31582516 1 1110 610 734
5968 5853 31582526 1 1130 610 736
5918 5781 31582536 1 1130 610 739
5852 5655 31582546 1 1130 610 751
5777 5528 31582556 1 1140 610 767
5695 5402 31582566 1 1140 610 777
5638 5303 31582576 1 1140 610 777
5613 5219 31582586 1 1140 610 768
5613 5185 31582596 1 1140 610 758
5627 5168 31582606 1 1140 610 722
5663 5163 31582616 1 1140 610 691
5710 5196 31582626 1 1140 610 670
5785 5283 31582626 1 1140 610 638
5871 5406 31582636 1 1140 610 606
5964 5534 31582646 1 1130 610 592
6053 5658 31582656 1 1130 610 594
6115 5733 31582666 1 1130 610 600
6159 5777 31582676 1 1110 610 638
6171 5771 31582686 1 1110 610 696
6171 5710 31582696 1 1110 610 722
6171 5612 31582706 1 1110 610 722
6171 5492 31582716 1 1110 610 719
6171 5396 31582726 1 1110 610 714
6183 5315 31582736 1 1110 610 705
6203 5280 31582746 1 1110 610 691
6226 5275 31582756 1 1120 620 665
6251 5289 31582766 1 1120 620 625
6290 5344 31582776 1 1120 620 595
6348 5421 31582786 1 1120 620 540
6419 5514 31582796 1 1120 620 494
6491 5603 31582806 1 1120 620 490
6560 5689 31582816 1 1120 620 492
6610 5737 31582826 1 1120 620 546
6648 5760 31582836 1 1120 620 628
6666 5744 31582846 1 1120 620 691
6675 5689 31582856 1 1120 620 716
6675 5609 31582866 1 1120 620 733
6675 5512 31582876 1 1120 620 753
6661 5414 31582886 1 1120 620 780
6647 5332 31582896 1 1120 620 793
6640 5261 31582906 1 1120 620 791
6635 5235 31582916 1 1120 620 779
6635 5227 31582926 1 1120 620 776
6635 5232 31582936 1 1120 620 758
6635 5264 31582946 1 1120 620 724
6647 5338 31582956 1 1120 620 700
6681 5439 31582966 1 1120 620 700
6730 5542 31582976 1 1120 620 696
6805 5637 31582986 1 1120 620 688
6885 5707 31582996 1 1130 630 670
6962 5764 31583006 1 1130 630 634
7034 5805 31583016 1 1130 630 589
7111 5833 31583026 1 1130 630 537
7189 5853 31583036 1 1130 630 498
7270 5874 31583046 1 1160 640 467
7356 5904 31583056 1 1170 630 473
7441 5939 31583066 1 1170 630 468
7510 5972 31583076 1 1190 630 541
7570 5978 31583086 1 1190 630 613
7613 5967 31583097 1 1190 630 711
7639 5904 31583107 1 1210 630 780
7654 5786 31583117 1 1220 630 832
7654 5631 31583127 1 1220 630 860
7659 5477 31583137 1 1240 630 882
7659 5324 31583147 1 1240 630 887
7659 5174 31583157 1 1240 630 884
7659 5085 31583167 1 1240 630 876
7672 5033 31583177 1 1220 630 848
7684 5021 31583187 1 1220 630 799
7695 5033 31583197 1 1220 630 761
7729 5060 31583207 1 1200 640 667
7778 5145 31583217 1 1200 640 527
7869 5269 31583227 1 1200 650 384
7973 5419 31583237 1 1180 650 317
8086 5570 31583247 1 1180 650 304
8193 5693 31583257 1 1160 660 394
8267 5798 31583267 1 1160 660 524
8319 5821 31583277 1 1150 670 652
8319 5787 31583287 1 1150 670 736
8285 5716 31583297 1 1150 670 784
8220 5569 31583307 1 1150 670 849
8114 5356 31583317 1 1150 670 893
7952 5098 31583327 1 1150 670 944
7752 4770 31583337 1 1150 670 959
7500 4390 31583347 1 1150 670 977
7218 3975 31583357 1 1120 670 980
6915 3527 31583367 1 1120 670 992
6624 3134 31583377 1 1100 680 988
6383 2778 31583387 1 1080 680 988
6175 2530 31583397 1 1050 670 985
6051 2405 31583407 1 1020 680 924
6007 2363 31583417 1 990 670 788
6015 2377 31583427 1 950 670 581
6059 2467 31583437 1 920 660 55
