222
2255 6138 64616002 0 1350 800 259
2255 6280 64616012 1 1350 800 325
2226 6330 64616022 1 1350 800 349
2180 6364 64616032 1 1350 790 364
2180 6370 64616042 1 1350 760 371
2174 6357 64616052 1 1350 750 376
2174 6304 64616062 1 1350 730 399
2182 6204 64616072 1 1350 710 417
2198 6072 64616082 1 1350 690 458
2219 5890 64616092 1 1330 670 496
2257 5666 64616102 1 1330 660 527
2306 5414 64616112 1 1330 650 570
2362 5127 64616122 1 1320 630 592
2423 4839 64616132 1 1320 610 614
2493 4592 64616142 1 1290 600 622
2568 4372 64616152 1 1290 590 628
2643 4169 64616162 1 1300 580 633
2718 4020 64616172 1 1280 570 634
2779 3908 64616182 1 1270 560 624
2830 3827 64616192 1 1260 560 617
2875 3790 64616202 1 1250 560 515
2906 3783 64616212 1 1250 560 223
2999 5416 64616323 0 1210 550 184
3033 5509 64616333 1 1210 550 259
3028 5534 64616343 1 1200 540 265
3017 5534 64616353 1 1220 540 291
3006 5480 64616363 1 1220 540 335
2992 5392 64616373 1 1220 540 369
2969 5243 64616383 1 1230 530 402
2941 5059 64616393 1 1230 530 430
2911 4852 64616403 1 1230 530 461
2872 4628 64616413 1 1250 540 490
2827 4422 64616423 1 1250 540 533
2765 4229 64616433 1 1240 540 572
2689 4042 64616443 1 1250 550 600
2604 3873 64616453 1 1250 550 625
2510 3716 64616463 1 1240 550 655
2416 3602 64616473 1 1240 550 675
2323 3523 64616483 1 1220 560 699
2232 3468 64616493 1 1220 560 700
2145 3449 64616503 1 1210 560 717
2063 3473 64616513 1 1190 560 728
2008 3525 64616523 1 1190 560 722
1970 3614 64616533 1 1190 560 721
1959 3745 64616543 1 1180 570 721
1983 3905 64616553 1 1180 570 722
2030 4084 64616563 1 1160 570 719
2109 4275 64616573 1 1160 570 721
2203 4473 64616583 1 1160 560 717
2307 4644 64616593 1 1160 560 713
2420 4827 64616603 1 1160 560 716
2562 5017 64616613 1 1160 560 714
2724 5208 64616623 1 1170 560 716
2874 5394 64616633 1 1170 560 719
3045 5577 64616643 1 1170 560 719
3230 5714 64616653 1 1180 560 717
3397 5845 64616663 1 1200 550 719
3566 5946 64616673 1 1200 540 717
3737 6030 64616683 1 1220 540 719
3871 6075 64616693 1 1230 530 722
3994 6088 64616703 1 1240 530 724
4110 6081 64616713 1 1250 530 724
4204 6036 64616723 1 1270 520 720
4265 5949 64616733 1 1280 520 728
4303 5834 64616743 1 1280 520 730
4312 5705 64616753 1 1280 520 731
4312 5574 64616763 1 1290 510 721
4295 5428 64616773 1 1290 510 720
4300 5273 64616783 1 1290 510 721
4308 5141 64616793 1 1290 510 720
4333 5022 64616803 1 1290 510 721
4369 4911 64616813 1 1290 510 720
4421 4803 64616823 1 1290 510 720
4479 4711 64616833 1 1290 510 720
4547 4631 64616843 1 1280 520 721
4619 4560 64616853 1 1280 520 721
4681 4489 64616863 1 1270 520 721
4738 4419 64616873 1 1270 520 721
4772 4341 64616883 1 1270 530 725
4783 4263 64616893 1 1270 530 728
4778 4188 64616903 1 1270 530 730
4739 4116 64616913 1 1270 530 731
4672 4047 64616923 1 1250 540 736
4587 3977 64616934 1 1250 540 740
4474 3908 64616944 1 1250 540 746
4344 3843 64616954 1 1260 540 751
4203 3782 64616964 1 1260 540 749
4053 3743 64616974 1 1260 540 751
3915 3737 64616984 1 1260 540 752
3808 3752 64616994 1 1250 540 758
3716 3790 64617004 1 1260 540 757
3645 3844 64617014 1 1260 540 760
3603 3909 64617024 1 1260 540 761
3581 3997 64617034 1 1260 540 761
3599 4113 64617044 1 1250 550 756
3660 4248 64617054 1 1240 540 761
3749 4402 64617064 1 1240 540 761
3851 4542 64617074 1 1240 540 760
3977 4672 64617084 1 1240 540 761
4118 4806 64617094 1 1230 530 751
4282 4938 64617104 1 1230 530 757
4445 5070 64617114 1 1240 530 756
4608 5178 64617124 1 1240 530 759
4776 5280 64617134 1 1240 530 762
4907 5371 64617144 1 1240 530 765
5013 5443 64617154 1 1240 530 768
5109 5502 64617164 1 1240 530 770
5186 5540 64617174 1 1240 530 768
5251 5563 64617184 1 1250 540 767
5285 5577 64617194 1 1250 540 767
5296 5577 64617204 1 1250 540 761
5296 5582 64617214 1 1250 540 522
6169 6353 64617424 0 1330 510 239
6172 6380 64617434 1 1330 510 252
6159 6396 64617444 1 1330 510 260
6141 6401 64617454 1 1340 500 270
6136 6396 64617464 1 1340 500 301
6116 6387 64617474 1 1340 500 354
6087 6360 64617484 1 1350 510 391
6051 6321 64617494 1 1350 510 417
6010 6265 64617504 1 1350 510 435
5966 6193 64617514 1 1350 510 440
5916 6111 64617524 1 1360 510 444
5866 6025 64617535 1 1360 510 446
5807 5936 64617545 1 1360 510 440
5743 5845 64617555 1 1360 510 456
5695 5759 64617565 1 1360 510 468
5665 5676 64617575 1 1360 510 490
5647 5581 64617585 1 1360 510 502
5640 5462 64617595 1 1350 520 527
5640 5327 64617605 1 1350 520 548
5645 5182 64617615 1 1340 510 584
5660 5034 64617625 1 1330 520 611
5683 4877 64617635 1 1330 520 653
5719 4712 64617645 1 1310 520 693
5764 4559 64617655 1 1310 520 716
5811 4415 64617665 1 1300 530 725
5852 4263 64617675 1 1300 530 733
5882 4145 64617685 1 1290 530 736
5906 4049 64617695 1 1280 540 742
5925 3995 64617705 1 1280 540 742
5934 3972 64617715 1 1260 540 742
5934 3972 64617725 1 1270 550 740
5928 4002 64617735 1 1260 560 740
5912 4088 64617745 1 1260 560 733
5891 4211 64617755 1 1260 560 727
5863 4385 64617765 1 1260 570 725
5838 4569 64617775 1 1260 570 721
5820 4759 64617785 1 1260 570 731
5832 4931 64617795 1 1260 570 724
5862 5065 64617805 1 1260 570 719
5911 5173 64617815 1 1260 570 716
5965 5270 64617825 1 1260 570 721
6034 5362 64617835 1 1270 560 716
6112 5420 64617845 1 1270 560 717
6190 5457 64617855 1 1270 560 717
6270 5457 64617865 1 1270 560 719
6346 5413 64617875 1 1270 560 719
6419 5349 64617885 1 1290 560 721
6485 5265 64617895 1 1290 560 722
6541 5176 64617905 1 1290 560 722
6589 5080 64617915 1 1290 560 724
6608 4981 64617925 1 1270 550 727
6602 4878 64617935 1 1290 550 731
6579 4770 64617945 1 1290 550 733
6536 4687 64617955 1 1290 550 721
6481 4622 64617965 1 1270 550 728
6417 4571 64617975 1 1270 550 734
6370 4548 64617985 1 1270 550 739
6341 4543 64617995 1 1270 550 739
6324 4570 64618005 1 1260 560 742
6324 4640 64618015 1 1260 560 748
6343 4739 64618025 1 1260 560 736
6385 4899 64618035 1 1260 560 736
6443 5085 64618045 1 1260 560 737
6523 5289 64618055 1 1260 560 736
6618 5522 64618065 1 1260 560 731
6737 5732 64618075 1 1260 560 730
6858 5927 64618085 1 1260 560 731
6964 6086 64618095 1 1270 560 737
7060 6222 64618105 1 1290 560 731
7165 6342 64618115 1 1290 560 736
7270 6450 64618125 1 1300 550 737
7372 6526 64618135 1 1310 550 737
7452 6581 64618145 1 1310 550 736
7519 6603 64618155 1 1330 540 734
7559 6592 64618165 1 1330 540 736
7583 6558 64618175 1 1340 540 736
7595 6487 64618185 1 1340 540 739
7595 6387 64618195 1 1350 540 739
7584 6269 64618205 1 1360 540 740
7574 6147 64618215 1 1360 540 740
7566 6022 64618225 1 1370 540 742
7559 5891 64618235 1 1390 540 742
7571 5756 64618245 1 1390 540 748
7594 5641 64618255 1 1370 540 752
7626 5540 64618265 1 1360 540 761
7683 5435 64618275 1 1360 540 758
7756 5342 64618285 1 1360 540 758
7881 5256 64618295 1 1350 540 750
8007 5192 64618305 1 1350 540 759
8141 5130 64618315 1 1350 540 763
8283 5070 64618325 1 1360 550 765
8433 5001 64618335 1 1360 550 767
8550 4926 64618345 1 1360 550 767
8645 4828 64618355 1 1350 550 765
8709 4718 64618365 1 1350 550 770
8736 4617 64618375 1 1350 550 773
8736 4511 64618385 1 1340 560 780
8698 4397 64618395 1 1340 560 782
8621 4278 64618405 1 1340 560 784
8519 4174 64618415 1 1340 560 784
8373 4080 64618425 1 1340 560 788
8214 4011 64618435 1 1340 570 802
8047 3999 64618445 1 1340 570 829
7931 4025 64618455 1 1340 570 839
7870 4110 64618465 1 1340 570 866
7845 4238 64618475 1 1340 570 854
7893 4394 64618485 1 1320 570 853
7975 4551 64618495 1 1340 570 864
8079 4714 64618505 1 1320 580 818
8207 4882 64618515 1 1320 580 407
