175
2597 5971 64635721 0 1310 480 362
2620 5903 64635731 1 1310 470 374
2629 5878 64635741 1 1310 470 382
2641 5766 64635751 1 1310 460 389
2692 5625 64635761 1 1310 470 405
2746 5464 64635771 1 1320 480 453
2808 5283 64635781 1 1340 490 515
2886 5066 64635791 1 1340 500 557
2973 4833 64635801 1 1350 510 589
3063 4601 64635811 1 1350 520 620
3158 4423 64635821 1 1340 520 641
3255 4241 64635831 1 1330 530 636
3334 4095 64635841 1 1300 540 636
3400 3974 64635851 1 1290 550 644
3458 3901 64635861 1 1270 550 634
3506 3873 64635871 1 1250 550 616
3549 3873 64635881 1 1240 550 606
3588 3924 64635891 1 1220 560 486
3615 4024 64635901 1 1210 550 30
3550 5281 64635991 0 1190 540 245
3587 5307 64636001 1 1190 540 279
3594 5307 64636011 1 1200 540 291
3594 5246 64636021 1 1200 540 373
3605 5153 64636031 1 1200 540 418
3605 5009 64636041 1 1220 540 480
3592 4834 64636051 1 1220 540 504
3570 4638 64636061 1 1220 540 540
3532 4464 64636071 1 1220 540 567
3484 4278 64636081 1 1230 530 591
3414 4083 64636091 1 1230 530 636
3331 3912 64636101 1 1230 530 668
3240 3770 64636111 1 1220 540 699
3140 3647 64636121 1 1220 540 719
3043 3566 64636131 1 1200 540 728
2947 3522 64636141 1 1200 540 740
2877 3502 64636151 1 1190 540 760
2812 3518 64636161 1 1170 550 750
2757 3578 64636171 1 1180 560 763
2731 3668 64636181 1 1170 560 761
2724 3805 64636191 1 1170 560 761
2757 3973 64636201 1 1160 560 761
2832 4161 64636211 1 1160 560 758
2934 4398 64636221 1 1160 560 758
3076 4621 64636231 1 1160 560 752
3233 4835 64636241 1 1160 560 752
3400 5023 64636251 1 1160 560 754
3566 5192 64636261 1 1170 560 754
3745 5349 64636271 1 1170 560 758
3933 5508 64636281 1 1170 560 761
4118 5629 64636291 1 1170 550 761
4303 5726 64636301 1 1190 540 761
4455 5780 64636311 1 1190 540 760
4583 5787 64636321 1 1200 540 761
4686 5762 64636331 1 1220 540 757
4750 5688 64636341 1 1220 540 760
4789 5576 64636351 1 1220 540 750
4798 5439 64636361 1 1230 530 751
4792 5267 64636371 1 1240 540 754
4777 5115 64636381 1 1250 540 753
4777 4977 64636391 1 1250 540 754
4799 4857 64636401 1 1250 540 751
4832 4752 64636411 1 1260 540 756
4877 4658 64636421 1 1260 540 757
4942 4577 64636431 1 1260 540 759
5019 4502 64636441 1 1260 540 759
5114 4430 64636451 1 1270 550 759
5211 4361 64636461 1 1270 550 762
5291 4291 64636471 1 1260 560 762
5358 4216 64636481 1 1260 560 760
5387 4139 64636491 1 1260 560 762
5380 4061 64636501 1 1260 560 763
5348 3984 64636511 1 1260 560 770
5284 3923 64636521 1 1260 560 767
5196 3871 64636531 1 1260 560 767
5091 3828 64636541 1 1260 560 765
4984 3813 64636551 1 1260 560 768
4880 3813 64636561 1 1260 560 771
4805 3853 64636571 1 1260 560 771
4747 3922 64636581 1 1260 560 773
4747 4013 64636591 1 1260 560 777
4803 4157 64636601 1 1260 560 779
4897 4338 64636611 1 1260 560 774
5041 4545 64636621 1 1260 560 754
5232 4742 64636631 1 1260 560 691
5453 4945 64636641 1 1260 560 333
6704 6109 64636732 0 1300 550 344
6698 6177 64636742 1 1310 550 398
6640 6192 64636752 1 1330 540 423
6589 6181 64636762 1 1340 540 440
6521 6158 64636772 1 1340 540 473
6442 6111 64636782 1 1350 530 526
6361 6047 64636792 1 1350 530 567
6284 5975 64636802 1 1350 530 591
6213 5897 64636812 1 1360 520 611
6157 5792 64636822 1 1360 520 645
6110 5671 64636832 1 1360 520 671
6077 5526 64636842 1 1360 520 697
6063 5348 64636852 1 1350 530 710
6063 5149 64636862 1 1350 530 720
6068 4963 64636872 1 1350 530 752
6080 4776 64636882 1 1340 540 773
6102 4623 64636892 1 1330 540 788
6130 4493 64636902 1 1330 540 799
6160 4371 64636912 1 1310 550 808
6203 4248 64636922 1 1300 550 809
6242 4180 64636932 1 1290 560 811
6273 4148 64636942 1 1290 560 812
6299 4143 64636952 1 1270 560 809
6313 4169 64636962 1 1260 570 808
6328 4215 64636972 1 1240 570 800
6333 4323 64636982 1 1240 570 794
6333 4461 64636992 1 1240 570 785
6333 4620 64637002 1 1240 570 785
6342 4785 64637012 1 1230 580 796
6367 4935 64637022 1 1230 580 784
6403 5035 64637032 1 1230 580 797
6443 5106 64637042 1 1220 570 796
6488 5159 64637052 1 1220 570 790
6540 5190 64637062 1 1230 560 788
6597 5206 64637072 1 1230 560 782
6652 5198 64637082 1 1230 560 782
6705 5163 64637092 1 1250 560 784
6748 5110 64637102 1 1250 560 782
6780 5024 64637112 1 1250 560 782
6804 4932 64637122 1 1250 550 779
6804 4828 64637132 1 1250 550 779
6782 4719 64637142 1 1250 550 782
6750 4645 64637152 1 1250 550 787
6718 4593 64637162 1 1260 540 790
6688 4556 64637172 1 1260 540 793
6665 4542 64637182 1 1250 550 796
6651 4557 64637192 1 1250 550 791
6645 4591 64637193 1 1250 550 791
6674 4671 64637203 1 1250 550 791
6726 4800 64637213 1 1250 550 793
6814 4961 64637223 1 1250 550 790
6919 5135 64637233 1 1250 550 793
7035 5331 64637243 1 1250 550 790
7164 5542 64637253 1 1250 550 784
7296 5731 64637263 1 1260 560 780
7432 5920 64637273 1 1260 560 785
7539 6058 64637283 1 1260 560 784
7628 6163 64637293 1 1260 560 784
7704 6226 64637303 1 1270 550 785
7753 6258 64637313 1 1290 560 779
7783 6269 64637323 1 1300 550 782
7793 6250 64637333 1 1310 550 784
7783 6186 64637343 1 1320 550 787
7760 6092 64637353 1 1340 550 790
7733 5969 64637363 1 1340 550 788
7726 5843 64637373 1 1350 540 790
7731 5716 64637383 1 1350 540 791
7759 5607 64637393 1 1350 540 793
7791 5509 64637403 1 1350 540 793
7854 5418 64637413 1 1350 540 793
7936 5334 64637423 1 1350 540 783
8023 5257 64637433 1 1350 540 785
8128 5185 64637443 1 1340 550 788
8245 5111 64637453 1 1350 550 788
8358 5031 64637463 1 1350 550 788
8440 4940 64637473 1 1350 550 787
8502 4839 64637483 1 1340 560 785
8514 4732 64637493 1 1340 560 790
8469 4625 64637503 1 1320 570 794
8385 4520 64637513 1 1340 570 800
8257 4406 64637523 1 1320 580 806
8126 4317 64637533 1 1320 580 817
7994 4244 64637543 1 1320 580 822
7869 4227 64637553 1 1340 580 848
7782 4274 64637563 1 1340 580 867
7721 4364 64637573 1 1340 580 855
7740 4507 64637583 1 1340 580 857
7826 4676 64637593 1 1340 580 860
7956 4862 64637603 1 1320 580 834
8110 5056 64637613 1 1340 580 602
