169
3433 6017 63853456 0 1370 700 81
3455 6128 63853466 1 1370 670 91
3455 6215 63853476 1 1350 640 94
3446 6278 63853486 1 1380 610 106
3454 6308 63853496 1 1380 590 105
3454 6315 63853506 1 1380 570 141
3448 6292 63853516 1 1390 550 180
3436 6214 63853526 1 1370 530 221
3406 6099 63853536 1 1370 510 247
3364 5907 63853546 1 1370 500 251
3304 5683 63853556 1 1380 480 242
3234 5439 63853566 1 1370 470 249
3157 5172 63853576 1 1370 460 274
3081 4905 63853586 1 1380 470 302
3033 4673 63853596 1 1370 470 335
3003 4466 63853606 1 1370 470 356
3010 4280 63853616 1 1370 470 362
3056 4142 63853626 1 1360 480 382
3129 4035 63853636 1 1360 480 388
3231 3947 63853646 1 1360 480 420
3360 3869 63853656 1 1360 480 425
3507 3799 63853666 1 1350 490 444
3680 3746 63853676 1 1350 490 448
3842 3705 63853686 1 1340 490 444
3996 3672 63853696 1 1330 500 441
4132 3663 63853706 1 1330 500 440
4230 3671 63853716 1 1320 500 423
4302 3691 63853726 1 1320 500 386
4339 3750 63853736 1 1300 510 282
4360 3870 63853746 1 1300 510 212
4369 4032 63853756 1 1300 510 141
4379 4218 63853766 1 1300 510 86
4388 4428 63853776 1 1300 510 17
4397 4654 63853786 1 1300 510 46
4404 4867 63853796 1 1300 510 119
4410 5002 63853806 1 1300 510 237
4401 5086 63853816 1 1320 510 292
4383 5098 63853826 1 1320 510 314
4338 5074 63853836 1 1320 510 325
4265 5025 63853846 1 1330 520 334
4173 4935 63853856 1 1330 520 340
4051 4825 63853866 1 1340 510 340
3924 4702 63853876 1 1340 510 342
3794 4598 63853886 1 1350 520 342
3616 4495 63853896 1 1360 510 342
3427 4392 63853906 1 1360 510 345
3230 4313 63853916 1 1350 520 338
3019 4249 63853926 1 1360 520 391
2869 4249 63853936 1 1360 520 468
2760 4328 63853946 1 1350 530 490
2726 4452 63853956 1 1350 530 489
2776 4629 63853966 1 1350 530 492
2882 4862 63853976 1 1350 530 491
3048 5133 63853986 1 1340 540 494
3263 5398 63853996 1 1340 540 501
3510 5652 63854006 1 1340 540 514
3792 5867 63854016 1 1340 540 522
4067 6059 63854026 1 1340 540 540
4337 6185 63854036 1 1340 520 539
4572 6236 63854046 1 1340 520 543
4734 6236 63854056 1 1350 520 551
4846 6164 63854066 1 1350 520 568
4881 6023 63854076 1 1360 510 569
4858 5835 63854086 1 1360 510 581
4796 5637 63854096 1 1370 520 591
4700 5436 63854106 1 1380 510 613
4637 5268 63854116 1 1380 510 627
4596 5122 63854126 1 1380 510 636
4607 5037 63854136 1 1380 500 652
4677 4974 63854146 1 1380 500 663
4785 4927 63854156 1 1380 500 687
4922 4888 63854166 1 1380 500 697
5086 4846 63854176 1 1370 510 700
5269 4776 63854186 1 1370 510 693
5420 4690 63854196 1 1370 520 691
5516 4576 63854206 1 1370 520 696
5576 4439 63854216 1 1360 520 697
5570 4287 63854226 1 1350 530 705
5507 4128 63854236 1 1330 530 707
5405 3973 63854246 1 1330 530 713
5266 3832 63854256 1 1330 530 733
5110 3701 63854266 1 1310 540 761
4942 3626 63854276 1 1310 540 796
4816 3607 63854286 1 1310 540 833
4732 3626 63854296 1 1300 540 857
4675 3703 63854306 1 1300 540 857
4703 3884 63854316 1 1290 550 860
4822 4134 63854326 1 1290 550 863
5001 4415 63854336 1 1270 550 849
5271 4696 63854346 1 1270 550 771
5591 4980 63854356 1 1270 550 466
7616 6588 63854537 0 1450 480 376
7710 6653 63854547 1 1460 480 396
7698 6704 63854557 1 1470 470 391
7669 6722 63854567 1 1490 460 392
7628 6684 63854577 1 1490 460 392
7556 6619 63854587 1 1490 460 391
7437 6499 63854597 1 1490 460 399
7286 6354 63854607 1 1490 460 399
7118 6192 63854617 1 1500 460 391
6969 6053 63854627 1 1490 470 394
6832 5948 63854637 1 1480 470 404
6733 5866 63854647 1 1480 470 410
6691 5812 63854657 1 1470 480 415
6686 5746 63854667 1 1460 490 415
6709 5672 63854677 1 1450 500 438
6733 5512 63854687 1 1430 500 452
6755 5284 63854697 1 1420 500 469
6755 5010 63854707 1 1420 500 480
6743 4720 63854717 1 1410 510 488
6724 4482 63854727 1 1400 520 512
6702 4278 63854737 1 1370 520 527
6677 4106 63854747 1 1370 520 536
6666 4006 63854757 1 1360 520 540
6666 3953 63854767 1 1340 520 556
6683 3948 63854777 1 1340 520 569
6707 3994 63854787 1 1330 530 572
6757 4075 63854797 1 1300 530 578
6823 4245 63854807 1 1300 530 581
6912 4460 63854817 1 1300 540 584
7006 4706 63854827 1 1300 540 589
7111 4947 63854837 1 1290 550 595
7223 5105 63854847 1 1290 550 594
7303 5208 63854857 1 1290 550 594
7361 5224 63854867 1 1290 550 594
7387 5184 63854877 1 1300 550 597
7387 5107 63854887 1 1300 550 605
7368 4955 63854897 1 1310 550 614
7318 4783 63854907 1 1310 550 627
7249 4599 63854917 1 1310 550 637
7166 4438 63854918 1 1320 550 647
7101 4302 63854928 1 1320 550 656
7061 4182 63854938 1 1320 550 661
7037 4119 63854948 1 1320 550 656
7043 4101 63854958 1 1320 550 655
7078 4113 63854968 1 1320 550 655
7133 4173 63854978 1 1320 550 664
7236 4326 63854988 1 1320 550 664
7390 4541 63854998 1 1310 560 661
7577 4813 63855008 1 1310 560 664
7797 5133 63855018 1 1300 550 667
8021 5485 63855028 1 1300 550 670
8248 5733 63855038 1 1300 550 681
8449 5900 63855048 1 1300 550 685
8589 6013 63855058 1 1300 550 687
8688 6037 63855068 1 1300 550 690
8757 5993 63855078 1 1300 550 697
8808 5905 63855088 1 1310 550 693
8846 5759 63855098 1 1310 550 708
8876 5618 63855108 1 1310 550 719
8900 5480 63855118 1 1340 550 725
8921 5326 63855128 1 1340 550 757
8948 5169 63855138 1 1340 550 779
8978 5005 63855148 1 1350 550 790
9011 4827 63855158 1 1350 550 809
9048 4642 63855168 1 1350 550 821
9088 4489 63855178 1 1350 570 827
9112 4334 63855188 1 1350 570 829
9124 4174 63855198 1 1360 570 826
9099 4040 63855208 1 1350 580 824
9033 3922 63855218 1 1350 580 820
8940 3804 63855228 1 1350 590 812
8788 3718 63855238 1 1340 600 821
8640 3654 63855248 1 1340 600 817
8495 3675 63855258 1 1320 600 869
8427 3802 63855268 1 1320 610 882
8484 3999 63855278 1 1300 620 882
8624 4314 63855288 1 1300 620 855
8938 4660 63855298 1 1290 630 521
