191
3515 4714 67061065 0 1440 440 226
3545 4750 67061075 1 1430 450 287
3498 4820 67061085 1 1430 450 312
3484 4830 67061095 1 1420 450 312
3466 4786 67061105 1 1410 460 317
3445 4706 67061115 1 1410 460 337
3422 4589 67061125 1 1400 470 366
3401 4394 67061135 1 1400 470 405
3382 4147 67061145 1 1400 470 425
3382 3850 67061155 1 1390 470 428
3419 3549 67061165 1 1380 470 461
3470 3272 67061175 1 1370 470 480
3551 3012 67061185 1 1360 480 494
3652 2794 67061195 1 1360 480 489
3766 2638 67061205 1 1350 490 510
3843 2524 67061215 1 1350 490 522
3901 2462 67061225 1 1340 490 515
3946 2424 67061235 1 1340 490 514
3966 2401 67061245 1 1330 500 507
3972 2401 67061255 1 1320 500 490
3972 2415 67061265 1 1320 500 181
4191 4014 67061776 0 1370 500 36
4238 4103 67061786 1 1380 490 94
4249 4158 67061796 1 1380 490 156
4249 4190 67061806 1 1380 490 206
4249 4217 67061816 1 1380 490 249
4222 4226 67061826 1 1380 490 259
4189 4226 67061836 1 1380 490 277
4139 4202 67061846 1 1380 490 281
4081 4146 67061856 1 1380 490 309
4018 4068 67061866 1 1380 490 327
3966 3949 67061876 1 1380 490 341
3919 3801 67061886 1 1380 490 366
3883 3633 67061896 1 1380 490 394
3855 3466 67061906 1 1380 490 423
3835 3271 67061916 1 1370 500 440
3814 3058 67061926 1 1370 500 456
3780 2861 67061936 1 1370 500 468
3738 2688 67061946 1 1370 500 467
3674 2530 67061956 1 1360 500 480
3598 2410 67061966 1 1360 500 488
3514 2305 67061976 1 1360 500 488
3433 2209 67061986 1 1360 500 486
3355 2162 67061996 1 1350 510 488
3284 2162 67062006 1 1350 510 488
3217 2186 67062016 1 1350 510 488
3150 2278 67062026 1 1340 510 483
3114 2432 67062036 1 1340 510 485
3135 2627 67062046 1 1340 510 480
3195 2871 67062056 1 1340 510 486
3297 3127 67062066 1 1340 510 488
3428 3392 67062076 1 1340 510 486
3579 3634 67062086 1 1340 510 485
3760 3866 67062096 1 1340 510 491
3932 4092 67062106 1 1340 510 495
4099 4255 67062116 1 1350 510 498
4270 4367 67062126 1 1350 510 488
4402 4445 67062136 1 1350 510 488
4509 4460 67062146 1 1350 510 497
4583 4425 67062156 1 1360 500 504
4628 4357 67062166 1 1360 500 517
4653 4248 67062176 1 1360 500 515
4653 4111 67062186 1 1370 500 521
4624 3955 67062196 1 1370 500 527
4580 3764 67062206 1 1370 500 532
4538 3597 67062216 1 1380 490 546
4501 3447 67062226 1 1380 490 543
4489 3309 67062236 1 1380 490 561
4489 3190 67062246 1 1380 490 560
4527 3084 67062256 1 1400 500 574
4606 3004 67062266 1 1400 500 591
4715 2944 67062276 1 1400 500 591
4849 2898 67062286 1 1410 500 588
4973 2837 67062296 1 1410 500 594
5091 2775 67062306 1 1400 510 597
5200 2695 67062316 1 1410 510 600
5279 2605 67062326 1 1410 510 606
5339 2514 67062336 1 1400 520 613
5368 2414 67062346 1 1410 520 624
5357 2308 67062356 1 1410 520 638
5318 2202 67062366 1 1410 520 668
5243 2101 67062376 1 1420 530 673
5143 2020 67062386 1 1420 530 679
5026 1952 67062396 1 1420 530 685
4913 1913 67062406 1 1420 530 688
4805 1913 67062416 1 1420 540 690
4725 1944 67062426 1 1420 540 694
4663 2014 67062436 1 1420 540 690
4663 2130 67062446 1 1420 540 690
4728 2277 67062456 1 1420 540 691
4835 2452 67062466 1 1420 540 693
4972 2623 67062476 1 1420 540 690
5133 2792 67062486 1 1420 540 694
5309 2965 67062496 1 1420 540 699
5467 3105 67062506 1 1430 530 691
5586 3223 67062516 1 1430 530 681
5680 3309 67062526 1 1430 530 614
5717 3349 67062536 1 1430 530 373
6219 4491 67063438 0 1490 460 46
6265 4587 67063448 1 1490 460 80
6253 4640 67063458 1 1480 460 104
6278 4660 67063468 1 1480 460 108
6324 4660 67063478 1 1480 460 155
6385 4621 67063488 1 1470 470 206
6456 4545 67063498 1 1470 470 269
6527 4443 67063508 1 1460 480 304
6596 4293 67063518 1 1460 480 359
6657 4113 67063528 1 1460 480 389
6713 3913 67063538 1 1460 480 397
6758 3679 67063548 1 1460 490 422
6785 3465 67063558 1 1460 490 420
6800 3264 67063568 1 1460 490 431
6792 3079 67063578 1 1450 500 452
6772 2951 67063588 1 1450 500 486
6744 2861 67063598 1 1450 500 512
6722 2822 67063608 1 1450 500 530
6703 2810 67063618 1 1450 500 543
6691 2817 67063628 1 1440 500 539
6676 2859 67063638 1 1450 510 536
6659 2953 67063648 1 1450 510 544
6665 3081 67063658 1 1450 510 537
6698 3274 67063668 1 1450 510 535
6749 3497 67063678 1 1450 510 532
6833 3739 67063688 1 1450 510 540
6917 3960 67063698 1 1450 510 546
7001 4116 67063708 1 1470 510 544
7079 4229 67063718 1 1470 510 536
7154 4299 67063728 1 1470 510 536
7238 4315 67063738 1 1470 510 542
7324 4294 67063748 1 1480 510 554
7400 4197 67063758 1 1480 510 556
7469 4051 67063768 1 1490 510 557
7524 3872 67063778 1 1490 510 554
7566 3678 67063788 1 1490 510 559
7599 3527 67063798 1 1500 510 565
7610 3405 67063808 1 1500 510 566
7602 3280 67063818 1 1500 510 577
7581 3177 67063828 1 1500 520 583
7548 3089 67063838 1 1500 520 584
7511 3032 67063848 1 1500 520 584
7470 3001 67063858 1 1500 520 589
7425 2988 67063868 1 1500 520 588
7371 2997 67063878 1 1490 530 583
7312 3045 67063888 1 1490 530 575
7268 3120 67063898 1 1490 530 574
7260 3242 67063908 1 1490 530 569
7276 3393 67063918 1 1490 530 569
7338 3564 67063928 1 1490 530 567
7427 3734 67063938 1 1490 530 561
7534 3931 67063948 1 1490 530 564
7664 4146 67063958 1 1490 530 566
7809 4358 67063968 1 1490 530 566
7963 4569 67063978 1 1510 530 567
8083 4748 67063988 1 1510 530 569
8182 4907 67063998 1 1510 530 574
8268 5024 67064008 1 1520 530 578
8307 5075 67064018 1 1520 530 570
8313 5082 67064028 1 1520 530 569
8296 5055 67064038 1 1540 520 570
8258 4963 67064048 1 1540 520 577
8210 4829 67064058 1 1540 520 578
8154 4658 67064068 1 1550 510 586
8124 4487 67064078 1 1550 510 588
8124 4316 67064088 1 1560 510 595
8144 4166 67064098 1 1560 510 595
8200 4038 67064108 1 1560 510 609
8295 3925 67064118 1 1560 510 613
8416 3815 67064128 1 1560 510 617
8549 3714 67064138 1 1560 510 611
8678 3620 67064148 1 1550 520 614
8804 3523 67064158 1 1550 520 613
8908 3402 67064168 1 1550 520 614
8977 3265 67064178 1 1560 530 614
9023 3114 67064188 1 1560 530 614
9036 2978 67064198 1 1550 540 616
9014 2863 67064208 1 1550 540 625
8968 2758 67064218 1 1550 540 645
8881 2677 67064228 1 1550 540 643
8769 2633 67064238 1 1550 550 641
8641 2613 67064248 1 1550 550 641
8501 2621 67064258 1 1550 550 646
8366 2677 67064268 1 1540 560 644
8270 2765 67064278 1 1540 560 647
8199 2882 67064288 1 1540 560 655
8188 2982 67064298 1 1540 560 656
8216 3071 67064308 1 1540 560 655
8270 3148 67064318 1 1550 550 650
8366 3223 67064328 1 1550 550 647
8466 3292 67064338 1 1550 550 634
8541 3328 67064348 1 1550 550 535
8598 3344 67064358 1 1550 550 221
