219
3935 5830 66965267 0 1300 340 438
3971 5839 66965277 1 1300 340 443
3923 5889 66965287 1 1310 350 443
3963 5905 66965297 1 1320 360 440
3943 5858 66965307 1 1330 370 452
3882 5769 66965317 1 1350 380 474
3844 5666 66965327 1 1360 400 475
3798 5512 66965337 1 1350 410 501
3746 5323 66965347 1 1360 430 512
3683 5063 66965357 1 1360 440 516
3641 4764 66965367 1 1360 460 540
3612 4439 66965377 1 1360 470 546
3620 4085 66965387 1 1360 480 570
3676 3792 66965397 1 1350 490 574
3764 3540 66965407 1 1350 500 624
3869 3394 66965417 1 1340 510 655
3974 3289 66965427 1 1310 520 663
4113 3212 66965437 1 1310 540 666
4274 3140 66965447 1 1300 550 682
4426 3097 66965457 1 1290 560 685
4521 3074 66965467 1 1270 560 681
4577 3064 66965477 1 1260 570 678
4597 3059 66965487 1 1260 570 650
4604 3059 66965497 1 1240 570 510
4747 4500 66965758 0 1320 570 30
4776 4526 66965768 1 1340 560 56
4790 4546 66965778 1 1340 560 104
4808 4568 66965788 1 1340 570 149
4834 4612 66965798 1 1340 570 207
4866 4679 66965808 1 1340 570 257
4903 4761 66965818 1 1340 570 309
4941 4875 66965828 1 1350 580 368
4968 4985 66965838 1 1350 580 414
4988 5059 66965848 1 1350 580 445
4988 5110 66965858 1 1380 580 458
4968 5131 66965868 1 1380 580 463
4931 5131 66965878 1 1380 580 465
4868 5114 66965888 1 1380 580 473
4780 5065 66965898 1 1390 580 467
4676 4986 66965908 1 1400 580 483
4581 4888 66965918 1 1400 580 491
4501 4741 66965928 1 1390 570 512
4430 4592 66965938 1 1390 570 537
4369 4404 66965948 1 1400 560 546
4309 4192 66965958 1 1390 560 570
4243 3960 66965968 1 1390 560 583
4173 3729 66965978 1 1380 570 588
4104 3498 66965988 1 1380 570 609
4036 3300 66965998 1 1380 570 617
3970 3146 66966008 1 1350 570 640
3906 3021 66966018 1 1350 570 655
3845 2951 66966028 1 1340 570 667
3785 2919 66966038 1 1340 570 667
3711 2912 66966048 1 1310 570 665
3628 2945 66966058 1 1300 580 656
3569 3014 66966068 1 1300 580 652
3505 3107 66966078 1 1280 580 650
3438 3315 66966088 1 1280 580 652
3429 3518 66966098 1 1280 580 646
3479 3734 66966108 1 1270 590 646
3567 3962 66966118 1 1260 580 649
3742 4219 66966128 1 1260 580 650
3964 4501 66966138 1 1260 580 652
4216 4801 66966148 1 1260 580 649
4517 5062 66966158 1 1260 580 650
4809 5273 66966168 1 1270 570 656
5095 5451 66966178 1 1280 580 655
5355 5562 66966188 1 1300 580 655
5575 5626 66966198 1 1300 580 655
5768 5658 66966208 1 1320 580 656
5905 5646 66966218 1 1320 580 655
5973 5594 66966228 1 1340 570 655
5995 5516 66966238 1 1350 580 656
5972 5374 66966248 1 1360 570 658
5910 5185 66966258 1 1380 580 656
5823 4965 66966268 1 1390 570 655
5716 4725 66966278 1 1400 580 661
5630 4540 66966288 1 1400 580 673
5559 4392 66966298 1 1430 570 664
5531 4260 66966308 1 1430 570 667
5531 4147 66966318 1 1430 590 669
5560 4046 66966328 1 1430 590 676
5621 3948 66966338 1 1430 590 678
5721 3848 66966348 1 1430 590 687
5848 3750 66966358 1 1440 600 691
5950 3668 66966368 1 1440 600 694
6047 3595 66966378 1 1440 600 696
6141 3502 66966388 1 1420 610 696
6235 3398 66966398 1 1420 610 697
6287 3286 66966408 1 1410 610 702
6312 3190 66966418 1 1410 610 705
6294 3091 66966428 1 1410 610 708
6236 2986 66966438 1 1400 620 719
6150 2887 66966448 1 1410 630 725
6018 2794 66966458 1 1410 630 728
5855 2723 66966468 1 1400 630 730
5671 2688 66966478 1 1400 630 740
5502 2677 66966488 1 1400 630 749
5375 2719 66966498 1 1400 630 751
5276 2798 66966508 1 1400 630 749
5232 2901 66966518 1 1400 630 751
5261 3040 66966528 1 1400 630 755
5338 3204 66966538 1 1400 630 757
5491 3386 66966548 1 1400 630 758
5709 3568 66966558 1 1400 630 761
5969 3747 66966568 1 1400 630 763
6218 3921 66966578 1 1430 630 751
6472 4054 66966588 1 1430 630 750
6680 4161 66966598 1 1430 630 758
6855 4242 66966608 1 1440 620 752
6952 4290 66966618 1 1460 630 722
6992 4316 66966628 1 1460 630 595
8094 5233 66967450 0 1500 540 101
8118 5301 66967460 1 1500 540 151
8118 5330 66967470 1 1500 540 163
8128 5330 66967480 1 1510 540 177
8147 5312 66967490 1 1510 540 210
8175 5249 66967500 1 1510 540 287
8207 5133 66967510 1 1530 550 341
8233 4982 66967520 1 1530 550 399
8256 4767 66967530 1 1540 550 431
8281 4562 66967540 1 1530 560 474
8306 4364 66967550 1 1540 560 497
8323 4164 66967560 1 1540 560 515
8335 3987 66967570 1 1540 560 544
8326 3825 66967580 1 1540 570 562
8298 3685 66967590 1 1540 570 589
8256 3587 66967600 1 1540 570 595
8206 3518 66967610 1 1530 580 611
8160 3474 66967620 1 1530 580 617
8123 3458 66967630 1 1520 590 611
8094 3458 66967640 1 1520 590 613
8070 3498 66967650 1 1510 600 617
8053 3587 66967660 1 1510 600 614
8067 3711 66967670 1 1500 600 611
8099 3898 66967680 1 1500 600 613
8168 4092 66967690 1 1500 600 617
8275 4292 66967700 1 1500 600 617
8407 4492 66967710 1 1500 600 616
8551 4654 66967720 1 1510 610 616
8693 4792 66967730 1 1510 610 614
8834 4906 66967740 1 1510 610 617
8975 4979 66967750 1 1510 610 617
9088 5024 66967760 1 1530 610 619
9183 5037 66967770 1 1540 600 619
9264 5014 66967781 1 1540 600 619
9320 4966 66967791 1 1560 610 619
9360 4864 66967801 1 1570 600 611
9360 4721 66967811 1 1570 600 617
9337 4551 66967821 1 1570 600 625
9294 4364 66967831 1 1570 590 628
9247 4177 66967841 1 1570 590 638
9201 4021 66967851 1 1590 590 647
9158 3887 66967861 1 1590 590 640
9114 3767 66967871 1 1590 590 643
9064 3684 66967881 1 1580 600 644
9010 3625 66967891 1 1580 600 646
8949 3595 66967901 1 1580 600 641
8886 3595 66967911 1 1570 610 643
8821 3604 66967921 1 1570 610 640
8772 3638 66967931 1 1570 610 643
8745 3694 66967941 1 1550 620 640
8732 3766 66967951 1 1550 620 637
8765 3850 66967961 1 1550 620 636
8843 3945 66967971 1 1530 610 647
8951 4047 66967981 1 1530 610 647
9081 4172 66967991 1 1530 610 644
9234 4329 66968001 1 1530 610 644
9403 4507 66968011 1 1530 610 636
9584 4674 66968021 1 1530 610 625
9763 4845 66968031 1 1530 610 617
9940 5018 66968041 1 1550 620 617
10103 5159 66968051 1 1560 610 619
10229 5281 66968061 1 1560 610 624
10330 5368 66968071 1 1570 610 624
10396 5422 66968081 1 1580 600 624
10439 5453 66968091 1 1580 600 624
10467 5464 66968101 1 1600 600 624
10483 5472 66968111 1 1610 600 624
10488 5472 66968121 1 1620 600 625
10488 5466 66968131 1 1620 600 624
10478 5451 66968141 1 1640 600 627
10448 5390 66968151 1 1640 600 628
10402 5300 66968161 1 1640 600 628
10346 5181 66968171 1 1660 600 630
10295 5046 66968181 1 1660 600 634
10264 4901 66968191 1 1660 600 638
10245 4753 66968201 1 1660 600 645
10250 4634 66968211 1 1660 600 638
10275 4535 66968221 1 1660 600 647
10312 4437 66968231 1 1660 600 662
10380 4347 66968241 1 1660 600 670
10471 4263 66968251 1 1650 610 663
10577 4177 66968261 1 1650 610 676
10678 4096 66968271 1 1650 610 688
10753 4018 66968281 1 1650 610 690
10810 3928 66968291 1 1650 610 691
10849 3824 66968301 1 1650 620 696
10865 3712 66968311 1 1650 620 690
10865 3616 66968321 1 1650 620 696
10835 3519 66968331 1 1640 630 699
10780 3419 66968341 1 1640 630 708
10709 3330 66968351 1 1630 640 717
10608 3249 66968361 1 1630 640 721
10469 3183 66968371 1 1630 640 721
10305 3145 66968381 1 1630 640 722
10130 3127 66968391 1 1630 640 722
9979 3155 66968401 1 1630 640 724
9844 3231 66968411 1 1630 640 728
9783 3339 66968421 1 1630 640 724
9783 3466 66968431 1 1630 640 721
9831 3591 66968441 1 1630 640 721
9931 3716 66968451 1 1630 640 717
10044 3824 66968461 1 1630 640 724
10166 3910 66968471 1 1650 640 722
10290 3982 66968481 1 1650 640 713
10386 4024 66968491 1 1660 630 691
10463 4039 66968501 1 1660 630 611
10513 4039 66968511 1 1660 630 307
