167
1784 4402 63871292 0 1320 480 101
1808 4547 63871302 1 1320 480 112
1808 4570 63871312 1 1320 480 119
1822 4563 63871322 1 1330 480 129
1855 4507 63871332 1 1330 480 148
1891 4395 63871342 1 1330 480 161
1926 4245 63871352 1 1340 490 191
1952 4087 63871362 1 1340 490 218
1972 3928 63871372 1 1340 490 230
1999 3799 63871382 1 1350 500 254
2029 3690 63871392 1 1350 500 274
2062 3656 63871402 1 1340 500 332
2091 3656 63871412 1 1340 500 376
2118 3670 63871422 1 1340 500 396
2155 3748 63871432 1 1330 510 388
2204 3878 63871442 1 1330 510 392
2261 4042 63871452 1 1330 510 394
2321 4192 63871462 1 1330 510 397
2380 4343 63871472 1 1330 510 404
2425 4427 63871482 1 1330 510 409
2462 4466 63871492 1 1330 510 415
2491 4438 63871502 1 1330 510 417
2518 4344 63871512 1 1330 510 431
2543 4205 63871522 1 1330 510 448
2567 4061 63871532 1 1320 500 455
2595 3920 63871542 1 1320 500 471
2629 3810 63871552 1 1320 500 477
2677 3721 63871562 1 1320 500 502
2733 3694 63871572 1 1320 500 518
2795 3716 63871582 1 1320 500 530
2877 3771 63871592 1 1320 500 533
2972 3890 63871602 1 1320 500 538
3088 4016 63871612 1 1330 500 538
3214 4148 63871622 1 1330 500 533
3347 4256 63871632 1 1320 500 518
3471 4338 63871642 1 1320 500 485
3588 4402 63871652 1 1320 500 428
3701 4431 63871662 1 1320 500 391
3783 4431 63871672 1 1320 500 394
3846 4412 63871682 1 1330 510 394
3896 4345 63871692 1 1330 510 399
3934 4241 63871702 1 1330 510 397
3959 4113 63871712 1 1330 510 405
3974 3977 63871722 1 1330 510 413
3974 3846 63871732 1 1330 510 413
3966 3718 63871742 1 1330 510 412
3966 3645 63871752 1 1330 510 413
3958 3608 63871762 1 1330 510 407
3953 3596 63871772 1 1330 510 371
3940 3614 63871782 1 1330 510 216
3922 3701 63871792 1 1320 510 151
3829 4648 63871842 0 1330 510 50
3794 5005 63871852 1 1330 510 106
3783 5076 63871862 1 1330 510 127
3783 5103 63871872 1 1330 510 141
3783 5103 63871882 1 1340 500 139
3794 5084 63871892 1 1340 500 156
3819 5036 63871902 1 1350 500 160
3852 4968 63871912 1 1350 500 156
3887 4868 63871922 1 1360 490 148
3927 4769 63871932 1 1360 490 117
4511 4695 63871993 0 1370 480 32
4769 4775 63872003 1 1370 480 47
4839 4754 63872013 1 1380 490 132
4844 4703 63872023 1 1380 490 205
4812 4625 63872033 1 1380 490 242
4755 4528 63872043 1 1370 500 279
4692 4418 63872053 1 1370 500 291
4642 4312 63872063 1 1370 500 302
4642 4234 63872073 1 1350 500 314
4665 4176 63872083 1 1350 500 314
4735 4126 63872093 1 1360 500 327
4815 4080 63872103 1 1360 500 340
4902 4037 63872113 1 1360 500 333
4972 3997 63872123 1 1380 500 338
5014 3963 63872133 1 1380 500 351
5036 3933 63872143 1 1380 500 389
5028 3907 63872153 1 1370 510 413
4984 3881 63872163 1 1370 510 422
4917 3855 63872173 1 1370 510 422
4824 3847 63872183 1 1370 510 423
4714 3847 63872193 1 1370 510 414
4593 3876 63872203 1 1370 510 420
4514 3941 63872213 1 1370 510 409
4473 4033 63872223 1 1370 510 392
4457 4182 63872233 1 1370 510 358
4499 4395 63872243 1 1370 510 327
4606 4651 63872253 1 1370 510 307
4757 4907 63872263 1 1360 500 309
4927 5113 63872273 1 1360 500 310
5102 5287 63872283 1 1370 500 312
5283 5409 63872293 1 1370 500 312
5466 5467 63872303 1 1370 500 317
5600 5482 63872313 1 1370 500 337
5695 5414 63872323 1 1370 500 344
5765 5285 63872333 1 1380 490 372
5796 5115 63872343 1 1380 490 396
5789 4904 63872353 1 1400 500 425
5757 4682 63872363 1 1400 500 438
5706 4452 63872373 1 1400 500 447
5658 4242 63872383 1 1400 500 468
5612 4093 63872393 1 1400 500 475
5585 3985 63872403 1 1410 500 475
5577 3946 63872413 1 1410 500 491
5582 3946 63872423 1 1410 500 509
5591 3966 63872433 1 1400 510 514
5633 4045 63872443 1 1400 510 510
5698 4171 63872453 1 1400 510 499
5806 4329 63872463 1 1400 510 497
5914 4473 63872473 1 1380 510 497
6019 4545 63872483 1 1400 520 497
6092 4570 63872493 1 1400 520 509
6145 4526 63872503 1 1400 520 512
6176 4421 63872513 1 1400 520 537
6197 4276 63872523 1 1400 520 540
6211 4130 63872533 1 1400 520 561
6239 4005 63872543 1 1400 520 569
6291 3893 63872553 1 1410 520 591
6359 3815 63872563 1 1410 520 600
6453 3788 63872573 1 1410 520 619
6575 3796 63872583 1 1410 520 614
6716 3859 63872593 1 1420 530 619
6882 3950 63872603 1 1420 530 624
7020 4061 63872613 1 1420 530 620
7140 4190 63872623 1 1420 530 617
7236 4332 63872633 1 1430 530 614
7290 4483 63872643 1 1420 540 613
7317 4585 63872653 1 1420 540 613
7293 4637 63872663 1 1420 540 611
7238 4655 63872673 1 1420 540 613
7161 4632 63872674 1 1440 540 614
7081 4562 63872684 1 1440 540 622
7003 4462 63872694 1 1440 540 627
6949 4328 63872704 1 1440 540 630
6911 4209 63872714 1 1450 550 633
6902 4101 63872724 1 1450 550 636
6920 4015 63872734 1 1450 550 633
6956 3949 63872744 1 1450 550 636
7023 3896 63872754 1 1460 540 645
7139 3888 63872764 1 1460 540 637
7288 3936 63872774 1 1460 540 637
7491 4022 63872784 1 1460 540 638
7717 4150 63872794 1 1460 540 637
7957 4305 63872804 1 1460 540 643
8157 4479 63872814 1 1470 550 644
8324 4626 63872824 1 1470 550 646
8470 4732 63872834 1 1460 550 646
8547 4812 63872844 1 1460 550 650
8562 4822 63872854 1 1460 550 656
8536 4792 63872864 1 1460 550 667
8478 4735 63872874 1 1460 550 667
8398 4632 63872884 1 1460 550 684
8303 4516 63872894 1 1480 560 693
8244 4392 63872904 1 1480 560 700
8227 4275 63872914 1 1480 560 697
8237 4176 63872924 1 1480 560 708
8283 4088 63872934 1 1480 560 719
8349 4008 63872944 1 1490 560 731
8429 3941 63872954 1 1490 560 727
8499 3882 63872964 1 1490 560 728
8542 3840 63872974 1 1490 560 728
8568 3807 63872984 1 1500 550 736
8568 3781 63872994 1 1500 550 737
8520 3737 63873004 1 1490 560 728
8449 3694 63873014 1 1490 560 714
8334 3651 63873024 1 1490 560 622
8204 3602 63873034 1 1490 560 67
