197
2343 7370 33579077 0 1250 530 66
2417 7399 33579087 1 1270 520 103
2467 7450 33579097 1 1270 520 134
2531 7535 33579107 1 1260 510 186
2623 7553 33579117 1 1270 510 257
2734 7571 33579127 1 1270 510 310
2838 7589 33579137 1 1270 510 358
2944 7606 33579147 1 1280 500 399
3053 7611 33579157 1 1270 500 415
3145 7611 33579167 1 1280 500 417
3226 7592 33579177 1 1280 500 420
3275 7571 33579187 1 1280 500 420
3307 7540 33579197 1 1290 500 415
3327 7477 33579207 1 1290 500 417
3309 7393 33579217 1 1290 500 415
3251 7272 33579227 1 1290 500 407
3165 7109 33579237 1 1290 500 405
3030 6917 33579247 1 1290 500 415
2892 6713 33579257 1 1280 500 455
2752 6519 33579267 1 1280 500 505
2631 6379 33579277 1 1280 500 540
2569 6272 33579287 1 1280 500 562
2545 6241 33579297 1 1280 500 591
2552 6241 33579307 1 1270 510 592
2560 6257 33579317 1 1270 510 591
2597 6328 33579327 1 1270 510 595
2652 6449 33579337 1 1270 510 600
2750 6603 33579347 1 1270 510 594
2866 6743 33579357 1 1270 510 592
2995 6847 33579367 1 1270 510 589
3115 6928 33579377 1 1270 510 591
3219 6969 33579387 1 1270 510 592
3312 6974 33579397 1 1270 510 589
3393 6956 33579407 1 1270 510 594
3474 6891 33579417 1 1270 510 595
3556 6773 33579427 1 1270 510 606
3642 6619 33579437 1 1270 510 616
3728 6384 33579447 1 1270 510 613
3791 6074 33579457 1 1270 510 639
3839 5713 33579467 1 1260 510 637
3866 5418 33579477 1 1260 510 643
3883 5076 33579487 1 1260 510 668
3892 4703 33579497 1 1240 520 663
3879 4488 33579507 1 1230 520 665
3853 4272 33579517 1 1220 530 628
3817 4109 33579527 1 1210 530 556
3768 3982 33579537 1 1190 530 396
3695 3943 33579547 1 1180 540 132
3249 4386 33579588 0 1110 550 107
3095 4662 33579598 1 1100 550 239
2951 4774 33579608 1 1100 550 292
2888 4886 33579618 1 1100 550 317
2862 4964 33579628 1 1090 550 304
2862 5041 33579638 1 1090 550 315
2878 5157 33579648 1 1090 550 336
2935 5300 33579658 1 1100 540 387
3019 5475 33579668 1 1100 540 422
3150 5621 33579678 1 1110 530 431
3282 5749 33579688 1 1110 530 444
3397 5794 33579698 1 1120 530 453
3500 5789 33579708 1 1120 530 478
3565 5752 33579718 1 1130 520 521
3593 5672 33579728 1 1130 520 568
3593 5535 33579738 1 1130 520 588
3555 5360 33579748 1 1140 510 617
3490 5147 33579758 1 1140 510 638
3409 4940 33579768 1 1140 510 647
3341 4737 33579778 1 1130 520 641
3278 4615 33579788 1 1130 520 647
3258 4570 33579798 1 1130 520 592
3266 4577 33579808 1 1130 520 539
3275 4603 33579818 1 1130 520 409
3701 5385 33579868 0 1120 520 136
4044 5863 33579878 1 1120 520 206
4190 6028 33579888 1 1130 520 242
4323 6163 33579898 1 1140 510 334
4423 6262 33579908 1 1140 510 388
4489 6317 33579918 1 1150 510 413
4533 6343 33579928 1 1150 510 460
4544 6322 33579938 1 1170 510 501
4519 6232 33579948 1 1180 510 524
4471 6096 33579958 1 1180 510 550
4395 5905 33579968 1 1190 500 584
4319 5723 33579978 1 1190 500 617
4281 5546 33579988 1 1190 500 639
4267 5459 33579998 1 1200 500 638
4311 5408 33580008 1 1200 500 646
4386 5380 33580018 1 1200 500 656
4482 5401 33580028 1 1200 500 653
4603 5461 33580038 1 1190 500 644
4723 5546 33580048 1 1190 500 619
4841 5630 33580058 1 1200 510 586
4914 5723 33580068 1 1190 510 513
4974 5823 33580078 1 1190 510 320
5009 6905 33580148 0 1210 520 279
5048 7169 33580158 1 1220 510 325
5048 7222 33580168 1 1230 510 340
5062 7271 33580178 1 1250 510 353
5085 7300 33580188 1 1270 510 361
5114 7316 33580198 1 1270 510 382
5135 7316 33580208 1 1280 500 409
5157 7299 33580218 1 1290 500 435
5167 7273 33580228 1 1300 500 455
5167 7200 33580238 1 1310 480 465
5142 7065 33580248 1 1310 480 480
5094 6889 33580258 1 1310 480 519
5032 6691 33580268 1 1320 480 592
4983 6514 33580278 1 1320 480 624
4973 6351 33580288 1 1320 480 630
4988 6262 33580298 1 1310 480 634
5033 6217 33580308 1 1310 480 645
5098 6201 33580318 1 1310 480 638
5175 6231 33580328 1 1300 500 650
5271 6324 33580338 1 1300 500 649
5366 6460 33580348 1 1300 500 650
5459 6605 33580358 1 1290 500 662
5542 6741 33580368 1 1290 500 667
5620 6828 33580378 1 1290 500 673
5694 6884 33580388 1 1290 500 663
5761 6909 33580398 1 1290 500 673
5822 6909 33580408 1 1290 500 671
5880 6902 33580418 1 1290 500 667
5938 6897 33580428 1 1300 510 658
5995 6897 33580438 1 1300 510 661
6053 6912 33580448 1 1300 510 662
6112 6954 33580458 1 1320 500 661
6175 7000 33580459 1 1320 500 647
6218 7048 33580469 1 1320 500 614
6248 7092 33580479 1 1340 500 570
6248 7136 33580489 1 1340 500 540
6226 7180 33580499 1 1340 500 512
6188 7204 33580509 1 1350 500 491
6146 7215 33580519 1 1350 500 477
6104 7182 33580529 1 1350 500 475
6064 7106 33580539 1 1360 490 491
6026 7001 33580549 1 1360 490 522
6008 6858 33580559 1 1350 500 581
6002 6709 33580569 1 1350 500 638
6019 6557 33580579 1 1360 500 687
6042 6353 33580589 1 1360 500 721
6059 6108 33580599 1 1360 500 724
6070 5836 33580609 1 1350 510 728
6082 5620 33580619 1 1350 510 736
6082 5442 33580629 1 1340 510 742
6073 5290 33580639 1 1330 520 745
6054 5193 33580649 1 1310 520 748
6019 5148 33580659 1 1300 530 749
5974 5137 33580669 1 1290 530 734
5913 5169 33580679 1 1280 540 731
5850 5260 33580689 1 1260 540 727
5785 5390 33580699 1 1250 550 722
5759 5526 33580709 1 1240 550 722
5785 5663 33580719 1 1240 550 722
5845 5802 33580729 1 1240 550 722
5957 5955 33580739 1 1230 550 724
6104 6114 33580749 1 1210 550 724
6273 6271 33580759 1 1210 550 728
6455 6446 33580769 1 1210 550 731
6633 6632 33580779 1 1210 550 727
6807 6804 33580789 1 1230 550 722
6961 6973 33580799 1 1230 550 730
7094 7132 33580809 1 1250 550 727
7213 7263 33580819 1 1260 540 721
7331 7381 33580829 1 1280 540 690
7415 7482 33580839 1 1280 540 644
7477 7554 33580849 1 1300 540 554
7507 7608 33580859 1 1310 540 440
7501 7645 33580869 1 1310 540 317
7471 7678 33580879 1 1310 540 78
7346 7731 33580909 0 1340 540 51
7197 7804 33580919 1 1350 530 98
7144 7821 33580929 1 1350 530 165
7101 7808 33580939 1 1350 530 213
7065 7774 33580949 1 1350 530 272
7032 7718 33580959 1 1360 520 327
7006 7634 33580969 1 1360 520 394
6983 7531 33580979 1 1350 520 449
6964 7369 33580989 1 1350 520 492
6946 7162 33580999 1 1350 520 539
6930 6925 33581009 1 1350 520 574
6939 6669 33581019 1 1350 520 586
6965 6417 33581029 1 1360 520 613
7022 6161 33581039 1 1360 520 644
7099 5900 33581049 1 1350 530 659
7190 5674 33581059 1 1350 530 700
7289 5469 33581069 1 1340 540 719
7383 5278 33581079 1 1340 550 774
7448 5058 33581089 1 1320 550 780
7495 4840 33581099 1 1300 560 785
7509 4627 33581109 1 1280 570 818
7468 4430 33581119 1 1280 580 840
7391 4239 33581129 1 1250 590 845
7252 4039 33581139 1 1240 600 836
7079 3862 33581149 1 1220 600 815
6884 3701 33581159 1 1190 610 754
6658 3632 33581169 1 1170 610 638
6465 3686 33581179 1 1150 620 367
