231
3103 6579 44779419 0 1380 420 17
3064 6586 44779429 1 1380 420 48
3064 6586 44779439 1 1370 420 54
3074 6602 44779449 1 1370 420 63
3116 6623 44779459 1 1370 420 53
3178 6653 44779469 1 1370 420 63
3267 6682 44779479 1 1380 430 68
3362 6708 44779489 1 1380 430 68
3465 6728 44779499 1 1380 430 68
3572 6742 44779509 1 1380 430 71
3660 6736 44779519 1 1380 430 75
3734 6719 44779529 1 1380 430 85
3770 6669 44779539 1 1380 430 101
3770 6566 44779549 1 1380 430 90
3744 6427 44779559 1 1380 430 95
3659 6240 44779569 1 1370 430 105
3553 6048 44779579 1 1370 430 119
3432 5858 44779579 1 1370 430 130
3317 5672 44779589 1 1360 440 146
3203 5529 44779599 1 1360 440 144
3093 5407 44779609 1 1360 440 173
3016 5300 44779619 1 1360 440 181
2960 5250 44779629 1 1350 440 195
2952 5236 44779639 1 1350 440 203
2973 5246 44779649 1 1350 440 220
3013 5266 44779659 1 1340 450 211
3105 5305 44779669 1 1340 450 212
3227 5357 44779679 1 1340 450 216
3368 5405 44779689 1 1330 450 218
3512 5446 44779699 1 1330 450 223
3651 5464 44779709 1 1330 450 221
3787 5469 44779719 1 1320 460 225
3887 5457 44779729 1 1320 460 225
3981 5415 44779739 1 1320 460 233
4070 5352 44779749 1 1320 460 239
4148 5253 44779759 1 1320 460 246
4204 5109 44779769 1 1320 460 255
4244 4936 44779779 1 1320 460 255
4252 4713 44779789 1 1320 460 282
4242 4484 44779799 1 1320 460 273
4220 4250 44779809 1 1300 460 276
4188 4008 44779819 1 1300 460 279
4128 3783 44779829 1 1300 460 279
4048 3570 44779839 1 1290 460 281
3977 3381 44779849 1 1290 460 281
3909 3196 44779859 1 1290 460 287
3848 3015 44779869 1 1270 460 284
3793 2904 44779879 1 1270 460 281
3743 2823 44779889 1 1270 460 274
3697 2762 44779899 1 1260 470 183
2856 4421 44780040 0 1250 450 178
2831 4519 44780050 1 1250 450 188
2773 4581 44780060 1 1250 450 191
2766 4597 44780070 1 1250 450 191
2803 4611 44780080 1 1270 450 195
2870 4624 44780090 1 1270 450 198
2978 4644 44780100 1 1270 450 200
3110 4668 44780110 1 1270 450 200
3259 4675 44780120 1 1270 450 200
3376 4675 44780130 1 1270 450 202
3463 4646 44780140 1 1270 450 203
3530 4594 44780150 1 1280 450 207
3567 4493 44780160 1 1280 450 215
3567 4324 44780170 1 1280 450 218
3538 4110 44780180 1 1280 450 222
3483 3899 44780190 1 1260 460 209
3414 3706 44780200 1 1260 460 214
3336 3525 44780210 1 1260 460 232
3331 3398 44780220 1 1260 460 253
3284 3323 44780230 1 1260 460 257
3210 3284 44780240 1 1250 460 282
3210 3284 44780250 1 1250 460 301
3232 3341 44780260 1 1250 460 309
3269 3432 44780270 1 1250 460 307
3346 3577 44780280 1 1250 460 322
3468 3750 44780290 1 1250 460 325
3619 3943 44780300 1 1250 460 327
3811 4146 44780310 1 1240 470 329
4008 4358 44780320 1 1240 470 332
4207 4577 44780330 1 1240 470 332
4425 4788 44780340 1 1240 470 329
4653 5012 44780350 1 1240 470 332
4887 5244 44780360 1 1250 470 335
5084 5468 44780370 1 1260 470 335
5254 5618 44780380 1 1260 470 335
5407 5720 44780390 1 1260 470 334
5476 5758 44780400 1 1270 460 332
5500 5758 44780410 1 1270 460 340
5493 5738 44780420 1 1300 470 342
5453 5678 44780430 1 1300 470 333
5376 5557 44780440 1 1300 470 338
5275 5396 44780450 1 1310 460 344
5142 5197 44780460 1 1320 470 349
5012 4995 44780470 1 1320 470 363
4917 4791 44780480 1 1320 470 366
4844 4630 44780490 1 1320 470 374
4806 4494 44780500 1 1320 470 376
4806 4375 44780510 1 1320 470 381
4828 4279 44780520 1 1320 470 384
4877 4218 44780530 1 1320 470 389
4956 4180 44780540 1 1310 470 394
5054 4170 44780550 1 1310 470 393
5187 4187 44780560 1 1310 470 389
5326 4222 44780570 1 1310 470 382
5468 4281 44780580 1 1300 480 346
5611 4360 44780590 1 1300 480 171
6899 6646 44780961 0 1410 420 48
6848 6647 44780971 1 1400 420 63
6834 6662 44780981 1 1400 420 67
6856 6675 44780991 1 1400 420 48
6902 6687 44781001 1 1400 420 53
6990 6711 44781011 1 1400 420 60
7103 6742 44781021 1 1410 430 66
7233 6773 44781031 1 1410 430 68
7364 6784 44781041 1 1400 430 76
7455 6784 44781051 1 1400 430 85
7519 6740 44781061 1 1410 440 99
7548 6649 44781071 1 1400 450 93
7529 6526 44781081 1 1400 450 103
7479 6349 44781091 1 1400 450 122
7395 6175 44781101 1 1400 450 130
7284 6004 44781111 1 1410 450 131
7156 5844 44781121 1 1400 460 161
7052 5730 44781131 1 1400 460 175
6967 5648 44781141 1 1400 460 195
6895 5590 44781151 1 1390 460 220
6844 5559 44781161 1 1390 460 254
6826 5547 44781171 1 1390 460 252
6831 5547 44781181 1 1370 460 260
6871 5581 44781191 1 1370 460 264
6946 5636 44781201 1 1370 460 269
7045 5713 44781211 1 1370 460 270
7175 5806 44781221 1 1360 470 272
7313 5909 44781231 1 1360 470 270
7455 5989 44781241 1 1360 470 270
7553 6029 44781251 1 1360 470 272
7619 6042 44781261 1 1360 470 272
7664 6020 44781271 1 1360 470 280
7683 5956 44781281 1 1360 470 284
7670 5864 44781291 1 1360 470 285
7635 5738 44781301 1 1360 470 276
7578 5606 44781311 1 1360 470 289
7507 5471 44781321 1 1360 470 305
7427 5312 44781331 1 1360 470 327
7354 5168 44781341 1 1360 470 333
7310 5063 44781351 1 1360 470 339
7284 4979 44781361 1 1360 470 348
7299 4941 44781371 1 1360 470 359
7341 4941 44781381 1 1360 470 373
7400 4958 44781391 1 1350 470 366
7487 5033 44781401 1 1350 470 369
7594 5145 44781411 1 1350 470 372
7715 5283 44781421 1 1350 470 376
7853 5438 44781431 1 1340 480 376
7970 5570 44781441 1 1340 480 377
8074 5686 44781451 1 1340 480 376
8172 5781 44781461 1 1340 480 377
8248 5874 44781471 1 1340 480 381
8309 5928 44781481 1 1350 470 377
8346 5956 44781491 1 1350 470 376
8361 5956 44781502 1 1350 470 377
8361 5956 44781512 1 1370 470 381
8361 5899 44781522 1 1370 470 386
8356 5813 44781532 1 1370 470 391
8338 5726 44781542 1 1370 470 398
8302 5609 44781552 1 1370 470 391
8253 5474 44781562 1 1380 480 400
8196 5291 44781572 1 1380 480 405
8131 5084 44781582 1 1380 480 412
8057 4862 44781592 1 1380 480 417
7978 4625 44781602 1 1380 480 422
7889 4390 44781612 1 1380 480 418
7798 4146 44781622 1 1380 480 422
7705 3897 44781632 1 1370 480 418
7639 3673 44781642 1 1370 480 423
7588 3508 44781652 1 1360 490 428
7548 3383 44781662 1 1340 490 431
7508 3277 44781672 1 1330 500 431
7470 3217 44781682 1 1320 500 436
7444 3189 44781692 1 1320 500 440
7425 3194 44781692 1 1300 510 441
7405 3253 44781702 1 1300 510 438
7389 3348 44781712 1 1290 510 436
7382 3491 44781722 1 1290 510 438
7394 3627 44781732 1 1280 500 440
7417 3754 44781742 1 1280 500 440
7455 3874 44781752 1 1280 500 443
7510 3988 44781762 1 1280 500 444
7575 4103 44781772 1 1270 510 443
7663 4220 44781782 1 1270 510 444
7782 4357 44781792 1 1270 510 449
7922 4494 44781802 1 1270 510 449
8068 4631 44781812 1 1280 500 439
8262 4766 44781822 1 1280 500 439
8487 4917 44781832 1 1280 500 442
8721 5080 44781842 1 1280 500 442
8948 5241 44781852 1 1290 500 443
9170 5421 44781862 1 1290 500 442
9370 5613 44781872 1 1300 510 439
9541 5798 44781882 1 1320 500 449
9692 6009 44781892 1 1320 500 449
9805 6237 44781902 1 1330 500 439
9882 6459 44781912 1 1330 500 449
9936 6607 44781923 1 1330 500 439
9924 6705 44781933 1 1350 500 449
9872 6742 44781943 1 1350 500 449
9793 6748 44781953 1 1360 490 439
9702 6734 44781963 1 1360 490 440
9600 6677 44781973 1 1360 490 442
9491 6567 44781983 1 1370 480 442
9378 6423 44781993 1 1380 490 445
9267 6243 44782003 1 1380 490 445
9175 6037 44782013 1 1390 480 442
9093 5814 44782023 1 1390 480 448
9025 5617 44782033 1 1390 480 455
8990 5403 44782043 1 1390 480 461
8978 5178 44782053 1 1390 480 468
9002 4953 44782063 1 1390 480 468
9032 4729 44782073 1 1380 490 474
9073 4507 44782083 1 1380 490 468
9121 4261 44782093 1 1400 500 477
9170 4010 44782103 1 1380 500 478
9214 3733 44782113 1 1380 500 485
9235 3441 44782123 1 1370 510 490
9243 3099 44782133 1 1380 510 486
9230 2745 44782143 1 1370 520 488
9207 2384 44782153 1 1370 520 486
9177 2014 44782163 1 1360 520 485
9121 1641 44782173 1 1350 530 478
9048 1279 44782183 1 1330 540 448
8964 924 44782193 1 1320 550 330
