251
2201 7373 74797883 0 1350 730 327
2221 7514 74797893 1 1350 720 398
2229 7579 74797903 1 1350 690 425
2229 7646 74797913 1 1350 680 473
2254 7665 74797923 1 1370 660 515
2302 7693 74797933 1 1350 640 567
2366 7727 74797943 1 1350 630 617
2444 7744 74797953 1 1360 610 650
2561 7762 74797963 1 1360 600 667
2704 7777 74797973 1 1380 580 691
2854 7784 74797983 1 1360 560 705
3000 7779 74797993 1 1360 550 733
3129 7752 74798003 1 1360 540 748
3246 7710 74798013 1 1360 520 756
3346 7660 74798023 1 1360 520 763
3428 7608 74798033 1 1360 520 763
3497 7551 74798043 1 1360 520 763
3531 7483 74798053 1 1360 520 765
3531 7406 74798063 1 1360 520 763
3497 7320 74798073 1 1360 520 765
3435 7229 74798083 1 1360 520 762
3342 7119 74798093 1 1360 520 760
3228 6998 74798103 1 1370 520 762
3082 6853 74798113 1 1370 520 765
2955 6743 74798123 1 1370 520 767
2840 6657 74798133 1 1360 520 770
2754 6586 74798143 1 1360 520 770
2691 6539 74798153 1 1360 520 771
2644 6508 74798163 1 1350 530 774
2630 6501 74798173 1 1350 530 773
2630 6509 74798183 1 1350 530 770
2651 6527 74798193 1 1340 540 770
2710 6579 74798203 1 1340 540 771
2793 6650 74798213 1 1340 540 770
2892 6735 74798223 1 1330 530 770
3011 6812 74798233 1 1330 530 773
3120 6865 74798243 1 1330 530 771
3223 6902 74798253 1 1330 530 774
3313 6911 74798263 1 1330 530 774
3396 6892 74798273 1 1330 530 773
3474 6855 74798283 1 1330 530 777
3548 6785 74798293 1 1330 530 782
3610 6672 74798303 1 1330 530 794
3663 6531 74798313 1 1330 530 806
3709 6327 74798323 1 1330 530 828
3746 6069 74798333 1 1330 530 864
3777 5775 74798343 1 1310 540 870
3811 5481 74798353 1 1310 540 903
3846 5140 74798363 1 1310 540 897
3880 4768 74798373 1 1300 540 911
3902 4514 74798383 1 1290 550 921
3917 4260 74798393 1 1260 540 923
3917 4005 74798403 1 1250 550 923
3908 3807 74798413 1 1240 550 921
3887 3678 74798423 1 1220 560 921
3860 3596 74798433 1 1210 560 900
3819 3567 74798443 1 1190 560 872
3768 3583 74798453 1 1180 570 827
3677 3628 74798463 1 1160 570 797
3565 3743 74798473 1 1160 570 739
3439 3903 74798474 1 1150 580 708
3313 4094 74798484 1 1130 580 694
3189 4257 74798494 1 1130 570 694
3065 4411 74798504 1 1130 570 688
2977 4558 74798514 1 1130 570 682
2913 4677 74798524 1 1130 570 681
2864 4782 74798534 1 1130 570 681
2826 4877 74798544 1 1130 570 693
2807 4965 74798554 1 1140 570 691
2800 5054 74798564 1 1140 570 707
2825 5146 74798574 1 1160 560 725
2898 5265 74798584 1 1160 560 724
3003 5400 74798594 1 1170 560 737
3158 5529 74798604 1 1170 560 743
3307 5626 74798614 1 1170 560 749
3453 5701 74798624 1 1180 560 754
3580 5732 74798634 1 1180 560 757
3682 5723 74798644 1 1180 560 761
3766 5687 74798654 1 1180 560 757
3808 5612 74798664 1 1170 550 779
3808 5489 74798674 1 1170 550 788
3789 5335 74798684 1 1190 540 814
3718 5156 74798694 1 1190 540 818
3612 4955 74798704 1 1170 550 836
3482 4740 74798714 1 1170 550 846
3370 4570 74798724 1 1170 550 851
3263 4451 74798734 1 1160 550 852
3195 4366 74798744 1 1160 550 852
3151 4341 74798754 1 1160 550 811
3136 4372 74798764 1 1160 550 752
3160 4441 74798774 1 1160 550 682
3210 4570 74798784 1 1160 550 606
3307 4731 74798794 1 1160 550 538
3446 4913 74798804 1 1160 550 245
4223 5638 74798854 0 1160 550 215
4625 5936 74798864 1 1170 550 270
4789 6048 74798874 1 1170 550 387
4903 6120 74798884 1 1190 540 450
4990 6163 74798894 1 1200 540 498
5058 6187 74798904 1 1230 550 526
5076 6187 74798914 1 1240 540 592
5058 6151 74798924 1 1240 540 638
5015 6097 74798934 1 1250 540 670
4938 6015 74798944 1 1270 530 699
4837 5905 74798954 1 1280 530 725
4720 5776 74798964 1 1280 530 752
4596 5657 74798974 1 1280 530 784
4481 5545 74798984 1 1280 530 800
4402 5438 74798994 1 1280 530 817
4344 5360 74799004 1 1280 530 824
4323 5297 74799014 1 1280 530 829
4332 5244 74799024 1 1280 530 834
4361 5205 74799034 1 1270 530 866
4427 5182 74799044 1 1270 530 875
4529 5170 74799054 1 1270 530 894
4654 5178 74799064 1 1250 540 894
4790 5195 74799074 1 1250 540 909
4919 5217 74799084 1 1240 540 918
5042 5253 74799094 1 1240 540 921
5181 5308 74799104 1 1230 550 923
5329 5375 74799114 1 1210 550 909
5448 5443 74799124 1 1210 550 875
5544 5511 74799134 1 1210 550 820
5625 5588 74799144 1 1210 550 721
5692 5670 74799154 1 1210 550 578
5748 5779 74799164 1 1220 560 339
5813 6433 74799205 0 1240 550 90
5798 6746 74799215 1 1240 550 225
5786 6873 74799225 1 1250 550 307
5769 6962 74799235 1 1250 550 361
5782 7028 74799245 1 1260 540 422
5800 7080 74799255 1 1280 540 458
5839 7129 74799265 1 1290 530 494
5889 7172 74799275 1 1300 530 541
5963 7214 74799285 1 1310 520 586
6073 7257 74799295 1 1330 520 602
6208 7305 74799305 1 1330 520 619
6360 7356 74799315 1 1340 510 633
6502 7386 74799325 1 1350 510 637
6636 7413 74799335 1 1350 510 650
6768 7420 74799345 1 1360 510 658
6885 7415 74799355 1 1370 510 670
6966 7391 74799365 1 1370 510 666
7024 7362 74799375 1 1380 510 676
7057 7308 74799385 1 1380 510 691
7052 7240 74799395 1 1400 520 700
7022 7142 74799405 1 1400 520 690
6950 7009 74799415 1 1400 520 696
6848 6853 74799425 1 1400 520 711
6726 6713 74799435 1 1400 520 736
6615 6589 74799445 1 1390 520 750
6543 6476 74799455 1 1390 520 763
6498 6390 74799465 1 1390 520 773
6469 6329 74799475 1 1370 530 773
6456 6285 74799485 1 1370 530 774
6456 6274 74799495 1 1370 530 779
6468 6285 74799505 1 1370 530 782
6513 6312 74799515 1 1360 540 782
6578 6383 74799525 1 1360 540 782
6664 6446 74799535 1 1350 530 780
6747 6504 74799545 1 1350 530 780
6827 6542 74799555 1 1340 540 780
6896 6561 74799565 1 1340 540 780
6950 6568 74799575 1 1340 540 782
6994 6568 74799585 1 1340 540 782
7025 6536 74799595 1 1340 540 782
7031 6493 74799605 1 1340 540 785
7019 6393 74799615 1 1350 540 788
6978 6255 74799625 1 1350 540 793
6928 6091 74799635 1 1350 540 796
6873 5915 74799645 1 1350 540 806
6834 5758 74799655 1 1350 550 827
6823 5614 74799665 1 1350 550 846
6831 5513 74799675 1 1350 550 857
6881 5451 74799685 1 1350 570 861
6936 5414 74799695 1 1350 570 855
7010 5421 74799705 1 1340 570 858
7095 5465 74799715 1 1340 570 864
7193 5533 74799725 1 1320 580 867
7284 5634 74799735 1 1320 580 866
7371 5760 74799745 1 1320 580 861
7441 5904 74799755 1 1320 580 855
7494 6041 74799765 1 1310 570 855
7535 6116 74799775 1 1310 570 855
7554 6150 74799785 1 1310 570 867
7560 6150 74799795 1 1310 570 867
7560 6112 74799805 1 1310 570 854
7552 6046 74799815 1 1310 570 861
7542 5934 74799825 1 1300 560 873
7529 5804 74799835 1 1300 560 884
7515 5661 74799845 1 1300 560 891
7501 5507 74799855 1 1300 560 896
7475 5323 74799865 1 1300 560 900
7442 5118 74799875 1 1300 560 902
7399 4925 74799885 1 1300 560 903
7352 4764 74799895 1 1300 560 892
7303 4625 74799905 1 1280 570 896
7257 4537 74799915 1 1280 570 896
7215 4492 74799926 1 1270 570 900
7178 4477 74799936 1 1270 570 906
7147 4496 74799946 1 1260 580 902
7120 4549 74799956 1 1240 580 902
7120 4624 74799966 1 1230 590 899
7133 4706 74799976 1 1230 590 899
7177 4816 74799986 1 1210 590 900
7272 4946 74799996 1 1210 590 903
7400 5088 74800006 1 1210 590 902
7569 5254 74800016 1 1210 590 902
7764 5436 74800026 1 1210 590 896
7975 5623 74800036 1 1210 590 900
8161 5814 74800046 1 1230 590 897
8347 6007 74800056 1 1230 590 903
8527 6156 74800066 1 1230 590 903
8669 6313 74800076 1 1240 600 900
8789 6475 74800086 1 1250 590 892
8882 6588 74800096 1 1270 590 897
8942 6679 74800106 1 1270 590 876
8980 6756 74800116 1 1270 590 858
8985 6828 74800126 1 1280 580 855
8953 6901 74800136 1 1290 590 833
8896 6969 74800146 1 1310 580 822
8800 7031 74800156 1 1320 580 817
8698 7086 74800166 1 1320 580 818
8592 7137 74800176 1 1340 570 824
8505 7170 74800186 1 1350 570 830
8445 7193 74800196 1 1350 570 831
8403 7186 74800206 1 1360 560 827
8394 7175 74800216 1 1360 550 828
8387 7102 74800226 1 1360 550 831
8380 6989 74800236 1 1370 540 836
8372 6825 74800246 1 1370 540 849
8365 6646 74800256 1 1370 540 860
8365 6456 74800266 1 1390 540 861
8365 6223 74800276 1 1390 540 876
8365 5992 74800286 1 1370 530 894
8372 5762 74800296 1 1360 540 896
8380 5561 74800306 1 1360 540 920
8391 5354 74800316 1 1360 540 929
8415 5141 74800326 1 1350 540 939
8448 4937 74800336 1 1340 550 945
8498 4760 74800346 1 1320 550 938
8550 4597 74800356 1 1310 560 967
8604 4448 74800366 1 1300 560 985
8636 4269 74800376 1 1280 570 988
8653 4071 74800386 1 1270 570 1011
8627 3831 74800396 1 1260 580 1018
8562 3567 74800406 1 1240 580 1023
8471 3286 74800416 1 1230 590 1015
8366 2963 74800426 1 1190 600 974
8261 2681 74800436 1 1180 600 879
8157 2427 74800446 1 1160 600 570
