233
2929 6505 71803507 0 1400 430 104
2898 6526 71803517 1 1410 440 170
2898 6546 71803527 1 1410 440 205
2898 6546 71803537 1 1420 440 218
2898 6546 71803547 1 1420 440 225
2903 6546 71803557 1 1420 440 252
2928 6555 71803567 1 1430 450 284
2964 6565 71803577 1 1430 450 281
3018 6576 71803587 1 1430 450 289
3078 6582 71803597 1 1450 450 314
3135 6566 71803607 1 1440 460 334
3189 6538 71803617 1 1440 460 333
3226 6484 71803627 1 1450 460 358
3241 6403 71803637 1 1450 460 381
3241 6305 71803647 1 1450 460 393
3221 6197 71803657 1 1450 460 388
3181 6089 71803667 1 1450 460 389
3127 5967 71803677 1 1450 460 394
3073 5836 71803687 1 1440 470 394
3022 5739 71803697 1 1440 470 394
2978 5658 71803707 1 1440 470 396
2943 5588 71803717 1 1430 480 317
2913 5527 71803727 1 1420 470 137
2654 5250 71803798 0 1380 490 58
2535 5172 71803808 1 1380 490 107
2488 5159 71803818 1 1370 480 173
2472 5154 71803828 1 1370 480 207
2472 5164 71803838 1 1370 480 223
2498 5197 71803848 1 1370 480 269
2542 5246 71803858 1 1370 480 297
2598 5308 71803868 1 1370 480 310
2682 5383 71803878 1 1370 480 339
2768 5466 71803888 1 1370 480 341
2861 5542 71803898 1 1370 480 361
2961 5610 71803908 1 1370 480 368
3064 5652 71803918 1 1370 480 361
3166 5680 71803928 1 1370 480 367
3248 5680 71803938 1 1360 490 371
3319 5662 71803948 1 1360 490 376
3378 5624 71803958 1 1360 490 394
3426 5555 71803968 1 1360 490 394
3467 5447 71803978 1 1360 490 415
3503 5314 71803988 1 1360 490 449
3542 5152 71803998 1 1360 490 466
3583 4950 71804008 1 1360 490 467
3626 4722 71804018 1 1350 500 495
3670 4503 71804028 1 1350 500 489
3717 4267 71804038 1 1350 500 494
3746 4019 71804048 1 1350 500 499
3777 3817 71804058 1 1330 500 502
3807 3646 71804068 1 1330 500 504
3829 3495 71804078 1 1330 500 514
3847 3371 71804088 1 1320 500 515
3847 3264 71804098 1 1320 500 517
3847 3169 71804108 1 1320 500 515
3847 3113 71804118 1 1300 510 515
3847 3087 71804128 1 1300 510 491
3839 3082 71804138 1 1300 510 399
3822 3090 71804148 1 1290 510 172
2537 4342 71804299 0 1270 490 301
2520 4394 71804309 1 1270 490 307
2520 4454 71804319 1 1280 480 312
2562 4484 71804329 1 1280 480 314
2628 4493 71804339 1 1280 480 312
2706 4526 71804349 1 1300 480 314
2781 4557 71804359 1 1300 480 317
2855 4584 71804369 1 1300 480 317
2935 4584 71804379 1 1310 480 305
3015 4574 71804389 1 1310 480 314
3080 4517 71804399 1 1310 480 324
3135 4404 71804409 1 1320 490 339
3147 4254 71804419 1 1320 490 348
3129 4075 71804429 1 1320 490 368
3090 3892 71804439 1 1320 490 376
3045 3699 71804449 1 1320 490 394
3001 3547 71804459 1 1300 500 438
2963 3423 71804469 1 1320 500 452
2950 3332 71804479 1 1320 500 463
2950 3303 71804489 1 1320 500 477
2986 3315 71804499 1 1320 500 486
3059 3391 71804509 1 1320 500 498
3159 3510 71804519 1 1320 500 498
3281 3657 71804529 1 1300 510 498
3408 3844 71804539 1 1300 510 489
3564 4041 71804549 1 1290 500 489
3736 4246 71804559 1 1290 500 494
3897 4485 71804569 1 1290 500 492
4078 4717 71804579 1 1290 500 489
4273 4945 71804589 1 1290 500 492
4450 5165 71804599 1 1290 500 494
4604 5351 71804609 1 1300 500 491
4743 5514 71804619 1 1300 500 491
4822 5593 71804629 1 1300 500 489
4853 5620 71804639 1 1300 500 496
4853 5613 71804649 1 1320 500 491
4841 5571 71804659 1 1330 500 496
4802 5471 71804669 1 1330 500 504
4743 5333 71804679 1 1330 500 513
4677 5182 71804689 1 1340 490 546
4614 5028 71804699 1 1340 490 557
4554 4868 71804709 1 1340 490 561
4517 4708 71804719 1 1340 490 575
4496 4576 71804729 1 1340 490 581
4485 4462 71804739 1 1340 490 583
4494 4356 71804749 1 1340 490 591
4524 4280 71804759 1 1330 500 588
4569 4225 71804769 1 1330 500 589
4646 4206 71804779 1 1330 500 600
4754 4242 71804789 1 1330 500 594
4883 4316 71804799 1 1320 500 581
5027 4452 71804809 1 1320 500 529
5192 4587 71804819 1 1320 500 425
5370 4702 71804829 1 1320 500 144
6038 6630 71805180 0 1410 440 208
6038 6630 71805190 1 1410 440 205
6025 6663 71805200 1 1410 440 215
6025 6681 71805210 1 1410 440 212
6041 6687 71805220 1 1410 450 246
6081 6704 71805230 1 1410 450 272
6137 6720 71805240 1 1410 450 287
6208 6732 71805250 1 1410 450 309
6284 6741 71805260 1 1420 450 316
6358 6741 71805270 1 1410 460 305
6429 6741 71805280 1 1410 460 314
6487 6692 71805290 1 1430 460 324
6514 6623 71805300 1 1430 460 337
6519 6516 71805310 1 1430 460 339
6489 6388 71805320 1 1420 470 333
6436 6245 71805330 1 1420 470 334
6367 6130 71805340 1 1420 470 336
6288 6024 71805350 1 1420 470 344
6209 5923 71805360 1 1420 470 346
6131 5835 71805370 1 1420 470 368
6074 5783 71805380 1 1420 470 393
6050 5754 71805390 1 1400 480 394
6050 5754 71805400 1 1400 480 405
6067 5764 71805410 1 1400 480 413
6113 5790 71805420 1 1400 480 420
6177 5855 71805430 1 1400 480 417
6264 5935 71805440 1 1400 480 420
6351 6024 71805450 1 1400 480 420
6438 6102 71805460 1 1400 480 414
6509 6155 71805470 1 1400 480 422
6570 6192 71805480 1 1400 480 422
6610 6192 71805490 1 1400 480 422
6634 6168 71805500 1 1400 480 415
6646 6129 71805510 1 1400 480 428
6637 6049 71805520 1 1400 480 440
6607 5940 71805530 1 1400 480 442
6564 5812 71805540 1 1400 480 456
6516 5704 71805550 1 1400 480 474
6469 5596 71805560 1 1400 480 478
6422 5503 71805570 1 1400 480 485
6395 5419 71805580 1 1400 480 488
6389 5371 71805590 1 1390 480 490
6396 5342 71805600 1 1390 480 491
6415 5325 71805610 1 1390 480 490
6439 5325 71805620 1 1380 490 489
6472 5363 71805630 1 1380 490 491
6533 5429 71805640 1 1370 500 489
6612 5538 71805650 1 1370 500 491
6707 5659 71805660 1 1370 500 489
6806 5788 71805670 1 1360 500 494
6898 5942 71805680 1 1360 500 502
6984 6046 71805690 1 1370 510 502
7036 6118 71805700 1 1370 510 497
7058 6135 71805710 1 1370 510 491
7058 6128 71805720 1 1400 510 494
7053 6104 71805730 1 1400 510 497
7037 6029 71805740 1 1400 510 501
7013 5924 71805750 1 1410 500 520
6992 5800 71805760 1 1420 500 532
6974 5678 71805770 1 1420 500 537
6965 5532 71805780 1 1420 500 554
6965 5369 71805790 1 1430 510 557
6965 5203 71805800 1 1430 510 561
6970 5037 71805810 1 1430 510 562
6977 4872 71805820 1 1430 520 564
6977 4691 71805830 1 1430 520 564
6977 4537 71805840 1 1430 520 564
6962 4401 71805850 1 1420 530 557
6930 4249 71805860 1 1410 530 556
6885 4110 71805870 1 1400 540 556
6816 4007 71805880 1 1400 540 554
6737 3925 71805890 1 1390 550 556
6652 3880 71805900 1 1380 550 550
6566 3880 71805910 1 1360 550 553
6484 3906 71805920 1 1350 550 568
6427 3975 71805930 1 1350 550 570
6385 4070 71805940 1 1340 550 589
6385 4182 71805950 1 1340 550 583
6426 4317 71805960 1 1310 550 584
6491 4447 71805970 1 1310 550 584
6575 4574 71805980 1 1310 550 586
6695 4708 71805990 1 1300 540 584
6838 4879 71806000 1 1300 540 589
7006 5074 71806010 1 1300 540 589
7203 5283 71806020 1 1300 540 591
7420 5514 71806030 1 1300 540 589
7639 5761 71806040 1 1300 540 581
7860 6003 71806050 1 1300 540 581
8037 6224 71806060 1 1300 540 584
8184 6385 71806070 1 1310 540 581
8284 6514 71806080 1 1330 540 574
8331 6596 71806090 1 1340 540 562
8343 6651 71806100 1 1350 540 537
8311 6687 71806110 1 1350 540 512
8260 6732 71806120 1 1360 540 515
8196 6773 71806130 1 1370 540 510
8131 6807 71806140 1 1390 540 509
8072 6833 71806150 1 1400 530 507
8027 6833 71806160 1 1410 530 504
7990 6822 71806170 1 1420 530 504
7945 6766 71806180 1 1420 530 512
7892 6642 71806190 1 1430 520 515
7834 6472 71806200 1 1430 520 530
7804 6246 71806210 1 1430 520 543
7804 5997 71806220 1 1440 510 539
7819 5734 71806230 1 1430 520 546
7860 5520 71806240 1 1430 520 556
7910 5288 71806250 1 1430 520 570
7967 5044 71806260 1 1420 530 608
8018 4740 71806270 1 1410 520 606
8073 4395 71806280 1 1400 530 622
8132 4024 71806290 1 1390 540 627
8189 3675 71806300 1 1370 540 599
8232 3357 71806310 1 1360 550 594
8268 3059 71806320 1 1350 550 595
8280 2809 71806330 1 1320 550 570
8274 2585 71806340 1 1300 560 533
8255 2379 71806350 1 1280 570 495
8210 2163 71806360 1 1270 570 405
8147 1947 71806370 1 1240 580 226
