193
3132 6138 33655487 0 1230 490 276
3169 6212 33655497 1 1230 490 301
3156 6237 33655507 1 1230 490 316
3181 6265 33655517 1 1240 490 353
3236 6295 33655527 1 1240 490 397
3310 6325 33655537 1 1240 490 443
3413 6350 33655547 1 1240 490 490
3545 6359 33655557 1 1240 490 512
3695 6359 33655567 1 1240 490 513
3834 6359 33655577 1 1240 490 516
3951 6346 33655587 1 1250 480 519
4054 6327 33655597 1 1260 490 518
4125 6299 33655607 1 1260 490 515
4159 6265 33655617 1 1260 490 522
4167 6204 33655627 1 1260 490 512
4128 6127 33655637 1 1260 490 502
4058 6012 33655647 1 1260 490 496
3967 5881 33655657 1 1250 500 492
3874 5740 33655667 1 1250 500 497
3777 5628 33655677 1 1250 500 504
3678 5535 33655687 1 1240 500 513
3605 5455 33655697 1 1240 500 532
3568 5418 33655707 1 1220 500 539
3554 5408 33655717 1 1220 500 543
3554 5417 33655727 1 1220 500 537
3568 5435 33655737 1 1210 510 544
3593 5480 33655747 1 1210 510 536
3641 5542 33655757 1 1200 510 546
3709 5607 33655767 1 1190 500 546
3790 5668 33655777 1 1180 510 546
3874 5699 33655787 1 1180 510 543
3962 5713 33655797 1 1170 510 539
4067 5671 33655807 1 1170 510 550
4182 5545 33655817 1 1170 510 567
4282 5364 33655827 1 1170 510 574
4353 5095 33655837 1 1150 510 586
4405 4794 33655847 1 1150 510 594
4453 4472 33655857 1 1150 510 619
4480 4166 33655867 1 1140 510 641
4492 3911 33655877 1 1140 510 653
4492 3689 33655887 1 1130 520 647
4492 3541 33655897 1 1120 520 611
4477 3452 33655907 1 1100 520 540
4453 3402 33655917 1 1090 520 188
3756 4030 33655977 0 1060 530 418
3682 4237 33655987 1 1060 530 417
3636 4312 33655997 1 1060 530 410
3643 4402 33656007 1 1060 530 407
3685 4504 33656017 1 1060 520 409
3773 4624 33656027 1 1060 520 415
3864 4753 33656037 1 1070 520 414
3958 4831 33656047 1 1070 520 425
4041 4853 33656057 1 1080 520 443
4117 4838 33656067 1 1100 510 455
4166 4767 33656077 1 1100 510 498
4177 4660 33656087 1 1100 510 526
4162 4528 33656097 1 1110 510 567
4114 4369 33656107 1 1110 510 602
4050 4195 33656117 1 1120 520 633
3974 4011 33656127 1 1120 520 652
3903 3856 33656137 1 1120 520 656
3860 3763 33656147 1 1120 520 655
3835 3712 33656157 1 1120 520 620
3835 3720 33656167 1 1120 520 516
3867 3825 33656177 1 1100 520 384
3910 3994 33656187 1 1100 520 187
3990 4203 33656197 1 1100 520 53
4102 4426 33656207 1 1100 520 1
4235 4659 33656217 1 1100 520 95
4374 4868 33656227 1 1100 520 226
4513 5034 33656237 1 1100 520 325
4652 5172 33656247 1 1110 530 407
4762 5302 33656257 1 1110 530 445
4851 5358 33656267 1 1120 530 490
4895 5366 33656277 1 1120 530 559
4920 5327 33656287 1 1120 530 614
4932 5237 33656297 1 1140 530 641
4932 5114 33656307 1 1140 530 676
4921 4957 33656317 1 1140 530 708
4903 4795 33656327 1 1140 530 722
4903 4700 33656337 1 1140 530 724
4946 4653 33656347 1 1140 530 727
5007 4653 33656357 1 1170 540 730
5092 4713 33656367 1 1170 540 700
5189 4819 33656377 1 1170 540 668
5294 4970 33656387 1 1170 540 592
5378 5119 33656397 1 1150 540 514
5443 5290 33656407 1 1150 540 387
5494 5477 33656417 1 1150 540 251
5530 5673 33656427 1 1150 540 129
5559 5887 33656437 1 1170 550 91
5582 6114 33656447 1 1170 550 106
5596 6352 33656457 1 1170 550 181
5604 6531 33656467 1 1190 540 282
5604 6670 33656477 1 1190 540 381
5612 6776 33656487 1 1200 540 472
5600 6823 33656497 1 1190 530 562
5577 6831 33656507 1 1210 530 581
5570 6831 33656517 1 1220 530 584
5570 6831 33656527 1 1230 520 583
5578 6821 33656537 1 1240 520 595
5620 6805 33656547 1 1260 510 592
5684 6784 33656557 1 1260 510 600
5782 6774 33656567 1 1270 510 606
5862 6763 33656577 1 1280 520 613
5931 6751 33656587 1 1290 510 617
5971 6715 33656597 1 1290 510 611
5982 6642 33656607 1 1300 520 616
5974 6545 33656617 1 1320 510 619
5929 6388 33656627 1 1320 510 617
5857 6210 33656637 1 1320 510 624
5766 6018 33656647 1 1320 510 636
5688 5845 33656657 1 1300 520 668
5659 5738 33656667 1 1300 520 669
5659 5674 33656677 1 1300 530 667
5701 5630 33656687 1 1300 530 664
5767 5630 33656697 1 1290 530 663
5852 5652 33656707 1 1290 530 652
5938 5728 33656717 1 1280 540 637
6024 5839 33656727 1 1280 540 641
6110 5973 33656737 1 1280 540 641
6183 6038 33656747 1 1280 540 646
6249 6045 33656757 1 1280 540 658
6311 6013 33656767 1 1280 540 667
6371 5921 33656777 1 1280 540 666
6429 5817 33656787 1 1260 540 675
6493 5706 33656797 1 1260 540 676
6559 5613 33656809 1 1250 550 672
6627 5548 33656819 1 1250 550 666
6683 5501 33656829 1 1240 550 670
6731 5496 33656839 1 1240 550 668
6771 5521 33656849 1 1240 550 662
6805 5565 33656859 1 1240 550 643
6836 5633 33656869 1 1240 550 610
6858 5725 33656879 1 1240 550 586
6879 5832 33656889 1 1250 560 595
6900 5878 33656899 1 1250 560 585
6916 5862 33656909 1 1230 560 603
6932 5805 33656919 1 1230 560 613
6949 5699 33656929 1 1240 570 617
6966 5562 33656939 1 1230 580 643
6974 5404 33656949 1 1230 580 685
6974 5216 33656959 1 1240 580 697
6954 5035 33656969 1 1240 580 699
6919 4860 33656979 1 1240 580 694
6874 4705 33656989 1 1240 580 697
6801 4602 33656999 1 1240 580 699
6712 4534 33657009 1 1240 580 696
6611 4512 33657019 1 1240 580 713
6514 4541 33657029 1 1230 590 717
6443 4605 33657039 1 1230 590 717
6388 4726 33657049 1 1230 590 716
6406 4881 33657059 1 1210 590 717
6484 5058 33657069 1 1200 580 717
6601 5231 33657079 1 1200 580 717
6755 5413 33657089 1 1200 580 711
6918 5602 33657099 1 1190 580 719
7086 5789 33657109 1 1190 580 717
7250 5975 33657119 1 1190 580 721
7410 6161 33657129 1 1190 580 719
7544 6332 33657139 1 1200 570 717
7662 6509 33657149 1 1200 570 694
7766 6669 33657159 1 1190 560 676
7845 6816 33657169 1 1220 570 668
7906 6961 33657179 1 1230 560 658
7924 7065 33657189 1 1250 560 641
7908 7141 33657199 1 1270 560 624
7868 7184 33657209 1 1290 560 588
7789 7201 33657219 1 1310 560 566
7692 7201 33657229 1 1310 560 567
7583 7165 33657239 1 1320 550 567
7473 7094 33657249 1 1340 550 574
7387 6999 33657259 1 1350 540 594
7316 6860 33657269 1 1350 540 614
7273 6721 33657279 1 1350 540 641
7259 6552 33657289 1 1360 540 673
7265 6363 33657299 1 1360 540 690
7287 6157 33657309 1 1370 540 697
7349 5954 33657319 1 1370 540 710
7438 5753 33657329 1 1360 550 731
7546 5579 33657339 1 1360 550 762
7654 5424 33657339 1 1350 550 796
7764 5187 33657349 1 1340 550 824
7848 4922 33657359 1 1340 560 851
7916 4639 33657369 1 1320 570 863
7931 4361 33657379 1 1310 570 853
7901 4057 33657389 1 1300 580 866
7841 3773 33657399 1 1280 590 860
7733 3513 33657409 1 1260 600 845
7606 3337 33657419 1 1230 610 797
7465 3235 33657429 1 1200 620 690
7302 3182 33657439 1 1160 630 537
7141 3264 33657449 1 1150 630 279
