183
2209 5714 71879677 0 1280 480 65
2178 5886 71879687 1 1290 460 48
2178 5956 71879697 1 1290 450 63
2178 6018 71879707 1 1310 440 66
2178 6018 71879717 1 1320 450 75
2201 5914 71879727 1 1320 450 104
2236 5797 71879737 1 1340 450 108
2269 5636 71879747 1 1340 450 130
2317 5396 71879757 1 1340 450 144
2375 5104 71879767 1 1340 450 160
2451 4752 71879777 1 1340 450 170
2533 4418 71879787 1 1330 450 175
2629 4097 71879797 1 1330 450 187
2732 3785 71879807 1 1330 450 218
2823 3541 71879817 1 1320 460 226
2916 3343 71879827 1 1330 460 253
3010 3216 71879837 1 1320 470 287
3112 3157 71879847 1 1320 470 307
3215 3144 71879857 1 1310 470 322
3318 3185 71879867 1 1300 480 333
3400 3277 71879877 1 1270 480 341
3472 3403 71879887 1 1260 480 346
3537 3592 71879897 1 1260 480 349
3605 3846 71879907 1 1250 480 353
3677 4144 71879917 1 1250 480 354
3754 4483 71879927 1 1240 490 361
3818 4803 71879937 1 1240 490 372
3874 5111 71879947 1 1240 490 391
3923 5337 71879957 1 1240 490 396
3958 5507 71879967 1 1240 490 393
3983 5639 71879977 1 1240 490 386
3999 5717 71879987 1 1240 490 334
4009 5762 71879997 1 1250 480 134
3933 3847 71880188 0 1220 430 304
3984 3718 71880198 1 1230 440 314
3998 3718 71880208 1 1230 440 315
4034 3689 71880218 1 1230 440 322
4107 3638 71880228 1 1220 450 325
4206 3598 71880238 1 1220 450 330
4321 3603 71880248 1 1220 450 334
4437 3638 71880258 1 1230 460 337
4550 3696 71880268 1 1240 470 337
4657 3790 71880278 1 1240 470 340
4760 3908 71880288 1 1250 470 340
4816 4012 71880298 1 1250 470 339
4833 4113 71880308 1 1260 480 334
4823 4210 71880318 1 1260 480 332
4768 4305 71880328 1 1270 480 329
4684 4370 71880338 1 1270 480 330
4580 4415 71880348 1 1270 480 334
4483 4389 71880358 1 1270 480 335
4388 4310 71880368 1 1280 480 340
4312 4196 71880378 1 1280 480 334
4247 4062 71880388 1 1300 480 344
4214 3900 71880398 1 1300 480 349
4220 3719 71880408 1 1300 480 356
4253 3580 71880418 1 1300 480 361
4318 3450 71880428 1 1310 470 363
4413 3326 71880438 1 1300 480 368
4527 3239 71880448 1 1300 480 373
4691 3219 71880458 1 1300 480 362
4865 3244 71880468 1 1280 470 364
5045 3344 71880478 1 1270 480 362
5243 3484 71880488 1 1280 480 362
5414 3652 71880488 1 1280 480 371
5567 3844 71880498 1 1280 480 361
5676 4013 71880508 1 1280 480 371
5743 4167 71880518 1 1280 480 368
5783 4281 71880528 1 1280 480 363
5777 4366 71880538 1 1290 490 359
5752 4432 71880548 1 1290 490 361
5714 4482 71880558 1 1290 490 368
5680 4513 71880568 1 1290 490 362
5653 4532 71880578 1 1290 490 367
5643 4532 71880588 1 1290 490 367
5643 4532 71880598 1 1290 490 372
5643 4473 71880608 1 1290 490 394
5652 4380 71880618 1 1310 480 391
5652 4226 71880628 1 1310 480 404
5652 4072 71880638 1 1310 480 407
5652 3919 71880648 1 1310 480 409
5652 3785 71880658 1 1320 480 415
5667 3663 71880668 1 1320 480 415
5689 3602 71880678 1 1330 480 417
5709 3574 71880688 1 1330 480 415
5709 3574 71880698 1 1330 480 463
5734 3578 71880708 1 1320 490 464
5734 3636 71880718 1 1320 490 470
5727 3726 71880728 1 1320 490 472
5721 3856 71880738 1 1320 490 473
5721 3972 71880748 1 1320 490 477
5721 4078 71880758 1 1320 490 483
5721 4166 71880768 1 1320 490 485
5727 4252 71880778 1 1320 490 485
5739 4330 71880788 1 1320 490 486
5768 4402 71880798 1 1320 490 483
5807 4465 71880808 1 1320 490 483
5859 4511 71880818 1 1330 500 486
5916 4547 71880828 1 1330 500 486
5979 4577 71880838 1 1330 500 488
6047 4606 71880848 1 1330 500 488
6121 4636 71880858 1 1330 500 485
6205 4668 71880868 1 1330 500 478
6293 4693 71880878 1 1330 500 456
6366 4710 71880888 1 1350 500 366
6425 4710 71880898 1 1350 500 183
6615 4613 71880999 0 1360 490 88
6633 4573 71881009 1 1360 490 141
6621 4568 71881019 1 1360 490 148
6621 4577 71881029 1 1360 490 151
6632 4536 71881039 1 1360 490 195
6648 4456 71881049 1 1360 490 255
6657 4349 71881059 1 1360 490 312
6657 4215 71881069 1 1360 490 327
6662 4086 71881079 1 1360 490 343
6655 3961 71881089 1 1360 490 362
6643 3850 71881099 1 1360 490 393
6643 3776 71881109 1 1360 490 394
6643 3727 71881119 1 1360 490 428
6643 3733 71881129 1 1360 490 449
6661 3788 71881139 1 1360 490 439
6695 3876 71881149 1 1360 490 439
6743 4018 71881159 1 1360 490 440
6799 4176 71881169 1 1370 500 445
6864 4345 71881179 1 1370 500 447
6923 4470 71881189 1 1370 500 453
6967 4532 71881199 1 1370 500 452
7002 4552 71881209 1 1370 500 448
7028 4536 71881219 1 1380 500 450
7051 4483 71881229 1 1380 500 452
7072 4405 71881239 1 1370 510 455
7094 4306 71881249 1 1370 510 458
7123 4222 71881259 1 1370 510 461
7162 4148 71881269 1 1370 510 463
7208 4087 71881279 1 1380 510 465
7258 4048 71881289 1 1380 510 465
7303 4025 71881299 1 1380 510 465
7342 4025 71881309 1 1380 510 468
7369 4043 71881319 1 1380 510 468
7395 4079 71881329 1 1380 510 468
7421 4151 71881339 1 1380 510 466
7450 4245 71881349 1 1380 510 469
7479 4355 71881359 1 1380 510 473
7508 4449 71881369 1 1380 510 473
7544 4499 71881379 1 1380 510 464
7580 4521 71881389 1 1380 510 464
7616 4511 71881399 1 1380 510 465
7658 4467 71881409 1 1380 510 467
7708 4400 71881419 1 1370 520 467
7766 4309 71881429 1 1370 520 468
7832 4225 71881439 1 1370 520 465
7907 4147 71881449 1 1370 520 464
7985 4091 71881459 1 1370 520 465
8071 4078 71881469 1 1370 520 464
8177 4095 71881479 1 1370 520 464
8292 4158 71881489 1 1370 520 464
8405 4252 71881499 1 1370 520 468
8478 4368 71881509 1 1370 520 468
8525 4479 71881519 1 1370 520 467
8525 4558 71881529 1 1390 520 467
8478 4617 71881539 1 1370 530 477
8405 4627 71881549 1 1370 530 480
8311 4599 71881559 1 1390 540 491
8217 4546 71881569 1 1390 540 492
8144 4461 71881579 1 1390 540 502
8086 4368 71881589 1 1390 540 510
8056 4270 71881599 1 1390 540 515
8050 4201 71881609 1 1390 540 517
8061 4158 71881619 1 1390 540 520
8089 4132 71881629 1 1390 540 512
8136 4132 71881639 1 1390 540 512
8195 4168 71881649 1 1390 540 520
8279 4230 71881659 1 1390 540 520
8366 4334 71881669 1 1390 540 522
8426 4437 71881679 1 1390 540 512
8466 4485 71881689 1 1390 540 515
8475 4498 71881699 1 1390 540 527
8486 4467 71881709 1 1390 540 543
8501 4379 71881719 1 1390 540 556
8519 4254 71881729 1 1390 540 568
8543 4137 71881739 1 1390 540 561
8576 4029 71881749 1 1390 540 546
8639 3926 71881759 1 1390 540 398
