180
2838 5882 33704918 0 1130 460 58
2820 5995 33704928 1 1150 460 68
2805 6037 33704938 1 1150 460 50
2805 6070 33704948 1 1160 460 103
2811 6070 33704958 1 1170 470 103
2811 6070 33704968 1 1190 470 91
2811 6050 33704978 1 1200 480 137
2811 6017 33704988 1 1210 480 175
2817 5948 33704998 1 1220 480 220
2824 5833 33705008 1 1220 480 247
2839 5687 33705018 1 1240 490 270
2863 5510 33705028 1 1230 490 301
2903 5271 33705038 1 1230 490 344
2954 4991 33705048 1 1240 500 382
3020 4669 33705058 1 1220 500 407
3102 4345 33705068 1 1220 500 431
3195 4019 33705078 1 1210 510 443
3292 3727 33705088 1 1200 510 480
3391 3542 33705098 1 1190 510 491
3493 3429 33705108 1 1170 520 512
3597 3348 33705118 1 1150 510 522
3704 3315 33705128 1 1130 520 533
3802 3315 33705138 1 1120 520 539
3895 3383 33705148 1 1100 520 550
3998 3535 33705158 1 1090 520 551
4110 3743 33705168 1 1080 530 556
4229 4048 33705178 1 1060 530 561
4322 4404 33705188 1 1050 530 561
4394 4794 33705198 1 1040 520 559
4452 5188 33705208 1 1040 520 564
4487 5582 33705218 1 1040 520 564
4522 5941 33705228 1 1040 520 565
4536 6277 33705238 1 1040 520 567
4536 6588 33705248 1 1060 520 575
4510 6752 33705258 1 1080 510 580
4484 6818 33705268 1 1090 500 574
4458 6818 33705278 1 1100 500 551
4448 6818 33705288 1 1110 500 480
4440 6787 33705298 1 1140 500 367
4433 6737 33705308 1 1140 480 65
4839 4476 33705428 0 1180 490 200
4972 4178 33705438 1 1180 490 223
5029 4083 33705448 1 1170 500 249
5107 3984 33705458 1 1160 500 250
5200 3904 33705468 1 1160 500 269
5289 3838 33705478 1 1150 510 279
5371 3788 33705488 1 1150 510 304
5447 3775 33705498 1 1140 510 361
5514 3786 33705508 1 1130 520 418
5567 3833 33705518 1 1130 520 458
5611 3911 33705528 1 1120 520 485
5637 4009 33705538 1 1120 520 491
5644 4118 33705548 1 1120 520 501
5637 4254 33705558 1 1120 520 501
5617 4409 33705568 1 1120 530 502
5588 4543 33705578 1 1120 530 504
5554 4622 33705588 1 1120 530 514
5513 4664 33705598 1 1120 530 512
5460 4664 33705608 1 1120 520 514
5398 4640 33705618 1 1120 520 522
5344 4594 33705628 1 1120 520 513
5295 4512 33705638 1 1120 520 518
5269 4395 33705648 1 1120 520 522
5257 4255 33705658 1 1120 520 526
5282 4087 33705668 1 1120 520 527
5336 3936 33705678 1 1120 520 526
5408 3797 33705688 1 1120 520 529
5499 3689 33705698 1 1120 520 533
5595 3632 33705708 1 1120 520 537
5713 3608 33705718 1 1100 520 535
5844 3624 33705728 1 1110 530 540
5951 3691 33705738 1 1110 530 543
6060 3791 33705748 1 1110 530 546
6171 3926 33705758 1 1110 530 537
6281 4077 33705768 1 1110 530 537
6371 4238 33705778 1 1120 540 544
6450 4431 33705788 1 1120 540 533
6512 4599 33705798 1 1120 540 530
6563 4750 33705808 1 1120 540 532
6607 4833 33705818 1 1120 540 527
6627 4847 33705828 1 1120 540 538
6652 4814 33705838 1 1120 540 548
6686 4715 33705848 1 1120 540 568
6736 4584 33705858 1 1120 540 583
6795 4431 33705868 1 1140 550 592
6857 4282 33705878 1 1140 550 617
6902 4133 33705888 1 1140 550 619
6935 4028 33705898 1 1140 550 611
6971 3952 33705908 1 1160 550 613
6996 3927 33705918 1 1160 550 614
7014 3932 33705928 1 1160 550 619
7031 3956 33705938 1 1160 550 617
7042 4040 33705948 1 1160 550 622
7050 4179 33705958 1 1150 550 619
7058 4356 33705968 1 1160 560 619
7086 4541 33705978 1 1160 560 622
7128 4667 33705988 1 1160 560 624
7191 4753 33705998 1 1160 560 625
7259 4814 33706008 1 1160 560 625
7339 4852 33706018 1 1160 560 625
7427 4874 33706028 1 1160 560 624
7510 4888 33706038 1 1160 560 591
7589 4901 33706048 1 1160 560 536
7657 4909 33706058 1 1170 560 444
7704 4909 33706068 1 1170 560 314
7736 4914 33706078 1 1170 560 218
7743 4909 33706088 1 1170 550 190
7730 4895 33706098 1 1170 550 180
7704 4875 33706108 1 1170 550 186
7679 4852 33706118 1 1170 550 217
7657 4822 33706128 1 1190 540 276
7641 4786 33706138 1 1190 540 371
7632 4723 33706148 1 1190 540 453
7632 4656 33706158 1 1190 540 532
7638 4581 33706168 1 1190 540 583
7652 4498 33706178 1 1170 550 611
7670 4415 33706188 1 1170 550 614
7695 4349 33706198 1 1170 550 617
7725 4295 33706208 1 1160 550 616
7762 4264 33706218 1 1160 550 595
7807 4264 33706228 1 1150 550 572
7856 4295 33706238 1 1150 550 561
7903 4369 33706248 1 1150 550 559
7940 4448 33706258 1 1140 570 559
7971 4531 33706268 1 1140 570 561
8001 4576 33706278 1 1130 570 560
8031 4586 33706288 1 1130 570 585
8062 4574 33706298 1 1130 570 620
8094 4530 33706308 1 1130 580 616
8126 4485 33706318 1 1130 580 616
8164 4442 33706328 1 1130 580 611
8208 4420 33706338 1 1130 580 605
8255 4412 33706348 1 1140 590 594
8301 4432 33706358 1 1140 590 577
8345 4475 33706368 1 1140 590 578
8389 4533 33706378 1 1140 590 578
8423 4588 33706388 1 1140 590 583
8450 4614 33706398 1 1140 590 600
8480 4620 33706408 1 1140 590 639
8515 4601 33706418 1 1140 590 655
8558 4571 33706428 1 1140 590 659
8624 4533 33706438 1 1140 590 652
8704 4519 33706448 1 1140 590 627
8805 4535 33706458 1 1130 580 584
8909 4570 33706468 1 1140 590 568
8992 4624 33706478 1 1140 590 559
9059 4676 33706488 1 1140 590 557
9097 4712 33706498 1 1140 590 561
9103 4737 33706508 1 1140 590 561
9088 4755 33706518 1 1140 590 570
9063 4775 33706528 1 1140 590 568
9029 4807 33706538 1 1140 590 560
8988 4847 33706548 1 1140 590 570
8936 4894 33706558 1 1140 590 570
8874 4947 33706568 1 1140 590 561
8805 5005 33706578 1 1140 590 566
8746 5057 33706588 1 1160 580 580
8706 5070 33706598 1 1160 580 586
8678 5056 33706608 1 1160 580 595
8668 4998 33706618 1 1170 580 600
8668 4893 33706628 1 1170 580 616
8684 4758 33706638 1 1160 570 644
8706 4651 33706648 1 1160 570 656
8730 4567 33706658 1 1160 570 661
8758 4498 33706668 1 1160 570 658
8789 4469 33706678 1 1160 570 662
8819 4469 33706688 1 1160 570 661
8849 4496 33706680 1 1160 560 665
8881 4566 33706690 1 1140 570 665
8905 4642 33706700 1 1140 570 665
8924 4721 33706710 1 1140 570 661
8940 4780 33706720 1 1150 580 662
8956 4791 33706730 1 1130 580 702
8973 4770 33706740 1 1130 580 734
9008 4708 33706750 1 1130 580 757
9048 4638 33706760 1 1130 590 765
9097 4562 33706770 1 1130 590 760
9151 4518 33706780 1 1130 590 722
9203 4496 33706790 1 1130 590 591
9233 4489 33706800 1 1130 590 322
