385
3329 6626 66830837 0 1330 460 387
3406 6659 66830847 1 1340 470 472
3468 6726 66830857 1 1340 470 480
3456 6763 66830867 1 1350 470 483
3456 6763 66830877 1 1350 470 485
3522 6687 66830887 1 1360 480 492
3538 6629 66830897 1 1360 480 533
3521 6484 66830907 1 1360 490 575
3481 6281 66830917 1 1360 490 611
3391 6003 66830927 1 1370 500 622
3252 5690 66830937 1 1360 500 638
3081 5354 66830947 1 1360 500 637
2869 4987 66830957 1 1360 510 638
2626 4616 66830967 1 1350 520 655
2363 4243 66830977 1 1350 520 668
2129 3910 66830987 1 1330 530 670
1931 3649 66830997 1 1310 540 673
1757 3437 66831007 1 1310 540 673
1626 3297 66831017 1 1300 540 673
1548 3233 66831027 1 1290 550 666
1505 3219 66831037 1 1290 550 662
1505 3243 66831047 1 1270 550 671
1584 3380 66831057 1 1270 560 670
1716 3592 66831067 1 1270 560 673
1896 3876 66831077 1 1260 570 666
2156 4211 66831087 1 1260 570 673
2468 4580 66831097 1 1240 570 679
2818 4954 66831107 1 1240 570 697
3171 5322 66831117 1 1240 570 710
3535 5687 66831127 1 1230 560 719
3905 5973 66831137 1 1230 560 731
4197 6166 66831147 1 1250 560 730
4403 6296 66831157 1 1250 560 730
4552 6353 66831167 1 1260 560 724
4599 6363 66831177 1 1260 560 733
4570 6343 66831187 1 1270 550 731
4491 6226 66831197 1 1270 550 724
4319 6032 66831207 1 1290 550 693
4101 5787 66831217 1 1290 550 666
3852 5558 66831227 1 1300 540 663
3636 5369 66831237 1 1290 530 664
3474 5206 66831247 1 1300 530 667
3347 5085 66831257 1 1300 530 670
3266 5023 66831267 1 1300 530 675
3250 5001 66831277 1 1310 520 681
3278 5001 66831287 1 1310 520 691
3353 5020 66831297 1 1310 520 690
3478 5061 66831307 1 1310 520 691
3636 5087 66831317 1 1310 520 688
3764 5087 66831327 1 1300 530 690
3844 5075 66831337 1 1300 530 687
3891 5016 66831347 1 1300 530 694
3877 4875 66831357 1 1300 530 702
3783 4680 66831367 1 1300 530 710
3636 4459 66831377 1 1300 530 720
3473 4248 66831387 1 1300 530 731
3329 4043 66831397 1 1300 530 730
3250 3921 66831407 1 1290 530 722
3208 3848 66831417 1 1290 530 722
3208 3807 66831427 1 1290 530 719
3248 3794 66831437 1 1290 530 708
3321 3824 66831447 1 1290 530 700
3440 3884 66831457 1 1290 530 697
3562 3948 66831467 1 1290 530 696
3685 4010 66831477 1 1280 540 697
3802 4050 66831487 1 1280 540 699
3878 4076 66831497 1 1280 540 697
3931 4059 66831507 1 1280 540 700
3931 3983 66831517 1 1280 540 699
3882 3868 66831527 1 1280 540 700
3793 3680 66831537 1 1280 540 702
3681 3516 66831547 1 1280 540 707
3575 3368 66831557 1 1280 540 708
3522 3252 66831567 1 1260 540 707
3501 3179 66831577 1 1260 540 705
3519 3135 66831587 1 1260 540 707
3572 3114 66831597 1 1260 540 705
3648 3131 66831607 1 1260 540 700
3765 3174 66831617 1 1260 540 700
3876 3265 66831627 1 1250 550 700
3984 3378 66831637 1 1250 550 702
4096 3506 66831647 1 1250 550 700
4195 3626 66831657 1 1240 540 699
4284 3745 66831667 1 1240 540 696
4342 3865 66831677 1 1240 540 697
4375 3965 66831687 1 1240 540 693
4390 4051 66831697 1 1240 540 691
4378 4136 66831707 1 1240 540 691
4348 4222 66831717 1 1240 540 694
4307 4306 66831727 1 1240 540 694
4263 4350 66831737 1 1230 530 697
4222 4369 66831747 1 1230 530 679
4184 4348 66831757 1 1230 530 678
4142 4262 66831767 1 1230 530 676
4098 4132 66831777 1 1240 530 678
4072 3946 66831787 1 1240 530 685
4051 3730 66831797 1 1240 530 693
4042 3495 66831807 1 1250 540 693
4042 3286 66831817 1 1250 540 708
4042 3117 66831827 1 1250 540 725
4042 2976 66831837 1 1250 540 731
4057 2890 66831847 1 1250 540 720
4071 2832 66831857 1 1250 540 731
4085 2794 66831867 1 1250 540 733
4101 2781 66831877 1 1250 540 733
4119 2789 66831887 1 1250 540 722
4161 2810 66831897 1 1240 540 720
4219 2921 66831907 1 1240 540 727
4299 3098 66831917 1 1240 540 722
4383 3319 66831927 1 1240 540 716
4474 3590 66831937 1 1230 550 711
4577 3905 66831947 1 1230 550 721
4689 4250 66831957 1 1230 550 724
4808 4588 66831967 1 1230 550 727
4931 4895 66831977 1 1230 550 730
5065 5181 66831987 1 1240 550 730
5219 5454 66831997 1 1250 550 727
5386 5691 66832007 1 1250 550 722
5535 5903 66832017 1 1250 550 722
5653 6063 66832027 1 1260 540 719
5750 6148 66832037 1 1280 540 713
5789 6184 66832047 1 1280 540 702
5782 6179 66832057 1 1300 540 694
5745 6085 66832067 1 1300 540 693
5636 5933 66832077 1 1310 540 691
5518 5706 66832087 1 1310 540 699
5393 5500 66832097 1 1330 530 690
5276 5308 66832107 1 1340 540 697
5186 5166 66832117 1 1350 530 699
5115 5077 66832127 1 1350 530 697
5089 5023 66832137 1 1350 530 696
5089 5010 66832147 1 1360 520 697
5118 4997 66832157 1 1360 520 691
5186 5021 66832167 1 1360 520 699
5309 5071 66832177 1 1350 530 693
5469 5164 66832187 1 1350 530 696
5640 5263 66832197 1 1350 530 694
5814 5367 66832207 1 1340 540 696
5936 5416 66832217 1 1340 540 691
6022 5394 66832227 1 1330 540 678
6062 5324 66832237 1 1330 540 668
6025 5166 66832247 1 1330 540 652
5936 4963 66832257 1 1330 540 647
5797 4731 66832267 1 1340 550 659
5623 4530 66832269 1 1320 550 693
5426 4325 66832279 1 1320 550 719
5267 4169 66832289 1 1320 550 725
5172 4048 66832299 1 1310 550 719
5120 3987 66832309 1 1310 550 713
5120 3967 66832319 1 1310 550 719
5187 3974 66832329 1 1310 550 711
5298 4068 66832339 1 1300 550 716
5486 4229 66832349 1 1300 550 717
5707 4434 66832359 1 1300 550 717
5949 4638 66832369 1 1300 550 719
6181 4827 66832379 1 1300 550 719
6383 5005 66832389 1 1300 550 710
6564 5096 66832399 1 1300 550 678
6653 5134 66832409 1 1300 550 602
6661 5134 66832419 1 1300 550 510
6615 5108 66832429 1 1300 550 425
6485 5056 66832439 1 1300 550 407
6303 4989 66832449 1 1300 550 417
6085 4950 66832459 1 1300 550 465
5887 4950 66832469 1 1300 550 481
5699 4968 66832479 1 1300 550 473
5518 5032 66832489 1 1300 550 420
5420 5115 66832499 1 1300 550 346
5371 5210 66832509 1 1300 550 341
5355 5329 66832519 1 1310 550 371
5372 5431 66832529 1 1310 550 394
5393 5523 66832539 1 1310 550 415
5423 5537 66832549 1 1310 550 495
5465 5484 66832559 1 1310 550 589
5513 5387 66832569 1 1330 540 650
5529 5144 66832579 1 1330 540 690
5521 4827 66832589 1 1330 540 690
5496 4461 66832599 1 1330 540 699
5427 4116 66832609 1 1330 540 705
5303 3804 66832619 1 1300 540 722
5142 3514 66832629 1 1300 540 733
4963 3265 66832639 1 1300 540 733
4767 3027 66832649 1 1300 540 721
4560 2797 66832659 1 1290 550 670
4374 2594 66832669 1 1290 550 514
4644 3776 66832780 0 1250 540 939
5192 3694 66832790 1 1250 540 934
5242 3629 66832800 1 1250 530 941
5422 3514 66832810 1 1270 520 940
5620 3399 66832820 1 1270 510 937
5831 3293 66832830 1 1300 510 944
5999 3192 66832840 1 1300 510 943
6138 3114 66832850 1 1300 510 941
6258 3060 66832860 1 1300 510 937
6335 3023 66832870 1 1320 510 914
6378 2999 66832880 1 1330 510 777
6397 2986 66832890 1 1330 510 279
7672 6313 66833521 0 1470 530 221
7611 6239 66833531 1 1470 530 317
7594 6267 66833541 1 1470 530 364
7594 6294 66833551 1 1470 530 362
7635 6321 66833561 1 1450 540 386
7710 6400 66833571 1 1450 540 399
7847 6509 66833581 1 1450 540 414
7995 6637 66833591 1 1450 540 438
8149 6742 66833601 1 1450 540 444
8304 6831 66833611 1 1450 540 440
8460 6910 66833621 1 1450 540 452
8593 6968 66833631 1 1450 540 473
8709 6999 66833641 1 1450 540 481
8804 7012 66833651 1 1450 540 486
8867 6995 66833661 1 1450 540 495
8909 6927 66833671 1 1450 540 497
8876 6824 66833681 1 1450 540 491
8780 6666 66833691 1 1450 540 498
8642 6487 66833701 1 1450 540 485
8497 6295 66833711 1 1450 540 440
8367 6161 66833721 1 1450 540 358
8247 6057 66833731 1 1450 540 158
8042 6043 66833771 0 1460 530 286
8083 6119 66833781 1 1450 540 319
8083 6134 66833791 1 1450 540 346
8107 6112 66833801 1 1430 530 409
8137 6040 66833811 1 1430 530 443
8153 5935 66833821 1 1430 530 473
8162 5807 66833831 1 1420 540 488
8162 5720 66833841 1 1420 540 512
8169 5660 66833851 1 1420 540 532
8169 5628 66833861 1 1410 550 556
8175 5616 66833871 1 1410 550 592
8175 5616 66833881 1 1410 560 592
8175 5622 66833891 1 1410 560 594
8185 5666 66833901 1 1400 560 592
8240 5736 66833911 1 1400 560 595
8325 5858 66833921 1 1400 560 605
8417 5992 66833931 1 1400 560 614
8523 6135 66833941 1 1390 570 617
8638 6261 66833951 1 1390 570 613
8736 6341 66833961 1 1390 570 605
8812 6390 66833971 1 1380 570 585
8873 6403 66833981 1 1380 570 538
8899 6392 66833991 1 1380 570 465
8882 6366 66834001 1 1380 570 414
8836 6318 66834011 1 1390 560 376
8757 6270 66834021 1 1390 560 325
8655 6223 66834031 1 1400 550 160
8028 6126 66834092 0 1410 530 307
7948 6073 66834102 1 1410 530 490
7919 6081 66834112 1 1410 530 557
7908 6117 66834122 1 1410 530 559
7908 6117 66834132 1 1420 530 567
7919 6111 66834142 1 1420 530 570
7908 6044 66834152 1 1420 530 592
7883 5936 66834162 1 1420 530 606
7795 5727 66834172 1 1420 530 630
7679 5504 66834182 1 1410 530 666
7544 5272 66834192 1 1410 530 713
7368 5016 66834202 1 1410 530 746
7161 4752 66834212 1 1400 540 763
6933 4483 66834222 1 1400 540 765
6697 4195 66834232 1 1400 540 774
6467 3928 66834242 1 1390 550 770
6270 3676 66834252 1 1370 540 771
6092 3527 66834262 1 1360 550 756
5984 3420 66834272 1 1350 550 681
5924 3341 66834282 1 1350 550 399
7383 5271 66834552 0 1350 550 532
7413 5317 66834562 1 1350 550 687
7413 5439 66834572 1 1350 550 757
7422 5463 66834582 1 1350 550 846
7508 5508 66834592 1 1350 550 923
7646 5566 66834602 1 1340 560 947
7945 5629 66834612 1 1340 560 974
8319 5684 66834622 1 1340 560 976
8742 5708 66834632 1 1350 570 967
9175 5715 66834642 1 1350 570 986
9549 5698 66834652 1 1350 570 984
9884 5685 66834662 1 1350 570 1023
10138 5674 66834672 1 1340 570 1023
10298 5648 66834682 1 1350 580 1023
10396 5620 66834692 1 1350 580 1023
10452 5592 66834702 1 1350 580 1023
10469 5580 66834712 1 1350 580 1023
10461 5580 66834722 1 1350 580 991
10400 5580 66834732 1 1360 580 870
10285 5568 66834742 1 1360 580 627
7850 4810 66834993 0 1330 540 546
7892 4796 66835003 1 1330 540 572
7906 4796 66835013 1 1330 540 671
7953 4781 66835023 1 1320 550 736
8023 4749 66835033 1 1320 550 802
8118 4712 66835043 1 1340 560 839
8206 4668 66835053 1 1350 570 866
8289 4620 66835063 1 1350 570 861
8400 4566 66835073 1 1360 570 864
8501 4544 66835083 1 1360 570 866
8571 4544 66835093 1 1360 570 864
8622 4544 66835103 1 1360 570 861
8641 4537 66835113 1 1360 570 855
8647 4537 66835123 1 1360 570 867
8647 4537 66835133 1 1350 580 827
8628 4542 66835143 1 1350 580 663
8594 4553 66835153 1 1350 580 329
8297 4654 66835223 0 1360 570 420
8297 4654 66835233 1 1360 570 463
8284 4701 66835243 1 1360 570 465
8328 4730 66835253 1 1360 570 469
8394 4776 66835263 1 1360 570 467
8474 4831 66835273 1 1360 570 473
8559 4891 66835283 1 1360 570 478
8652 4946 66835293 1 1360 570 495
8744 4999 66835303 1 1360 570 510
8811 5029 66835313 1 1360 570 522
8863 5044 66835324 1 1360 570 524
8863 5044 66835334 1 1380 570 570
8862 4982 66835344 1 1380 570 592
8816 4894 66835354 1 1380 570 586
8716 4738 66835364 1 1360 560 592
8601 4592 66835374 1 1360 560 599
8477 4454 66835384 1 1360 560 613
8349 4318 66835394 1 1360 560 638
8251 4223 66835404 1 1360 560 675
8174 4156 66835414 1 1360 560 700
8148 4133 66835424 1 1360 560 690
8148 4128 66835434 1 1360 560 697
8176 4135 66835444 1 1360 560 700
8251 4166 66835454 1 1360 560 699
8372 4233 66835464 1 1350 570 697
8523 4323 66835474 1 1350 570 694
8683 4432 66835484 1 1350 570 694
8832 4521 66835494 1 1340 570 694
8974 4598 66835504 1 1350 580 694
9044 4644 66835514 1 1350 580 696
9068 4673 66835524 1 1350 580 700
9061 4692 66835534 1 1350 580 691
9015 4715 66835544 1 1340 580 679
8923 4735 66835554 1 1340 580 670
8800 4749 66835564 1 1340 580 673
8678 4780 66835574 1 1340 580 667
8580 4823 66835584 1 1340 580 636
8497 4865 66835594 1 1340 580 647
8426 4906 66835604 1 1340 580 638
8383 4926 66835614 1 1350 580 638
8359 4933 66835624 1 1350 580 637
8365 4933 66835634 1 1350 580 646
8376 4867 66835644 1 1350 580 650
8394 4765 66835654 1 1360 570 658
8414 4629 66835664 1 1360 570 658
8423 4467 66835674 1 1360 570 661
8423 4287 66835684 1 1360 570 662
8412 4126 66835694 1 1360 570 668
8369 3990 66835704 1 1360 570 687
8307 3871 66835714 1 1360 560 716
8223 3770 66835724 1 1360 560 733
8129 3688 66835734 1 1350 570 746
8028 3620 66835744 1 1350 570 749
7935 3559 66835754 1 1350 570 748
7843 3507 66835764 1 1340 570 751
7793 3462 66835774 1 1340 570 752
7770 3451 66835784 1 1320 580 755
7788 3444 66835794 1 1320 580 750
7849 3439 66835804 1 1310 580 760
7939 3457 66835814 1 1310 580 767
8066 3501 66835824 1 1310 580 770
8249 3563 66835834 1 1290 590 767
8469 3651 66835844 1 1290 590 757
8681 3744 66835854 1 1290 590 756
8867 3840 66835864 1 1290 590 754
9035 3919 66835874 1 1310 600 759
9118 3976 66835884 1 1310 600 759
9153 4018 66835894 1 1310 600 757
9153 4057 66835904 1 1310 600 754
9131 4113 66835914 1 1310 600 722
9082 4180 66835924 1 1320 600 725
9016 4250 66835934 1 1320 600 736
8950 4293 66835944 1 1320 600 808
8892 4318 66835954 1 1320 600 834
8882 4318 66835964 1 1340 600 845
8902 4260 66835974 1 1340 600 858
8961 4157 66835984 1 1350 600 858
9065 4026 66835994 1 1350 600 851
9198 3934 66836004 1 1350 600 845
9398 3868 66836014 1 1360 600 836
9598 3833 66836024 1 1360 600 832
9771 3810 66836034 1 1360 600 721
