294
3540 6446 25846758 0 1520 560 122
3562 6394 25846768 1 1520 560 251
3530 6501 25846778 1 1510 560 306
3514 6532 25846788 1 1510 560 304
3508 6512 25846798 1 1510 560 322
3483 6420 25846808 1 1500 550 334
3445 6257 25846818 1 1500 550 341
3397 6048 25846828 1 1500 550 369
3339 5781 25846838 1 1490 560 381
3264 5524 25846848 1 1490 560 391
3178 5275 25846858 1 1480 560 413
3087 5039 25846868 1 1470 560 414
3002 4847 25846878 1 1470 560 414
2945 4684 25846888 1 1460 570 417
2904 4587 25846898 1 1440 580 422
2883 4509 25846908 1 1420 580 413
2874 4444 25846918 1 1420 580 369
2874 4391 25846928 1 1410 590 119
3084 5005 25847029 0 1320 600 356
3258 5153 25847039 1 1320 600 394
3343 5365 25847049 1 1320 600 427
3473 5536 25847049 1 1320 600 444
3634 5681 25847059 1 1320 600 445
3820 5812 25847069 1 1340 600 477
3988 5939 25847079 1 1340 600 488
4145 6028 25847089 1 1350 590 499
4273 6094 25847099 1 1360 580 499
4359 6127 25847109 1 1360 580 497
4416 6141 25847119 1 1390 580 485
4446 6141 25847129 1 1400 580 456
4455 6132 25847139 1 1400 580 415
4455 6094 25847149 1 1420 570 344
4417 6037 25847159 1 1420 570 176
3043 4349 25847269 0 1390 570 371
3066 4168 25847279 1 1380 580 452
3032 4273 25847289 1 1380 580 473
3063 4349 25847299 1 1360 580 464
3137 4405 25847309 1 1350 590 467
3271 4490 25847319 1 1320 590 468
3434 4588 25847329 1 1320 590 475
3615 4694 25847339 1 1310 600 477
3791 4804 25847349 1 1310 600 478
3922 4880 25847359 1 1320 600 473
4022 4934 25847369 1 1320 600 463
4108 4961 25847379 1 1320 600 333
4162 4961 25847389 1 1320 600 37
3063 3707 25847489 0 1320 600 325
2865 3384 25847499 1 1310 610 486
2806 3374 25847509 1 1290 600 543
2798 3447 25847519 1 1290 600 546
2825 3482 25847529 1 1280 610 537
2946 3569 25847539 1 1280 610 543
3144 3692 25847549 1 1270 620 550
3392 3856 25847559 1 1270 620 565
3652 4020 25847569 1 1270 620 570
3884 4164 25847579 1 1260 620 570
4098 4296 25847589 1 1260 620 559
4270 4395 25847599 1 1260 620 535
4403 4471 25847609 1 1260 620 436
4511 4533 25847619 1 1260 620 242
4373 4650 25847670 0 1270 620 146
4118 4663 25847680 1 1270 620 239
3988 4636 25847690 1 1290 610 291
3883 4589 25847700 1 1290 610 322
3795 4505 25847710 1 1290 610 371
3730 4397 25847720 1 1310 610 407
3666 4225 25847730 1 1310 610 430
3621 4021 25847740 1 1310 610 444
3587 3795 25847750 1 1310 610 442
3573 3589 25847760 1 1310 610 463
3592 3459 25847770 1 1310 610 489
3633 3380 25847780 1 1290 610 548
3710 3343 25847790 1 1290 610 570
3798 3335 25847800 1 1290 610 581
3892 3346 25847810 1 1270 620 581
3992 3393 25847820 1 1270 620 578
4099 3483 25847830 1 1270 620 561
4213 3602 25847840 1 1270 620 513
4322 3750 25847850 1 1260 620 418
4413 3931 25847860 1 1260 620 235
4673 5124 25847910 0 1260 620 137
4738 5487 25847920 1 1270 620 274
4758 5595 25847930 1 1290 630 351
4763 5638 25847940 1 1300 620 362
4763 5638 25847950 1 1300 620 398
4763 5595 25847960 1 1330 620 428
4747 5480 25847970 1 1330 620 468
4715 5316 25847980 1 1350 620 473
4669 5114 25847990 1 1350 620 468
4616 4908 25848000 1 1360 610 463
4567 4698 25848010 1 1360 610 425
4527 4544 25848020 1 1360 610 269
4685 4794 25848120 0 1350 600 340
4871 4959 25848130 1 1350 600 443
4937 5048 25848140 1 1350 600 517
5030 5141 25848150 1 1360 610 537
5140 5242 25848160 1 1360 610 539
5210 5307 25848170 1 1360 610 543
5299 5349 25848180 1 1360 610 546
5400 5399 25848190 1 1380 610 551
5471 5447 25848200 1 1380 610 546
5517 5473 25848210 1 1390 610 540
5545 5486 25848220 1 1390 610 537
5551 5486 25848230 1 1410 610 516
5542 5451 25848240 1 1410 610 473
5523 5398 25848250 1 1410 610 319
4471 4233 25848331 0 1400 620 113
4344 4010 25848341 1 1380 610 473
4279 4035 25848351 1 1370 620 539
4279 4091 25848361 1 1370 620 545
4321 4169 25848371 1 1370 620 543
4441 4264 25848381 1 1370 620 543
4622 4390 25848391 1 1330 620 546
4843 4537 25848401 1 1330 620 554
5044 4677 25848411 1 1330 620 559
5226 4817 25848421 1 1330 620 556
5395 4928 25848431 1 1350 630 546
5507 5020 25848441 1 1350 630 496
5584 5087 25848451 1 1350 630 173
5072 5685 25848531 0 1430 620 358
4890 5576 25848541 1 1440 620 443
4849 5530 25848551 1 1460 620 488
4809 5515 25848561 1 1460 620 546
4773 5306 25848571 1 1460 620 536
4741 5023 25848581 1 1470 610 540
4708 4692 25848591 1 1470 610 538
4675 4423 25848601 1 1470 610 530
4643 4207 25848611 1 1440 610 532
4615 4027 25848621 1 1440 610 524
4596 3931 25848631 1 1440 610 494
4584 3860 25848641 1 1430 620 282
4709 4370 25848741 0 1370 620 480
4939 4310 25848751 1 1370 620 567
5043 4310 25848761 1 1370 620 611
5144 4337 25848771 1 1380 630 624
5266 4239 25848781 1 1380 630 625
5431 4132 25848791 1 1370 630 625
5625 4019 25848801 1 1370 630 636
5861 3936 25848811 1 1380 640 672
6081 3852 25848821 1 1380 640 703
6291 3766 25848831 1 1380 640 731
6519 3699 25848841 1 1370 650 725
6740 3645 25848851 1 1380 650 721
6913 3604 25848861 1 1370 660 725
7057 3580 25848871 1 1390 670 733
7164 3568 25848881 1 1390 680 702
7255 3568 25848891 1 1370 690 606
7334 3591 25848901 1 1390 690 384
7495 5453 25849142 0 1610 640 322
7510 5415 25849152 1 1610 640 379
7491 5490 25849162 1 1590 640 396
7517 5521 25849172 1 1590 640 388
7574 5570 25849182 1 1590 640 392
7695 5631 25849192 1 1560 640 417
7853 5708 25849202 1 1560 640 463
8036 5797 25849212 1 1560 640 521
8208 5893 25849222 1 1560 640 563
8381 5988 25849232 1 1560 640 611
8558 6077 25849242 1 1560 640 641
8700 6136 25849252 1 1560 640 665
8819 6178 25849262 1 1560 640 668
8908 6192 25849272 1 1580 640 664
8960 6186 25849282 1 1580 640 669
8988 6167 25849292 1 1580 640 684
8994 6131 25849302 1 1600 650 688
8952 6060 25849312 1 1600 650 679
8878 5966 25849322 1 1630 640 667
8770 5838 25849332 1 1630 640 611
8651 5724 25849342 1 1650 640 439
8525 5619 25849352 1 1650 640 176
8169 5517 25849402 0 1650 650 80
8136 5622 25849412 1 1640 660 285
8142 5659 25849422 1 1640 660 371
8151 5666 25849432 1 1640 660 422
8162 5653 25849442 1 1630 670 493
8189 5601 25849452 1 1630 670 519
8203 5499 25849462 1 1600 680 512
8208 5365 25849472 1 1600 680 515
8208 5236 25849482 1 1600 680 499
8208 5134 25849492 1 1580 670 438
8208 5049 25849502 1 1580 670 203
8230 5006 25849562 0 1540 680 211
8380 5132 25849572 1 1540 680 427
8467 5197 25849582 1 1540 680 519
8551 5265 25849592 1 1540 680 574
8640 5302 25849602 1 1540 680 591
8734 5330 25849612 1 1540 680 589
8831 5351 25849623 1 1540 680 586
8925 5373 25849633 1 1540 680 575
8985 5393 25849643 1 1540 680 542
9024 5407 25849653 1 1540 680 387
9024 5414 25849663 1 1540 680 1
8001 5327 25849753 0 1550 670 420
7746 5106 25849763 1 1550 670 588
7655 5066 25849773 1 1550 670 664
7572 4982 25849783 1 1550 670 688
7461 4870 25849793 1 1550 670 676
7397 4700 25849803 1 1530 670 661
7363 4568 25849813 1 1530 670 624
7353 4462 25849823 1 1520 680 569
7353 4405 25849833 1 1520 680 486
7359 4376 25849843 1 1500 670 279
7482 4763 25849923 0 1460 670 317
7673 4852 25849923 1 1460 670 496
7787 4888 25849933 1 1460 670 561
7888 4929 25849943 1 1460 670 591
8032 4935 25849953 1 1460 670 611
8204 4919 25849963 1 1460 670 617
8430 4912 25849973 1 1460 670 628
8680 4919 25849983 1 1480 680 655
8947 4936 25849993 1 1480 680 676
9180 4964 25850003 1 1500 670 694
9403 4994 25850013 1 1520 680 697
9620 5025 25850023 1 1520 680 699
9791 5025 25850033 1 1540 680 700
9914 5047 25850043 1 1540 680 694
10005 5074 25850053 1 1560 680 679
10040 5074 25850063 1 1590 690 594
10033 5069 25850073 1 1590 690 387
7941 4446 25850213 0 1560 680 797
7948 4207 25850223 1 1540 680 817
7948 4249 25850233 1 1520 680 817
7948 4183 25850243 1 1510 660 730
8012 4084 25850253 1 1510 660 574
8108 3962 25850263 1 1480 670 497
8185 3926 25850273 1 1480 670 491
8224 3915 25850283 1 1460 660 453
8238 3921 25850293 1 1460 660 351
8238 3929 25850303 1 1460 660 81
8287 4277 25850374 0 1450 700 304
8464 4408 25850384 1 1460 710 414
8569 4482 25850394 1 1460 710 492
8678 4524 25850404 1 1460 710 539
8796 4546 25850414 1 1460 710 595
8923 4546 25850424 1 1460 710 645
9036 4546 25850434 1 1480 710 665
9139 4527 25850444 1 1480 710 667
9203 4511 25850454 1 1480 710 667
9235 4494 25850464 1 1480 710 666
9245 4473 25850474 1 1480 710 666
9219 4431 25850484 1 1510 720 663
9155 4375 25850494 1 1510 720 667
9065 4295 25850504 1 1510 720 655
8935 4200 25850514 1 1510 720 636
8789 4095 25850524 1 1510 720 636
8633 4014 25850534 1 1510 720 640
8517 3972 25850544 1 1510 720 638
8446 3956 25850554 1 1510 720 638
8405 3965 25850564 1 1510 720 636
8405 4005 25850574 1 1510 720 589
8445 4067 25850584 1 1510 720 512
8507 4169 25850594 1 1510 720 423
8569 4294 25850604 1 1480 710 320
8627 4434 25850614 1 1480 710 280
8681 4573 25850624 1 1480 710 274
8729 4661 25850634 1 1480 710 317
8754 4715 25850644 1 1480 710 336
8764 4720 25850654 1 1480 710 372
8774 4687 25850664 1 1480 710 449
8774 4628 25850674 1 1480 710 522
8762 4505 25850684 1 1480 710 556
8736 4335 25850694 1 1480 710 591
8707 4133 25850704 1 1480 710 616
8676 3946 25850714 1 1480 710 646
8654 3786 25850724 1 1480 710 667
8654 3643 25850734 1 1470 720 700
8673 3567 25850744 1 1470 720 722
8716 3520 25850754 1 1470 720 725
8789 3492 25850764 1 1450 730 721
8881 3492 25850774 1 1450 730 717
9010 3536 25850784 1 1450 730 713
9135 3602 25850794 1 1430 740 694
9258 3677 25850804 1 1430 740 668
9359 3759 25850814 1 1460 740 620
9435 3846 25850824 1 1460 740 570
9493 3932 25850834 1 1460 740 546
9533 4017 25850844 1 1460 740 535
9558 4098 25850854 1 1460 740 504
9573 4171 25850864 1 1460 740 491
9592 4238 25850874 1 1490 750 491
9615 4266 25850884 1 1490 750 499
9646 4266 25850894 1 1490 750 561
9682 4229 25850904 1 1490 750 619
9721 4132 25850914 1 1520 750 655
9762 3998 25850924 1 1520 750 708
9822 3857 25850934 1 1520 750 758
9920 3716 25850944 1 1570 750 790
10042 3605 25850954 1 1570 750 818
10159 3515 25850964 1 1570 750 839
10259 3436 25850974 1 1560 760 857
10348 3376 25850984 1 1590 760 855
10399 3330 25850994 1 1590 760 845
10420 3301 25851004 1 1580 770 796
10420 3290 25851014 1 1580 770 636
