2017.000 4952.000 45144053.000 0.000 1440.000 460.000 22.000 0.000 11485393.882 1482973.986 0.000 492650974.625 1281019067551.860
2017.000 4952.000 45144063.000 1.000 1440.000 460.000 37.000 0.000 11485393.882 1482973.986 0.000 492650974.625 1281019067551.860
2017.000 4952.000 45144073.000 1.000 1440.000 460.000 68.000 0.000 11485393.882 1482973.986 0.000 492650974.625 1281019067551.860
2017.000 4952.000 45144083.000 1.000 1440.000 460.000 96.000 0.000 11485393.882 1482973.986 2422309.750 492650974.625 1665360881499.407
2017.000 4952.000 45144093.000 1.000 1440.000 460.000 156.000 12283.518 11485393.882 1482973.986 558640.386 98252189.849 328536163893.339
2079.000 4946.000 45144103.000 1.000 1450.000 460.000 222.000 15116.380 11069000.549 1468396.696 1706607.648 50117370.057 330379542677.538
2155.000 4956.000 45144113.000 1.000 1450.000 460.000 260.000 23770.577 10569070.914 1492732.180 1203019.389 2480104.447 5069192258.416
2272.000 4985.000 45144123.000 1.000 1450.000 460.000 296.000 29871.081 9822023.398 1564436.083 1760352.142 58910824.721 395051234579.901
2416.000 5032.000 45144133.000 1.000 1450.000 460.000 310.000 38797.816 8940164.301 1684217.857 492336.619 275628852.354 408940438248.017
2604.000 5090.000 45144143.000 1.000 1450.000 460.000 325.000 41294.452 7851264.258 1838123.664 356196.247 364760713.601 601593957235.572
2801.000 5161.000 45144153.000 1.000 1450.000 460.000 339.000 43100.721 6786081.022 2035684.599 801562.981 437018135.976 109070444174.792
3004.000 5242.000 45144163.000 1.000 1460.000 470.000 333.000 47165.442 5769655.656 2273383.019 1278246.062 623485904.934 21440261068.607
3226.000 5331.000 45144173.000 1.000 1460.000 470.000 334.000 40683.464 4752446.882 2549687.825 1237993.203 341795855.008 11272509344.269
3407.000 5430.000 45144183.000 1.000 1460.000 470.000 334.000 34405.608 3996043.989 2875650.116 1660731.829 149080821.305 279746528807.666
3561.000 5512.000 45144193.000 1.000 1460.000 470.000 338.000 25984.047 3404064.678 3160481.083 1807853.678 14351252.777 457020007605.473
3672.000 5583.000 45144203.000 1.000 1450.000 460.000 336.000 16816.432 3006793.290 3417966.019 1362110.686 28936978.910 53033280164.782
3738.000 5637.000 45144213.000 1.000 1440.000 470.000 341.000 9909.177 2782259.871 3620549.632 1137445.064 150959685.973 31628647.364
3775.000 5671.000 45144223.000 1.000 1440.000 470.000 346.000 4141.200 2660196.075 3751094.277 90367.886 325966496.342 1084624856896.082
3775.000 5692.000 45144233.000 1.000 1440.000 470.000 356.000 4599.455 2660196.075 3832879.793 348287.935 309629325.458 613924265754.413
3755.000 5704.000 45144243.000 1.000 1440.000 470.000 361.000 6365.621 2725836.505 3880010.374 368703.460 250592739.215 582348576403.565
3724.000 5713.000 45144253.000 1.000 1440.000 470.000 364.000 8235.314 2829160.172 3915547.309 497790.185 194893557.299 401995237670.012
3684.000 5701.000 45144263.000 1.000 1430.000 460.000 366.000 10759.605 2965321.032 3868200.728 1075533.730 130785235.508 3168271261.370
3635.000 5677.000 45144273.000 1.000 1430.000 460.000 369.000 16213.630 3136479.086 3774371.567 1256475.970 35785667.132 15538829439.691
3581.000 5615.000 45144283.000 1.000 1430.000 460.000 371.000 22585.212 3330664.247 3537311.567 832225.215 151686.676 89757711553.415
3527.000 5514.000 45144293.000 1.000 1430.000 460.000 362.000 26805.421 3530681.409 3167596.180 815273.508 21249138.054 100202396221.206
3476.000 5388.000 45144303.000 1.000 1430.000 460.000 367.000 30939.668 3724941.505 2734969.083 908979.004 76456237.286 49658612576.273
3430.000 5238.000 45144313.000 1.000 1430.000 460.000 371.000 35549.095 3904618.495 2261336.825 617784.216 178312029.307 264233947699.951
3391.000 5062.000 45144323.000 1.000 1410.000 460.000 376.000 38681.875 4060268.333 1762984.309 1194933.006 271792572.607 3983109046.287
3362.000 4868.000 45144333.000 1.000 1410.000 460.000 387.000 44741.373 4177979.957 1285443.922 315643.644 508305465.309 666145686661.105
3342.000 4642.000 45144343.000 1.000 1430.000 460.000 399.000 46342.000 4260140.387 824053.986 246952.180 583041762.680 782993056514.261
3342.000 4407.000 45144353.000 1.000 1430.000 460.000 394.000 47594.293 4260140.387 452625.116 388289.561 645086379.518 552839192284.745
3355.000 4166.000 45144363.000 1.000 1430.000 460.000 397.000 45625.279 4206645.108 186428.954 1207982.321 548943191.690 5800527200.437
3368.000 3935.000 45144373.000 1.000 1420.000 470.000 397.000 39499.608 4153487.828 40310.277 785623.700 299423769.429 119852659693.585
3379.000 3735.000 45144383.000 1.000 1420.000 470.000 405.000 35515.715 4108772.592 0.599 1321681.136 177421673.703 36046822341.742
3373.000 3555.000 45144393.000 1.000 1420.000 470.000 413.000 28813.478 4133132.721 32121.890 371442.173 43794426.279 578176156392.429
3355.000 3410.000 45144403.000 1.000 1420.000 470.000 415.000 26929.897 4206645.108 105122.374 183276.300 22412221.070 899737292204.463
3320.000 3278.000 45144413.000 1.000 1420.000 470.000 415.000 26000.504 4351440.860 208141.986 1269555.063 14476211.872 18970636635.838
3270.000 3156.000 45144423.000 1.000 1400.000 480.000 415.000 19562.598 4562541.936 334345.083 963276.644 6933448.712 28407243349.611
3210.000 3077.000 45144433.000 1.000 1400.000 480.000 412.000 14677.828 4822463.226 431945.761 720571.364 56519034.872 169126369031.251
3146.000 3039.000 45144443.000 1.000 1400.000 480.000 404.000 11023.815 5107648.602 483338.922 764245.642 124811958.780 135111738481.238
3091.000 3029.000 45144453.000 1.000 1400.000 480.000 339.000 7148.330 5359274.785 497343.438 2152711.911 226424615.826 1042217989222.641
3076.000 3062.000 45144463.000 1.000 1390.000 480.000 186.000 18064.719 5428950.108 451887.535 139809.911 17065353.203 984086256200.505
3981.000 3702.000 45144584.000 0.000 1370.000 470.000 151.000 9486.119 2030655.645 1038.503 1559559.947 161534523.499 182960496612.610
3998.000 3657.000 45144594.000 1.000 1370.000 470.000 161.000 1577.600 1982494.280 5963.825 311102.720 425107790.395 673578706509.669
3990.000 3657.000 45144604.000 1.000 1370.000 470.000 216.000 0.000 2005086.452 5963.825 544429.760 492650974.625 345028620116.737
3990.000 3657.000 45144614.000 1.000 1370.000 470.000 240.000 2760.800 2005086.452 5963.825 452343.868 377716980.783 461689347916.508
3990.000 3671.000 45144624.000 1.000 1370.000 470.000 242.000 5054.633 2005086.452 3997.503 1305504.820 293817626.781 30166024595.954
3999.000 3695.000 45144634.000 1.000 1370.000 470.000 259.000 11674.840 1979679.258 1538.664 760000.123 110689384.437 138250860338.931
4035.000 3742.000 45144644.000 1.000 1370.000 470.000 270.000 15528.796 1879670.484 60.438 788992.073 44448172.480 117531761486.711
4086.000 3802.000 45144654.000 1.000 1370.000 470.000 282.000 19529.770 1742428.387 4593.341 483260.489 7107408.109 420630903471.285
4158.000 3870.000 45144664.000 1.000 1360.000 470.000 274.000 17079.159 1557530.839 18434.632 1208071.653 26179424.292 5814142443.890
4232.000 3915.000 45144674.000 1.000 1370.000 470.000 279.000 10953.035 1378301.247 32679.309 535469.189 126398466.611 355635636078.856
4286.000 3928.000 45144684.000 1.000 1370.000 470.000 281.000 8237.674 1254424.086 37548.438 374380.848 194827669.647 573715778947.434
4327.000 3920.000 45144694.000 1.000 1380.000 470.000 296.000 10136.157 1164264.204 34512.051 1368037.335 145433596.726 55798096081.173
4358.000 3879.000 45144704.000 1.000 1380.000 470.000 304.000 17073.466 1098326.538 20959.567 1144101.945 26237714.119 150818447.040
4368.000 3793.000 45144714.000 1.000 1390.000 470.000 332.000 22875.200 1077466.323 3454.406 374046.988 461662.816 574221648434.216
4368.000 3677.000 45144724.000 1.000 1390.000 470.000 348.000 20978.410 1077466.323 3274.793 24056.428 1481897.840 1227142632293.250
4359.000 3571.000 45144734.000 1.000 1390.000 470.000 369.000 21100.400 1096231.516 26642.664 583317.600 1199774.674 300856121083.640
4359.000 3464.000 45144744.000 1.000 1390.000 470.000 396.000 18142.400 1096231.516 73021.986 195333.305 16429583.505 877009444087.395
4359.000 3372.000 45144754.000 1.000 1390.000 470.000 409.000 17151.866 1096231.516 131207.535 1072200.853 25440687.761 3554577284.032
4388.000 3290.000 45144764.000 1.000 1390.000 470.000 428.000 11714.742 1036345.893 197336.567 252028.699 109851366.522 774034719497.439
4423.000 3242.000 45144774.000 1.000 1390.000 470.000 453.000 10436.706 966310.140 242286.245 41824.937 138274933.845 1188091698093.965
4472.000 3222.000 45144784.000 1.000 1390.000 470.000 474.000 10648.800 872376.086 262375.277 474889.744 133331875.635 431558844308.403
4526.000 3222.000 45144794.000 1.000 1390.000 470.000 473.000 13056.963 774418.925 262375.277 619182.167 83517286.426 262798705134.435
4586.000 3250.000 45144804.000 1.000 1380.000 480.000 481.000 16196.832 672417.635 234474.632 9720.974 35986924.349 1259108757356.335
4647.000 3305.000 45144814.000 1.000 1380.000 480.000 485.000 16147.537 576097.323 184234.793 86910.576 36580786.909 1091838063310.106
4686.000 3377.000 45144824.000 1.000 1380.000 480.000 483.000 16588.260 518415.484 127610.277 82401.992 31443857.335 1101280524639.177
4712.000 3457.000 45144834.000 1.000 1370.000 480.000 485.000 16170.400 481650.925 76854.148 219378.492 36304749.392 832551565413.254
4712.000 3539.000 45144844.000 1.000 1360.000 480.000 483.000 17282.867 481650.925 38113.116 499641.302 24136343.354 399651333387.047
4687.000 3623.000 45144854.000 1.000 1360.000 480.000 488.000 14749.189 516976.462 12371.180 318189.496 55451155.505 661996433859.549
4650.000 3688.000 45144864.000 1.000 1360.000 480.000 490.000 13135.652 571552.258 2136.825 105177.212 82085235.582 1053997731860.496
4596.000 3727.000 45144874.000 1.000 1360.000 480.000 488.000 12602.299 656117.419 52.212 171182.024 92034153.649 922827489631.693
4536.000 3749.000 45144884.000 1.000 1360.000 480.000 492.000 13470.362 756918.710 218.277 356134.720 76132260.742 601689404765.346
4471.000 3728.000 45144894.000 1.000 1350.000 470.000 491.000 15276.319 874245.108 38.761 95619.125 47878418.299 1073714592636.796
4411.000 3679.000 45144904.000 1.000 1350.000 470.000 494.000 15761.203 990046.398 3049.890 667217.129 41403295.533 215856876611.175
4369.000 3611.000 45144914.000 1.000 1350.000 470.000 492.000 19144.657 1075391.301 15184.599 190044.598 9309121.285 886943033927.202
4338.000 3519.000 45144924.000 1.000 1350.000 470.000 496.000 18180.942 1140646.968 46322.148 91830.321 16118621.155 1081580880266.002
4332.000 3427.000 45144934.000 1.000 1350.000 470.000 496.000 18646.613 1153499.097 94387.696 223311.449 12596318.529 825389838253.177
4361.000 3337.000 45144944.000 1.000 1350.000 470.000 499.000 17514.202 1092047.473 157788.341 497479.398 21916819.238 402389431408.420
4413.000 3265.000 45144954.000 1.000 1350.000 470.000 492.000 20036.917 986070.355 220172.857 785539.890 4660526.518 119910696330.713
4495.000 3205.000 45144964.000 1.000 1350.000 470.000 491.000 24020.385 829940.592 280079.954 824141.198 3329321.116 94666939804.521
4614.000 3179.000 45144974.000 1.000 1340.000 480.000 473.000 28199.600 627281.032 308275.696 225099.856 36046307.721 822143466511.003
4757.000 3179.000 45144984.000 1.000 1350.000 490.000 452.000 29341.080 421214.957 308275.696 301469.894 51055851.369 689483173099.956
4904.000 3202.000 45144994.000 1.000 1350.000 490.000 405.000 30869.832 252014.796 283264.309 110415.041 75239832.758 1043270396153.167
5053.000 3250.000 45145004.000 1.000 1350.000 490.000 341.000 31429.746 124616.592 234474.632 825227.967 85266825.007 93999366849.993
5204.000 3301.000 45145014.000 1.000 1360.000 490.000 280.000 27245.020 40808.344 187684.599 736576.313 25495205.661 156218464400.626
5332.000 3353.000 45145024.000 1.000 1360.000 490.000 165.000 23509.846 5477.592 145333.116 2492946.395 1726868.630 1852661990343.637
5445.000 3391.000 45145034.000 1.000 1360.000 490.000 12.000 10868.130 1520.161 117803.954 455144.852 128314799.591 457890783556.261
5603.000 3456.000 45145065.000 0.000 1370.000 500.000 24.000 18023.044 38804.764 77409.599 3048602.357 17411410.798 3674050276858.220
5690.000 3484.000 45145075.000 1.000 1370.000 500.000 91.000 2563.600 80649.893 62612.954 505541.920 385421009.852 392225647349.564
5703.000 3484.000 45145085.000 1.000 1370.000 500.000 181.000 0.000 88202.613 62612.954 233327.040 492650974.625 807291627571.829
5703.000 3484.000 45145095.000 1.000 1380.000 500.000 270.000 1183.200 88202.613 62612.954 116663.520 441526932.373 1030544970663.054
5703.000 3478.000 45145105.000 1.000 1380.000 500.000 339.000 1774.800 88202.613 65651.664 801641.072 417014882.927 109018869894.960
5712.000 3478.000 45145115.000 1.000 1380.000 500.000 409.000 5839.917 93629.419 65651.664 659473.282 267513020.048 223112488357.296
5741.000 3472.000 45145125.000 1.000 1380.000 500.000 442.000 9184.102 112217.796 68762.374 1079441.642 169302782.345 2743610635.291
5786.000 3484.000 45145135.000 1.000 1380.000 500.000 472.000 14657.944 144391.828 62612.954 444298.305 56818402.660 472687633217.834
5857.000 3506.000 45145145.000 1.000 1400.000 510.000 486.000 16910.978 203391.301 52087.019 756518.163 27928733.320 140852316122.941
5930.000 3551.000 45145155.000 1.000 1400.000 510.000 495.000 20747.277 274564.731 33571.696 469800.998 2098051.619 438270653557.399
6015.000 3613.000 45145165.000 1.000 1400.000 510.000 488.000 23129.635 370867.903 14695.696 171343.925 872155.643 922516458980.221
6106.000 3687.000 45145175.000 1.000 1400.000 510.000 488.000 23998.519 489984.946 2230.277 252297.877 3250003.962 773561150420.909
6189.000 3776.000 45145185.000 1.000 1400.000 510.000 491.000 22719.118 613072.161 1745.083 171900.620 273922.162 921447383175.628
6257.000 3869.000 45145195.000 1.000 1410.000 510.000 491.000 21847.411 724182.699 18164.083 788154.367 121334.669 118106843152.056
6314.000 3964.000 45145205.000 1.000 1420.000 500.000 491.000 17850.685 824444.473 52796.180 118858.159 18879522.623 1026093978144.646
6339.000 4051.000 45145215.000 1.000 1420.000 500.000 488.000 17247.956 870468.936 100345.890 240067.139 24480588.909 795225178287.781
6330.000 4138.000 45145225.000 1.000 1420.000 500.000 491.000 18465.335 853756.129 163033.599 567335.132 13915938.351 318644440560.225
6298.000 4226.000 45145235.000 1.000 1420.000 500.000 491.000 21342.288 795644.817 241841.857 202800.086 728384.180 863080097927.239
6241.000 4318.000 45145245.000 1.000 1430.000 510.000 491.000 22370.686 697207.043 340792.309 918297.493 30605.311 45592343036.526
6179.000 4413.000 45145255.000 1.000 1440.000 500.000 489.000 17714.005 597512.376 460734.406 1368914.678 20085968.899 56213351081.941
6114.000 4475.000 45145265.000 1.000 1440.000 500.000 495.000 10772.247 501248.774 548746.406 218782.948 130496244.034 833638719561.267
6064.000 4497.000 45145275.000 1.000 1440.000 500.000 488.000 9662.800 432949.850 581824.470 633844.973 157074641.779 247980251724.998
6015.000 4497.000 45145285.000 1.000 1450.000 510.000 488.000 12877.024 370867.903 581824.470 1702456.786 86838510.073 325625053291.392
5965.000 4455.000 45145295.000 1.000 1450.000 510.000 489.000 21510.172 312468.979 519515.438 1307313.144 470006.586 30797447406.128
5908.000 4362.000 45145305.000 1.000 1450.000 510.000 497.000 28139.549 251993.204 394100.438 551191.945 35328838.522 337130249056.530
5847.000 4233.000 45145315.000 1.000 1450.000 510.000 517.000 30934.640 194471.516 248775.696 1011487.114 76368333.650 14480275112.970
5795.000 4085.000 45145325.000 1.000 1460.000 500.000 522.000 36063.885 151312.635 123042.535 558082.902 192325382.962 329175552868.165
5749.000 3908.000 45145335.000 1.000 1460.000 500.000 544.000 38893.920 117641.624 30197.470 1752664.497 278829139.722 385446487863.289
5727.000 3712.000 45145345.000 1.000 1450.000 510.000 554.000 30006.169 103034.097 493.986 333323.413 61002765.807 637598602105.191
5720.000 3560.000 45145355.000 1.000 1440.000 500.000 564.000 28315.888 98589.247 30354.632 224992.185 37456183.837 822338733276.370
5763.000 3423.000 45145365.000 1.000 1440.000 500.000 572.000 29456.822 127441.323 96861.503 309314.313 52723278.941 676517462003.847
5840.000 3295.000 45145375.000 1.000 1440.000 500.000 583.000 27888.291 188346.667 192919.309 3436.210 32405111.118 1273252524929.177
5940.000 3195.000 45145385.000 1.000 1440.000 500.000 591.000 27905.716 285144.516 290764.470 986137.054 32603800.072 21223849644.379
6072.000 3144.000 45145395.000 1.000 1430.000 510.000 592.000 32906.411 443541.678 348366.503 954601.816 114718424.784 31406684822.063
6238.000 3127.000 45145405.000 1.000 1430.000 510.000 592.000 37747.191 692206.108 368723.180 271056.527 241847557.806 740915699676.741
6426.000 3163.000 45145415.000 1.000 1420.000 500.000 589.000 39121.717 1040378.065 326298.922 402233.967 286488620.783 532297426633.568
6612.000 3232.000 45145425.000 1.000 1420.000 500.000 583.000 37081.991 1454410.065 252230.761 268607.698 221600401.447 745137427078.235
6776.000 3324.000 45145435.000 1.000 1410.000 510.000 559.000 35719.883 1876870.538 168285.212 2227988.081 182902382.662 1201581987140.226
6925.000 3427.000 45145445.000 1.000 1410.000 510.000 515.000 24421.769 2307328.333 94387.696 1081120.209 4955195.032 2570583266.494
7009.000 3518.000 45145455.000 1.000 1410.000 510.000 464.000 18939.415 2569574.527 46753.599 525015.420 10603667.247 368213168207.476
7059.000 3600.000 45145465.000 1.000 1410.000 510.000 439.000 16277.065 2732373.452 18016.567 176585.698 35030740.549 912474728216.630
7086.000 3678.000 45145475.000 1.000 1410.000 510.000 425.000 15381.600 2822363.871 3161.341 104503.971 46432534.786 1055380542668.294
7086.000 3756.000 45145485.000 1.000 1420.000 520.000 425.000 14851.661 2822363.871 474.116 60258.601 53935529.604 1148246250941.341
7072.000 3830.000 45145495.000 1.000 1420.000 520.000 414.000 14546.090 2775520.172 9172.696 949934.684 58517179.752 33082678794.552
7052.000 3901.000 45145505.000 1.000 1420.000 520.000 417.000 9728.977 2709280.602 27813.632 452632.371 155420236.134 461297368694.155
7037.000 3948.000 45145515.000 1.000 1430.000 520.000 438.000 7433.681 2660125.925 45699.406 805973.359 217918452.746 106176769070.320
7023.000 3983.000 45145525.000 1.000 1430.000 520.000 461.000 3346.595 2614654.226 61888.599 246565.076 355290352.559 783678278982.865
7011.000 3995.000 45145535.000 1.000 1430.000 520.000 480.000 2096.265 2575990.484 68003.180 413383.458 403988986.264 516152686795.174
7003.000 4002.000 45145545.000 1.000 1460.000 520.000 480.000 0.000 2550374.656 71703.019 7388689.600 492650974.625 39148403066152.281
7003.000 4002.000 45145555.000 1.000 1460.000 520.000 495.000 37468.000 2550374.656 71703.019 40184100.676 233241856.372 1525080537834251.250
7003.000 3983.000 45145556.000 1.000 1460.000 520.000 502.000 17090.667 2550374.656 61888.599 950503.124 26061793.445 32876218857.244
7003.000 3905.000 45145565.000 1.000 1460.000 520.000 526.000 21428.663 2550374.656 29163.825 12544.089 588410.596 1252781091777.717
7015.000 3797.000 45145575.000 1.000 1460.000 520.000 537.000 21365.052 2588846.398 3940.599 231407.692 690046.314 810744357133.196
7032.000 3690.000 45145585.000 1.000 1470.000 510.000 553.000 20191.585 2643841.032 1955.922 868566.611 4016646.337 69302941131.354
7054.000 3590.000 45145595.000 1.000 1470.000 510.000 567.000 15787.089 2715868.559 20801.083 274135.214 41070836.651 735625128411.268
7089.000 3518.000 45145605.000 1.000 1470.000 510.000 569.000 14396.951 2832452.807 46753.599 324565.564 60821145.171 651661546867.582
7132.000 3459.000 45145615.000 1.000 1470.000 510.000 580.000 12751.081 2979038.882 75749.245 220130.613 89201626.381 831179596562.418
7187.000 3425.000 45145625.000 1.000 1460.000 520.000 595.000 11634.800 3171922.699 95620.599 902945.276 111533501.492 52384155985.575
7246.000 3425.000 45145635.000 1.000 1460.000 520.000 591.000 16213.630 3385560.430 95620.599 1088458.021 35785667.132 1880359116.303
7324.000 3451.000 45145645.000 1.000 1460.000 520.000 600.000 21733.194 3678682.753 80216.857 720032.416 213950.896 169569943972.655
7413.000 3516.000 45145655.000 1.000 1450.000 530.000 602.000 25384.474 4028005.839 47622.503 485497.329 10168010.088 417734454161.502
7502.000 3609.000 45145665.000 1.000 1450.000 530.000 600.000 27846.428 4393170.925 15681.503 1187097.855 31930249.293 3055516461.648
7588.000 3721.000 45145675.000 1.000 1450.000 530.000 599.000 33866.194 4761077.075 174.922 243680.237 136199443.735 788794243651.010
7666.000 3874.000 45145685.000 1.000 1450.000 530.000 602.000 32630.493 5107551.398 19536.825 1425592.916 108884022.934 86301862966.686
7740.000 4022.000 45145695.000 1.000 1450.000 530.000 606.000 25401.320 5447505.807 82813.986 1060731.701 10275728.625 5053706742.027
7796.000 4138.000 45145705.000 1.000 1450.000 530.000 609.000 20022.356 5712048.602 163033.599 1645145.141 4723607.850 263501541522.080
7826.000 4235.000 45145715.000 1.000 1450.000 530.000 616.000 11679.835 5856347.957 250774.793 1331067.462 110584305.573 39699101301.787
7838.000 4293.000 45145725.000 1.000 1420.000 530.000 619.000 4930.000 5914571.699 312228.599 972196.000 298105855.908 25480181737.894
7838.000 4318.000 45145735.000 1.000 1420.000 530.000 622.000 0.000 5914571.699 340792.309 523182.446 492650974.625 370441046175.650
7838.000 4318.000 45145745.000 1.000 1430.000 530.000 624.000 2653.055 5914571.699 340792.309 1467707.934 381916625.477 112819945921.187
7847.000 4308.000 45145755.000 1.000 1430.000 530.000 628.000 10095.793 5958428.505 329216.825 976075.910 146408772.178 24256573172.696
7858.000 4258.000 45145765.000 1.000 1450.000 530.000 638.000 15045.468 6012251.269 274339.406 1383781.980 51126422.042 63484270547.724
7872.000 4183.000 45145775.000 1.000 1460.000 530.000 641.000 22062.618 6081102.968 201398.277 1275503.798 17722.070 20644709434.308
7886.000 4072.000 45145785.000 1.000 1460.000 530.000 644.000 28530.690 6150346.667 114091.406 873719.842 40131562.825 66616274237.270
7900.000 3928.000 45145795.000 1.000 1460.000 530.000 647.000 32961.318 6219982.366 37548.438 305400.090 115897620.940 682971733337.503
7907.000 3761.000 45145805.000 1.000 1470.000 530.000 636.000 34510.000 6254947.215 716.857 1404476.345 151640943.602 74340866932.209
7907.000 3586.000 45145815.000 1.000 1470.000 530.000 637.000 41632.091 6254947.215 21970.890 947391.592 377771652.209 34014254036.727
7900.000 3375.000 45145825.000 1.000 1470.000 530.000 638.000 46436.308 6219982.366 129043.180 2260828.586 587605027.228 1274657838459.342
7885.000 3140.000 45145835.000 1.000 1480.000 540.000 636.000 57900.956 6145387.688 353104.309 1093145.662 1274862287.973 1495791730.618
7866.000 2847.000 45145845.000 1.000 1470.000 550.000 647.000 52357.621 6051547.097 787169.632 723090.791 909738928.919 167060489021.401
7823.000 2585.000 45145855.000 1.000 1470.000 550.000 647.000 48690.832 5841837.022 1320719.954 953333.623 701989780.148 31857789719.412
7774.000 2343.000 45145865.000 1.000 1490.000 550.000 625.000 53525.181 5607373.075 1935509.245 606184.715 981533731.548 276293639491.047
7720.000 2077.000 45145875.000 1.000 1480.000 560.000 617.000 50451.222 5354546.237 2746397.374 415430.591 798372135.143 513215402620.101
7637.000 1835.000 45145885.000 1.000 1480.000 570.000 594.000 48344.576 4977313.022 3607058.664 2252795.446 683761505.782 1256583419867.810
7542.000 1609.000 45145895.000 1.000 1470.000 580.000 597.000 36920.664 4562450.065 4516584.728 680353.212 216823320.148 203823279881.285
7440.000 1452.000 45145905.000 1.000 1450.000 590.000 597.000 33470.597 4137112.258 5208554.632 460308.578 127122349.331 450929105854.484
7322.000 1330.000 45145915.000 1.000 1450.000 600.000 600.000 31136.375 3671014.796 5780301.728 824394.206 79934913.730 94511312849.716
7199.000 1231.000 45145925.000 1.000 1430.000 620.000 605.000 26955.877 3214810.441 6266139.438 668317.308 22658882.710 214835791877.260
7073.000 1178.000 45145935.000 1.000 1400.000 630.000 616.000 23566.844 2778853.151 6534290.374 176121.489 1879919.972 913361801474.800
6954.000 1167.000 45145945.000 1.000 1380.000 640.000 630.000 24459.955 2396270.710 6590648.341 401902.671 5126659.316 532780955007.306
6831.000 1183.000 45145955.000 1.000 1370.000 660.000 644.000 22421.909 2030594.355 6508753.116 207522.828 51151.393 854327348824.000
6743.000 1255.000 45145965.000 1.000 1350.000 670.000 672.000 23474.256 1787540.247 6146560.599 37417.517 1634597.375 1197719265476.167
6680.000 1356.000 45145975.000 1.000 1330.000 670.000 707.000 23664.000 1623048.602 5655957.986 2689945.054 2155780.781 2427750166344.319
6680.000 1476.000 45145985.000 1.000 1290.000 680.000 724.000 37304.695 1623048.602 5099583.793 3604436.587 228280452.796 6113827204230.626
6765.000 1645.000 45145995.000 1.000 1270.000 690.000 720.000 55582.771 1846851.774 4364864.470 3756262.642 1114693687.856 6887693256314.742
6916.000 1883.000 45146005.000 1.000 1250.000 700.000 727.000 74630.756 2280067.527 3427036.986 5200451.320 2749430665.553 16553751632910.398
7165.000 2168.000 45146015.000 1.000 1250.000 700.000 690.000 101002.213 3094043.172 2453063.277 19917636.404 6210459829.952 352906855554705.125
7538.000 2519.000 45146025.000 1.000 1220.000 700.000 512.000 0.000 4545378.151 1476773.761 0.000 492650974.625 1281019067551.860
