5285.000 6413.000 17698024.000 0.000 1400.000 390.000 66.000 40567.565 3859853.578 2249476.541 3870428.467 166585366.181 7857603663556.986
5040.000 6446.000 17698034.000 1.000 1400.000 400.000 105.000 16981.773 4882557.571 2349554.024 42083.281 114040969.472 1051042087759.536
4937.000 6456.000 17698044.000 1.000 1390.000 420.000 205.000 16725.324 5348354.679 2380310.534 880303.948 119583971.586 34962556372.247
4839.000 6428.000 17698054.000 1.000 1390.000 430.000 314.000 11360.888 5811238.276 2294696.306 517881.221 265686141.837 301846400414.051
4771.000 6415.000 17698064.000 1.000 1390.000 440.000 422.000 8205.000 6143710.813 2255479.843 1077152.400 378526972.713 97331676.293
4721.000 6415.000 17698074.000 1.000 1370.000 450.000 431.000 1641.000 6394075.914 2255479.843 1437667.136 677028412.691 137181653848.936
4731.000 6415.000 17698084.000 1.000 1370.000 460.000 443.000 10401.921 6343602.894 2255479.843 1195615.698 297867856.758 16468327042.384
4794.000 6422.000 17698094.000 1.000 1370.000 460.000 468.000 17687.818 6030221.867 2276554.400 2824218.927 99459764.633 3086810786125.465
4891.000 6469.000 17698104.000 1.000 1360.000 470.000 486.000 34898.171 5563234.571 2420592.997 2017338.571 52379978.286 902598522904.143
5090.000 6544.000 17698114.000 1.000 1360.000 470.000 490.000 47191.520 4664092.471 2659591.822 1222841.857 381450209.195 24197401189.966
5360.000 6643.000 17698124.000 1.000 1350.000 470.000 491.000 54643.329 3570780.927 2992296.272 482044.571 728058509.022 342508370923.683
5676.000 6748.000 17698134.000 1.000 1350.000 490.000 472.000 51705.824 2476377.491 3366584.628 1355145.020 578164638.646 82862401883.496
5972.000 6856.000 17698144.000 1.000 1350.000 490.000 466.000 43447.780 1632392.095 3774570.936 943828.042 249229695.759 15242044742.645
6210.000 6972.000 17698154.000 1.000 1340.000 490.000 456.000 37696.238 1080874.216 4238762.453 1844313.500 100710624.984 603770619548.939
6410.000 7085.000 17698164.000 1.000 1340.000 490.000 445.000 26457.277 705013.813 4716826.017 1555060.338 1448394.561 237923104119.107
6547.000 7170.000 17698174.000 1.000 1350.000 500.000 440.000 16980.980 493718.437 5093261.353 1493715.491 114057906.990 181841498224.778
6625.000 7238.000 17698184.000 1.000 1350.000 500.000 417.000 7878.509 390188.880 5404813.621 1131290.467 391337836.464 4096479853.409
6664.000 7266.000 17698194.000 1.000 1350.000 500.000 374.000 984.600 342987.102 5535787.849 1603651.168 711618027.249 287686822950.221
6658.000 7266.000 17698204.000 1.000 1350.000 500.000 255.000 10757.002 350050.914 5535787.849 1536603.847 285737360.799 220258567333.419
6597.000 7242.000 17698214.000 1.000 1360.000 500.000 212.000 20120.828 425953.337 5423428.225 1417095.560 56850720.101 122366225762.955
6500.000 7167.000 17698224.000 1.000 1360.000 500.000 216.000 28756.389 561976.632 5079729.400 232024.436 1200381.758 697663080157.888
6362.000 7059.000 17698234.000 1.000 1360.000 500.000 291.000 30170.310 787924.310 4604567.091 121113.349 6297792.763 895244044687.422
6231.000 6930.000 17698244.000 1.000 1370.000 510.000 374.000 30908.356 1037649.873 4067585.111 396675.648 10546817.094 449719207548.602
6105.000 6790.000 17698254.000 1.000 1370.000 510.000 425.000 33325.636 1310225.927 3522473.970 671622.408 32090710.752 156550246409.592
6036.000 6599.000 17698264.000 1.000 1370.000 510.000 450.000 37418.399 1472948.766 2842007.628 2273892.019 95211330.512 1455896351785.850
5999.000 6374.000 17698274.000 1.000 1380.000 510.000 473.000 51275.145 1564127.941 2134011.151 635792.158 557638723.123 186187555529.685
5982.000 6062.000 17698284.000 1.000 1380.000 510.000 464.000 55149.564 1606939.075 1319800.037 404423.629 755633814.761 439387475096.727
5989.000 5726.000 17698294.000 1.000 1380.000 510.000 473.000 57614.059 1589240.961 660685.299 317819.034 897199542.825 561701809742.603
5997.000 5375.000 17698304.000 1.000 1380.000 510.000 483.000 55677.319 1569134.545 213282.796 323189.535 784927037.425 553680618128.075
5983.000 5036.000 17698314.000 1.000 1390.000 520.000 504.000 53707.852 1604404.773 15086.104 2013680.782 678450498.895 895661723891.711
5954.000 4710.000 17698324.000 1.000 1390.000 520.000 559.000 41436.793 1678711.531 41279.876 870239.695 189778819.312 38827529373.670
5889.000 4466.000 17698334.000 1.000 1370.000 530.000 589.000 36133.687 1851371.162 199965.030 353421.349 71790328.403 509603765421.626
5783.000 4273.000 17698344.000 1.000 1360.000 540.000 620.000 38287.382 2151065.175 409823.386 866585.516 112924890.016 40280972586.616
5649.000 4082.000 17698354.000 1.000 1350.000 540.000 647.000 33006.544 2562083.645 690851.044 595816.085 28577303.390 222284558021.903
5515.000 3932.000 17698364.000 1.000 1350.000 540.000 650.000 29375.733 3009014.115 962703.393 531854.172 2941099.288 286688011589.149
5384.000 3810.000 17698374.000 1.000 1340.000 550.000 647.000 26134.696 3480653.679 1216993.970 1239915.149 2328900.788 29800575101.470
5254.000 3718.000 17698384.000 1.000 1320.000 550.000 643.000 18578.845 3982622.941 1428442.077 1317577.936 82481355.367 62645693680.258
5151.000 3671.000 17698394.000 1.000 1310.000 560.000 600.000 10549.729 4404336.048 1542997.480 743249.761 292787712.160 104999949667.101
5089.000 3654.000 17698404.000 1.000 1290.000 560.000 450.000 6020.480 4668412.773 1585520.413 2693434.673 468302136.179 2644357170721.237
5054.000 3665.000 17698414.000 1.000 1290.000 560.000 246.000 22433.854 4820883.343 1557939.574 2278965.424 27320647.223 1468165285955.797
5363.000 4290.000 17698465.000 0.000 1240.000 570.000 106.000 93260.933 3559452.021 388346.453 9533997.162 4303381431.415 71685185738220.094
5719.000 4733.000 17698475.000 1.000 1240.000 570.000 188.000 35162.230 2342892.504 32462.849 1617493.331 56271907.368 302727316708.289
5887.000 4866.000 17698485.000 1.000 1230.000 560.000 237.000 25305.476 1856817.766 2225.433 1376347.889 5547408.182 95518807262.249
6015.000 4952.000 17698495.000 1.000 1230.000 560.000 259.000 16918.225 1524363.108 1507.420 155455.868 115402265.579 831435499476.818
6117.000 4967.000 17698505.000 1.000 1250.000 560.000 279.000 15970.901 1282898.303 2897.185 392882.805 136653029.078 454820638213.703
6213.000 4951.000 17698515.000 1.000 1250.000 560.000 276.000 13576.734 1074645.310 1430.769 96374.617 198360060.219 942670308363.465
6287.000 4914.000 17698525.000 1.000 1250.000 560.000 291.000 14164.026 926696.961 0.681 216142.182 182162089.181 724447021596.796
6346.000 4851.000 17698535.000 1.000 1260.000 560.000 309.000 15481.163 816585.142 3865.668 346329.604 148342818.173 519779160594.946
6380.000 4763.000 17698545.000 1.000 1260.000 560.000 353.000 17591.642 756292.873 22552.379 659497.552 101387331.652 166292004114.975
6406.000 4659.000 17698555.000 1.000 1270.000 560.000 382.000 13572.766 711747.021 64604.675 1023901.458 198471846.871 1882280807.397
6427.000 4579.000 17698565.000 1.000 1270.000 560.000 397.000 7333.269 676754.679 111672.594 169979.867 413207282.717 805159585309.223
6456.000 4545.000 17698575.000 1.000 1270.000 560.000 448.000 8369.100 629881.920 135552.460 667898.487 372168517.924 159510959265.024
6507.000 4545.000 17698585.000 1.000 1290.000 560.000 485.000 12439.170 551530.518 135552.460 1948651.398 231697095.936 776803698701.947
6572.000 4584.000 17698595.000 1.000 1290.000 560.000 498.000 24313.950 459210.887 108355.849 697009.007 11201201.776 137105583452.266
6669.000 4696.000 17698605.000 1.000 1290.000 560.000 495.000 28561.415 337155.592 47164.762 103964.406 811162.045 927989877288.385
6742.000 4854.000 17698615.000 1.000 1290.000 560.000 498.000 27927.872 257709.545 3501.621 965170.560 71343.665 10427709776.767
6800.000 5014.000 17698625.000 1.000 1290.000 560.000 492.000 22046.272 202186.028 10165.782 189944.273 31522583.873 769729766246.082
6775.000 5146.000 17698635.000 1.000 1290.000 560.000 524.000 23203.763 225293.578 54207.715 176339.727 19864908.287 793786541226.397
6690.000 5259.000 17698645.000 1.000 1290.000 560.000 580.000 22129.176 313209.249 119595.279 408731.583 30598528.320 433694866170.776
6566.000 5312.000 17698655.000 1.000 1290.000 560.000 594.000 24619.923 467378.699 159061.782 555869.878 9246748.355 261547184496.443
6419.000 5282.000 17698665.000 1.000 1290.000 560.000 600.000 28007.308 689981.095 136032.252 501162.877 120088.827 320496203637.354
6271.000 5197.000 17698675.000 1.000 1290.000 560.000 600.000 31061.317 957757.793 80556.916 1744984.919 11563722.273 459274851292.965
6123.000 5079.000 17698685.000 1.000 1290.000 560.000 578.000 20427.649 1269342.491 27498.098 310055.791 52318034.352 573398677191.518
6073.000 4965.000 17698695.000 1.000 1290.000 560.000 468.000 18538.217 1384507.592 2685.883 1015207.604 83220966.870 2712234141.589
6094.000 4854.000 17698705.000 1.000 1300.000 550.000 216.000 12351.699 1335529.249 3501.621 98871.525 234367644.198 937827986527.184
7051.000 4650.000 17698835.000 0.000 1320.000 550.000 141.000 20184.300 39462.222 69260.816 1718886.127 55897598.442 424581789476.789
7051.000 4527.000 17698845.000 1.000 1310.000 560.000 458.000 9709.674 39462.222 149130.742 1350998.213 322241835.072 80492212250.423
7000.000 4497.000 17698855.000 1.000 1310.000 560.000 475.000 1476.900 62325.625 173201.212 609204.512 685595029.901 209839307687.479
6991.000 4497.000 17698865.000 1.000 1310.000 560.000 480.000 5189.298 66900.343 173201.212 800557.583 504967038.162 71144431593.898
7009.000 4523.000 17698875.000 1.000 1310.000 560.000 485.000 10067.772 57912.907 152236.138 1937399.061 309513566.348 757095488997.134
7067.000 4543.000 17698885.000 1.000 1310.000 560.000 483.000 21873.982 33361.390 137029.158 1297149.783 33486911.318 52837028533.949
7185.000 4605.000 17698895.000 1.000 1320.000 570.000 475.000 29778.612 4179.753 94971.520 706813.817 4485256.215 129940712539.221
7342.000 4696.000 17698905.000 1.000 1310.000 570.000 466.000 34085.826 8528.337 47164.762 749590.585 41281349.088 100930833085.200
7499.000 4832.000 17698915.000 1.000 1310.000 570.000 460.000 29517.937 62174.920 6589.299 458133.559 3449070.562 371067571430.388
7619.000 4966.000 17698925.000 1.000 1310.000 570.000 473.000 26726.142 136418.679 2790.534 1098018.043 873528.846 944414320.581
7713.000 5099.000 17698935.000 1.000 1310.000 570.000 520.000 20034.990 214692.290 34531.118 1429653.969 58152515.286 131310024412.465
7754.000 5214.000 17698945.000 1.000 1320.000 570.000 575.000 11322.900 254367.907 90495.983 633196.916 266925984.733 188433956421.814
7754.000 5283.000 17698955.000 1.000 1340.000 570.000 595.000 7464.296 254367.907 136770.903 212209.525 407897547.936 731157006424.906
7729.000 5321.000 17698965.000 1.000 1340.000 570.000 591.000 8757.468 229775.457 166321.641 1371769.335 357334813.309 92709663899.862
7677.000 5333.000 17698975.000 1.000 1340.000 570.000 595.000 17116.818 182627.162 176253.453 1290416.924 111174916.419 49787088715.791
7589.000 5277.000 17698985.000 1.000 1340.000 570.000 588.000 24980.419 115157.739 132368.997 1251895.434 7184279.612 34080377929.006
7476.000 5175.000 17698995.000 1.000 1340.000 570.000 592.000 32609.276 51233.867 68552.594 287348.454 24487715.086 608303696049.155
7348.000 5023.000 17699005.000 1.000 1340.000 570.000 595.000 30858.219 9672.524 12061.641 8299.029 10223682.339 1121454925993.716
7243.000 4867.000 17699015.000 1.000 1340.000 570.000 592.000 30908.792 44.236 2132.084 1531736.641 10549649.180 215713730737.805
7154.000 4701.000 17699025.000 1.000 1340.000 570.000 603.000 21574.626 9149.115 45018.017 838911.692 37041144.541 52155152616.987
7120.000 4574.000 17699035.000 1.000 1340.000 570.000 616.000 16462.428 16809.384 115039.339 676982.242 125402855.733 152337584184.716
7128.000 4474.000 17699045.000 1.000 1340.000 570.000 622.000 12337.003 14798.967 192874.239 299814.474 234817824.375 589013645701.858
7164.000 4408.000 17699055.000 1.000 1340.000 570.000 644.000 14164.026 7336.095 255201.272 1450042.081 182162089.181 146501667710.031
7249.000 4393.000 17699065.000 1.000 1340.000 570.000 649.000 23000.358 0.424 270581.507 1561148.448 21719436.757 243899408106.690
7388.000 4411.000 17699075.000 1.000 1340.000 570.000 656.000 32513.755 19140.444 252179.225 1626931.215 23551466.798 313201962736.927
7564.000 4502.000 17699085.000 1.000 1340.000 570.000 647.000 42428.022 98815.290 169064.467 553835.859 218071741.939 263631784869.733
7776.000 4650.000 17699095.000 1.000 1340.000 570.000 642.000 45803.012 277043.263 69260.816 159381.469 329140957.450 824291941624.845
7985.000 4835.000 17699105.000 1.000 1340.000 570.000 633.000 46774.258 540738.142 6111.252 1071450.910 365325436.867 17340492.889
8191.000 5032.000 17699115.000 1.000 1350.000 580.000 622.000 40245.002 886137.927 14119.500 1787258.720 158362903.813 518359683296.654
8352.000 5217.000 17699125.000 1.000 1350.000 580.000 611.000 29353.724 1215173.303 92309.936 890784.686 2866094.428 31152967390.157
8443.000 5371.000 17699135.000 1.000 1350.000 580.000 617.000 23925.420 1424081.820 209604.192 2175788.772 13952837.015 1228776803156.808
8487.000 5510.000 17699145.000 1.000 1350.000 580.000 619.000 10666.500 1531032.531 356200.681 1219253.482 288805200.971 23093897283.118
8487.000 5575.000 17699155.000 1.000 1350.000 580.000 614.000 3236.558 1531032.531 438012.997 478262.230 596542114.773 346949847764.104
8470.000 5585.000 17699165.000 1.000 1350.000 580.000 614.000 6151.014 1489251.665 451349.507 2216011.159 462669588.166 1319567840764.835
8443.000 5559.000 17699175.000 1.000 1350.000 580.000 628.000 19655.043 1424081.820 417090.581 1941712.101 64091659.211 764619749988.681
8398.000 5448.000 17699185.000 1.000 1350.000 580.000 641.000 31487.536 1318705.410 286038.319 1314464.630 14644140.690 61096920054.602
8355.000 5261.000 17699195.000 1.000 1360.000 580.000 667.000 39497.680 1221796.397 120982.581 980111.537 140112446.610 7599512226.848
8313.000 5024.000 17699205.000 1.000 1360.000 580.000 663.000 33525.032 1130711.082 12282.292 2261036.753 34389572.898 1425039145453.608
8302.000 4820.000 17699215.000 1.000 1360.000 580.000 664.000 19746.624 1107438.404 8681.487 1011828.128 62633701.385 3075655233.076
8334.000 4704.000 17699225.000 1.000 1380.000 580.000 673.000 13580.700 1175812.739 43753.970 424134.173 198248361.377 413645196468.028
8394.000 4647.000 17699235.000 1.000 1380.000 580.000 687.000 16165.308 1309534.618 70848.863 2082457.389 132145638.570 1030571490740.785
8492.000 4657.000 17699245.000 1.000 1390.000 580.000 684.000 28855.481 1543431.021 65625.373 1618245.894 1427335.207 303556013337.573
8638.000 4755.000 17699255.000 1.000 1380.000 590.000 669.000 38716.821 1927512.927 25019.171 1225486.985 122236271.432 25027324398.179
8815.000 4911.000 17699265.000 1.000 1380.000 590.000 656.000 46184.749 2450317.471 4.728 834338.881 343137810.922 54264694881.798
9012.000 5112.000 17699275.000 1.000 1380.000 590.000 640.000 41100.417 3105873.974 39531.581 434037.116 180624120.865 401005058756.158
9153.000 5319.000 17699285.000 1.000 1380.000 590.000 627.000 38455.462 3622737.390 164694.339 1205915.598 116525382.909 19217966299.344
9257.000 5529.000 17699295.000 1.000 1380.000 590.000 614.000 31106.799 4029449.981 379241.051 1442307.556 11875118.274 140640628742.936
9310.000 5711.000 17699305.000 1.000 1380.000 590.000 603.000 22317.600 4245037.974 636525.534 709957.645 28549461.919 127684066593.301
9310.000 5847.000 17699315.000 1.000 1380.000 590.000 606.000 17991.228 4245037.974 872030.071 1438348.151 93500035.741 137686586870.747
9282.000 5953.000 17699325.000 1.000 1380.000 590.000 613.000 9226.157 4130442.431 1081237.077 225362.632 339834943.593 708836167016.374
9238.000 5988.000 17699335.000 1.000 1390.000 600.000 619.000 7852.832 3953531.719 1155249.863 418942.541 392354393.986 420350172180.507
9191.000 5979.000 17699345.000 1.000 1410.000 590.000 619.000 10405.803 3768835.914 1135984.004 167782.404 297733874.127 809108011363.418
9141.000 5940.000 17699355.000 1.000 1410.000 590.000 619.000 11428.243 3577201.014 1054370.614 92166.929 263494921.476 950858603396.781
9104.000 5881.000 17699365.000 1.000 1420.000 590.000 617.000 10866.592 3438610.189 936686.205 81358.154 282044402.974 972055133813.992
9087.000 5817.000 17699375.000 1.000 1430.000 590.000 617.000 10370.808 3375851.323 816900.541 18646.355 298942773.893 1099646611447.649
9082.000 5754.000 17699385.000 1.000 1430.000 590.000 620.000 10484.436 3357502.833 706987.527 588011.489 295026437.691 229704745377.465
9101.000 5693.000 17699395.000 1.000 1430.000 590.000 620.000 14067.687 3427493.095 608127.816 1166143.994 184771895.957 9772760967.716
9126.000 5611.000 17699405.000 1.000 1430.000 590.000 613.000 21173.988 3520685.545 486960.433 750340.686 42078336.188 100454787362.209
9158.000 5486.000 17699415.000 1.000 1440.000 580.000 617.000 25746.448 3641795.880 328129.057 1277981.262 3664627.384 44392190763.900
9188.000 5332.000 17699425.000 1.000 1440.000 580.000 625.000 33534.268 3757196.820 175414.802 1202300.311 34497982.856 18228670225.904
9200.000 5128.000 17699435.000 1.000 1440.000 580.000 628.000 40860.900 3803861.196 46149.997 834793.110 174243441.230 54053277879.445
9200.000 4879.000 17699445.000 1.000 1460.000 570.000 633.000 45948.000 3803861.196 1167.896 430178.632 334422793.837 405906713571.552
9200.000 4599.000 17699455.000 1.000 1470.000 580.000 631.000 48569.442 3803861.196 98705.614 1140650.895 437172579.398 5382302429.467
9224.000 4304.000 17699465.000 1.000 1470.000 580.000 628.000 55520.392 3898053.947 371093.567 741699.836 776158557.429 106006817896.553
9254.000 3967.000 17699475.000 1.000 1460.000 580.000 622.000 60040.196 4017414.887 895246.178 2003182.977 1048427250.690 875901807132.825
9291.000 3603.000 17699485.000 1.000 1460.000 580.000 622.000 47833.109 4167105.712 1716557.212 421283.264 406923274.811 417320462909.435
9329.000 3314.000 17699495.000 1.000 1450.000 590.000 614.000 50400.344 4323692.236 2557359.071 351612.475 517088241.573 512189622458.665
9338.000 3007.000 17699505.000 1.000 1440.000 600.000 614.000 52543.016 4361201.518 3633501.212 1907093.073 619126183.372 705274713470.028
9327.000 2687.000 17699515.000 1.000 1420.000 610.000 609.000 40921.486 4315378.840 4955852.890 375656.735 175846598.088 478352033737.358
9271.000 2444.000 17699525.000 1.000 1420.000 610.000 609.000 43210.680 4085851.753 6096822.695 244942.552 241799711.862 676249927773.687
9172.000 2200.000 17699535.000 1.000 1410.000 610.000 611.000 44703.322 3695425.652 7361315.849 3609.051 290448590.568 1131410179817.110
9045.000 1959.000 17699545.000 1.000 1400.000 620.000 611.000 44681.329 3223278.008 8727146.957 143388.775 289699440.553 853587409550.881
8856.000 1763.000 17699555.000 1.000 1380.000 630.000 611.000 45555.118 2580357.088 9923599.359 645013.101 320207702.835 178315007829.651
8635.000 1595.000 17699565.000 1.000 1370.000 630.000 613.000 41624.508 1919191.833 11010281.990 187667.550 194985988.679 773729881161.677
8393.000 1519.000 17699575.000 1.000 1350.000 640.000 614.000 42768.125 1307246.920 11520420.514 640269.955 228232185.641 182343316100.806
8133.000 1501.000 17699585.000 1.000 1330.000 650.000 614.000 38866.419 780305.444 11642934.796 46043.178 125566577.333 1042938368512.635
7897.000 1521.000 17699595.000 1.000 1320.000 650.000 611.000 38585.839 419060.719 11506847.816 1057394.104 119357140.280 97863816.799
7677.000 1604.000 17699605.000 1.000 1320.000 650.000 625.000 32142.243 182627.162 10950635.849 399311.750 20083603.378 446190558215.313
7538.000 1742.000 17699615.000 1.000 1320.000 650.000 638.000 29708.899 83145.142 10056347.688 704299.477 4194833.830 131759737313.940
7488.000 1916.000 17699625.000 1.000 1320.000 650.000 636.000 34000.791 56810.243 8983054.963 1396279.475 40195870.706 108236233990.653
7497.000 2123.000 17699635.000 1.000 1320.000 650.000 641.000 42509.502 61181.524 7785073.722 1556204.935 220484852.372 239041022665.078
7584.000 2367.000 17699645.000 1.000 1320.000 650.000 638.000 51992.774 111789.249 6483004.567 1149370.513 592046435.639 6737749359.734
7753.000 2635.000 17699655.000 1.000 1320.000 650.000 611.000 58996.860 253360.209 5190079.037 9681384.726 981950558.360 74202684487035.797
7976.000 2917.000 17699665.000 1.000 1320.000 650.000 499.000 0.000 527582.860 3984712.621 0.000 765118177.686 1139100938963.600
