2613.000 5901.000 63055475.000 0.000 1320.000 350.000 60.000 34053.526 7924878.820 1416161.420 3530192.015 91798658.965 4666107549365.070
2529.000 5733.000 63055485.000 1.000 1290.000 360.000 65.000 14581.976 8404874.330 1044536.749 1144623.771 97819781.299 50828044695.858
2479.000 5670.000 63055495.000 1.000 1260.000 370.000 56.000 8268.552 8697285.943 919730.497 933576.974 262563533.994 190530116320.754
2467.000 5626.000 63055505.000 1.000 1300.000 420.000 96.000 3119.203 8768208.730 837272.226 392796.422 455957498.744 955072500212.128
2481.000 5616.000 63055515.000 1.000 1360.000 460.000 202.000 5285.758 8685493.478 819071.710 3575326.831 368125862.425 4863137711435.711
2508.000 5605.000 63055525.000 1.000 1420.000 490.000 277.000 25006.259 8527078.207 799282.143 2526312.522 285043.520 1336886294338.142
2640.000 5645.000 63055535.000 1.000 1480.000 510.000 335.000 38940.691 7773591.549 872404.207 2361964.615 209332476.658 983845940887.690
2842.000 5718.000 63055545.000 1.000 1470.000 520.000 358.000 51968.626 6687996.633 1014100.975 2419619.103 756044405.878 1101543810889.806
3091.000 5860.000 63055555.000 1.000 1470.000 520.000 369.000 65314.567 5462111.801 1320260.304 1615987.998 1668085519.016 60473433785.037
3407.000 6033.000 63055565.000 1.000 1460.000 520.000 369.000 74227.904 4084910.407 1747752.233 1299732.085 2475613727.949 4948059556.779
3767.000 6228.000 63055575.000 1.000 1460.000 520.000 369.000 67058.946 2759306.794 2301367.297 2435357.031 1813616938.418 1134826807115.508
4100.000 6389.000 63055585.000 1.000 1430.000 520.000 363.000 53626.199 1763892.452 2815770.607 1625537.069 849946076.022 65261108875.179
4369.000 6512.000 63055595.000 1.000 1420.000 520.000 359.000 44660.192 1121726.975 3243693.956 3436693.973 407548386.073 4270915922532.292
4595.000 6610.000 63055605.000 1.000 1420.000 520.000 363.000 25704.351 694082.484 3606299.014 2878552.496 1517791.157 2275505774160.534
4721.000 6675.000 63055615.000 1.000 1410.000 510.000 368.000 9827.062 500013.220 3857397.368 1584428.201 214484880.309 45947496307.132
4768.000 6702.000 63055625.000 1.000 1400.000 520.000 367.000 1087.800 435753.304 3964183.762 2240020.060 546837848.859 756805225312.908
4762.000 6702.000 63055635.000 1.000 1380.000 510.000 369.000 13443.123 443710.697 3964183.762 1899817.499 121644164.294 280627613293.796
4689.000 6689.000 63055645.000 1.000 1380.000 510.000 333.000 23921.984 546292.652 3912586.091 1269129.914 302918.507 10189815482.455
4570.000 6632.000 63055655.000 1.000 1370.000 510.000 314.000 30922.149 736363.291 3690340.149 245173.078 41599722.302 1265403276523.014
4421.000 6549.000 63055665.000 1.000 1370.000 510.000 302.000 32274.455 1014282.897 3378338.865 1116069.384 60872618.838 64518614151.874
4268.000 6458.000 63055675.000 1.000 1370.000 510.000 299.000 26118.529 1345869.433 3052099.168 704092.873 2709858.124 443531567348.752
4145.000 6383.000 63055685.000 1.000 1370.000 500.000 302.000 22234.950 1646387.001 2795670.297 776931.054 5006022.880 351819183021.867
4041.000 6318.000 63055695.000 1.000 1380.000 500.000 301.000 17949.616 1924091.155 2582531.943 437235.227 42546245.764 870189165065.049
3970.000 6249.000 63055705.000 1.000 1380.000 500.000 304.000 15537.949 2126102.646 2365523.381 571578.164 79823777.272 637596446381.264
3922.000 6178.000 63055715.000 1.000 1400.000 500.000 307.000 18690.614 2268385.794 2152164.717 526198.049 33428636.867 712127515043.389
3890.000 6080.000 63055725.000 1.000 1400.000 500.000 304.000 21592.975 2365801.226 1874231.659 2007943.369 8290882.908 406876655874.206
3863.000 5964.000 63055735.000 1.000 1400.000 500.000 315.000 32668.228 2449588.497 1570073.672 125005.262 67172181.313 1550197481909.204
3835.000 5786.000 63055745.000 1.000 1400.000 500.000 325.000 33357.722 2538019.001 1155680.485 92897.757 78949580.941 1631180509276.456
3808.000 5604.000 63055755.000 1.000 1400.000 510.000 337.000 33870.120 2624776.272 797495.091 379487.551 88317811.651 981262562798.183
3782.000 5419.000 63055765.000 1.000 1400.000 510.000 333.000 35963.267 2709698.310 501300.543 383271.463 132040844.194 973780292875.077
3794.000 5221.000 63055775.000 1.000 1400.000 510.000 348.000 33849.249 2670335.523 260126.323 33010.741 87925966.133 1787739575630.754
3831.000 5038.000 63055785.000 1.000 1400.000 510.000 367.000 33667.171 2550779.930 106945.878 648523.516 84544469.716 520635865683.393
3901.000 4866.000 63055795.000 1.000 1380.000 510.000 394.000 37244.245 2332083.672 24033.001 103766.148 163120935.873 1603536918111.044
4000.000 4686.000 63055805.000 1.000 1380.000 510.000 418.000 37816.590 2039515.678 623.710 94606.510 178068358.758 1626818669828.770
4118.000 4514.000 63055815.000 1.000 1380.000 510.000 441.000 38338.413 1716404.272 38798.833 901927.433 192267305.746 219161704350.999
4249.000 4348.000 63055825.000 1.000 1390.000 520.000 467.000 33363.634 1390314.846 131750.265 1050363.907 79054676.362 102214882405.419
4317.000 4177.000 63055835.000 1.000 1390.000 520.000 530.000 27570.121 1234579.052 285128.439 374105.298 9596096.393 991954710923.603
4342.000 4027.000 63055845.000 1.000 1390.000 520.000 584.000 25506.661 1179648.246 467820.697 1756935.151 1069769.604 149661140145.399
4310.000 3890.000 63055855.000 1.000 1370.000 530.000 617.000 35197.423 1250183.678 673998.626 452599.496 115026883.496 841760437859.401
4211.000 3723.000 63055865.000 1.000 1370.000 530.000 637.000 37693.835 1481371.672 976093.007 322043.734 174807286.703 1098368549188.594
4066.000 3574.000 63055875.000 1.000 1360.000 540.000 647.000 39470.138 1855360.349 1292710.317 575151.950 224933215.086 631901908060.514
3896.000 3438.000 63055885.000 1.000 1350.000 540.000 647.000 42642.515 2347379.833 1620463.297 86499.680 330154375.406 1647564395337.212
3707.000 3298.000 63055895.000 1.000 1350.000 540.000 641.000 42165.407 2962240.730 1996496.072 700676.637 313043758.957 448093539040.553
3506.000 3181.000 63055905.000 1.000 1340.000 550.000 641.000 38300.671 3694530.413 2340821.033 2424956.757 191222065.386 1112776513017.428
3321.000 3079.000 63055915.000 1.000 1340.000 550.000 620.000 24925.289 4439938.381 2663339.768 983361.772 205140.758 149546757135.098
3186.000 3053.000 63055925.000 1.000 1340.000 550.000 499.000 19501.341 5027084.736 2748878.426 901435.203 24711072.938 219622818732.402
3083.000 3084.000 63055935.000 1.000 1340.000 550.000 253.000 24473.405 5499569.659 2647045.026 15787.159 1.083 1834094283022.920
4777.000 4652.000 63056106.000 0.000 1390.000 520.000 334.000 22984.379 423952.213 3477.956 3253195.892 2214100.339 3546146064336.615
4791.000 4526.000 63056116.000 1.000 1390.000 520.000 364.000 5040.662 405916.962 34215.452 355087.291 377591055.404 1030199095162.586
4769.000 4509.000 63056126.000 1.000 1390.000 520.000 364.000 3082.100 434434.072 40793.575 3089898.982 457543408.066 2957796145985.588
4769.000 4526.000 63056136.000 1.000 1400.000 530.000 369.000 20125.117 434434.072 34215.452 512805.962 18898559.340 734909397536.970
4790.000 4417.000 63056146.000 1.000 1400.000 530.000 368.000 22953.611 407192.194 86420.826 287954.439 2306611.674 1170983891164.330
4820.000 4294.000 63056156.000 1.000 1400.000 530.000 369.000 24541.887 369805.226 173867.478 2126135.921 4833.402 571628827087.679
4850.000 4162.000 63056166.000 1.000 1400.000 530.000 373.000 12814.717 334218.259 301372.665 1113810.748 135900741.248 65671125921.957
4880.000 4098.000 63056176.000 1.000 1400.000 530.000 374.000 6671.249 300431.291 375737.362 203899.226 316879706.958 1359964839463.875
4907.000 4073.000 63056186.000 1.000 1410.000 530.000 407.000 7795.900 271562.020 407011.072 989690.230 278104462.517 144692215622.683
4950.000 4073.000 63056196.000 1.000 1400.000 540.000 414.000 13254.754 228595.033 407011.072 1031284.620 125834781.494 114778603060.979
5006.000 4120.000 63056206.000 1.000 1400.000 540.000 415.000 18943.031 178182.026 349250.497 402522.441 30573527.064 936157044765.964
5072.000 4201.000 63056216.000 1.000 1400.000 540.000 414.000 21163.232 126818.697 260073.678 131793.134 10950356.771 1533340815471.996
5123.000 4306.000 63056226.000 1.000 1390.000 550.000 417.000 20436.298 93095.852 164004.097 878307.487 16289831.412 241834824498.473
5164.000 4411.000 63056236.000 1.000 1390.000 550.000 418.000 15591.800 69757.330 89984.517 90700.039 78864422.802 1636799088006.903
5164.000 4497.000 63056246.000 1.000 1380.000 550.000 428.000 15091.524 69757.330 45784.956 99477.134 88000165.279 1614417742508.847
5124.000 4570.000 63056256.000 1.000 1380.000 550.000 428.000 15640.212 92486.620 19873.723 228691.095 78006914.763 1302756145500.940
5063.000 4631.000 63056266.000 1.000 1380.000 550.000 440.000 14378.816 133309.788 6395.872 137296.858 101879717.871 1519740788374.950
4986.000 4650.000 63056276.000 1.000 1380.000 550.000 440.000 15136.107 195466.672 3717.852 729607.403 87165700.914 410198140660.201
4903.000 4641.000 63056286.000 1.000 1380.000 550.000 440.000 19160.417 275746.949 4896.388 255007.152 28216784.426 1243375257292.750
4816.000 4581.000 63056296.000 1.000 1380.000 550.000 439.000 20566.965 374686.155 16893.291 1157170.819 15252143.919 45327990121.858
4721.000 4519.000 63056306.000 1.000 1380.000 550.000 442.000 14184.335 500013.220 36854.091 3664965.177 105843547.475 5266523082073.028
4676.000 4455.000 63056316.000 1.000 1380.000 550.000 449.000 34399.256 565678.672 65522.788 55894157.263 98543178.247 2972875597884175.000
4670.000 4437.000 63056317.000 1.000 1380.000 550.000 433.000 3569.605 574740.065 75061.859 1143180.502 436925347.567 51480899904.005
4665.000 4420.000 63056326.000 1.000 1360.000 550.000 361.000 9244.522 582346.226 84665.981 148859.810 231887181.998 1491365392139.828
4699.000 4382.000 63056336.000 1.000 1360.000 550.000 173.000 8423.453 531610.330 108224.020 73222.877 257567554.847 1681824209671.295
5307.000 4410.000 63056467.000 0.000 1370.000 520.000 386.000 13714.240 14669.117 90585.465 2289173.572 115737239.079 844743049159.489
5338.000 4341.000 63056477.000 1.000 1370.000 520.000 388.000 1087.800 8120.917 136880.904 1676354.190 546837848.859 93807230181.092
5332.000 4341.000 63056487.000 1.000 1390.000 520.000 396.000 10334.100 9238.310 136880.904 1485735.733 199890518.238 13377513898.809
5389.000 4341.000 63056497.000 1.000 1390.000 520.000 396.000 18529.002 1530.072 136880.904 559773.540 35323555.774 656587694259.058
5487.000 4370.000 63056507.000 1.000 1390.000 520.000 399.000 21616.556 3467.310 116263.401 873359.810 8155641.212 246725512981.358
5597.000 4416.000 63056517.000 1.000 1390.000 520.000 402.000 26433.764 28521.762 87009.775 912604.371 3847088.669 209278946298.748
5714.000 4503.000 63056527.000 1.000 1370.000 530.000 407.000 31467.434 81729.588 43253.265 351724.538 48930999.702 1037036706035.579
5844.000 4618.000 63056537.000 1.000 1390.000 540.000 415.000 29527.420 172959.394 8644.201 428348.989 25553587.837 886846994413.775
5938.000 4751.000 63056547.000 1.000 1390.000 540.000 422.000 27164.767 259981.562 1602.065 834181.243 7249032.143 287181614961.772
6007.000 4884.000 63056557.000 1.000 1390.000 540.000 425.000 22563.657 335106.536 29937.930 1559824.884 3643163.668 36005196874.955
6040.000 5004.000 63056567.000 1.000 1400.000 540.000 447.000 13960.100 374401.872 85864.123 776820.643 110507701.323 351950174341.095
6040.000 5081.000 63056577.000 1.000 1390.000 550.000 465.000 9675.375 374401.872 136919.097 385802.774 218950893.203 968790889494.219
6028.000 5133.000 63056587.000 1.000 1390.000 550.000 473.000 7547.395 359860.659 178105.781 1396621.525 286454586.789 704742947.983
5990.000 5150.000 63056597.000 1.000 1400.000 550.000 473.000 15250.768 315713.484 192743.659 1331633.089 85037838.856 1477744379.708
5916.000 5110.000 63056607.000 1.000 1400.000 550.000 485.000 22595.683 238030.672 159221.594 1092755.473 3521932.811 76905859328.851
5818.000 5033.000 63056617.000 1.000 1410.000 560.000 488.000 28623.016 152009.433 103700.620 267906.647 17227909.294 1214774042131.821
5712.000 4916.000 63056627.000 1.000 1410.000 560.000 490.000 30100.714 80590.052 42035.581 513129.220 31678320.019 734355264187.250
5610.000 4785.000 63056637.000 1.000 1430.000 550.000 483.000 27270.437 33081.743 5479.820 965268.214 7829210.672 163868153405.589
5555.000 4645.000 63056647.000 1.000 1430.000 550.000 486.000 21946.288 16099.517 4352.594 626153.634 6381061.620 553418299380.656
5528.000 4527.000 63056657.000 1.000 1430.000 550.000 495.000 18492.600 9976.788 33846.504 234415.824 35757581.431 1289720696323.096
5528.000 4425.000 63056667.000 1.000 1410.000 550.000 490.000 17199.628 9976.788 81781.239 747114.094 52892693.712 388079704716.813
5558.000 4335.000 63056677.000 1.000 1410.000 550.000 502.000 13078.756 16869.820 141356.594 520233.461 129814310.755 722229842416.508
5610.000 4285.000 63056687.000 1.000 1410.000 550.000 532.000 15948.218 33081.743 181454.014 1004027.797 72661070.639 133990210678.572
5697.000 4272.000 63056697.000 1.000 1410.000 550.000 539.000 21486.154 72298.536 192698.343 906910.826 8917452.129 214520616625.307
5815.000 4283.000 63056707.000 1.000 1410.000 550.000 550.000 26488.420 149679.130 183161.910 504450.389 4064480.468 749305153336.786
5954.000 4328.000 63056717.000 1.000 1410.000 550.000 554.000 29270.827 276553.846 146669.233 285491.660 23025244.005 1176320001715.506
6099.000 4399.000 63056727.000 1.000 1410.000 550.000 554.000 30845.519 450085.168 97327.897 28039.858 40617100.460 1801057060625.031
6244.000 4488.000 63056737.000 1.000 1400.000 550.000 554.000 31000.179 665666.491 49717.491 1220088.808 42612364.379 22495716778.702
6390.000 4577.000 63056747.000 1.000 1400.000 550.000 554.000 24270.511 925220.581 17949.085 433755.899 40744.766 876692578600.654
6490.000 4666.000 63056757.000 1.000 1400.000 550.000 556.000 21878.035 1127597.355 2022.678 141721.122 6730544.667 1508852094739.167
6559.000 4765.000 63056767.000 1.000 1390.000 560.000 554.000 21096.341 1278898.330 2918.788 101775.474 11397533.518 1608582495237.743
6607.000 4871.000 63056777.000 1.000 1380.000 550.000 553.000 20534.976 1389767.181 25608.259 228895.239 15503026.854 1302290174015.838
6634.000 4981.000 63056787.000 1.000 1380.000 550.000 554.000 19272.454 1454155.910 72913.936 1512078.079 27039067.430 20165007952.416
6642.000 5087.000 63056797.000 1.000 1380.000 550.000 562.000 10932.255 1473514.052 141395.407 930187.751 183334560.642 193500378265.207
6636.000 5147.000 63056807.000 1.000 1380.000 550.000 567.000 5801.600 1458983.446 190118.504 748786.586 348597440.630 385998709255.531
6636.000 5179.000 63056817.000 1.000 1400.000 550.000 562.000 1671.503 1458983.446 219048.156 1674608.634 519879277.346 92741020550.166
6630.000 5172.000 63056827.000 1.000 1400.000 550.000 564.000 10908.175 1444524.839 212544.794 1173898.101 183987232.154 38485191262.285
6614.000 5114.000 63056837.000 1.000 1400.000 550.000 560.000 17383.068 1406320.555 162429.801 1985489.183 50258122.441 378735195230.342
6587.000 5022.000 63056847.000 1.000 1400.000 550.000 569.000 28334.470 1343011.826 96737.052 1255492.166 14915860.214 13129118120.608
6567.000 4867.000 63056857.000 1.000 1400.000 550.000 574.000 21409.527 1297056.472 24344.052 584076.805 9380972.504 617792423573.330
6583.000 4750.000 63056867.000 1.000 1410.000 550.000 575.000 18187.923 1333756.755 1523.014 977652.635 39494202.818 153994943609.565
6623.000 4658.000 63056877.000 1.000 1400.000 550.000 581.000 12795.465 1427747.465 2806.265 1039490.258 136349977.940 109285960838.317
6689.000 4633.000 63056887.000 1.000 1400.000 550.000 589.000 18529.002 1589828.136 6079.975 1126531.663 35323555.774 59313128025.727
6787.000 4662.000 63056897.000 1.000 1400.000 550.000 589.000 24742.635 1846565.375 2398.472 1071471.397 73046.236 89163830987.327
6907.000 4727.000 63056907.000 1.000 1410.000 560.000 589.000 30652.571 2187097.504 256.826 318186.214 38194954.496 1106469029160.869
7023.000 4850.000 63056917.000 1.000 1410.000 560.000 589.000 32407.597 2543654.562 19328.175 240957.490 62967917.542 1274905289828.960
7139.000 4986.000 63056927.000 1.000 1410.000 560.000 591.000 31078.543 2927123.620 75639.194 947985.973 43641596.633 178158749879.540
7232.000 5130.000 63056937.000 1.000 1440.000 560.000 594.000 25849.718 3253997.020 175582.626 481031.506 1897103.135 790397498373.934
7309.000 5250.000 63056947.000 1.000 1440.000 560.000 591.000 23196.483 3537724.136 290548.820 434092.392 1627873.166 876062562498.047
7356.000 5369.000 63056957.000 1.000 1440.000 560.000 594.000 20802.151 3716736.220 432997.962 1831004.359 13470465.881 212456307339.287
7369.000 5483.000 63056967.000 1.000 1430.000 560.000 591.000 10702.844 3767030.201 596023.846 1146093.752 189599690.092 50167388875.914
7358.000 5541.000 63056977.000 1.000 1430.000 560.000 605.000 4381.312 3724451.755 688942.839 498504.656 403650383.688 759634045118.176
7348.000 5563.000 63056987.000 1.000 1440.000 570.000 609.000 1631.700 3685954.078 725947.975 1446576.383 521695946.992 5852533525.266
7339.000 5563.000 63056997.000 1.000 1440.000 570.000 605.000 9610.610 3651477.168 725947.975 795170.559 220871741.737 330514575775.133
7308.000 5520.000 63057007.000 1.000 1440.000 570.000 606.000 13996.548 3533963.368 654522.756 1382747.905 109742727.760 160614436.016
7262.000 5458.000 63057017.000 1.000 1440.000 570.000 609.000 21623.398 3363130.052 558047.556 95837.537 8116609.144 1623679914115.938
7221.000 5346.000 63057027.000 1.000 1440.000 570.000 611.000 22152.011 3214432.575 403257.775 105678.501 5384039.572 1598697317938.876
7198.000 5226.000 63057037.000 1.000 1460.000 570.000 611.000 22734.904 3132488.917 265251.581 210344.985 3018768.395 1344972617351.371
7188.000 5101.000 63057047.000 1.000 1470.000 560.000 609.000 21574.700 3097191.239 152120.130 281937.454 8396458.564 1184042295983.303
7188.000 4982.000 63057057.000 1.000 1470.000 560.000 613.000 23129.788 3097191.239 73454.988 398925.087 1802511.199 943131240476.307
7208.000 4856.000 63057067.000 1.000 1470.000 560.000 620.000 25330.147 3167986.594 21032.485 760965.595 735791.111 371013694594.661
7240.000 4720.000 63057077.000 1.000 1480.000 560.000 625.000 29527.420 3282923.162 81.465 332375.114 25553587.837 1076820077792.674
7293.000 4566.000 63057087.000 1.000 1470.000 560.000 639.000 31360.708 3477791.852 21017.517 2268836.607 47449278.529 807773271204.115
7348.000 4402.000 63057097.000 1.000 1470.000 560.000 647.000 43874.975 3685954.078 95465.052 797758.798 376461300.849 327545296998.694
7386.000 4163.000 63057107.000 1.000 1480.000 570.000 636.000 48275.189 3833309.252 300275.717 564685.501 566574462.317 648651487898.465
7412.000 3898.000 63057117.000 1.000 1480.000 570.000 645.000 51389.836 3935795.213 660927.039 2147691.766 724550281.157 604688565854.719
7428.000 3615.000 63057127.000 1.000 1480.000 570.000 647.000 39543.770 3999535.497 1201159.433 882318.206 227147268.899 237906231520.175
7421.000 3397.000 63057137.000 1.000 1470.000 580.000 636.000 34677.150 3971586.123 1726528.181 474977.717 104137650.590 801198304492.611
7399.000 3207.000 63057147.000 1.000 1490.000 580.000 638.000 32057.306 3884383.233 2261938.375 982381.665 57531340.152 150305757506.876
7358.000 3035.000 63057157.000 1.000 1490.000 580.000 637.000 26638.764 3724451.755 2808889.497 488319.403 4693287.534 777492103842.878
7300.000 2900.000 63057167.000 1.000 1490.000 580.000 638.000 23945.331 3503949.226 3279627.530 82792.095 277764.130 1657096067243.597
7230.000 2788.000 63057177.000 1.000 1470.000 590.000 647.000 23488.673 3246785.484 3697829.749 80427.218 967648.631 1663190189132.497
7143.000 2692.000 63057187.000 1.000 1470.000 590.000 628.000 23932.287 2940826.691 4076256.794 30486.864 291683.521 1794495114674.621
7023.000 2637.000 63057197.000 1.000 1470.000 590.000 591.000 23764.130 2543654.562 4301368.956 1999783.501 501595.865 396533388263.508
6881.000 2612.000 63057208.000 1.000 1460.000 600.000 539.000 35897.400 2110871.543 4405692.665 24936.546 130531440.083 1809396195773.947
6683.000 2612.000 63057218.000 1.000 1460.000 600.000 539.000 36034.943 1574733.530 4405692.665 715656.187 133693225.522 428263367545.092
6487.000 2645.000 63057228.000 1.000 1460.000 600.000 564.000 39982.302 1121235.052 4268249.368 952550.925 240558166.557 174325960662.159
6292.000 2748.000 63057238.000 1.000 1460.000 600.000 617.000 34728.298 746295.343 3853267.685 870749.816 105184175.463 249325169927.424
6168.000 2894.000 63057248.000 1.000 1460.000 600.000 639.000 29925.486 547428.143 3301395.220 1433650.600 29736535.958 4041916687.309
6142.000 3057.000 63057258.000 1.000 1460.000 600.000 644.000 37833.101 509630.181 2735630.633 2421527.104 178509284.391 1105552515547.600
6181.000 3262.000 63057268.000 1.000 1450.000 600.000 638.000 51189.566 566834.123 2099526.214 714528.319 713808865.127 429740834646.493
6339.000 3496.000 63057278.000 1.000 1450.000 600.000 606.000 55130.704 829709.426 1476162.291 9995196.635 939933791.380 74392731327606.438
6551.000 3714.000 63057288.000 1.000 1440.000 600.000 262.000 0.000 1260868.188 993957.543 0.000 598896615.853 1877104217524.901
