3181.000 4632.000 26163284.000 0.000 1340.000 610.000 68.000 9366.239 4928537.889 787661.762 628028.753 38827162.747 2309534456223.077
3188.000 4685.000 26163294.000 1.000 1340.000 610.000 91.000 5781.600 4897506.454 884546.092 675290.880 96349607.243 2168118214102.108
3188.000 4718.000 26163304.000 1.000 1340.000 610.000 134.000 1927.200 4897506.454 947708.297 122780.160 186873919.046 4100478585631.499
3188.000 4729.000 26163314.000 1.000 1330.000 620.000 146.000 1226.400 4897506.454 969246.365 214865.280 206525168.989 3736020177082.862
3188.000 4736.000 26163324.000 1.000 1330.000 620.000 134.000 0.000 4897506.454 983078.408 0.000 243278374.468 4612804323819.860
3188.000 4736.000 26163334.000 1.000 1330.000 620.000 137.000 0.000 4897506.454 983078.408 736680.960 243278374.468 1991098925378.462
3188.000 4736.000 26163344.000 1.000 1320.000 630.000 153.000 4204.800 4897506.454 983078.408 460425.600 129790960.574 2847043409912.770
3188.000 4712.000 26163354.000 1.000 1320.000 630.000 180.000 6832.800 4897506.454 936062.259 2007108.720 76817925.289 19778284225.602
3188.000 4673.000 26163364.000 1.000 1320.000 630.000 212.000 18288.900 4897506.454 862118.017 1017106.080 7244260.652 1278342124189.995
3197.000 4569.000 26163374.000 1.000 1320.000 630.000 218.000 24094.300 4857752.895 679805.371 647496.451 72197588.689 2250742732228.556
3209.000 4432.000 26163384.000 1.000 1320.000 630.000 218.000 27790.056 4805000.150 472660.520 1203294.274 148661260.799 891985300017.472
3223.000 4274.000 26163394.000 1.000 1330.000 630.000 219.000 34658.174 4743819.280 280373.539 76863.744 363313731.525 4288545067747.530
3241.000 4077.000 26163404.000 1.000 1330.000 630.000 216.000 35096.894 4665734.162 110558.315 121984.051 380230906.712 4103703403309.144
3264.000 3878.000 26163414.000 1.000 1320.000 640.000 216.000 35793.150 4566901.734 17823.079 1265032.651 407868981.387 779179339743.884
3287.000 3675.000 26163424.000 1.000 1320.000 640.000 221.000 28572.644 4469127.305 4829.818 882154.075 168357383.028 1601717878463.777
3313.000 3514.000 26163434.000 1.000 1320.000 640.000 225.000 23537.518 4359873.690 53128.818 41909.767 63045734.645 4434537850489.564
3338.000 3382.000 26163444.000 1.000 1320.000 640.000 233.000 23298.307 4256097.138 131403.998 320875.471 59304221.557 3337448651412.436
3366.000 3252.000 26163454.000 1.000 1320.000 640.000 247.000 21466.826 4141351.398 242553.191 128842.430 34450354.349 4075963581575.648
3399.000 3134.000 26163464.000 1.000 1300.000 650.000 241.000 20731.424 4008128.349 372706.458 513614.042 26358371.058 2670380745718.259
3440.000 3023.000 26163474.000 1.000 1300.000 650.000 257.000 17799.837 3845642.802 520557.769 385983.120 4850801.078 3103801426420.889
3489.000 2934.000 26163484.000 1.000 1300.000 650.000 274.000 15596.737 3655862.759 656905.216 147413.630 0.418 4001321621075.073
3544.000 2864.000 26163494.000 1.000 1300.000 650.000 285.000 14755.335 3448564.343 775274.781 220819.452 709045.807 3713038244443.982
3606.000 2807.000 26163504.000 1.000 1280.000 650.000 286.000 13494.950 3222136.492 878900.427 209094.893 4420226.948 3758360391018.032
3673.000 2769.000 26163514.000 1.000 1280.000 650.000 301.000 12301.486 2986091.330 951594.191 67957.627 10862940.842 4325511390515.565
3742.000 2756.000 26163524.000 1.000 1280.000 650.000 309.000 11913.600 2752384.044 977126.110 46561.853 13570261.447 4414966448412.135
3810.000 2756.000 26163534.000 1.000 1260.000 660.000 316.000 11647.836 2531379.821 977126.110 328192.699 15598926.068 3310766966015.801
3872.000 2780.000 26163544.000 1.000 1260.000 660.000 309.000 13521.082 2337935.970 930254.259 210220.553 4311028.241 3753997138602.927
3938.000 2820.000 26163554.000 1.000 1240.000 660.000 314.000 14720.971 2140459.871 854694.508 459849.893 768099.006 2848986543388.728
4004.000 2872.000 26163564.000 1.000 1240.000 660.000 315.000 17345.685 1951695.771 761250.831 657335.683 3056557.863 2221316975173.760
4073.000 2943.000 26163574.000 1.000 1240.000 660.000 317.000 21097.601 1763666.485 642397.272 467943.782 30252391.693 2821728799207.046
4147.000 3038.000 26163584.000 1.000 1220.000 670.000 312.000 23768.513 1572593.889 499137.862 617882.220 66767356.037 2340477090325.541
4225.000 3149.000 26163594.000 1.000 1220.000 670.000 305.000 27295.238 1383049.044 354616.551 139142.263 136839798.087 4034480969942.187
4301.000 3285.000 26163604.000 1.000 1220.000 670.000 314.000 28089.429 1210068.324 211137.396 158645.177 156051198.834 3956514159411.436
4365.000 3432.000 26163614.000 1.000 1220.000 670.000 306.000 28994.938 1073360.349 97654.309 557454.689 179494464.500 2529020118066.215
4423.000 3587.000 26163624.000 1.000 1220.000 670.000 292.000 32176.757 956544.746 24805.272 96938.861 274875623.078 4205801750885.260
4472.000 3764.000 26163634.000 1.000 1220.000 670.000 287.000 32730.061 863098.703 380.371 37830.060 293528635.659 4451736867886.312
4522.000 3944.000 26163644.000 1.000 1220.000 670.000 287.000 32945.986 772695.597 39801.489 714529.198 300974006.009 2054104691549.922
4573.000 4125.000 26163654.000 1.000 1220.000 670.000 289.000 28867.623 685635.430 144782.613 971015.165 176099254.327 1384690769904.263
4623.000 4282.000 26163664.000 1.000 1210.000 660.000 292.000 23325.299 605332.324 288909.589 648473.892 59720676.775 2247810880674.777
4666.000 4408.000 26163674.000 1.000 1210.000 660.000 294.000 19623.964 540270.653 440236.371 1007001.595 16213349.898 1301293252774.548
4705.000 4513.000 26163684.000 1.000 1230.000 650.000 291.000 13876.238 484459.231 590597.023 166122.362 2962342.099 3926824347821.896
4738.000 4585.000 26163694.000 1.000 1230.000 650.000 291.000 12928.051 439610.181 706445.471 326340.835 7125336.410 3317509518546.586
4771.000 4651.000 26163704.000 1.000 1230.000 650.000 291.000 11065.375 396939.131 821747.880 634565.990 20539101.748 2289707714102.014
4796.000 4709.000 26163714.000 1.000 1250.000 650.000 291.000 7443.423 366062.579 930266.241 425115.442 66487073.102 2967449176335.016
4815.000 4747.000 26163724.000 1.000 1250.000 650.000 292.000 5016.965 343432.398 1005012.477 227753.167 111945257.278 3686364829452.332
4827.000 4773.000 26163734.000 1.000 1250.000 650.000 296.000 6316.926 329511.653 1057818.638 9620275.800 86126892.850 55838731382729.234
4830.000 4775.000 26163735.000 1.000 1255.000 655.000 296.000 825.901 326076.467 1061936.651 1373976.605 218196697.542 598715993916.527
4833.000 4778.000 26163744.000 1.000 1280.000 650.000 302.000 7884.000 322659.280 1068128.669 652950.077 59496286.216 2234408896098.723
4833.000 4733.000 26163754.000 1.000 1280.000 650.000 306.000 11610.884 322659.280 977138.390 864301.721 15892178.883 1647224104011.958
4827.000 4667.000 26163764.000 1.000 1280.000 650.000 304.000 16544.113 329511.653 851011.980 570010.922 896296.599 2489241690600.283
4818.000 4573.000 26163774.000 1.000 1300.000 650.000 306.000 19797.600 339925.212 686417.396 736680.960 17641817.995 1991098925378.462
4818.000 4460.000 26163784.000 1.000 1320.000 650.000 307.000 24002.400 339925.212 511944.694 166533.382 70644301.060 3925195544501.475
4818.000 4323.000 26163794.000 1.000 1320.000 650.000 304.000 24952.933 339925.212 334665.843 128726.623 87526304.994 4076431200856.992
4829.000 4181.000 26163804.000 1.000 1320.000 650.000 306.000 24218.192 327219.529 190534.961 183847.522 74318337.855 3856889407649.957
4837.000 4043.000 26163814.000 1.000 1320.000 650.000 304.000 23168.834 318131.032 89104.104 128978.210 57326861.498 4075415347099.340
4845.000 3911.000 26163824.000 1.000 1330.000 660.000 306.000 23905.011 309170.535 27723.284 147356.690 69016673.389 4001549421940.681
4856.000 3775.000 26163834.000 1.000 1330.000 660.000 304.000 23063.934 297058.852 930.439 671330.134 55749375.210 2179797927284.663
4869.000 3644.000 26163844.000 1.000 1310.000 670.000 309.000 19232.141 283057.044 10099.626 401560.678 13211461.519 3049156221904.811
4882.000 3535.000 26163854.000 1.000 1310.000 670.000 312.000 16940.128 269393.237 43888.949 18513.559 1802962.584 4533622304869.388
4900.000 3440.000 26163864.000 1.000 1310.000 670.000 314.000 17045.799 251032.119 92718.359 237375.151 2097907.236 3649509169724.289
4921.000 3345.000 26163874.000 1.000 1300.000 670.000 317.000 15690.918 230429.815 159597.769 115528.807 8748.688 4129898623099.732
4946.000 3259.000 26163884.000 1.000 1300.000 670.000 304.000 15031.507 207053.262 235707.234 325873.577 320216.301 3319211867284.227
4977.000 3179.000 26163894.000 1.000 1300.000 670.000 307.000 13171.498 179802.336 319786.738 318143.753 5884920.836 3347437093027.878
5013.000 3113.000 26163904.000 1.000 1280.000 680.000 314.000 11355.609 150568.100 398788.328 166310.352 17992651.568 3926079333055.681
5053.000 3062.000 26163914.000 1.000 1280.000 680.000 319.000 10406.349 121125.616 465802.011 196355.225 26946839.986 3807918182345.495
5095.000 3020.000 26163924.000 1.000 1250.000 680.000 324.000 9285.600 93655.007 524895.750 228948.382 39838611.931 3681776654285.221
5140.000 2992.000 26163934.000 1.000 1250.000 680.000 325.000 7978.817 68137.212 566251.576 99593.842 58042556.698 4194919102409.496
5183.000 2977.000 26163944.000 1.000 1250.000 680.000 327.000 7410.359 47537.541 589051.483 140448.204 67027371.435 4029236444681.197
5225.000 2972.000 26163954.000 1.000 1230.000 690.000 329.000 8212.004 30986.933 596751.452 240530.854 54543831.506 3637462014719.548
5271.000 2981.000 26163964.000 1.000 1230.000 690.000 332.000 9584.897 16908.075 582927.508 310228.742 36149994.846 3376462352714.568
5318.000 3009.000 26163974.000 1.000 1210.000 690.000 334.000 11355.609 6894.156 540955.682 595631.995 17992651.568 2409051700841.066
5369.000 3049.000 26163984.000 1.000 1210.000 690.000 334.000 14755.335 1025.989 483715.930 363027.540 709045.807 3185212871083.880
5426.000 3111.000 26163994.000 1.000 1210.000 690.000 334.000 16827.410 623.448 401318.315 227847.425 1512965.000 3686002889343.523
5486.000 3186.000 26164004.000 1.000 1210.000 690.000 335.000 18127.909 7219.721 311918.781 440928.994 6403558.913 2913217491952.209
5545.000 3271.000 26164014.000 1.000 1210.000 690.000 334.000 20644.627 20727.057 224199.309 217116.425 25474666.165 3727322864168.469
5604.000 3373.000 26164024.000 1.000 1210.000 690.000 324.000 21883.876 41196.392 138009.943 161727.120 39519986.976 3944263079347.188
5665.000 3482.000 26164034.000 1.000 1220.000 700.000 322.000 22806.976 69679.603 68904.620 29132.431 51978222.897 4488515014119.469
5726.000 3597.000 26164044.000 1.000 1220.000 700.000 322.000 22973.257 105604.815 21755.334 17634.931 54403508.743 4537364679838.405
5789.000 3712.000 26164054.000 1.000 1220.000 700.000 317.000 23073.913 150519.902 1056.048 17094.264 55898492.203 4539668331527.858
5841.000 3833.000 26164064.000 1.000 1220.000 700.000 315.000 23171.483 193572.672 7832.800 625089.598 57366982.060 2318476452235.701
5887.000 3957.000 26164074.000 1.000 1220.000 700.000 312.000 19603.620 236165.815 45157.570 145455.070 16049930.272 4009160991162.544
5933.000 4059.000 26164084.000 1.000 1240.000 710.000 305.000 18773.397 282990.957 98912.203 119919.845 10087061.259 4112070835971.076
5974.000 4158.000 26164094.000 1.000 1240.000 710.000 312.000 18088.923 328293.411 170984.818 111207.674 6207768.693 4147480239626.260
6012.000 4254.000 26164104.000 1.000 1270.000 700.000 302.000 17454.176 373283.051 259593.415 726360.629 3447678.100 2020330710044.484
6042.000 4349.000 26164114.000 1.000 1270.000 700.000 301.000 13308.282 410841.187 365424.005 440437.733 5239986.033 2914894716590.746
6063.000 4422.000 26164124.000 1.000 1280.000 710.000 302.000 10794.368 438202.883 459010.458 1001017.114 23068958.639 1314982569380.150
6077.000 4482.000 26164134.000 1.000 1310.000 710.000 306.000 5080.800 456934.013 543910.831 122780.160 110598530.145 4100478585631.499
6077.000 4511.000 26164144.000 1.000 1310.000 710.000 306.000 4380.000 456934.013 587527.011 218286.410 125829694.328 3722806622408.021
6077.000 4536.000 26164154.000 1.000 1330.000 700.000 304.000 3134.073 456934.013 626477.166 259513.248 155334110.555 3565415402939.805
6069.000 4552.000 26164164.000 1.000 1330.000 700.000 307.000 1652.833 446182.510 652061.266 74711.062 194450490.812 4297465595124.180
6064.000 4560.000 26164174.000 1.000 1330.000 700.000 307.000 1226.400 439527.821 665045.315 111427.550 206525168.989 4146584717045.774
6057.000 4560.000 26164184.000 1.000 1350.000 690.000 307.000 1862.402 430295.256 665045.315 528771.996 188649718.938 2621070375578.991
6049.000 4553.000 26164194.000 1.000 1370.000 700.000 309.000 4880.507 419863.753 653677.272 351058.927 114851443.580 3228077280221.016
6039.000 4527.000 26164204.000 1.000 1370.000 700.000 307.000 6884.268 407004.374 612311.110 651877.152 75918383.069 2237617650823.575
6029.000 4489.000 26164214.000 1.000 1390.000 690.000 312.000 10605.028 394344.995 554284.874 786230.323 24923614.214 1853719514391.538
6021.000 4429.000 26164224.000 1.000 1390.000 690.000 314.000 15092.644 384361.492 468544.502 517357.891 254762.041 2658158890445.575
6016.000 4343.000 26164234.000 1.000 1390.000 690.000 314.000 18045.600 378186.802 358205.967 95702.825 5993763.651 4210873016651.562
6016.000 4240.000 26164244.000 1.000 1390.000 690.000 314.000 18591.849 378186.802 245523.328 3617.705 8966823.166 4597277603136.538
6011.000 4134.000 26164254.000 1.000 1390.000 690.000 312.000 18571.200 372062.113 151712.669 9253.188 8843584.114 4573142987144.573
6011.000 4028.000 26164264.000 1.000 1390.000 690.000 311.000 18624.015 372062.113 80374.011 21441.852 9160497.767 4521160858531.004
6003.000 3922.000 26164274.000 1.000 1390.000 690.000 311.000 18746.400 362366.610 31507.352 34245.818 9916304.428 4466874599054.509
6003.000 3815.000 26164284.000 1.000 1390.000 690.000 311.000 18941.867 362366.610 4970.688 24920821.702 11185569.362 518613067657809.000
5998.000 3707.000 26164294.000 1.000 1370.000 700.000 314.000 161184.000 356371.920 1406.017 256303584.000 21195462881.311 64595191002048584.000
5998.000 3615.000 26164295.000 1.000 1370.000 700.000 314.000 14892.000 356371.920 16769.446 95643.782 497565.992 4211115337472.772
5998.000 3530.000 26164305.000 1.000 1370.000 700.000 316.000 14346.088 356371.920 46008.918 448636.918 1565740.623 2886964903224.944
6010.000 3449.000 26164315.000 1.000 1350.000 710.000 316.000 11785.375 370843.175 87318.415 15573.353 14531409.396 4546151701963.665
6023.000 3383.000 26164325.000 1.000 1350.000 710.000 305.000 11696.486 386845.367 130680.005 20131.356 15217001.911 4526735596871.179
6042.000 3319.000 26164335.000 1.000 1350.000 710.000 312.000 11811.391 410841.187 181047.607 195197.854 14333739.798 3812436483427.422
6066.000 3256.000 26164345.000 1.000 1330.000 710.000 315.000 10697.248 442183.697 238629.216 114874.085 24011328.679 4132560123762.263
6098.000 3204.000 26164355.000 1.000 1330.000 710.000 320.000 10041.574 485765.709 292136.893 9613.574 30867020.063 4571601752717.343
6137.000 3162.000 26164365.000 1.000 1300.000 720.000 325.000 10096.446 541650.287 339302.632 93274.202 30260314.233 4220846183689.109
6182.000 3126.000 26164375.000 1.000 1300.000 720.000 332.000 9564.059 609912.492 382538.408 0.000 36401005.459 4612804323819.860
6230.000 3100.000 26164385.000 1.000 1300.000 720.000 337.000 9564.059 687189.510 415376.247 134132.945 36401005.459 4054629512960.945
6278.000 3074.000 26164395.000 1.000 1280.000 720.000 339.000 8798.460 769074.529 449566.085 23956.848 46225361.815 4510471900901.714
6327.000 3063.000 26164405.000 1.000 1280.000 720.000 340.000 8935.200 857418.485 464438.017 139440.629 44384690.022 4033282462027.971
6378.000 3063.000 26164415.000 1.000 1250.000 730.000 340.000 9731.094 954468.318 464438.017 148289.630 34413353.409 3997817809628.850
6432.000 3076.000 26164425.000 1.000 1250.000 730.000 340.000 10577.496 1062896.964 446888.098 242194.903 25199271.292 3631117391495.284
6486.000 3103.000 26164435.000 1.000 1250.000 730.000 339.000 11959.887 1177157.610 411518.266 365022.367 13231381.352 3178096449223.292
6544.000 3139.000 26164445.000 1.000 1220.000 740.000 342.000 14043.348 1306378.007 366626.489 145612.574 2415026.577 4008530278936.279
6605.000 3191.000 26164455.000 1.000 1220.000 740.000 341.000 14874.470 1449541.218 306358.812 42318.509 522604.041 4432816531760.932
6667.000 3249.000 26164465.000 1.000 1220.000 740.000 348.000 15116.014 1602677.367 245517.172 28485.943 231716.670 4491254745988.562
6727.000 3311.000 26164475.000 1.000 1220.000 740.000 351.000 15278.605 1758193.641 187919.557 79937.978 101619.782 4275821777627.295
6784.000 3377.000 26164485.000 1.000 1240.000 740.000 356.000 15734.872 1912603.100 135053.967 62184.962 18903.066 4349556534274.704
6839.000 3448.000 26164495.000 1.000 1240.000 740.000 358.000 16089.809 2067754.684 87910.408 77643.034 242482.797 4285318042478.598
6892.000 3523.000 26164505.000 1.000 1240.000 740.000 358.000 16532.977 2222988.392 49060.874 124818.612 875335.052 4092227157706.365
6935.000 3607.000 26164515.000 1.000 1270.000 750.000 353.000 17245.412 2353060.721 18905.396 53321.594 2715997.681 4386605248187.530
6970.000 3699.000 26164525.000 1.000 1270.000 750.000 351.000 17549.759 2461663.548 2069.967 759530.194 3811769.790 1927137593328.689
6995.000 3796.000 26164535.000 1.000 1270.000 750.000 353.000 13214.541 2540736.995 2652.570 995300.863 5677938.750 1328125202414.541
7003.000 3871.000 26164545.000 1.000 1290.000 760.000 353.000 7533.600 2566304.498 16003.036 245560.320 65024605.587 3618302782822.389
7003.000 3914.000 26164555.000 1.000 1320.000 750.000 353.000 6132.000 2566304.498 28731.303 153475.200 89593486.272 3977108078487.417
6975.000 3935.000 26164565.000 1.000 1320.000 750.000 356.000 7008.000 2477378.237 36291.433 276255.360 73777510.244 3502469759523.120
6935.000 3935.000 26164575.000 1.000 1320.000 750.000 371.000 8584.800 2353060.721 36291.433 186401.062 49176328.433 3846866151750.862
6886.000 3935.000 26164585.000 1.000 1380.000 750.000 367.000 9648.733 2205132.765 36291.433 102510.746 35386443.695 4182979095914.937
6838.000 3908.000 26164595.000 1.000 1380.000 750.000 371.000 10233.840 2064879.746 26733.266 101439.924 28767599.709 4187360404118.815
6792.000 3872.000 26164605.000 1.000 1380.000 750.000 369.000 10812.835 1934794.603 16257.042 104595.626 22891905.092 4174455310793.072
6752.000 3825.000 26164615.000 1.000 1400.000 750.000 372.000 10215.828 1825117.088 6480.750 114752.321 28961140.435 4133055199335.338
6722.000 3775.000 26164625.000 1.000 1400.000 750.000 384.000 9560.849 1744958.951 930.439 43861.495 36439749.707 4426321628428.785
6709.000 3722.000 26164635.000 1.000 1400.000 750.000 392.000 9811.200 1710782.759 506.110 54299.911 33479920.394 4382508187186.125
6709.000 3666.000 26164645.000 1.000 1400.000 750.000 414.000 9501.269 1710782.759 6161.762 222061.795 37162612.944 3708251985392.810
6714.000 3612.000 26164655.000 1.000 1430.000 740.000 441.000 10768.745 1723887.448 17555.427 129581.599 23315750.513 4072979509025.469
6737.000 3555.000 26164665.000 1.000 1430.000 740.000 456.000 10029.124 1784813.020 35909.073 403413.927 31005514.724 3042687431416.457
6771.000 3502.000 26164676.000 1.000 1400.000 730.000 465.000 12561.974 1876814.908 58804.744 39880.075 9213711.304 4443090359963.670
6817.000 3447.000 26164686.000 1.000 1400.000 730.000 491.000 12789.600 2004968.051 88504.402 47599.387 7883648.619 4410607429036.963
6865.000 3392.000 26164696.000 1.000 1380.000 740.000 502.000 12517.914 2143205.069 124254.061 60178.397 9483132.880 4357930180152.001
6917.000 3343.000 26164706.000 1.000 1380.000 740.000 515.000 12861.398 2298161.839 161199.756 56958.571 7485617.081 4371383743493.360
6975.000 3298.000 26164716.000 1.000 1380.000 740.000 516.000 12536.292 2477378.237 199359.477 8776.469 9370281.647 4575182132815.999
7039.000 3266.000 26164726.000 1.000 1320.000 740.000 535.000 12586.386 2682942.262 228959.278 65675.822 9066106.413 4335007931075.734
7108.000 3246.000 26164736.000 1.000 1320.000 740.000 526.000 12961.248 2913742.976 248499.154 62012.390 6949210.784 4350276382247.166
7181.000 3234.000 26164746.000 1.000 1320.000 740.000 513.000 13315.200 3168289.442 260607.079 51250.205 5208361.882 4395286265939.269
7257.000 3234.000 26164756.000 1.000 1300.000 750.000 448.000 13022.676 3444620.721 260607.079 510280.162 6629119.110 2681287846896.085
7330.000 3248.000 26164766.000 1.000 1300.000 750.000 340.000 10110.118 3720921.187 246509.166 1346836.860 30110083.520 641452259687.645
7381.000 3275.000 26164776.000 1.000 1290.000 760.000 171.000 17797.543 3920277.020 220427.334 58861.185 4840701.484 4363431448146.599
5652.000 3870.000 26164956.000 0.000 1380.000 740.000 516.000 11750.161 62985.411 15751.030 699700.795 14801121.562 2096829146661.396
5715.000 3893.000 26164966.000 1.000 1400.000 730.000 527.000 7756.435 98576.498 22053.172 1465016.268 61480474.597 466117166940.063
5757.000 3907.000 26164976.000 1.000 1370.000 730.000 521.000 16118.400 126713.889 26407.259 986694.338 271458.112 1348036336163.838
5849.000 3907.000 26164986.000 1.000 1370.000 730.000 513.000 21750.217 200676.175 26407.259 210932.916 37857359.123 3751237206022.050
5973.000 3901.000 26164996.000 1.000 1400.000 720.000 516.000 20546.262 327148.473 24493.222 336926.244 24491397.639 3279060974350.473
6090.000 3909.000 26165006.000 1.000 1400.000 720.000 524.000 22469.357 474678.206 27061.272 1357882.519 47224018.718 623881171775.860
6218.000 3917.000 26165016.000 1.000 1370.000 710.000 522.000 14718.886 667438.256 29757.321 967332.286 771757.994 1393371833391.013
6301.000 3930.000 26165026.000 1.000 1370.000 710.000 490.000 9197.583 809944.100 34411.402 1611416.542 40957447.434 287647150765.993
6351.000 3946.000 26165036.000 1.000 1390.000 710.000 235.000 0.000 902440.995 40603.502 0.000 243278374.468 4612804323819.860
