2716.000 4812.000 65837636.000 0.000 1430.000 520.000 41.000 14228.247 18532286.195 2077574.972 868079.008 234885183.050 25486674662794.816
2724.000 4840.000 65837646.000 1.000 1430.000 520.000 93.000 16004.913 18463471.568 2159076.227 407829.045 183583485.594 30345586794534.742
2731.000 4872.000 65837656.000 1.000 1450.000 530.000 146.000 15170.224 18403363.770 2254140.517 1214381.098 206899091.890 22110034077037.648
2739.000 4902.000 65837666.000 1.000 1450.000 530.000 212.000 12684.794 18334789.143 2345123.289 1661921.108 284577241.500 18101542805489.598
2746.000 4927.000 65837676.000 1.000 1450.000 530.000 282.000 9283.400 18274891.344 2422317.266 2148569.640 410905792.513 14197388873027.539
2746.000 4946.000 65837686.000 1.000 1450.000 530.000 333.000 4886.000 18274891.344 2481820.689 2387299.600 608520650.874 12455339456910.498
2746.000 4956.000 65837696.000 1.000 1450.000 530.000 348.000 0.000 18274891.344 2513428.279 7878088.680 873451408.121 3847783464702.672
2746.000 4956.000 65837706.000 1.000 1450.000 530.000 359.000 16123.800 18274891.344 2513428.279 4774599.200 180375948.848 1303964613916.280
2746.000 4923.000 65837716.000 1.000 1450.000 530.000 384.000 25895.800 18274891.344 2409882.230 19575856.720 13383973.556 186577700917701.594
2746.000 4870.000 65837726.000 1.000 1460.000 520.000 417.000 65961.000 18274891.344 2248138.999 12954529.813 1325454260.298 49533696146821.422
2746.000 4735.000 65837736.000 1.000 1460.000 520.000 438.000 92474.569 18274891.344 1861531.524 8550261.563 3958971407.655 6936637288517.382
2736.000 4546.000 65837746.000 1.000 1470.000 520.000 443.000 109974.081 18360489.628 1381517.058 14315172.344 6467355435.611 70537497257324.562
2730.000 4321.000 65837756.000 1.000 1470.000 520.000 466.000 139272.428 18411944.598 903221.266 705720.159 12038087066.341 27152350565769.344
2725.000 4036.000 65837766.000 1.000 1460.000 530.000 481.000 140716.800 18454878.740 442729.930 477459.920 12357121116.873 29583286438736.508
2725.000 3748.000 65837776.000 1.000 1460.000 530.000 495.000 141694.000 18454878.740 142415.316 1432379.760 12575332199.984 20107441046997.879
2725.000 3458.000 65837786.000 1.000 1460.000 530.000 494.000 138762.400 18454878.740 7635.184 19476095.349 11926428469.692 183862303316391.406
2725.000 3174.000 65837796.000 1.000 1450.000 540.000 514.000 98901.378 18454878.740 38659.606 12810175.875 4809029523.321 47522603003261.516
2712.000 2972.000 65837806.000 1.000 1450.000 540.000 518.000 72683.253 18566741.509 158898.273 11305772.566 1860114234.231 29044130528478.156
2697.000 2824.000 65837816.000 1.000 1450.000 540.000 530.000 49544.136 18696233.935 298793.930 10229834.812 399597087.783 18604754545091.730
2688.000 2723.000 65837826.000 1.000 1450.000 550.000 535.000 28607.102 18774145.390 419412.263 7292991.157 897016.108 1894695145560.020
2680.000 2665.000 65837836.000 1.000 1450.000 550.000 533.000 13680.800 18843536.017 497900.236 6684438.880 251965187.672 589711846951.535
2680.000 2637.000 65837846.000 1.000 1450.000 550.000 527.000 0.000 18843536.017 538198.982 8557728.348 873451408.121 6976024326353.809
2680.000 2637.000 65837856.000 1.000 1440.000 560.000 494.000 17514.794 18843536.017 538198.982 10154982.270 144947569.965 17964631079242.391
2694.000 2670.000 65837866.000 1.000 1440.000 560.000 215.000 38298.630 18722186.420 490869.032 172354.139 76464857.645 32995348380716.180
2821.000 3602.000 65837986.000 0.000 1400.000 540.000 329.000 34065.618 17639279.215 53536.491 12373929.365 20352790.023 41698240320142.812
2890.000 3592.000 65837996.000 1.000 1400.000 540.000 335.000 8740.343 17064452.057 49008.900 9170622.325 433217115.409 10589234659532.803
2898.000 3608.000 65838006.000 1.000 1400.000 540.000 340.000 27509.525 16998421.430 56349.045 7095173.630 4180742.242 1389243474287.854
2945.000 3639.000 65838016.000 1.000 1400.000 540.000 342.000 42030.961 16613076.496 72027.576 5577063.625 155669281.998 115225131250.355
3027.000 3613.000 65838026.000 1.000 1410.000 530.000 344.000 53445.336 15951350.568 58747.840 710551.925 570785837.365 27102019258999.672
3133.000 3586.000 65838036.000 1.000 1410.000 530.000 393.000 54899.597 15115876.760 46388.345 152542.386 642388574.090 33223344555772.289
3245.000 3577.000 65838046.000 1.000 1410.000 530.000 431.000 55211.800 14257527.981 42592.514 1123011.921 658311855.680 22977642046553.078
3358.000 3577.000 65838056.000 1.000 1400.000 540.000 461.000 52913.372 13416940.374 42592.514 595437.765 545650386.589 28313829947812.762
3466.000 3585.000 65838066.000 1.000 1400.000 540.000 467.000 51694.711 12637414.908 45958.586 60995.847 490201725.051 34287068244351.102
3571.000 3598.000 65838076.000 1.000 1400.000 540.000 464.000 51569.873 11901907.928 51701.454 4111629.098 484689358.185 3257601928157.163
3675.000 3616.000 65838086.000 1.000 1400.000 550.000 468.000 43154.750 11195141.776 60211.118 1868019.917 184974651.754 16390287334624.832
3760.000 3640.000 65838096.000 1.000 1400.000 550.000 440.000 39331.541 10633561.364 72565.335 5026061.099 95596175.217 792902628607.742
3832.000 3676.000 65838106.000 1.000 1390.000 560.000 327.000 29044.883 10169173.720 93256.662 61613.097 259415.361 34279839990781.508
4058.000 4606.000 65838267.000 0.000 1450.000 530.000 58.000 31075.114 8778860.506 1526162.603 9215051.700 2313144.891 10880364813642.811
4109.000 4644.000 65838277.000 1.000 1450.000 530.000 141.000 12215.000 8479244.258 1621495.448 867936.825 300648250.005 25488110285678.527
4124.000 4664.000 65838287.000 1.000 1450.000 530.000 153.000 13991.375 8392111.832 1672830.629 5403806.065 242201875.046 262867273016.303
4136.000 4690.000 65838297.000 1.000 1460.000 520.000 168.000 2931.600 8322729.892 1740762.365 238729.960 708763434.733 32237207755679.172
4136.000 4696.000 65838307.000 1.000 1460.000 520.000 180.000 3420.200 8322729.892 1756630.920 1671109.720 682986548.888 18023439668071.230
4136.000 4689.000 65838317.000 1.000 1460.000 520.000 220.000 0.000 8322729.892 1738124.606 0.000 873451408.121 35005113060225.039
4136.000 4689.000 65838327.000 1.000 1450.000 530.000 274.000 0.000 8322729.892 1738124.606 7878088.680 873451408.121 3847783464702.672
4136.000 4689.000 65838337.000 1.000 1450.000 530.000 330.000 16123.800 8322729.892 1738124.606 3880422.112 180375948.848 4145661623897.427
4136.000 4656.000 65838347.000 1.000 1450.000 530.000 394.000 24065.720 8322729.892 1652200.557 16686441.955 30123537.225 115991393394355.312
4131.000 4607.000 65838357.000 1.000 1450.000 530.000 443.000 58217.259 8351604.034 1528634.362 14592703.007 821570300.974 75276292129022.953
4125.000 4488.000 65838367.000 1.000 1450.000 530.000 468.000 88083.618 8386319.004 1248537.032 9517648.521 3425691443.593 12968184964699.895
4115.000 4308.000 65838377.000 1.000 1460.000 530.000 488.000 107563.046 8444337.288 878680.398 1649540.962 6085378284.507 18207040983849.535
4107.000 4088.000 65838387.000 1.000 1460.000 530.000 497.000 110939.102 8490895.915 514633.401 13144.317 6623500427.214 34849748817404.508
4102.000 3861.000 65838397.000 1.000 1450.000 540.000 516.000 110912.200 8520060.057 240472.091 424435.094 6619122318.274 30162907640574.301
4102.000 3634.000 65838407.000 1.000 1450.000 540.000 551.000 110043.524 8520060.057 69368.781 11339773.263 6478529451.959 29411763813807.051
4112.000 3409.000 65838417.000 1.000 1450.000 540.000 588.000 86834.819 8461781.773 1472.989 7172161.354 3281068013.528 1576655551885.806
4128.000 3232.000 65838427.000 1.000 1440.000 540.000 595.000 72155.815 8368952.519 19215.632 9134302.244 1814896634.128 10354174699362.697
4156.000 3087.000 65838437.000 1.000 1450.000 550.000 613.000 53460.968 8207733.324 80440.566 7106371.364 571533013.846 1415765544596.582
4190.000 2983.000 65838447.000 1.000 1450.000 550.000 617.000 38916.614 8014075.159 150249.623 6736879.829 87654583.507 673003539294.556
4228.000 2913.000 65838457.000 1.000 1450.000 550.000 616.000 25128.485 7800369.681 209416.487 7310129.291 19587053.665 1942169433113.973
4251.000 2867.000 65838467.000 1.000 1450.000 550.000 614.000 10167.107 7672424.628 253633.570 3057808.800 375859814.815 8172183412685.353
4263.000 2850.000 65838477.000 1.000 1450.000 560.000 613.000 3908.800 7606090.687 271045.666 716189.880 657687122.964 27043349109397.043
4263.000 2842.000 65838487.000 1.000 1450.000 560.000 614.000 2443.000 7606090.687 279439.593 1193649.800 735017780.498 22305426413527.730
4268.000 2842.000 65838497.000 1.000 1450.000 560.000 620.000 0.000 7578536.545 279439.593 3418092.668 873451408.121 6242098657722.546
4268.000 2842.000 65838507.000 1.000 1450.000 560.000 581.000 6995.687 7578536.545 279439.593 1595236.492 508887020.544 18673421149874.488
4262.000 2855.000 65838517.000 1.000 1450.000 560.000 415.000 10260.600 7611607.516 265864.461 748735.526 372243438.664 26705912649387.148
4262.000 2876.000 65838527.000 1.000 1460.000 570.000 134.000 11793.010 7611607.516 244649.401 151633.281 315460273.155 33233825489253.832
5094.000 3262.000 65838907.000 0.000 1490.000 550.000 205.000 0.000 3712998.301 11798.405 7549304.365 873451408.121 2666011234482.878
5094.000 3262.000 65838917.000 1.000 1500.000 550.000 218.000 15450.889 3712998.301 11798.405 589190.036 198903701.117 28380358240296.430
5104.000 3232.000 65838927.000 1.000 1490.000 560.000 244.000 14245.015 3674560.017 19215.632 3503232.195 234371492.676 5823918933497.617
5119.000 3207.000 65838937.000 1.000 1490.000 560.000 274.000 21414.954 3617277.592 26771.656 2647254.344 66247510.099 10688044966017.268
5158.000 3187.000 65838947.000 1.000 1490.000 560.000 337.000 26832.994 3470449.285 33716.474 3349652.512 7405023.829 6588767116628.543
5212.000 3177.000 65838957.000 1.000 1490.000 560.000 371.000 33688.607 3272170.552 37488.883 4500454.535 17093227.447 2005218460344.493
5277.000 3200.000 65838967.000 1.000 1490.000 560.000 388.000 42899.525 3041236.707 29111.342 2870473.697 178097396.597 9278348732788.363
5347.000 3253.000 65838977.000 1.000 1500.000 570.000 394.000 48774.420 2801988.720 13834.573 111464.807 369416420.810 33698571749380.473
5414.000 3327.000 65838987.000 1.000 1500.000 570.000 412.000 48546.289 2582173.219 1902.745 3493779.740 360699013.721 5869631118026.813
5478.000 3403.000 65838997.000 1.000 1500.000 570.000 420.000 41395.696 2380584.202 1048.434 4059141.243 140220758.876 3449825756663.190
5521.000 3476.000 65839007.000 1.000 1500.000 570.000 439.000 33087.998 2249742.582 11104.847 6378867.463 12487648.136 213772666841.523
5540.000 3541.000 65839017.000 1.000 1490.000 580.000 495.000 20032.600 2193106.842 29029.187 2170983.676 90661082.572 14028981675124.139
5540.000 3582.000 65839027.000 1.000 1490.000 580.000 516.000 15589.326 2193106.842 44681.309 2824591.714 195018022.650 9559970435226.879
5523.000 3609.000 65839037.000 1.000 1490.000 580.000 532.000 21370.316 2243746.925 56824.804 3404801.282 66976142.989 6308690227463.143
5480.000 3617.000 65839047.000 1.000 1490.000 580.000 538.000 28338.800 2374416.545 60702.877 6866840.100 1477224.733 903123688135.521
5422.000 3617.000 65839057.000 1.000 1490.000 580.000 544.000 42392.914 2556526.592 60702.877 4230390.657 164832285.909 2843004845350.181
5344.000 3579.000 65839067.000 1.000 1490.000 580.000 551.000 51051.102 2812041.205 43422.032 5196975.333 462116307.909 517732870931.930
5263.000 3513.000 65839077.000 1.000 1490.000 580.000 566.000 61687.564 3090262.304 20271.933 17968.754 1032552352.964 34792811242614.957
5181.000 3417.000 65839087.000 1.000 1490.000 580.000 588.000 61650.788 3385284.232 2151.062 411482.796 1030190233.084 30305345433452.449
5121.000 3306.000 65839097.000 1.000 1490.000 580.000 611.000 60808.621 3609673.935 4175.804 8674390.393 976838122.993 7605893783371.615
5088.000 3186.000 65839107.000 1.000 1490.000 580.000 625.000 43055.059 3736157.271 34084.715 5280524.467 182272887.451 404480014652.664
5074.000 3099.000 65839117.000 1.000 1490.000 580.000 644.000 32247.600 3790474.869 73777.675 853231.431 7254342.456 25636809105517.629
5074.000 3033.000 65839127.000 1.000 1490.000 580.000 644.000 30501.322 3790474.869 113987.576 941603.047 897018.596 24749718093457.625
5110.000 2982.000 65839137.000 1.000 1490.000 580.000 658.000 32428.467 3651593.047 151025.864 6683515.915 8261345.580 588295159365.327
5167.000 2948.000 65839147.000 1.000 1490.000 580.000 665.000 46107.378 3436997.829 178608.055 3176179.479 274007326.367 7509421776371.813
5259.000 2927.000 65839157.000 1.000 1490.000 580.000 670.000 52607.950 3104341.618 196799.114 1988430.990 531474866.054 15429819633769.236
5366.000 2915.000 65839167.000 1.000 1490.000 580.000 662.000 56677.600 2738740.981 207590.005 5490789.080 735678212.226 181239919280.477
5482.000 2915.000 65839177.000 1.000 1490.000 580.000 664.000 45439.800 2368256.889 207590.005 8013549.121 252351926.972 4397565107186.816
5575.000 2915.000 65839187.000 1.000 1490.000 580.000 664.000 29038.758 2090667.849 207590.005 2915235.453 265692.149 9007660309989.631
5640.000 2922.000 65839198.000 1.000 1490.000 580.000 664.000 22475.600 1906924.004 201260.319 5729519.040 50106738.549 34966329608.282
5686.000 2922.000 65839208.000 1.000 1490.000 580.000 664.000 10749.200 1781995.898 201260.319 3819679.360 353628451.619 4396706699875.530
5708.000 2922.000 65839218.000 1.000 1490.000 580.000 663.000 2931.600 1723743.674 201260.319 621252.946 708763434.733 28039767387575.355
5714.000 2922.000 65839228.000 1.000 1500.000 580.000 668.000 4203.096 1708024.704 201260.319 2243506.574 642679049.146 13490968123199.982
5709.000 2929.000 65839238.000 1.000 1500.000 580.000 634.000 8794.800 1721118.846 195028.632 3138063.305 430953159.318 7719776593828.707
5691.000 2929.000 65839248.000 1.000 1500.000 580.000 509.000 15217.361 1768671.757 195028.632 2471909.485 205545277.764 11865285795900.461
5668.000 2950.000 65839258.000 1.000 1500.000 580.000 220.000 20276.529 1830376.809 176921.573 205969.066 86075389.662 32610299456423.273
6706.000 4655.000 65839739.000 0.000 1520.000 570.000 47.000 0.000 99170.948 1649630.798 0.000 873451408.121 35005113060225.039
6706.000 4655.000 65839749.000 1.000 1520.000 570.000 96.000 0.000 99170.948 1649630.798 0.000 873451408.121 35005113060225.039
6706.000 4655.000 65839759.000 1.000 1520.000 570.000 163.000 0.000 99170.948 1649630.798 0.000 873451408.121 35005113060225.039
6706.000 4655.000 65839769.000 1.000 1520.000 570.000 203.000 0.000 99170.948 1649630.798 0.000 873451408.121 35005113060225.039
6706.000 4655.000 65839779.000 1.000 1520.000 570.000 225.000 0.000 99170.948 1649630.798 0.000 873451408.121 35005113060225.039
6706.000 4655.000 65839789.000 1.000 1520.000 570.000 269.000 0.000 99170.948 1649630.798 0.000 873451408.121 35005113060225.039
6706.000 4655.000 65839799.000 1.000 1520.000 570.000 317.000 0.000 99170.948 1649630.798 14135555.655 873451408.121 67552680250239.352
6706.000 4655.000 65839809.000 1.000 1520.000 570.000 373.000 28930.732 99170.948 1649630.798 595125.549 388726.491 28317152694255.723
6701.000 4596.000 65839819.000 1.000 1520.000 570.000 402.000 27712.710 102345.090 1501555.012 10164865.670 3391127.197 18048509756952.043
6692.000 4540.000 65839829.000 1.000 1520.000 570.000 436.000 48516.774 108184.545 1367448.504 9313741.571 359578782.512 11541169439025.193
6676.000 4442.000 65839839.000 1.000 1520.000 570.000 463.000 67578.873 118965.799 1147854.114 5948830.082 1445874894.112 1044464902.078
6657.000 4305.000 65839849.000 1.000 1520.000 570.000 490.000 79754.129 132433.539 873065.121 3583697.286 2520031732.746 5442024022260.282
6637.000 4143.000 65839859.000 1.000 1520.000 570.000 512.000 87088.753 147390.106 596570.151 290967.163 3310223483.654 31646753585500.512
6616.000 3966.000 65839869.000 1.000 1520.000 570.000 524.000 86493.241 163955.502 354476.794 384749.536 3242053098.254 30600394849320.449
6597.000 3790.000 65839879.000 1.000 1520.000 570.000 544.000 85705.788 179703.242 175879.197 15854282.377 3152999561.041 98759282057927.766
6585.000 3615.000 65839889.000 1.000 1520.000 570.000 557.000 53257.400 190021.182 59721.359 4849838.714 561841152.498 1137791685259.656
6585.000 3506.000 65839899.000 1.000 1520.000 570.000 580.000 43331.410 190021.182 18327.619 2970230.670 189811202.828 8680573084947.323
6596.000 3418.000 65839909.000 1.000 1520.000 570.000 592.000 37252.346 180552.070 2244.821 3778570.999 59261277.194 4570791295223.190
6618.000 3345.000 65839919.000 1.000 1510.000 580.000 605.000 29518.881 162339.846 656.408 416981.989 1248.233 30244829239551.508
6643.000 3290.000 65839929.000 1.000 1510.000 580.000 619.000 28665.459 142819.136 6499.659 36574.153 789880.728 34573667905995.039
6672.000 3239.000 65839939.000 1.000 1510.000 580.000 616.000 28740.314 121741.113 17323.946 2721077.895 662428.885 10210798478897.162
6706.000 3191.000 65839949.000 1.000 1510.000 580.000 617.000 23171.182 99170.948 32263.510 262288.786 40743063.597 31970239020391.277
6741.000 3159.000 65839959.000 1.000 1500.000 580.000 620.000 22634.365 78351.955 44783.220 580005.822 47884273.414 28478297118170.883
6780.000 3134.000 65839969.000 1.000 1500.000 580.000 625.000 23821.442 58039.648 55989.243 299728.738 32864644.343 31548253086442.703
6824.000 3113.000 65839979.000 1.000 1500.000 580.000 628.000 24434.886 38775.199 66368.302 952532.540 26207491.970 24641091084310.695
6873.000 3103.000 65839989.000 1.000 1510.000 600.000 633.000 26384.400 21878.608 71620.712 477459.920 10047703.952 29583286438736.508
6927.000 3103.000 65839999.000 1.000 1510.000 600.000 636.000 27361.600 8819.875 71620.712 1526417.670 4807544.502 19272927346337.777
6983.000 3103.000 65840009.000 1.000 1510.000 600.000 638.000 30485.664 1437.486 71620.712 1186671.615 867604.052 22371389119517.113
7045.000 3110.000 65840019.000 1.000 1500.000 600.000 636.000 32914.382 580.126 67923.025 9158798.205 11290746.843 10512420485024.451
7112.000 3117.000 65840029.000 1.000 1510.000 610.000 639.000 14169.400 8296.625 64323.339 5729519.040 236692420.067 34966329608.282
7141.000 3117.000 65840039.000 1.000 1510.000 610.000 641.000 2443.000 14420.601 64323.339 1193649.800 735017780.498 22305426413527.730
7141.000 3122.000 65840049.000 1.000 1510.000 610.000 636.000 0.000 14420.601 61812.134 0.000 873451408.121 35005113060225.039
7141.000 3122.000 65840059.000 1.000 1510.000 610.000 633.000 0.000 14420.601 61812.134 1909839.680 873451408.121 16053422276747.785
7141.000 3122.000 65840069.000 1.000 1530.000 610.000 617.000 3908.800 14420.601 61812.134 1193649.800 657687122.964 22305426413527.730
7133.000 3122.000 65840079.000 1.000 1530.000 610.000 548.000 6351.800 12563.228 61812.134 4051322.666 538351892.141 3478930877804.628
7120.000 3122.000 65840089.000 1.000 1530.000 610.000 356.000 14643.496 9817.997 61812.134 198194.242 222329432.047 32699156835265.688
8120.000 3535.000 65840450.000 0.000 1550.000 600.000 36.000 0.000 1207989.615 27020.632 0.000 873451408.121 35005113060225.039
8120.000 3535.000 65840460.000 1.000 1550.000 600.000 76.000 0.000 1207989.615 27020.632 0.000 873451408.121 35005113060225.039
8120.000 3535.000 65840470.000 1.000 1540.000 600.000 141.000 0.000 1207989.615 27020.632 11746387.160 873451408.121 33987445549738.324
8120.000 3535.000 65840480.000 1.000 1560.000 610.000 191.000 24040.907 1207989.615 27020.632 6592915.794 30396524.781 457522228117.502
8150.000 3574.000 65840490.000 1.000 1560.000 610.000 254.000 10547.424 1274834.763 41363.236 3404256.982 361257965.111 6311424771904.146
8155.000 3595.000 65840500.000 1.000 1560.000 610.000 284.000 17514.794 1286150.621 50346.177 752740.092 144947569.965 26664539282811.914
8169.000 3628.000 65840510.000 1.000 1560.000 610.000 309.000 19055.400 1318101.024 66244.227 627696.602 110225039.621 27971567254019.855
8184.000 3664.000 65840520.000 1.000 1560.000 610.000 341.000 20340.084 1352768.598 86071.553 1884787.692 84900142.697 16254800087590.203
8201.000 3702.000 65840530.000 1.000 1570.000 610.000 374.000 16482.557 1392602.516 109812.398 891478.550 170868147.269 25250960166389.910
8208.000 3735.000 65840540.000 1.000 1570.000 610.000 409.000 14658.000 1409172.717 132772.448 1775905.625 221897112.382 17144620322738.197
8208.000 3765.000 65840550.000 1.000 1570.000 610.000 425.000 11023.318 1409172.717 155535.220 57887.374 343394008.098 34323481334057.758
8203.000 3787.000 65840560.000 1.000 1570.000 610.000 443.000 11141.794 1397326.859 173371.920 486048.531 339017112.421 29489932399649.207
8189.000 3805.000 65840570.000 1.000 1570.000 610.000 456.000 12136.572 1364424.456 188685.583 2511836.411 303374160.291 11591815183891.676
8170.000 3821.000 65840580.000 1.000 1570.000 610.000 471.000 6995.687 1320398.195 202841.728 553333.148 508887020.544 28763686323532.418
8157.000 3827.000 65840590.000 1.000 1570.000 610.000 467.000 5863.200 1290690.964 208282.283 0.000 561264018.465 35005113060225.039
8145.000 3827.000 65840600.000 1.000 1570.000 610.000 473.000 5863.200 1263568.905 208282.283 477459.920 561264018.465 29583286438736.508
8133.000 3827.000 65840610.000 1.000 1570.000 610.000 473.000 4886.000 1236734.846 208282.283 716189.880 608520650.874 27043349109397.043
8123.000 3827.000 65840620.000 1.000 1580.000 600.000 477.000 6351.800 1214593.129 208282.283 477459.920 538351892.141 29583286438736.508
8110.000 3827.000 65840630.000 1.000 1580.000 600.000 475.000 7329.000 1186107.898 208282.283 1909839.680 493960019.251 16053422276747.785
8095.000 3827.000 65840640.000 1.000 1580.000 600.000 480.000 11237.800 1153660.324 208282.283 1395235.899 335490924.495 20441936675219.020
8072.000 3827.000 65840650.000 1.000 1590.000 590.000 485.000 14093.379 1104781.377 208282.283 331362.657 239037336.746 31193892064113.449
8048.000 3811.000 65840660.000 1.000 1590.000 590.000 483.000 14771.567 1054905.258 193934.137 278885.062 218526573.779 31782836362044.645
8023.000 3794.000 65840670.000 1.000 1590.000 590.000 485.000 15342.351 1004175.968 179250.233 439479.088 201976974.416 29997888421302.410
7998.000 3775.000 65840680.000 1.000 1590.000 590.000 485.000 16241.817 954696.677 163522.811 531592.891 177219843.150 28997352731108.070
7974.000 3752.000 65840690.000 1.000 1600.000 580.000 486.000 17329.809 908372.559 145450.352 1273890.624 149436012.649 21553932310314.676
7951.000 3725.000 65840700.000 1.000 1600.000 580.000 486.000 19937.035 865059.611 125584.857 1394948.114 92490080.817 20444539068866.996
7927.000 3692.000 65840710.000 1.000 1600.000 580.000 490.000 22792.025 820991.493 103284.807 2241217.483 45727164.141 13507789050005.975
7903.000 3652.000 65840720.000 1.000 1600.000 580.000 491.000 27379.044 778075.374 79174.444 748071.519 4731352.971 26712775969665.684
7871.000 3606.000 65840730.000 1.000 1590.000 590.000 496.000 28910.095 722645.882 55403.527 18167.614 414885.864 34790465313580.312
7841.000 3555.000 65840740.000 1.000 1590.000 590.000 488.000 28872.912 672540.733 33995.814 1075995.897 464168.795 23430595173158.383
7817.000 3501.000 65840750.000 1.000 1590.000 590.000 497.000 31075.114 633752.615 16998.824 1224934.369 2313144.891 22010899727309.211
7799.000 3440.000 65840760.000 1.000 1590.000 590.000 512.000 33582.143 605417.526 4813.520 302862.130 16224233.432 31513063737738.422
7789.000 3372.000 65840770.000 1.000 1570.000 600.000 512.000 34202.000 589955.809 1.903 1432379.760 21601939.398 20107441046997.879
7789.000 3302.000 65840780.000 1.000 1570.000 600.000 524.000 31270.400 589955.809 4708.768 437084.948 2945303.506 30024119719880.742
7789.000 3238.000 65840790.000 1.000 1570.000 600.000 538.000 30375.834 589955.809 17588.187 4269910.579 675063.790 2711295909590.738
7801.000 3177.000 65840800.000 1.000 1570.000 600.000 543.000 21636.762 608533.869 37488.883 728633.545 62686004.103 26914081823983.172
7820.000 3137.000 65840810.000 1.000 1560.000 610.000 550.000 20145.494 638538.129 54578.520 709748.178 88523962.045 27110388454432.605
7846.000 3105.000 65840820.000 1.000 1560.000 610.000 568.000 21598.110 680766.592 70554.230 583180.745 63299548.584 28444421206534.973
7881.000 3078.000 65840830.000 1.000 1560.000 610.000 570.000 20404.535 739747.598 85626.735 534462.439 83716577.186 28966456398270.184
7921.000 3066.000 65840840.000 1.000 1560.000 610.000 574.000 21498.400 810154.463 92793.626 53775890.594 64896096.398 2290520128996867.000
7965.000 3066.000 65840850.000 1.000 1560.000 610.000 581.000 131559.576 891298.014 92793.626 398246592.884 10405094418.760 153922892445085472.000
7991.000 3073.000 65840851.000 1.000 1560.000 610.000 582.000 50051.882 941066.476 88577.939 6829051.994 420154502.353 832729423561.099
8075.000 3111.000 65840860.000 1.000 1540.000 600.000 584.000 37472.785 1111096.892 67402.784 2633824.196 62703808.758 10776038560541.027
8134.000 3160.000 65840870.000 1.000 1540.000 600.000 589.000 42863.338 1238960.017 44360.979 730182.407 177132852.366 26898013607667.992
8198.000 3220.000 65840880.000 1.000 1540.000 600.000 589.000 44357.776 1385531.001 22686.524 458455.823 219145526.547 29790376137262.812
8257.000 3289.000 65840890.000 1.000 1560.000 610.000 589.000 43419.471 1527908.126 6661.900 4921543.207 192245425.350 989962699610.105
8313.000 3358.000 65840900.000 1.000 1550.000 620.000 592.000 33346.726 1669485.737 159.276 4500820.008 14383167.422 2004183532448.450
8356.000 3411.000 65840910.000 1.000 1550.000 620.000 594.000 24135.060 1782454.116 1630.507 4418764.035 29367201.281 2243248666449.680
8382.000 3453.000 65840920.000 1.000 1550.000 620.000 595.000 15091.335 1852554.578 6786.388 1405377.281 209174792.120 20350335548745.227
8397.000 3480.000 65840930.000 1.000 1550.000 620.000 594.000 12215.000 1893612.153 11963.883 716189.880 300648250.005 27043349109397.043
8397.000 3505.000 65840940.000 1.000 1560.000 620.000 595.000 10749.200 1893612.153 18057.860 16302.139 353628451.619 34812475221190.309
8397.000 3527.000 65840950.000 1.000 1570.000 610.000 595.000 10715.835 1893612.153 24454.560 166085.401 354884423.249 33067404917858.281
8388.000 3547.000 65840960.000 1.000 1570.000 610.000 595.000 11055.756 1868923.608 31109.741 372264.829 342192850.086 30738675581840.141
8372.000 3563.000 65840970.000 1.000 1570.000 610.000 585.000 11817.657 1825432.862 37009.887 312336.573 314585359.971 31406781093277.117
8351.000 3575.000 65840980.000 1.000 1570.000 610.000 591.000 12456.905 1769128.258 41770.996 642563.235 292317884.194 27814534518722.879
8326.000 3580.000 65840990.000 1.000 1570.000 610.000 594.000 11141.794 1703248.968 43839.791 3360045.522 339017112.421 6535520340713.845
8304.000 3574.000 65841000.000 1.000 1570.000 610.000 599.000 18018.678 1646309.192 41363.236 2514996.187 133068529.513 11570309144281.582
8280.000 3546.000 65841010.000 1.000 1590.000 610.000 603.000 23166.030 1585297.073 30757.982 3635561.688 40808860.874 5202733868614.097
8258.000 3504.000 65841020.000 1.000 1590.000 610.000 614.000 30606.803 1530381.298 17790.101 85503.534 1107949.196 34000658561783.234
8240.000 3444.000 65841030.000 1.000 1590.000 610.000 622.000 30781.800 1486170.209 5384.557 4153663.844 1506973.910 3107633267763.363
8240.000 3381.000 65841040.000 1.000 1590.000 610.000 647.000 39282.954 1486170.209 107.735 2869182.327 94648433.682 9286217525132.684
8248.000 3301.000 65841050.000 1.000 1590.000 610.000 650.000 45155.206 1505739.582 4847.009 4437267.317 243391034.280 2188164535680.650
8269.000 3211.000 65841060.000 1.000 1590.000 610.000 658.000 54236.801 1557718.186 25478.692 2794805.192 609230232.164 9745052769391.627
8290.000 3102.000 65841070.000 1.000 1590.000 610.000 687.000 48516.774 1610578.790 72156.953 2154709.876 359578782.512 14151154466106.842
8306.000 3004.000 65841080.000 1.000 1570.000 610.000 697.000 44106.807 1651445.535 134410.563 6883345.008 211778040.349 934766259152.520
8313.000 2914.000 65841090.000 1.000 1570.000 610.000 705.000 58194.701 1669485.737 208502.246 8129961.003 820277647.779 4899356932550.398
8318.000 2795.000 65841100.000 1.000 1560.000 620.000 711.000 74833.999 1682431.595 331338.916 3276126.029 2050259170.242 6971637546608.723
8275.000 2648.000 65841110.000 1.000 1560.000 620.000 728.000 81539.128 1572731.215 522180.332 16476171.480 2702431559.811 111506410450155.766
8250.000 2483.000 65841120.000 1.000 1560.000 620.000 736.000 47817.942 1510651.925 787870.085 4568579.056 333563857.503 1816922951337.807
8237.000 2386.000 65841130.000 1.000 1560.000 620.000 756.000 57168.288 1478864.694 969477.454 2417279.607 762537229.606 12244626638826.508
8200.000 2275.000 65841140.000 1.000 1560.000 620.000 770.000 62115.647 1390243.344 1200384.197 4193790.119 1060247092.030 2967770333969.940
8161.000 2154.000 65841150.000 1.000 1560.000 620.000 782.000 53532.368 1299795.651 1480165.349 2851908.851 574951996.656 9391791846584.777
8121.000 2052.000 65841160.000 1.000 1550.000 620.000 791.000 47695.469 1210188.786 1738759.923 1013660.798 329105229.369 24037948926214.340
8073.000 1967.000 65841170.000 1.000 1550.000 620.000 796.000 49770.092 1106884.549 1970150.401 18190345.915 408681830.729 150647001433199.062
8003.000 1893.000 65841180.000 1.000 1550.000 620.000 784.000 86999.617 964492.535 2183362.230 17646834.604 3299974631.070 137600470745165.625
7919.000 1736.000 65841190.000 1.000 1540.000 630.000 818.000 50882.477 806558.120 2671984.055 6361531.935 454894915.926 198042831748.211
7850.000 1658.000 65841200.000 1.000 1520.000 620.000 832.000 37862.559 687383.278 2933068.847 403348.583 69028640.786 30394969757476.254
7777.000 1632.000 65841210.000 1.000 1510.000 630.000 818.000 37037.040 571665.750 3022801.111 2868020.436 55992724.707 9293300204732.670
7702.000 1621.000 65841220.000 1.000 1500.000 640.000 830.000 31167.166 463877.879 3061171.761 2432262.526 2601622.725 12139993698678.486
7640.000 1636.000 65841230.000 1.000 1480.000 650.000 829.000 26189.142 383267.238 3008908.147 3862136.746 11323691.685 4220457272463.978
7597.000 1668.000 65841240.000 1.000 1480.000 650.000 809.000 34093.638 331874.859 2898916.438 2235226.270 20606394.372 13551863888016.451
7567.000 1731.000 65841250.000 1.000 1500.000 650.000 785.000 29518.881 298209.710 2688355.260 740136.655 1248.233 26794860674759.562
7554.000 1790.000 65841260.000 1.000 1500.000 650.000 765.000 28004.070 284180.479 2498361.045 5862788.110 2402938.184 2886245588.205
7548.000 1847.000 65841270.000 1.000 1500.000 650.000 697.000 16004.913 277819.450 2321419.312 532137.192 183583485.594 28991490993768.852
7555.000 1879.000 65841280.000 1.000 1500.000 650.000 591.000 17094.019 285247.651 2224931.603 4477064.764 155256393.230 2072008056702.010
7573.000 1909.000 65841290.000 1.000 1500.000 650.000 418.000 26257.066 304798.740 2136334.375 290253.449 10871167.414 31654784154960.711
9519.000 3271.000 65841732.000 0.000 1570.000 590.000 117.000 0.000 6240432.707 9924.236 0.000 873451408.121 35005113060225.039
9519.000 3271.000 65841742.000 1.000 1570.000 600.000 137.000 0.000 6240432.707 9924.236 0.000 873451408.121 35005113060225.039
9519.000 3271.000 65841752.000 1.000 1570.000 600.000 141.000 0.000 6240432.707 9924.236 0.000 873451408.121 35005113060225.039
9519.000 3271.000 65841762.000 1.000 1570.000 600.000 144.000 0.000 6240432.707 9924.236 6343212.855 873451408.121 182073705186.620
9519.000 3271.000 65841772.000 1.000 1570.000 600.000 183.000 12982.425 6240432.707 9924.236 3955913.255 274624102.606 3843947045908.764
9528.000 3296.000 65841782.000 1.000 1570.000 600.000 259.000 4886.000 6285479.252 5568.213 2387299.600 608520650.874 12455339456910.498
9528.000 3306.000 65841792.000 1.000 1570.000 600.000 304.000 0.000 6285479.252 4175.804 1909839.680 873451408.121 16053422276747.785
9528.000 3306.000 65841802.000 1.000 1570.000 600.000 361.000 3908.800 6285479.252 4175.804 477459.920 657687122.964 29583286438736.508
9528.000 3314.000 65841812.000 1.000 1570.000 600.000 377.000 2931.600 6285479.252 3205.877 238729.960 708763434.733 32237207755679.172
9528.000 3320.000 65841822.000 1.000 1570.000 600.000 394.000 2443.000 6285479.252 2562.431 1432379.760 735017780.498 20107441046997.879
9533.000 3320.000 65841832.000 1.000 1570.000 600.000 391.000 5374.600 6310575.110 2562.431 576869.010 584653604.710 28511786190366.102
9533.000 3331.000 65841842.000 1.000 1570.000 600.000 396.000 6555.257 6310575.110 1569.781 139320.870 528951900.882 33375936194557.504
9539.000 3343.000 65841852.000 1.000 1570.000 600.000 400.000 6840.400 6340756.139 762.890 1187362.984 515917225.736 22364849467612.512
9539.000 3357.000 65841862.000 1.000 1570.000 600.000 402.000 9270.533 6340756.139 185.517 483746.736 411427607.132 29514937324769.309
9545.000 3375.000 65841872.000 1.000 1570.000 600.000 409.000 10260.600 6371009.169 19.180 1671109.720 372243438.664 18023439668071.230
9545.000 3396.000 65841882.000 1.000 1570.000 600.000 418.000 6840.400 6371009.169 644.121 0.000 515917225.736 35005113060225.039
9545.000 3410.000 65841892.000 1.000 1570.000 600.000 420.000 6840.400 6371009.169 1550.748 1098414.331 515917225.736 23214064182272.910
9545.000 3424.000 65841902.000 1.000 1570.000 600.000 414.000 9088.485 6371009.169 2849.375 136868.098 418845954.756 33404282475440.973
9534.000 3439.000 65841912.000 1.000 1570.000 600.000 417.000 8808.362 6315600.281 4675.761 805278.761 430390264.972 26124704198951.355
9524.000 3454.000 65841922.000 1.000 1570.000 600.000 418.000 10456.497 6265438.565 6952.147 210715.102 364722693.136 32556117097543.672
9511.000 3471.000 65841932.000 1.000 1570.000 600.000 427.000 10025.234 6200527.334 10076.052 337399.798 381380956.073 31126491844215.508
9497.000 3486.000 65841942.000 1.000 1570.000 600.000 423.000 9334.690 6131000.931 13312.438 243418.077 408829043.350 32183993522051.840
9483.000 3499.000 65841952.000 1.000 1570.000 600.000 427.000 9832.885 6061866.529 16481.306 639532.937 388930712.736 27846506973610.816
9465.000 3508.000 65841962.000 1.000 1570.000 600.000 430.000 11141.794 5973555.440 18873.137 46908.532 339017112.421 34452243695041.121
9443.000 3514.000 65841972.000 1.000 1570.000 600.000 431.000 11237.800 5866499.664 20557.692 954919.840 335490924.495 24617395767660.785
9420.000 3514.000 65841982.000 1.000 1570.000 600.000 431.000 13192.200 5755612.717 20557.692 958769.519 267715415.196 24579209514170.988
9393.000 3514.000 65841992.000 1.000 1570.000 600.000 438.000 15154.479 5626791.083 20557.692 2099852.800 207352291.557 14566886683924.898
9364.000 3503.000 65842002.000 1.000 1570.000 600.000 441.000 19452.172 5490051.106 17524.342 3841079.063 102051198.892 4307421459980.010
9328.000 3486.000 65842012.000 1.000 1570.000 600.000 443.000 27313.570 5322644.928 13312.438 3142518.848 5020473.629 7695037451317.478
9290.000 3445.000 65842022.000 1.000 1570.000 600.000 448.000 33745.250 5148750.407 5532.316 7339665.161 17564805.023 2025365204924.323
9251.000 3388.000 65842032.000 1.000 1570.000 600.000 456.000 48767.078 4973282.714 302.048 1710933.063 369134245.171 17686893352362.359
9210.000 3297.000 65842042.000 1.000 1570.000 600.000 464.000 52268.783 4792096.677 5419.972 865697.083 515951765.550 25510730313393.031
9172.000 3197.000 65842052.000 1.000 1580.000 600.000 475.000 54040.574 4627170.156 30144.065 5844321.473 599581956.159 5211457718.516
9144.000 3090.000 65842062.000 1.000 1580.000 600.000 486.000 42079.212 4507493.351 78747.844 4803725.623 156875641.452 1238293297787.393
9125.000 3006.000 65842072.000 1.000 1580.000 600.000 496.000 32247.600 4427177.090 132948.081 2496452.351 7254342.456 11696807317193.566
9125.000 2940.000 65842082.000 1.000 1580.000 600.000 519.000 27138.201 4427177.090 185433.982 412646.153 5837105.979 30292538158565.789
9138.000 2886.000 65842092.000 1.000 1580.000 600.000 521.000 27982.749 4482052.321 234856.992 1925984.001 2469493.896 15924312910932.547
9162.000 2834.000 65842102.000 1.000 1580.000 600.000 526.000 24040.907 4584248.440 287961.520 524425.618 30396524.781 29074594470147.941
9192.000 2795.000 65842112.000 1.000 1580.000 600.000 532.000 25114.230 4713613.588 331338.916 227365.613 19713434.328 32366385472369.867
9233.000 2764.000 65842122.000 1.000 1580.000 600.000 533.000 24648.889 4893323.625 367988.385 790370.109 24062187.291 26277329659169.656
9282.000 2752.000 65842132.000 1.000 1580.000 600.000 535.000 26266.511 5112509.034 382691.276 1975139.116 10808973.547 15534419420712.844
9335.000 2761.000 65842142.000 1.000 1570.000 610.000 535.000 30308.957 5354993.129 371637.108 3400365.772 569641.006 6330991336336.630
9393.000 2783.000 65842152.000 1.000 1570.000 610.000 533.000 37268.363 5626791.083 345297.807 2892299.948 59508135.784 9145857929282.193
9456.000 2826.000 65842162.000 1.000 1570.000 610.000 535.000 43187.929 5929642.895 296611.448 2099441.887 185878257.144 14570023482455.725
9519.000 2888.000 65842172.000 1.000 1570.000 610.000 533.000 47484.781 6240432.707 232922.510 1942030.602 321505328.216 15796501586394.055
9582.000 2962.000 65842182.000 1.000 1570.000 610.000 533.000 43510.097 6559160.519 166970.682 1520814.894 194766744.465 19322152166613.367
9633.000 3035.000 65842192.000 1.000 1570.000 610.000 533.000 40397.500 6822992.271 112641.095 5964099.809 117576908.894 2264609104.038
9677.000 3105.000 65842202.000 1.000 1570.000 610.000 535.000 28190.992 7054791.823 70554.230 3278141.993 1858366.978 6960995764996.371
9702.000 3157.000 65842212.000 1.000 1570.000 610.000 535.000 21481.737 7188221.113 45633.702 4643439.905 65164842.022 1620712303890.265
9715.000 3199.000 65842222.000 1.000 1590.000 610.000 537.000 11978.176 7258098.344 29453.583 1162237.217 308917018.387 22603127759312.176
9720.000 3223.000 65842232.000 1.000 1590.000 610.000 538.000 9599.467 7285064.202 21791.801 915647.638 398191821.804 25008643364737.176
9715.000 3242.000 65842242.000 1.000 1590.000 610.000 540.000 7725.444 7258098.344 16543.223 448911.999 476495083.725 29894648674997.172
9706.000 3255.000 65842252.000 1.000 1590.000 610.000 538.000 8644.216 7209685.799 13368.091 26902.316 437227905.254 34687501049339.984
9693.000 3267.000 65842262.000 1.000 1570.000 610.000 538.000 8699.276 7140042.568 10737.200 74397.656 434928328.170 34130298837364.020
9679.000 3278.000 65842272.000 1.000 1570.000 610.000 537.000 8547.009 7065420.166 8578.550 627092.693 441302550.290 27977955545041.270
9664.000 3287.000 65842282.000 1.000 1570.000 610.000 541.000 7263.561 6985902.592 6992.382 1161676.305 496873092.724 22608461533376.188
9650.000 3292.000 65842292.000 1.000 1570.000 610.000 541.000 4886.000 6912092.189 6181.177 2387299.600 608520650.874 12455339456910.498
9640.000 3292.000 65842302.000 1.000 1570.000 610.000 541.000 0.000 6859610.473 6181.177 1193649.800 873451408.121 22305426413527.730
9640.000 3292.000 65842312.000 1.000 1570.000 610.000 540.000 2443.000 6859610.473 6181.177 5729519.040 735017780.498 34966329608.282
9635.000 3292.000 65842322.000 1.000 1570.000 610.000 544.000 14169.400 6833444.615 6181.177 2521007.922 236692420.067 11529447263112.168
9635.000 3263.000 65842332.000 1.000 1570.000 610.000 537.000 19329.056 6833444.615 11582.164 1537401.398 104553801.793 19176608786790.035
9624.000 3225.000 65842342.000 1.000 1570.000 610.000 543.000 22475.600 6776055.727 21205.319 477459.920 50106738.549 29583286438736.508
9624.000 3179.000 65842352.000 1.000 1570.000 610.000 551.000 23452.800 6776055.727 36718.401 716189.880 37227220.379 27043349109397.043
9624.000 3131.000 65842362.000 1.000 1570.000 610.000 568.000 24918.600 6776055.727 57417.966 763536.197 21488892.526 26553158593429.449
9624.000 3080.000 65842372.000 1.000 1570.000 610.000 575.000 23355.898 6776055.727 84460.253 43027115.187 38419088.301 1377196876341507.500
9637.000 3034.000 65842382.000 1.000 1570.000 610.000 592.000 111417.943 6843904.958 113313.335 359658982.802 6701670560.771 125133735720008736.000
9643.000 3012.000 65842383.000 1.000 1570.000 610.000 597.000 37807.836 6875333.988 128608.636 9193733.757 68122319.975 10740183101447.885
9668.000 2947.000 65842392.000 1.000 1570.000 610.000 611.000 20873.001 7007063.278 179454.296 437668.336 75363413.023 30017726796361.207
9691.000 2911.000 65842402.000 1.000 1570.000 610.000 625.000 21768.761 7129358.225 211250.969 172742.087 60613237.047 32990891662189.875
9723.000 2880.000 65842412.000 1.000 1590.000 610.000 637.000 22122.306 7301267.717 240708.438 1682801.918 55233217.031 17924300209814.082
9762.000 2857.000 65842422.000 1.000 1590.000 610.000 658.000 25566.436 7513551.410 263805.979 953632.868 15902352.188 24630168284070.430
9809.000 2834.000 65842432.000 1.000 1590.000 610.000 666.000 27518.202 7773422.476 287961.520 882382.284 4145334.046 25342460988461.969
9863.000 2818.000 65842442.000 1.000 1590.000 610.000 678.000 29324.142 8077451.743 305389.375 45671.396 52931.903 34466768220810.605
9922.000 2807.000 65842452.000 1.000 1580.000 620.000 681.000 29417.616 8416298.869 317668.025 2436949.178 18658.288 12107356734793.215
9982.000 2802.000 65842462.000 1.000 1580.000 620.000 684.000 24430.000 8768029.166 323329.230 1808043.779 26257541.890 16879510299456.305
10032.000 2802.000 65842472.000 1.000 1580.000 620.000 687.000 20729.542 9066637.747 323329.230 2396404.172 77874789.017 12391158415168.559
10074.000 2808.000 65842482.000 1.000 1580.000 620.000 691.000 15824.908 9321332.955 316541.784 3434910.769 188493770.291 6158344172282.994
10106.000 2813.000 65842492.000 1.000 1580.000 620.000 690.000 8794.800 9517754.446 310940.580 1575199.006 430953159.318 18846997641690.715
10124.000 2813.000 65842502.000 1.000 1580.000 620.000 684.000 5570.897 9629141.535 310940.580 2721940.274 575199366.886 10205287872231.490
10133.000 2820.000 65842512.000 1.000 1580.000 620.000 656.000 0.000 9685078.080 303182.893 0.000 873451408.121 35005113060225.039
10133.000 2820.000 65842522.000 1.000 1580.000 620.000 444.000 0.000 9685078.080 303182.893 0.000 873451408.121 35005113060225.039
