2278.000 4271.000 45249505.000 0.000 1330.000 520.000 48.000 33075.400 12659111.362 767645.562 2278474.610 149914077.156 953725624430.371
2278.000 4153.000 45249515.000 1.000 1330.000 520.000 66.000 24946.700 12659111.362 574797.254 1414225.620 16935203.764 12620226025.537
2278.000 4064.000 45249525.000 1.000 1330.000 520.000 93.000 29992.100 12659111.362 447766.870 1964202.250 83917333.015 438663026100.939
2278.000 3957.000 45249535.000 1.000 1330.000 520.000 103.000 36999.600 12659111.362 316016.947 1283602.456 261408764.836 334282154.076
2278.000 3825.000 45249545.000 1.000 1330.000 520.000 130.000 41578.988 12659111.362 185032.331 1311615.358 430459935.789 94663507.962
2288.000 3677.000 45249555.000 1.000 1330.000 520.000 146.000 36899.661 12588052.072 79610.793 224067.896 258187097.068 1161691521798.709
2301.000 3546.000 45249565.000 1.000 1310.000 520.000 144.000 37699.047 12495973.995 22847.485 657475.044 284515505.575 415265274832.606
2321.000 3413.000 45249575.000 1.000 1310.000 520.000 151.000 40044.659 12354975.415 329.562 1100203.288 369147032.185 40675852041.391
2344.000 3272.000 45249585.000 1.000 1310.000 520.000 153.000 36119.567 12193816.049 15091.178 877948.653 233726228.670 179722739068.327
2371.000 3146.000 45249595.000 1.000 1300.000 530.000 151.000 32987.392 12005978.966 61924.408 1661391.077 147766693.146 129244014966.685
2396.000 3031.000 45249605.000 1.000 1300.000 530.000 153.000 27060.203 11833355.741 132384.024 1692368.151 38797244.667 152476434700.201
2418.000 2937.000 45249615.000 1.000 1300.000 530.000 148.000 21022.500 11682481.303 209623.101 1294527.149 36496.444 54150342.726
2439.000 2865.000 45249625.000 1.000 1290.000 530.000 143.000 16404.137 11539367.794 280736.947 641713.214 19601185.174 435827896971.320
2456.000 2809.000 45249635.000 1.000 1290.000 530.000 55.000 14114.757 11424160.001 343215.716 90404.754 45114093.467 1467686423298.479
2423.000 3261.000 45249725.000 0.000 1260.000 540.000 98.000 11212.000 11648326.658 17914.793 2121338.430 92534002.495 671502546200.663
2447.000 3293.000 45249735.000 1.000 1260.000 540.000 105.000 3643.900 11485080.362 10372.639 392840.450 295412204.109 826363522252.867
2447.000 3306.000 45249745.000 1.000 1260.000 540.000 107.000 2242.400 11485080.362 7893.639 314272.360 345553135.844 975380387151.674
2439.000 3306.000 45249755.000 1.000 1260.000 540.000 112.000 3363.600 11539367.794 7893.639 449413.119 305126118.096 726709741148.783
2451.000 3306.000 45249765.000 1.000 1260.000 540.000 115.000 4966.929 11457984.646 7893.639 929187.773 251683330.332 138903849626.295
2468.000 3311.000 45249775.000 1.000 1260.000 540.000 136.000 8281.905 11343184.853 7030.178 1779956.856 157491320.005 228551895722.589
2495.000 3323.000 45249785.000 1.000 1260.000 540.000 155.000 14632.090 11162043.770 5161.870 1166789.954 38432183.115 18250898588.391
2544.000 3341.000 45249795.000 1.000 1260.000 540.000 175.000 18794.737 10837030.250 2899.408 1810379.777 4148238.843 258566083309.833
2608.000 3361.000 45249805.000 1.000 1260.000 540.000 187.000 25253.459 10419754.794 1145.562 467143.775 19554078.924 696794316157.232
2697.000 3375.000 45249815.000 1.000 1260.000 540.000 175.000 23586.874 9853098.114 393.870 325953.582 7592308.659 952443773463.874
2781.000 3380.000 45249825.000 1.000 1260.000 540.000 178.000 22424.000 9332808.078 220.408 722985.078 2536185.009 335126092990.929
2861.000 3380.000 45249835.000 1.000 1260.000 540.000 180.000 25003.326 8850413.759 220.408 308952.827 17404469.477 985915969586.083
2950.000 3386.000 45249845.000 1.000 1260.000 540.000 180.000 26105.548 8328791.078 78.254 371858.313 27816008.726 864951202177.417
3043.000 3391.000 45249855.000 1.000 1260.000 540.000 178.000 27432.192 7800650.682 14.793 246808.915 43569668.560 1113187319028.443
3140.000 3404.000 45249865.000 1.000 1260.000 540.000 178.000 26551.675 7268224.569 83.793 1124661.144 32720864.520 31408593100.902
3233.000 3422.000 45249875.000 1.000 1260.000 540.000 171.000 22539.327 6775424.173 737.331 469857.920 2916811.145 692270460732.793
3308.000 3451.000 45249885.000 1.000 1260.000 540.000 158.000 20863.059 6390604.498 3153.254 1430836.759 998.524 16628339344.605
3372.000 3489.000 45249895.000 1.000 1260.000 540.000 36.000 15758.397 6071121.043 8864.947 509953.603 25735963.879 627156669021.370
3408.000 4112.000 45250006.000 0.000 1270.000 530.000 22.000 35952.778 5895011.599 514309.639 9056178.503 228654270.942 60129054693453.031
3432.000 4238.000 45250016.000 1.000 1270.000 530.000 36.000 3643.900 5779045.303 710908.408 880547.034 295412204.109 177526389985.008
3445.000 4238.000 45250026.000 1.000 1280.000 530.000 58.000 6785.345 5716711.226 710908.408 3552753.167 197293334.625 5066403720852.639
3460.000 4219.000 45250036.000 1.000 1290.000 530.000 110.000 19460.169 5645207.291 679229.562 2284969.441 1880437.838 966453365287.007
3474.000 4151.000 45250046.000 1.000 1290.000 530.000 149.000 27612.040 5578876.285 571768.639 3822941.625 45976270.914 6355722267829.953
3484.000 4053.000 45250056.000 1.000 1300.000 530.000 177.000 41250.790 5531736.995 433166.485 938621.269 416949055.048 131961149012.404
3491.000 3906.000 45250066.000 1.000 1300.000 530.000 178.000 44599.421 5498858.492 261278.254 698221.414 564915990.350 364410739996.601
3497.000 3747.000 45250076.000 1.000 1300.000 530.000 191.000 47090.400 5470754.918 124012.331 1433621.819 689531952.298 17354367993.157
3497.000 3579.000 45250086.000 1.000 1300.000 530.000 196.000 41975.802 5470754.918 33912.639 625205.786 447083216.629 457895896354.320
3512.000 3430.000 45250096.000 1.000 1310.000 520.000 200.000 39745.314 5400810.984 1235.793 328717.340 357733889.249 947056930647.580
3527.000 3289.000 45250106.000 1.000 1300.000 530.000 203.000 38572.580 5331317.049 11203.408 2217751.820 314747353.971 838810492139.947
3548.000 3153.000 45250116.000 1.000 1300.000 530.000 200.000 30660.515 5234781.540 58489.562 1299147.054 96610330.568 7500952.287
3575.000 3047.000 45250126.000 1.000 1300.000 530.000 195.000 26025.670 5111960.457 120996.947 4329021.593 26979821.950 9163550863186.053
3610.000 2961.000 45250136.000 1.000 1300.000 530.000 176.000 10581.426 4954917.942 188222.485 65820.450 105063188.267 1527857649950.304
4490.000 3302.000 45250386.000 0.000 1280.000 520.000 129.000 16451.962 1811620.427 8620.408 4218644.499 19179999.000 8507481071089.030
4449.000 3260.000 45250396.000 1.000 1280.000 520.000 144.000 1401.500 1923670.516 18183.485 767203.524 377523329.046 285885179732.832
4454.000 3260.000 45250406.000 1.000 1280.000 520.000 146.000 4138.580 1909825.871 18183.485 288680.129 278652228.471 1026585814109.991
4461.000 3247.000 45250416.000 1.000 1270.000 520.000 136.000 5168.477 1890527.368 21858.485 418818.093 245329023.112 779808646930.761
4473.000 3233.000 45250426.000 1.000 1280.000 530.000 148.000 6662.655 1857672.220 26194.178 1310340.273 200755023.055 71477426.446
4495.000 3224.000 45250436.000 1.000 1280.000 530.000 175.000 11337.433 1798185.782 29188.408 905391.144 90136540.587 157208044467.587
4535.000 3218.000 45250446.000 1.000 1280.000 530.000 191.000 14567.512 1692508.623 31274.562 1767280.008 39237039.209 216591731008.081
4586.000 3228.000 45250456.000 1.000 1280.000 530.000 210.000 20872.471 1562411.244 27837.639 445197.126 1681.937 733915553800.052
4655.000 3256.000 45250466.000 1.000 1270.000 530.000 218.000 22460.759 1394677.143 19278.254 855672.090 2654616.620 199106711264.652
4725.000 3295.000 45250476.000 1.000 1270.000 530.000 209.000 25513.460 1234242.114 9969.254 1480352.314 21921127.989 31850282111.781
4799.000 3348.000 45250486.000 1.000 1270.000 530.000 211.000 20232.146 1075295.368 2194.562 698883.482 359176.760 363611844531.398
4848.000 3401.000 45250496.000 1.000 1280.000 540.000 209.000 17738.805 976073.847 37.870 1212393.923 9564512.314 8008803323.774
4881.000 3455.000 45250506.000 1.000 1280.000 540.000 209.000 13413.461 911957.191 3618.485 209419.418 55026702.843 1193482884606.699
4890.000 3502.000 45250516.000 1.000 1280.000 540.000 207.000 12666.335 894848.830 11481.947 344892.332 66669259.308 915836575588.611
4871.000 3543.000 45250526.000 1.000 1270.000 550.000 207.000 13896.775 931156.481 21949.562 280685.132 48089850.140 1042850887336.990
4834.000 3576.000 45250536.000 1.000 1270.000 550.000 212.000 14898.149 1003932.853 32816.716 223861.875 35204174.367 1162135670504.909
4782.000 3587.000 45250546.000 1.000 1270.000 550.000 225.000 15696.800 1110841.161 36923.101 502357.304 26364728.941 639245880909.648
4726.000 3587.000 45250556.000 1.000 1270.000 550.000 233.000 17489.013 1232021.185 36923.101 298053.361 11171949.100 1007679647190.170
4668.000 3564.000 45250566.000 1.000 1270.000 550.000 240.000 16425.676 1364141.066 28613.024 1020502.225 19410928.901 79176739153.437
4633.000 3517.000 45250576.000 1.000 1270.000 550.000 249.000 20066.426 1447123.581 14921.562 894638.836 585276.369 165850122792.301
4603.000 3452.000 45250586.000 1.000 1270.000 550.000 242.000 23258.145 1520201.451 3266.562 46086.646 5888802.157 1577031617270.957
4585.000 3371.000 45250596.000 1.000 1270.000 550.000 249.000 23093.726 1564912.173 568.639 27714.102 5117849.382 1623513619561.547
4577.000 3289.000 45250606.000 1.000 1290.000 550.000 254.000 22994.853 1584991.605 11203.408 1120186.435 4680271.116 33014674011.736
4590.000 3208.000 45250616.000 1.000 1290.000 550.000 255.000 18998.469 1552427.528 34911.485 342533.327 3359854.444 920357245436.923
4615.000 3145.000 45250626.000 1.000 1290.000 550.000 259.000 20220.493 1490754.303 62423.101 941261.976 373280.155 130049571751.474
4665.000 3093.000 45250636.000 1.000 1290.000 550.000 259.000 23578.545 1371157.853 91111.101 650302.167 7546478.338 424561283760.675
4739.000 3053.000 45250646.000 1.000 1290.000 550.000 259.000 25898.567 1203331.108 116858.793 911713.030 25675577.667 152234822166.596
4830.000 3037.000 45250656.000 1.000 1290.000 550.000 250.000 29151.200 1011964.569 128053.870 1415765.588 69218080.757 12968596857.645
4934.000 3037.000 45250666.000 1.000 1290.000 550.000 220.000 24100.306 813539.954 128053.870 140642.352 10685356.957 1348486439920.342
6164.000 4251.000 45250867.000 0.000 1340.000 540.000 61.000 14015.000 107607.291 732999.408 2483947.684 46464121.123 1397270201515.890
6134.000 4291.000 45250877.000 1.000 1340.000 540.000 47.000 5153.253 88825.161 803091.716 48336.894 245806161.376 1571384961634.715
6117.000 4284.000 45250887.000 1.000 1340.000 540.000 50.000 5325.700 78980.954 790594.562 471408.540 240428579.966 689692546886.557
6098.000 4284.000 45250897.000 1.000 1350.000 540.000 55.000 7007.500 68662.605 790594.562 1021385.170 191101858.303 78680626232.278
6098.000 4259.000 45250907.000 1.000 1360.000 540.000 66.000 10651.400 68662.605 746761.870 2199906.520 103633612.929 806441140549.269
6098.000 4221.000 45250917.000 1.000 1360.000 540.000 103.000 18499.800 68662.605 682530.178 2367266.082 5436636.369 1135035058669.701
6098.000 4155.000 45250927.000 1.000 1360.000 540.000 137.000 26945.273 68662.605 577833.870 1504406.259 37378714.608 41014519850.696
6093.000 4059.000 45250937.000 1.000 1360.000 540.000 187.000 32312.402 66067.250 441100.331 2592391.269 131812038.990 1665404260613.798
6085.000 3944.000 45250947.000 1.000 1370.000 540.000 188.000 41561.033 62018.682 301569.947 302092.764 429715214.425 999586196107.216
6076.000 3796.000 45250957.000 1.000 1370.000 540.000 191.000 42638.781 57617.043 160924.408 1187821.984 475559267.778 13010563392.724
6070.000 3644.000 45250967.000 1.000 1370.000 540.000 191.000 38401.100 54772.617 62077.639 844315.175 308692264.700 209370914058.781
6070.000 3507.000 45250977.000 1.000 1360.000 550.000 193.000 35388.916 54772.617 12578.485 381299.938 211919537.596 847478404148.655
6078.000 3381.000 45250987.000 1.000 1360.000 550.000 183.000 36749.244 58581.185 191.716 5940749.957 253375861.034 21519060290006.332
6095.000 3251.000 45250997.000 1.000 1360.000 550.000 146.000 15554.988 67099.392 20691.716 214052.333 27841152.271 1183381740355.160
7366.000 3649.000 45251237.000 0.000 1340.000 550.000 15.000 33882.694 2341008.640 64594.178 5946945.428 170334720.043 21576578570078.871
7290.000 3743.000 45251247.000 1.000 1350.000 550.000 56.000 12666.335 2114219.244 121211.101 282470.083 66669259.308 1039208486934.869
7249.000 3762.000 45251257.000 1.000 1350.000 550.000 106.000 11658.593 1996669.333 134801.947 112438.421 84141481.184 1414785164100.078
7208.000 3769.000 45251267.000 1.000 1350.000 550.000 119.000 11257.457 1882481.421 139991.101 1041130.063 91661525.286 67993575575.233
7170.000 3756.000 45251277.000 1.000 1360.000 560.000 137.000 14971.799 1779650.723 130432.101 1249595.900 34335622.042 2734237892.655
7137.000 3714.000 45251287.000 1.000 1360.000 560.000 149.000 19429.865 1692693.380 101859.178 839747.126 1964467.350 213572191573.706
7106.000 3652.000 45251297.000 1.000 1360.000 560.000 137.000 22425.752 1612990.179 66128.101 260733.939 2541768.340 1083997282298.938
7081.000 3576.000 45251307.000 1.000 1350.000 570.000 146.000 21495.556 1550113.404 32816.716 211165.687 441024.063 1189670453567.308
7065.000 3501.000 45251317.000 1.000 1350.000 570.000 148.000 20742.200 1510528.268 11268.639 434562.264 7967.272 752250186604.224
7065.000 3427.000 45251327.000 1.000 1350.000 570.000 149.000 19191.853 1510528.268 1033.870 1215367.626 2688309.717 7485401465.353
7073.000 3359.000 45251337.000 1.000 1350.000 570.000 151.000 14855.900 1530256.836 1284.947 218457.131 35707312.222 1173817768882.966
7101.000 3314.000 45251347.000 1.000 1350.000 570.000 156.000 14076.531 1600314.824 6536.101 17247.139 45629060.039 1650296593764.076
7142.000 3285.000 45251357.000 1.000 1350.000 570.000 160.000 14015.000 1705728.735 12066.178 1396866.361 46464121.123 9021299246.912
7192.000 3285.000 45251367.000 1.000 1350.000 570.000 158.000 18998.469 1838832.285 12066.178 993967.906 3359854.444 94813454476.024
7255.000 3310.000 45251377.000 1.000 1350.000 570.000 160.000 22544.555 2013661.759 7198.870 963900.405 2934695.939 114234154708.120
7318.000 3360.000 45251387.000 1.000 1350.000 570.000 160.000 25983.372 2196429.232 1214.254 1084719.235 26542201.646 47161334607.358
7381.000 3428.000 45251397.000 1.000 1360.000 560.000 161.000 22113.521 2387134.705 1099.178 2142449.224 1643681.500 706546801437.254
7421.000 3496.000 45251407.000 1.000 1350.000 570.000 165.000 14470.106 2512337.546 10232.101 1670293.685 40466819.293 135724339782.320
7448.000 3540.000 45251417.000 1.000 1350.000 570.000 184.000 8511.156 2598658.463 21069.639 1835700.397 151789880.155 284957980576.517
7457.000 3569.000 45251427.000 1.000 1350.000 570.000 202.000 1962.100 2627756.102 30329.562 549976.630 356052730.732 565367461052.743
7457.000 3576.000 45251437.000 1.000 1350.000 570.000 216.000 0.000 2627756.102 32816.716 785680.900 433949707.982 266467540746.278
7457.000 3576.000 45251447.000 1.000 1350.000 570.000 226.000 2803.000 2627756.102 32816.716 305821.876 325025354.610 992143421664.257
7447.000 3576.000 45251457.000 1.000 1350.000 570.000 235.000 3894.052 2595435.392 32816.716 776039.421 286875775.327 276514457053.435
7440.000 3564.000 45251467.000 1.000 1350.000 570.000 242.000 6662.655 2572929.895 28613.024 459187.740 200755023.055 710140088830.641
7431.000 3542.000 45251477.000 1.000 1350.000 570.000 254.000 8300.856 2544138.256 21654.254 295608.865 157016025.928 1012593351713.189
7425.000 3513.000 45251487.000 1.000 1350.000 570.000 249.000 9355.472 2525033.830 13960.331 677520.978 131698290.798 389831481705.673
7420.000 3480.000 45251497.000 1.000 1350.000 570.000 257.000 11772.600 2509168.475 7251.178 2749883.150 82062936.781 2096696207899.405
7420.000 3438.000 45251507.000 1.000 1350.000 570.000 279.000 21583.100 2509168.475 1862.254 1728497.980 564963.330 181997917445.075
7420.000 3361.000 45251517.000 1.000 1350.000 570.000 279.000 27749.700 2509168.475 1145.562 2042770.340 47862050.592 548909841384.553
7420.000 3262.000 45251527.000 1.000 1350.000 570.000 287.000 35037.500 2509168.475 17648.101 392840.450 201811584.586 826363522252.867
7420.000 3137.000 45251537.000 1.000 1360.000 570.000 291.000 36439.000 2509168.475 66484.639 314272.360 243595318.150 975380387151.674
7420.000 3007.000 45251547.000 1.000 1360.000 570.000 292.000 37560.200 2509168.475 150424.639 0.000 279850756.242 1694906742071.862
7420.000 2873.000 45251557.000 1.000 1360.000 570.000 296.000 37560.200 2509168.475 272323.408 519092.055 279850756.242 612766110844.384
7420.000 2739.000 45251567.000 1.000 1360.000 570.000 292.000 35708.284 2509168.475 430134.178 2885284.588 221319905.003 2507151593125.477
7410.000 2612.000 45251577.000 1.000 1360.000 570.000 292.000 25414.725 2477587.765 612848.101 1882602.155 21006321.965 337231437758.089
7399.000 2522.000 45251587.000 1.000 1360.000 570.000 294.000 18698.342 2443079.984 761860.408 462035.028 4550190.584 705349387500.417
7384.000 2457.000 45251597.000 1.000 1360.000 570.000 297.000 17049.983 2396413.918 879555.408 329075.844 14299565.079 946359289572.387
7356.000 2403.000 45251607.000 1.000 1360.000 570.000 297.000 15875.970 2310507.930 983758.793 656891.459 24556876.918 416017752353.578
7318.000 2361.000 45251617.000 1.000 1360.000 570.000 292.000 18219.500 2196429.232 1068837.870 393401.611 6822332.816 825343595513.615
7262.000 2328.000 45251627.000 1.000 1360.000 570.000 294.000 19623.002 2033577.256 1138160.716 93477.808 1460369.708 1460249973360.888
7197.000 2302.000 45251637.000 1.000 1360.000 570.000 296.000 19956.494 1852417.640 1194312.716 565447.508 765564.756 542341417788.904
7127.000 2289.000 45251647.000 1.000 1360.000 570.000 301.000 17939.200 1666772.670 1222895.716 56170.719 8365165.443 1551806164294.944
7063.000 2289.000 45251657.000 1.000 1360.000 570.000 301.000 17738.805 1505616.126 1222895.716 171811.847 9564512.314 1277067231112.693
7000.000 2295.000 45251667.000 1.000 1350.000 580.000 299.000 17125.848 1354978.652 1209661.562 419543.510 13731557.137 778527988447.999
6943.000 2317.000 45251677.000 1.000 1350.000 580.000 301.000 15629.082 1225527.605 1161752.331 263683.816 27064732.422 1077863443976.916
6896.000 2347.000 45251687.000 1.000 1350.000 580.000 296.000 14688.362 1123675.268 1097981.562 849244.251 37737647.803 204884408676.326
6857.000 2382.000 45251697.000 1.000 1350.000 580.000 282.000 11658.593 1042513.498 1025857.331 3032570.745 84141481.184 2995270238162.378
6838.000 2419.000 45251707.000 1.000 1350.000 580.000 207.000 22477.611 1004075.149 952275.716 83966.639 2709814.517 1483327181735.522
8923.000 3467.000 45251998.000 0.000 1390.000 560.000 186.000 13760.418 9529788.197 5206.178 42647.365 49999628.941 1585681538544.669
8950.000 3508.000 45252008.000 1.000 1400.000 560.000 200.000 13608.269 9697217.114 12803.793 1138465.078 52174482.068 26706345663.464
8924.000 3549.000 45252018.000 1.000 1400.000 560.000 213.000 9546.674 9535963.268 23763.408 2675932.722 127346385.450 1888004832161.483
8902.000 3575.000 45252028.000 1.000 1400.000 560.000 213.000 0.000 9400573.705 32455.408 5169398.273 433949707.982 14957652414420.717
8902.000 3575.000 45252038.000 1.000 1400.000 560.000 217.000 18442.377 9400573.705 32455.408 1514504.066 5707715.545 45206509753.122
8857.000 3623.000 45252048.000 1.000 1390.000 570.000 217.000 13039.223 9126655.510 52054.178 597229.324 60718950.825 496540806450.224
8837.000 3665.000 45252058.000 1.000 1390.000 570.000 218.000 15169.902 9006214.090 72983.101 480037.015 32053234.163 675435492214.017
8812.000 3713.000 45252068.000 1.000 1390.000 570.000 212.000 13457.319 8856787.315 101221.870 2327629.700 54377949.205 1052150465004.551
8784.000 3752.000 45252078.000 1.000 1390.000 570.000 251.000 5153.253 8690913.327 127558.870 225923.762 245806161.376 1157694394682.006
8767.000 3759.000 45252088.000 1.000 1390.000 570.000 241.000 5959.260 8590969.120 132608.024 4272816.398 221182320.168 8826428376625.867
8751.000 3745.000 45252098.000 1.000 1390.000 570.000 259.000 21202.986 8497431.984 122607.716 2986300.503 138031.885 2837252754756.608
8720.000 3676.000 45252108.000 1.000 1390.000 570.000 280.000 31856.930 8317660.782 79047.485 1684467.054 121560998.115 146368384812.207
8679.000 3570.000 45252118.000 1.000 1380.000 580.000 277.000 37866.445 8082850.871 30678.870 833262.946 290190728.465 219607417385.431
8646.000 3439.000 45252128.000 1.000 1380.000 580.000 287.000 34893.691 7896299.528 1949.562 2159596.857 197746352.679 735668187576.777
8635.000 3315.000 45252138.000 1.000 1380.000 580.000 291.000 27189.100 7834599.747 6375.408 1026531.478 40419591.787 75820025027.618
8635.000 3218.000 45252148.000 1.000 1380.000 580.000 296.000 23526.840 7834599.747 31274.562 1464131.073 7265075.641 26323515421.938
8666.000 3140.000 45252158.000 1.000 1380.000 580.000 306.000 18303.397 8009100.948 64946.562 23516.329 6391100.378 1634228608303.401
8716.000 3098.000 45252168.000 1.000 1380.000 580.000 317.000 18219.500 8294604.498 88117.639 2149465.694 6822332.816 718391607813.333
8781.000 3098.000 45252178.000 1.000 1360.000 570.000 307.000 25887.947 8673234.114 88117.639 2381899.143 25568065.090 1166428733263.817
8868.000 3129.000 45252188.000 1.000 1360.000 570.000 316.000 34385.625 9193239.291 70674.178 1884463.627 183715400.396 339396877154.326
8961.000 3209.000 45252198.000 1.000 1360.000 570.000 316.000 41108.649 9765846.895 34538.793 46246.977 411164411.019 1576628955895.633
9058.000 3319.000 45252208.000 1.000 1360.000 570.000 317.000 41273.640 10381512.782 5752.639 2769024.557 417882740.571 2152496013027.884
9129.000 3448.000 45252218.000 1.000 1360.000 570.000 304.000 31394.851 10844082.824 2825.331 5008303.136 111585238.420 13737529167306.891
9173.000 3551.000 45252228.000 1.000 1360.000 570.000 325.000 13527.198 11135805.948 24384.024 3791673.599 53352237.141 6199043081654.562
9200.000 3591.000 45252238.000 1.000 1380.000 570.000 348.000 0.000 11316734.865 38476.331 3155465.197 433949707.982 3435756430305.524
9200.000 3591.000 45252248.000 1.000 1380.000 570.000 394.000 11257.457 11316734.865 38476.331 3809231.591 91661525.286 6286782711823.426
9187.000 3553.000 45252258.000 1.000 1390.000 570.000 427.000 24847.295 11229438.942 25012.639 2557613.047 16126934.169 1576850816780.206
9170.000 3466.000 45252268.000 1.000 1390.000 570.000 442.000 33971.851 11115792.735 5062.870 408411.395 172669886.829 798296585020.587
9153.000 3346.000 45252278.000 1.000 1390.000 570.000 447.000 32514.800 11002724.528 2385.947 911901.672 136500443.511 152087651793.709
9153.000 3230.000 45252288.000 1.000 1390.000 570.000 442.000 29261.494 11002724.528 27174.254 196340.340 71065480.424 1222230853996.338
9170.000 3127.000 45252298.000 1.000 1400.000 580.000 439.000 29961.959 11115792.735 71741.562 8398337.108 83366019.769 50359620589944.789
9219.000 3032.000 45252308.000 1.000 1400.000 580.000 372.000 0.000 11444929.214 131657.331 0.000 433949707.982 1694906742071.862
