3197.000 6161.000 35307362.000 0.000 1150.000 500.000 186.000 0.000 5587077.690 210963.294 9031998.464 367763414.669 25685362528684.430
3197.000 6161.000 35307372.000 1.000 1150.000 500.000 301.000 26141.819 5587077.690 210963.294 8005136.878 48506493.507 16331388572599.705
3160.000 6227.000 35307382.000 1.000 1150.000 500.000 359.000 2972.103 5763360.490 275947.872 1026861.586 262603829.280 8626345037475.987
3153.000 6232.000 35307392.000 1.000 1160.000 500.000 428.000 0.000 5797019.290 281225.946 596851.250 367763414.669 11337189695787.057
3153.000 6232.000 35307402.000 1.000 1160.000 500.000 477.000 1727.500 5797019.290 281225.946 2029294.250 304490587.712 3742798470376.919
3158.000 6232.000 35307412.000 1.000 1160.000 500.000 535.000 7601.000 5772967.290 281225.946 2638339.577 134007449.562 1757178311207.087
3158.000 6210.000 35307422.000 1.000 1160.000 500.000 568.000 15237.294 5772967.290 258376.420 3064103.027 15522533.621 809680667519.425
3182.000 6173.000 35307432.000 1.000 1180.000 510.000 611.000 24105.899 5658213.690 222130.672 2990833.879 24292481.237 946907502495.570
3214.000 6111.000 35307442.000 1.000 1180.000 510.000 641.000 32762.437 5507000.890 167532.554 1866533.691 184559787.294 4399052830751.882
3258.000 6027.000 35307452.000 1.000 1180.000 510.000 676.000 38164.850 5302427.290 105824.909 4880407.238 360532422.029 839938588066.192
3307.000 5928.000 35307462.000 1.000 1180.000 510.000 690.000 52290.486 5079163.690 51215.043 289117.855 1096492446.839 13504211981657.656
3362.000 5787.000 35307472.000 1.000 1190.000 500.000 714.000 53127.296 4834281.690 7277.354 0.000 1152611824.701 15712706182771.594
3421.000 5645.000 35307482.000 1.000 1180.000 510.000 724.000 53127.296 4578316.090 3214.050 1617660.367 1152611824.701 5504960555680.842
3480.000 5503.000 35307492.000 1.000 1180.000 510.000 730.000 48445.211 4329312.490 39478.746 4240376.434 856618887.170 76425062194.038
3530.000 5372.000 35307502.000 1.000 1180.000 510.000 720.000 36172.052 4123742.490 108697.206 3151431.953 288826399.285 660145930604.215
3574.000 5277.000 35307512.000 1.000 1170.000 510.000 721.000 27050.686 3946976.890 180363.798 2242729.985 61992432.610 2962514353968.946
3607.000 5206.000 35307522.000 1.000 1170.000 510.000 728.000 20559.427 3816943.690 245711.146 2394583.453 1910665.735 2462834782441.397
3632.000 5152.000 35307532.000 1.000 1150.000 510.000 730.000 13628.650 3719883.690 302161.946 1878843.165 30785948.465 4347568771495.285
3652.000 5118.000 35307542.000 1.000 1150.000 510.000 721.000 8190.609 3643135.690 340697.043 2829855.410 120704273.660 1286115201693.396
3663.000 5097.000 35307552.000 1.000 1140.000 510.000 727.000 0.000 3601265.290 365653.132 0.000 367763414.669 15712706182771.594
3663.000 5097.000 35307562.000 1.000 1140.000 510.000 710.000 0.000 3601265.290 365653.132 0.000 367763414.669 15712706182771.594
3663.000 5097.000 35307572.000 1.000 1130.000 520.000 681.000 0.000 3601265.290 365653.132 4655439.750 367763414.669 478191816085.084
3663.000 5097.000 35307582.000 1.000 1120.000 520.000 575.000 13474.500 3601265.290 365653.132 6945490.105 32520315.911 8889726882104.279
3663.000 5136.000 35307592.000 1.000 1120.000 520.000 265.000 33577.221 3601265.290 320008.109 92422.085 207361795.097 14988539486617.102
3777.000 6013.000 35307683.000 0.000 1120.000 520.000 207.000 31142.949 3181585.690 96912.302 8037828.433 143180138.213 16596684271722.193
3827.000 6088.000 35307693.000 1.000 1120.000 520.000 306.000 7878.612 3005715.690 149233.413 1408987.696 127657156.863 6527707706468.034
3821.000 6110.000 35307703.000 1.000 1130.000 520.000 400.000 3800.500 3026556.090 166714.939 596851.250 236441631.865 11337189695787.057
3821.000 6121.000 35307713.000 1.000 1130.000 520.000 544.000 5528.000 3026556.090 175818.702 238740.500 186299532.409 13877004048467.404
3805.000 6121.000 35307723.000 1.000 1140.000 510.000 586.000 6219.000 3082482.490 175818.702 6060156.030 167913876.126 4394182004850.756
3787.000 6121.000 35307733.000 1.000 1140.000 510.000 606.000 23759.249 3146011.690 175818.702 5387340.731 20995551.789 2026110627821.255
3742.000 6069.000 35307743.000 1.000 1150.000 510.000 627.000 39352.131 3307669.690 134914.732 8441151.659 407029508.501 20045553160306.086
3659.000 5991.000 35307753.000 1.000 1150.000 510.000 656.000 63783.829 3616462.890 83698.776 720179.893 1989755037.896 10521886228404.238
3550.000 5842.000 35307763.000 1.000 1170.000 510.000 688.000 65868.286 4042914.490 19686.169 1103716.334 2180061371.312 8180797060058.222
3439.000 5687.000 35307773.000 1.000 1160.000 500.000 707.000 62673.738 4501610.890 215.872 1503173.069 1891952413.379 6055303031509.448
3330.000 5542.000 35307783.000 1.000 1160.000 500.000 727.000 58323.020 4976022.490 25501.724 5843592.138 1532398459.239 3533146284386.180
3230.000 5406.000 35307793.000 1.000 1160.000 500.000 748.000 41409.584 5432162.490 87434.109 5075283.058 494280736.038 1235115393722.559
3161.000 5308.000 35307803.000 1.000 1170.000 510.000 746.000 26719.908 5758560.090 154993.857 4625521.178 56893067.450 437708705418.263
3111.000 5249.000 35307813.000 1.000 1170.000 510.000 745.000 13332.003 6001030.090 204930.583 4606207.037 34165844.811 412525441003.468
3091.000 5216.000 35307823.000 1.000 1150.000 510.000 730.000 0.000 6099418.090 235897.294 2387405.000 367763414.669 2485417210352.197
3091.000 5216.000 35307833.000 1.000 1150.000 510.000 720.000 6910.000 6099418.090 235897.294 2599072.120 150483181.844 1862825028904.686
3111.000 5216.000 35307843.000 1.000 1140.000 510.000 725.000 14432.640 6001030.090 235897.294 1046150.852 22510457.413 8513409495109.210
3152.000 5224.000 35307853.000 1.000 1140.000 510.000 696.000 17460.573 5801835.690 228190.213 2403595.821 2946666.364 2434629027278.554
3197.000 5247.000 35307863.000 1.000 1130.000 520.000 645.000 10503.711 5587077.690 206745.354 2513302.782 75228694.491 2104306567581.027
3246.000 5283.000 35307883.000 1.000 1130.000 520.000 407.000 25052.497 5357836.090 175303.487 455559.880 34519600.488 12308630043358.689
4239.000 6238.000 35308073.000 0.000 1100.000 480.000 233.000 0.000 1746890.890 287625.635 6973715.728 367763414.669 9058836599089.115
4239.000 6238.000 35308083.000 1.000 1110.000 480.000 338.000 20184.416 1746890.890 287625.635 5780013.228 1014567.328 3298174263211.725
4232.000 6296.000 35308093.000 1.000 1110.000 480.000 439.000 3455.000 1765443.690 353201.294 119370.250 247186273.256 14780605859034.436
4232.000 6306.000 35308103.000 1.000 1120.000 480.000 532.000 3109.500 1765443.690 365187.443 238740.500 258169655.148 13877004048467.404
4232.000 6297.000 35308113.000 1.000 1130.000 490.000 569.000 2418.500 1765443.690 354390.909 5225314.360 280852640.430 1591101597351.180
4232.000 6290.000 35308123.000 1.000 1140.000 480.000 641.000 17542.420 1765443.690 346105.606 2961621.509 2672370.520 1004613496002.770
4259.000 6247.000 35308133.000 1.000 1150.000 490.000 696.000 26114.407 1694422.890 297360.169 1387352.140 48125414.387 6638730808060.035
4292.000 6179.000 35308143.000 1.000 1150.000 490.000 721.000 30129.898 1609599.690 227822.361 656519.445 119962498.823 10938935491183.396
4331.000 6101.000 35308153.000 1.000 1170.000 500.000 754.000 28229.697 1512162.090 159446.406 1241164.871 81948450.209 7413426001421.953
4361.000 6025.000 35308163.000 1.000 1170.000 500.000 760.000 24637.324 1439280.090 104527.680 815822.240 29813405.427 9910554781473.508
4388.000 5959.000 35308173.000 1.000 1170.000 500.000 768.000 22276.044 1375225.290 66207.102 1157105.758 9603090.286 7878237639915.617
4414.000 5900.000 35308183.000 1.000 1180.000 490.000 771.000 18926.968 1314920.890 39325.828 1467787.650 62595.372 6230704678299.178
4434.000 5849.000 35308193.000 1.000 1180.000 490.000 767.000 14678.668 1269452.890 21699.472 1098045.988 20236418.311 8213265965252.469
4453.000 5811.000 35308203.000 1.000 1170.000 500.000 765.000 11500.532 1226999.290 11948.109 1418798.859 58930597.036 6477670140874.819
4471.000 5783.000 35308213.000 1.000 1170.000 500.000 756.000 7394.023 1187446.090 6610.894 858064.797 138842286.226 9646371343624.240
4484.000 5766.000 35308223.000 1.000 1170.000 500.000 749.000 4910.478 1159282.890 4135.443 571464.601 203538177.350 11508791647226.094
4495.000 5757.000 35308233.000 1.000 1160.000 500.000 724.000 6564.500 1135716.490 3058.909 358110.750 159079158.735 13001900751070.496
4514.000 5757.000 35308243.000 1.000 1160.000 500.000 617.000 7601.000 1095580.890 3058.909 5386779.984 134007449.562 2024514590732.417
4536.000 5757.000 35308253.000 1.000 1160.000 500.000 22.000 23192.259 1050010.090 3058.909 150743.186 16121030.657 14540360142097.934
4888.000 6248.000 35308343.000 0.000 1130.000 510.000 153.000 27118.999 452525.290 298451.783 7000182.410 63072827.821 9218855400617.791
4944.000 6303.000 35308353.000 1.000 1130.000 510.000 339.000 6857.979 380318.890 361570.598 547323.825 151762187.751 11673167706547.629
4931.000 6318.000 35308363.000 1.000 1140.000 510.000 443.000 5273.829 396522.090 379834.820 684667.330 193302575.923 10753534818269.787
4918.000 6326.000 35308373.000 1.000 1140.000 510.000 530.000 7255.500 413063.290 389759.739 1201395.748 142125945.453 7631571197433.514
4897.000 6326.000 35308383.000 1.000 1140.000 510.000 569.000 10732.767 440497.690 389759.739 2093272.212 71307750.683 3499344107680.134
4871.000 6309.000 35308393.000 1.000 1150.000 510.000 597.000 16791.442 475686.090 368822.287 3061747.754 5691644.031 813924870464.427
4832.000 6280.000 35308403.000 1.000 1150.000 510.000 613.000 25653.230 531003.690 334439.457 591204.052 41939499.866 11375250657731.764
4779.000 6228.000 35308413.000 1.000 1170.000 510.000 620.000 27364.385 611054.890 276999.487 1769138.278 67030674.973 4817091400127.275
4716.000 6180.000 35308423.000 1.000 1170.000 510.000 614.000 22243.869 713518.090 228777.976 913690.643 9404712.246 9303933308630.445
4669.000 6136.000 35308433.000 1.000 1170.000 510.000 622.000 19599.323 795128.890 188622.924 1588917.186 178222.721 5640664978815.279
4626.000 6099.000 35308443.000 1.000 1180.000 510.000 630.000 15000.431 873664.090 157853.176 1099558.242 17445054.032 8204600376343.301
4592.000 6072.000 35308453.000 1.000 1180.000 510.000 634.000 11817.918 938379.690 137127.576 790115.658 54158423.244 10073069564300.793
4565.000 6051.000 35308463.000 1.000 1180.000 510.000 641.000 9531.042 991418.490 122015.665 674980.893 93047566.818 10817157302659.650
4545.000 6032.000 35308473.000 1.000 1180.000 510.000 647.000 7577.407 1031646.490 109102.983 838159.851 134554238.814 9770411533736.588
4529.000 6017.000 35308483.000 1.000 1180.000 510.000 638.000 5151.474 1064404.890 99418.761 1618031.152 196719830.473 5503220773251.612
4519.000 6004.000 35308494.000 1.000 1180.000 510.000 643.000 0.000 1085138.890 91389.769 0.000 367763414.669 15712706182771.594
4519.000 6004.000 35308504.000 1.000 1180.000 510.000 649.000 0.000 1085138.890 91389.769 3535052.695 367763414.669 183931970854.217
4519.000 6004.000 35308514.000 1.000 1180.000 510.000 652.000 10231.701 1085138.890 91389.769 2221979.945 80021212.932 3034374673954.075
4513.000 5975.000 35308524.000 1.000 1180.000 510.000 658.000 3800.500 1097675.290 74696.939 673644.153 236441631.865 10825952017435.639
4513.000 5964.000 35308534.000 1.000 1180.000 510.000 670.000 5750.266 1097675.290 68805.176 265556.482 180281446.782 13677934152043.242
4522.000 5950.000 35308544.000 1.000 1180.000 510.000 670.000 6518.881 1078897.690 61656.569 1324852.918 160231993.580 6964704634484.555
4532.000 5934.000 35308554.000 1.000 1170.000 500.000 694.000 10353.477 1058223.690 53966.732 858888.124 77857358.220 9641257743372.639
4545.000 5907.000 35308564.000 1.000 1180.000 490.000 717.000 12839.405 1031646.490 42151.132 698294.196 40167121.586 10664348483627.150
4560.000 5873.000 35308574.000 1.000 1180.000 490.000 737.000 14860.517 1001400.490 29346.228 147831.504 18633395.310 14562574169200.137
4573.000 5832.000 35308584.000 1.000 1170.000 500.000 759.000 14432.640 975551.290 16980.020 146443.630 22510457.413 14573168610956.316
4581.000 5791.000 35308594.000 1.000 1170.000 500.000 794.000 14856.500 959812.090 7975.813 238740.500 18668091.346 13877004048467.404
4581.000 5748.000 35308604.000 1.000 1170.000 500.000 817.000 15547.500 959812.090 2144.376 954962.000 13174422.063 9053861961637.836
4581.000 5703.000 35308614.000 1.000 1160.000 500.000 833.000 18311.500 959812.090 1.709 2077754.426 749364.934 3557641707352.796
4581.000 5650.000 35308624.000 1.000 1160.000 500.000 869.000 24325.261 959812.090 2672.124 1055291.054 26502957.596 8460154937180.249
4567.000 5581.000 35308634.000 1.000 1140.000 500.000 887.000 27379.649 987439.690 14566.702 1158917.214 67280847.608 7868072059991.697
4553.000 5503.000 35308644.000 1.000 1140.000 500.000 900.000 30733.968 1015459.290 39478.746 390691.055 133559841.881 12768005132003.359
4540.000 5415.000 35308654.000 1.000 1130.000 500.000 929.000 31864.767 1041828.490 82192.643 298179.974 160975405.126 13437691013437.082
4525.000 5324.000 35308664.000 1.000 1110.000 500.000 940.000 32727.806 1072674.490 142651.694 1077071.374 183620043.052 8333927337057.391
4507.000 5231.000 35308674.000 1.000 1110.000 500.000 965.000 29610.378 1110283.690 221551.517 866095.599 108852065.580 9596550731066.691
4490.000 5147.000 35308684.000 1.000 1100.000 500.000 985.000 27103.589 1146398.490 307683.872 1023734.121 62828297.770 8644725948342.525
4475.000 5070.000 35308694.000 1.000 1100.000 500.000 978.000 24140.538 1178744.490 399035.532 1923363.950 24635134.370 4163891857970.949
4464.000 5001.000 35308704.000 1.000 1090.000 500.000 987.000 18573.638 1202750.890 490970.109 1234543.018 364237.200 7449529292996.469
4455.000 4948.000 35308714.000 1.000 1090.000 500.000 991.000 15000.431 1222572.490 568052.524 2675873.661 17445054.032 1659077804202.282
4449.000 4905.000 35308724.000 1.000 1080.000 510.000 993.000 7255.500 1235876.890 634719.087 1551813.250 142125945.453 5818286001458.299
4449.000 4884.000 35308734.000 1.000 1080.000 510.000 991.000 2764.000 1235876.890 668621.176 954962.000 269391777.539 9053861961637.836
4449.000 4876.000 35308744.000 1.000 1060.000 510.000 991.000 0.000 1235876.890 681768.257 0.000 367763414.669 15712706182771.594
4449.000 4876.000 35308754.000 1.000 1060.000 510.000 981.000 0.000 1235876.890 681768.257 1074332.250 367763414.669 8349749743261.678
4449.000 4876.000 35308764.000 1.000 1070.000 520.000 991.000 3109.500 1235876.890 681768.257 716221.500 258169655.148 10547581937900.525
4449.000 4885.000 35308774.000 1.000 1070.000 520.000 974.000 5182.500 1235876.890 666986.791 3653567.142 195850471.300 96322374052.208
4449.000 4900.000 35308784.000 1.000 1070.000 520.000 937.000 15757.224 1235876.890 642711.013 3014337.553 11695953.150 901717463900.926
4461.000 4944.000 35308794.000 1.000 1070.000 520.000 821.000 24481.790 1209340.090 574098.065 2634233.309 28139113.543 1768081595600.130
4472.000 5014.000 35308804.000 1.000 1070.000 520.000 316.000 16857.381 1185267.690 472921.102 63260.555 5381368.440 15215187813394.941
5842.000 5773.000 35309125.000 0.000 1110.000 500.000 148.000 22734.845 79129.690 5084.746 2525839.595 12657132.020 2068091365190.990
5881.000 5826.000 35309135.000 1.000 1130.000 500.000 212.000 15424.166 102592.090 15452.332 57181.977 14084953.984 15262645755992.596
5893.000 5869.000 35309145.000 1.000 1140.000 500.000 316.000 15589.671 110423.290 27991.769 580188.821 12870067.785 11449674607002.334
5903.000 5913.000 35309155.000 1.000 1150.000 490.000 413.000 13910.398 117169.290 44650.820 508713.509 27738767.959 11938490611606.125
5913.000 5952.000 35309165.000 1.000 1160.000 490.000 519.000 12438.000 124115.290 62653.798 954962.000 45416259.584 9053861961637.836
5913.000 5988.000 35309175.000 1.000 1160.000 490.000 595.000 15202.000 124115.290 81971.932 1661249.684 15801886.455 5302316385998.010
5913.000 6032.000 35309185.000 1.000 1160.000 490.000 617.000 10393.752 124115.290 109102.983 289423.277 77148232.737 13501967340676.490
5902.000 6060.000 35309195.000 1.000 1170.000 490.000 638.000 9556.058 116485.690 128384.198 406552.959 92565578.109 12654900125275.543
5881.000 6078.000 35309205.000 1.000 1180.000 490.000 663.000 10732.767 102592.090 141607.265 510516.328 71307750.683 11926035617739.807
5855.000 6095.000 35309215.000 1.000 1180.000 490.000 688.000 12210.383 86612.490 154690.717 628685.620 48535963.241 11123825741385.410
5823.000 6110.000 35309225.000 1.000 1190.000 500.000 694.000 14030.023 68801.290 166714.939 643658.553 26493005.609 11024173280511.918
5783.000 6117.000 35309235.000 1.000 1190.000 500.000 707.000 15893.000 49417.290 172480.243 171196.632 10785698.172 14384793044259.967
5737.000 6117.000 35309245.000 1.000 1190.000 500.000 713.000 16388.504 31081.690 172480.243 1796263.483 7776594.871 4698759064652.421
5692.000 6102.000 35309255.000 1.000 1190.000 500.000 725.000 21587.530 17239.690 160246.020 1592418.483 5809889.947 5624046018208.085
5644.000 6062.000 35309265.000 1.000 1190.000 500.000 730.000 26196.556 6938.890 129821.428 3338318.776 49271938.871 391383901460.717
5594.000 6005.000 35309275.000 1.000 1200.000 500.000 722.000 35858.839 1108.890 91995.383 2145048.843 278278458.620 3308312666532.153
5550.000 5911.000 35309285.000 1.000 1200.000 500.000 733.000 42067.374 114.490 43809.591 1013668.669 523961957.837 8704015974123.747
5510.000 5796.000 35309295.000 1.000 1190.000 500.000 751.000 45001.292 2570.490 8893.887 3119101.445 666885862.226 713727857227.001
5492.000 5667.000 35309305.000 1.000 1190.000 500.000 756.000 35973.502 4719.690 1203.576 1655060.052 282117149.247 5330860130644.823
5487.000 5563.000 35309315.000 1.000 1190.000 500.000 767.000 31183.169 5431.690 19235.635 1131357.716 144144284.035 8023440832071.694
5502.000 5474.000 35309325.000 1.000 1180.000 510.000 779.000 27908.617 3445.690 51843.917 1468397.457 76238364.562 6227660725370.859
5523.000 5396.000 35309335.000 1.000 1180.000 510.000 790.000 23658.552 1421.290 93447.961 1750180.002 20082886.175 4900669584077.464
5556.000 5336.000 35309345.000 1.000 1170.000 510.000 794.000 18592.908 22.090 133731.072 278890.018 341348.846 13579487259604.479
5596.000 5300.000 35309355.000 1.000 1160.000 500.000 788.000 17785.701 1246.090 161356.939 2471224.336 1936154.448 2228157071242.899
5643.000 5279.000 35309365.000 1.000 1150.000 500.000 797.000 24938.304 6773.290 178669.028 3155562.751 33190795.509 653450499810.955
5714.000 5292.000 35309375.000 1.000 1150.000 500.000 800.000 34071.626 23500.890 167848.020 1574252.784 221845157.033 5710536179849.458
5799.000 5342.000 35309385.000 1.000 1130.000 510.000 806.000 38628.074 56786.890 129378.761 1622953.773 378338107.160 5480149106876.725
5881.000 5418.000 35309395.000 1.000 1120.000 510.000 808.000 43325.480 102592.090 80481.487 438597.394 583141423.039 12427938978194.201
5964.000 5512.000 35309405.000 1.000 1120.000 510.000 811.000 44594.937 162650.890 35983.280 493355.343 646063455.214 12044857926665.760
6048.000 5610.000 35309415.000 1.000 1110.000 510.000 808.000 46022.883 237461.290 8407.532 405699.229 720692914.782 12660974925624.461
6136.000 5710.000 35309425.000 1.000 1120.000 520.000 808.000 47197.121 330970.090 69.013 833992.085 785118288.954 9796483824456.797
6217.000 5820.000 35309435.000 1.000 1100.000 520.000 809.000 44783.251 430729.690 13996.643 5211630.832 655671964.394 1556768339527.561
6293.000 5925.000 35309445.000 1.000 1100.000 520.000 811.000 29698.936 536263.290 49866.198 2975484.351 110707798.174 977016107820.642
6335.000 6000.000 35309455.000 1.000 1100.000 520.000 811.000 21086.825 599540.490 88987.309 3107539.288 3646825.491 733397519796.107
6354.000 6058.000 35309465.000 1.000 1120.000 520.000 814.000 12092.500 629324.890 126954.969 477481.000 50192388.476 12155295966843.715
6354.000 6093.000 35309475.000 1.000 1120.000 520.000 815.000 10710.500 629324.890 153121.487 381641.373 71684309.041 12832760301481.646
6354.000 6124.000 35309485.000 1.000 1140.000 530.000 817.000 9605.894 629324.890 178343.546 931431.377 91609107.390 9196021228162.562
6337.000 6146.000 35309495.000 1.000 1140.000 530.000 818.000 6910.000 602641.690 197409.072 235427.155 150483181.844 13901700673589.895
6321.000 6158.000 35309505.000 1.000 1150.000 520.000 818.000 6228.590 578056.090 208216.450 165260.942 167665430.611 14429853203522.480
6306.000 6168.000 35309515.000 1.000 1150.000 520.000 820.000 5750.266 555472.090 217442.598 544360.817 180281446.782 11693423322763.586
6292.000 6177.000 35309525.000 1.000 1160.000 520.000 823.000 4174.692 534799.690 225917.132 129283.336 225074006.196 14704481312624.750
6281.000 6182.000 35309535.000 1.000 1160.000 520.000 823.000 3800.500 518832.090 230695.206 477481.000 236441631.865 12155295966843.715
6270.000 6182.000 35309545.000 1.000 1170.000 520.000 829.000 5182.500 503106.490 230695.206 626509.661 195850471.300 11138345167097.482
6255.000 6182.000 35309555.000 1.000 1170.000 520.000 830.000 6995.842 482052.490 230695.206 1480334.137 148384475.824 6168226567890.772
6238.000 6171.000 35309565.000 1.000 1190.000 510.000 818.000 11280.456 458735.290 220249.443 2593754.184 62357913.064 1877369716287.438
6213.000 6150.000 35309575.000 1.000 1190.000 510.000 822.000 18787.704 425495.290 200979.532 1892855.955 151674.940 4289329485117.938
6184.000 6104.000 35309585.000 1.000 1200.000 510.000 827.000 24266.303 388502.890 161851.250 4455925.938 25899390.008 242064330055.580
6151.000 6042.000 35309595.000 1.000 1200.000 510.000 837.000 37163.339 348454.090 115809.132 1925350.920 323502682.850 4155786736447.085
6120.000 5939.000 35309605.000 1.000 1200.000 510.000 863.000 42735.990 312816.490 56314.806 1084010.050 555018533.618 8293913589979.361
6090.000 5819.000 35309615.000 1.000 1200.000 510.000 869.000 45873.501 280158.490 13761.028 3251349.517 712694693.781 507764677737.348
6063.000 5689.000 35309625.000 1.000 1200.000 510.000 894.000 36462.938 252305.290 161.102 2038568.506 298798167.033 3706999949342.408
6040.000 5586.000 35309635.000 1.000 1190.000 510.000 906.000 30562.595 229728.490 13384.776 1542378.336 129628160.416 5863891164270.306
6024.000 5499.000 35309645.000 1.000 1190.000 510.000 894.000 26098.403 214646.890 41084.287 2899927.992 47903623.070 1132090915315.219
6015.000 5424.000 35309655.000 1.000 1170.000 520.000 900.000 17704.979 206388.490 77113.176 2416592.494 2167312.982 2394239748900.967
6010.000 5373.000 35309665.000 1.000 1170.000 520.000 900.000 10710.500 201870.490 108038.820 1671183.500 71684309.041 5256666348932.767
6010.000 5342.000 35309675.000 1.000 1160.000 520.000 900.000 5873.500 201870.490 129378.761 2029294.250 176987334.018 3742798470376.919
6010.000 5325.000 35309685.000 1.000 1160.000 520.000 900.000 0.000 201870.490 141897.309 1392084.454 367763414.669 6614366893517.857
6010.000 5325.000 35309695.000 1.000 1160.000 530.000 903.000 4029.188 201870.490 141897.309 1065899.286 229461015.430 8398556531577.359
6016.000 5335.000 35309705.000 1.000 1160.000 530.000 905.000 7114.280 207298.090 134463.457 4879161.019 145513041.816 837655867473.559
6026.000 5353.000 35309715.000 1.000 1140.000 530.000 909.000 21236.309 216504.090 121586.524 830781.354 4240100.080 9816592882396.004
6049.000 5410.000 35309725.000 1.000 1130.000 540.000 906.000 23640.886 238436.890 85084.569 428389.596 19924861.673 12500014853807.936
6080.000 5471.000 35309735.000 1.000 1120.000 530.000 905.000 24880.798 269672.490 53219.072 373620.245 32531501.602 12890292560651.689
6111.000 5536.000 35309745.000 1.000 1110.000 530.000 902.000 23799.408 302830.090 27454.035 668341.073 21365188.865 10860877391592.379
6143.000 5597.000 35309755.000 1.000 1110.000 530.000 900.000 21864.991 339073.290 10960.539 1528816.425 7224442.632 5929756706723.517
6176.000 5651.000 35309765.000 1.000 1100.000 540.000 900.000 17440.052 378594.090 2569.739 2218768.523 3017539.584 3045573232400.436
6204.000 5693.000 35309775.000 1.000 1100.000 540.000 900.000 11018.146 413834.890 75.561 1671409.457 66569487.755 5255630277734.788
6228.000 5714.000 35309785.000 1.000 1100.000 540.000 899.000 6180.492 445289.290 151.472 941657.486 168913344.541 9134104568482.584
6244.000 5722.000 35309795.000 1.000 1100.000 540.000 899.000 3455.000 466898.890 412.391 596851.250 247186273.256 11337189695787.057
6254.000 5722.000 35309805.000 1.000 1100.000 540.000 900.000 1727.500 480664.890 412.391 1487860.509 304490587.712 6130898347634.326
6259.000 5722.000 35309815.000 1.000 1100.000 540.000 902.000 6033.898 487622.890 412.391 868345.150 172745301.049 9582618338381.637
6266.000 5706.000 35309825.000 1.000 1100.000 540.000 902.000 8547.198 497448.090 18.554 1702382.841 112996063.854 5114575662444.838
6272.000 5682.000 35309835.000 1.000 1120.000 540.000 908.000 13474.500 505947.690 387.798 954962.000 32520315.911 9053861961637.836
6272.000 5643.000 35309845.000 1.000 1120.000 540.000 908.000 16238.500 505947.690 3444.820 1112591.884 8635714.781 8130103974698.574
6272.000 5596.000 35309855.000 1.000 1120.000 540.000 908.000 19458.737 505947.690 11170.924 167403.733 79286.356 14413578306182.340
6278.000 5540.000 35309865.000 1.000 1120.000 540.000 911.000 18974.211 514519.290 26144.494 25044.259 41187.757 15514786238785.074
6288.000 5486.000 35309875.000 1.000 1110.000 530.000 912.000 18901.724 528965.290 46523.294 951788.928 75864.258 9072967346336.471
6305.000 5434.000 35309885.000 1.000 1110.000 530.000 912.000 21656.540 553982.490 71659.324 749809.974 6147331.778 10330539273867.920
6340.000 5382.000 35309895.000 1.000 1110.000 530.000 911.000 19486.323 607308.490 102203.354 1345940.165 95582.583 6853847751369.305
6385.000 5348.000 35309905.000 1.000 1110.000 530.000 914.000 23381.953 679470.490 125098.450 396822.989 17680295.354 12724221055793.408
6449.000 5326.000 35309915.000 1.000 1110.000 530.000 908.000 24530.500 789076.890 141144.924 2214849.516 28658263.392 3059267156638.232
6520.000 5326.000 35309925.000 1.000 1110.000 530.000 912.000 30941.063 920256.490 141144.924 774379.515 138389445.077 10173204244782.705
6602.000 5362.000 35309935.000 1.000 1120.000 540.000 912.000 33182.393 1084305.690 115391.057 1405345.781 196146588.628 6546330703384.970
6684.000 5412.000 35309945.000 1.000 1100.000 540.000 912.000 37249.964 1261802.890 83921.798 0.000 326626292.483 15712706182771.594
6766.000 5482.000 35309955.000 1.000 1100.000 540.000 911.000 37249.964 1452748.090 48264.835 2389045.779 326626292.483 2480246458712.370
6848.000 5552.000 35309965.000 1.000 1100.000 540.000 914.000 30335.215 1657141.290 22407.872 2964281.513 124502221.055 999288305827.782
6901.000 5622.000 35309975.000 1.000 1100.000 540.000 912.000 21755.529 1796404.090 6350.909 2389169.468 6647993.557 2479856883390.341
6935.000 5675.000 35309985.000 1.000 1110.000 550.000 912.000 14840.422 1888700.490 712.494 667325.303 18807284.948 10867573535176.291
6944.000 5717.000 35309995.000 1.000 1110.000 550.000 912.000 12908.945 1913518.890 234.317 904985.079 39290502.617 9357117126786.285
6934.000 5753.000 35310005.000 1.000 1110.000 550.000 911.000 15528.294 1885952.890 2632.450 628502.160 13314213.383 11125049541297.389
6910.000 5791.000 35310015.000 1.000 1110.000 550.000 908.000 17347.403 1820610.490 7975.813 1156454.145 3348005.813 7881895985113.889
6875.000 5827.000 35310025.000 1.000 1110.000 550.000 908.000 14000.213 1727384.490 15701.946 330431.363 26800766.474 13202280389044.889
6836.000 5838.000 35310035.000 1.000 1120.000 560.000 906.000 14956.599 1626390.090 18579.709 225335.791 17813123.931 13977053779233.158
6793.000 5833.000 35310045.000 1.000 1120.000 560.000 909.000 15608.801 1518563.290 17241.635 36865.541 12733176.464 15421800727239.254
6753.000 5812.000 35310055.000 1.000 1120.000 560.000 909.000 15715.503 1421579.290 12167.724 668700.048 11983059.980 10858511455542.420
6715.000 5787.000 35310065.000 1.000 1120.000 560.000 912.000 17650.959 1332408.490 7277.354 432139.307 2329285.434 12473514437630.998
6682.000 5748.000 35310075.000 1.000 1130.000 560.000 914.000 18901.724 1257313.690 2144.376 1028523.096 75864.258 8616587875623.098
6654.000 5701.000 35310085.000 1.000 1130.000 560.000 920.000 21878.636 1195304.890 0.480 1062431.157 7297979.763 8418670017718.691
6631.000 5642.000 35310095.000 1.000 1130.000 560.000 921.000 18803.582 1145542.090 3563.206 1005606.081 139559.529 8751654391748.169
6612.000 5591.000 35310105.000 1.000 1150.000 550.000 921.000 15893.000 1105231.690 12252.850 2095792.290 10785698.172 3489922073562.818
6612.000 5545.000 35310115.000 1.000 1150.000 550.000 924.000 9827.031 1105231.690 24552.569 66498.040 87424887.452 15189941605540.953
6617.000 5517.000 35310125.000 1.000 1150.000 550.000 924.000 10019.500 1115769.690 34111.354 275142.726 83862712.323 13607119110533.418
6638.000 5497.000 35310135.000 1.000 1150.000 550.000 926.000 10815.861 1160575.290 41899.057 918559.774 69911298.733 9274253029869.209
6666.000 5483.000 35310145.000 1.000 1150.000 550.000 926.000 13474.500 1221688.090 47826.450 2071791.441 32520315.911 3580171685409.638
6705.000 5483.000 35310155.000 1.000 1140.000 550.000 924.000 19471.002 1309422.490 47826.450 1119490.137 86343.902 8090813117836.665
6755.000 5509.000 35310165.000 1.000 1140.000 550.000 923.000 22711.205 1426352.490 37130.435 330186.058 12489483.460 13204063077828.311
6810.000 5545.000 35310175.000 1.000 1120.000 550.000 921.000 21755.529 1560750.490 24552.569 424294.730 6647993.557 12528986714105.717
6856.000 5588.000 35310185.000 1.000 1120.000 550.000 923.000 20527.469 1677802.090 12926.006 3292964.646 1823337.986 450188605251.765
6897.000 5631.000 35310195.000 1.000 1120.000 550.000 921.000 10996.457 1785697.690 4997.443 2270590.759 66923879.820 2867382892474.575
6920.000 5653.000 35310205.000 1.000 1110.000 550.000 921.000 4424.559 1847696.490 2370.969 1528685.135 217639197.034 5930396134928.430
6928.000 5663.000 35310215.000 1.000 1110.000 550.000 923.000 0.000 1869509.290 1497.117 0.000 367763414.669 15712706182771.594
6928.000 5663.000 35310225.000 1.000 1100.000 550.000 927.000 0.000 1869509.290 1497.117 1193702.500 367763414.669 7674136038055.646
6928.000 5663.000 35310235.000 1.000 1100.000 550.000 927.000 3455.000 1869509.290 1497.117 835591.750 247186273.256 9786472693184.117
6922.000 5655.000 35310245.000 1.000 1100.000 560.000 926.000 5873.500 1853137.690 2180.198 2050305.141 176987334.018 3661943270969.146
6914.000 5640.000 35310255.000 1.000 1100.000 560.000 927.000 11807.813 1831420.890 3805.976 958051.461 54307255.609 9035279355005.941
6902.000 5608.000 35310265.000 1.000 1100.000 560.000 927.000 14580.755 1799085.690 8778.302 811491.398 21126926.701 9937841414191.922
6892.000 5567.000 35310275.000 1.000 1100.000 560.000 930.000 16929.500 1772359.690 18142.094 0.000 5051969.498 15712706182771.594
6892.000 5518.000 35310285.000 1.000 1110.000 570.000 933.000 16929.500 1772359.690 33742.969 954962.000 5051969.498 9053861961637.836
6892.000 5469.000 35310295.000 1.000 1110.000 570.000 933.000 14165.500 1772359.690 54145.843 240128.373 25116722.628 13866665807011.127
6892.000 5428.000 35310305.000 1.000 1110.000 570.000 939.000 14860.517 1772359.690 74907.635 629761.853 18633395.310 11116647908998.541
6917.000 5393.000 35310315.000 1.000 1110.000 570.000 942.000 13037.762 1839549.690 95291.117 205664.748 37692191.476 14124524651051.682
6949.000 5373.000 35310325.000 1.000 1110.000 570.000 944.000 13633.029 1927376.890 108038.820 60943425.980 30737373.802 3246663463260659.000
6988.000 5367.000 35310335.000 1.000 1110.000 570.000 945.000 190025.000 2037185.290 112019.132 570955313.270 29188984886.994 321479233689028992.000
7043.000 5367.000 35310336.000 1.000 1110.000 570.000 944.000 24770.206 2197213.290 112019.132 1799627.616 31282178.431 4684185774704.620
7109.000 5395.000 35310346.000 1.000 1110.000 570.000 944.000 29978.969 2397232.890 94060.346 158036.537 116679106.397 14484791579484.484
7186.000 5435.000 35310356.000 1.000 1110.000 570.000 947.000 29521.555 2641600.090 71124.939 410608.784 107006535.424 12626060413187.695
7256.000 5484.000 35310366.000 1.000 1110.000 570.000 942.000 28333.107 2874042.090 47390.065 1260169.790 83831389.815 7310295494048.115
7321.000 5534.000 35310376.000 1.000 1110.000 570.000 945.000 24685.727 3098656.090 28120.806 1181100.388 30344325.042 7744116174889.853
7373.000 5583.000 35310386.000 1.000 1110.000 570.000 948.000 21267.202 3284431.290 14087.932 923968.577 4368281.120 9241338717359.686
7415.000 5628.000 35310396.000 1.000 1110.000 570.000 948.000 18592.908 3438428.490 5430.598 3105013.337 341348.846 737730279959.950
7451.000 5668.000 35310406.000 1.000 1110.000 570.000 951.000 9605.894 3573234.090 1135.191 1660492.002 91609107.390 5305806352270.703
7468.000 5690.000 35310416.000 1.000 1110.000 570.000 951.000 4799.839 3637793.290 136.717 942122.874 206707320.904 9131291730440.098
7475.000 5702.000 35310426.000 1.000 1110.000 570.000 935.000 2073.000 3664544.490 0.094 119370.250 292552243.821 14780605859034.436
7475.000 5708.000 35310436.000 1.000 1090.000 570.000 934.000 2418.500 3664544.490 39.783 835591.750 280852640.430 9786472693184.117
7475.000 5715.000 35310446.000 1.000 1090.000 570.000 937.000 0.000 3664544.490 177.087 716221.500 367763414.669 10547581937900.525
7475.000 5715.000 35310456.000 1.000 1090.000 570.000 944.000 2073.000 3664544.490 177.087 596851.250 292552243.821 11337189695787.057
7469.000 5715.000 35310466.000 1.000 1090.000 570.000 950.000 3800.500 3641608.890 177.087 1642395.749 236441631.865 5389500861052.854
7458.000 5715.000 35310476.000 1.000 1090.000 570.000 950.000 8554.178 3599747.290 177.087 2276435.583 112847718.323 2847622566174.606
7441.000 5697.000 35310486.000 1.000 1090.000 570.000 952.000 15142.993 3535528.090 22.020 1449631.625 16274492.656 6321674205683.880
7421.000 5658.000 35310496.000 1.000 1090.000 570.000 958.000 19338.743 3460716.090 1909.043 1773552.731 26109.496 4797733316543.877
7403.000 5605.000 35310506.000 1.000 1090.000 570.000 971.000 24472.036 3394069.290 9349.457 103850.045 28035725.936 14900183310209.387
7387.000 5536.000 35310516.000 1.000 1090.000 570.000 985.000 24772.615 3335371.690 27454.035 571130.157 31309131.537 11511060935533.307
7377.000 5465.000 35310526.000 1.000 1090.000 570.000 977.000 26425.669 3298945.690 56023.383 845742.540 52540901.999 9723065611746.926
7392.000 5390.000 35310536.000 1.000 1090.000 570.000 977.000 28873.549 3353659.690 97152.272 1190939.191 94019985.425 7689453638794.996
7422.000 5312.000 35310546.000 1.000 1090.000 570.000 982.000 25426.547 3464437.690 151860.317 1069083.414 39054854.495 8380111296769.772
7472.000 5258.000 35310556.000 1.000 1090.000 570.000 991.000 22332.239 3653067.690 196863.117 1614201.222 9954531.886 5521204664681.620
7525.000 5221.000 35310566.000 1.000 1090.000 570.000 990.000 27004.312 3858474.490 231065.369 1306696.548 61264329.246 7060866248492.308
7600.000 5199.000 35310576.000 1.000 1090.000 570.000 985.000 30786.357 4158744.490 252699.843 386819.727 134773485.857 12795686445093.057
7688.000 5213.000 35310586.000 1.000 1090.000 570.000 978.000 29666.763 4525405.290 238820.450 435337.946 110031798.992 12450930850153.049
7765.000 5251.000 35310596.000 1.000 1090.000 570.000 979.000 28406.740 4858938.490 203123.813 138908.966 85185171.520 14630752270096.771
7827.000 5305.000 35310606.000 1.000 1090.000 570.000 948.000 28004.688 5136115.690 157365.013 395257.182 77925274.065 12735394296029.086
7878.000 5368.000 35310616.000 1.000 1090.000 570.000 767.000 26860.673 5369879.290 111350.746 169609.062 59036392.454 14396838010102.111
7426.000 6193.000 35310737.000 0.000 1130.000 580.000 575.000 32800.672 3479344.090 241382.969 7475661.237 185600115.443 12332287166070.857
7464.000 6106.000 35310747.000 1.000 1150.000 580.000 594.000 11163.447 3622550.890 163464.480 2902008.939 64219574.736 1127667000384.158
7434.000 6118.000 35310757.000 1.000 1160.000 570.000 644.000 2764.000 3509252.890 173311.857 5013550.500 269391777.539 1101712425288.612
7434.000 6110.000 35310767.000 1.000 1180.000 570.000 721.000 17275.000 3509252.890 166714.939 487420.690 3618207.607 12086086407177.418
7482.000 6096.000 35310777.000 1.000 1180.000 570.000 770.000 18685.769 3691393.690 155478.332 945984.873 241463.808 9107966247244.445
7527.000 6066.000 35310787.000 1.000 1190.000 560.000 774.000 21423.786 3866335.690 132719.887 1066292.119 5047334.358 8396279805151.084
7576.000 6028.000 35310797.000 1.000 1190.000 560.000 763.000 18337.557 4061434.090 106476.524 1186075.933 704930.965 7716448786773.367
7615.000 5992.000 35310807.000 1.000 1200.000 550.000 748.000 14904.631 4220148.490 84278.391 5149550.011 18254492.694 1405705237846.546
7646.000 5962.000 35310817.000 1.000 1210.000 550.000 225.000 0.000 4348476.090 67759.946 0.000 367763414.669 15712706182771.594
