1970.000 5840.000 64936293.000 0.000 1240.000 520.000 260.000 17836.500 10831231.418 350934.457 5328749.250 31359974.439 433745035699.223
1923.000 5840.000 64936303.000 1.000 1260.000 510.000 292.000 3795.000 11142802.279 350934.457 1079123.051 385788432.597 12895517822081.992
1913.000 5840.000 64936313.000 1.000 1260.000 510.000 306.000 6638.539 11209663.951 350934.457 3273798.495 282171417.084 1949814352259.124
1922.000 5825.000 64936323.000 1.000 1270.000 520.000 324.000 15265.149 11149479.446 333387.541 4148446.945 66770939.867 272180364405.305
1945.000 5792.000 64936333.000 1.000 1270.000 520.000 384.000 26196.498 10996410.599 296368.325 5324575.509 7617601.558 428264860724.155
1988.000 5738.000 64936343.000 1.000 1270.000 520.000 440.000 40227.000 10713076.408 240489.426 5272777.174 281920966.890 363152248932.316
2044.000 5648.000 64936353.000 1.000 1270.000 520.000 488.000 54121.011 10349627.042 160317.928 1081260.395 941539355.367 12880171844758.777
2131.000 5535.000 64936363.000 1.000 1270.000 530.000 532.000 51271.840 9797423.491 82597.158 5199680.162 774806279.969 280395811410.979
2224.000 5437.000 64936373.000 1.000 1270.000 530.000 560.000 64973.237 9223876.937 35871.304 2670095.588 1725300710.200 4000241752614.338
2328.000 5301.000 64936383.000 1.000 1250.000 540.000 613.000 72009.062 8602979.544 2851.262 229808.123 2359294000.951 19716689492930.895
2430.000 5141.000 64936393.000 1.000 1260.000 540.000 647.000 71403.507 8015034.484 11364.154 2870958.865 2300833979.482 3237110421417.188
2529.000 4981.000 64936403.000 1.000 1250.000 550.000 659.000 63838.398 7464280.927 71077.046 2825243.537 1632313546.415 3403702089265.456
2628.000 4845.000 64936413.000 1.000 1240.000 550.000 670.000 56393.751 6933129.369 162089.004 3327604.384 1086180543.909 1802444909397.345
2717.000 4726.000 64936423.000 1.000 1230.000 560.000 679.000 47625.360 6472361.484 272069.468 2452439.435 585101058.509 4918266874627.592
2799.000 4631.000 64936433.000 1.000 1220.000 570.000 688.000 41163.069 6061855.770 380198.997 5856641.719 314231329.424 1407748301496.152
2881.000 4560.000 64936443.000 1.000 1200.000 570.000 690.000 25730.548 5664798.056 472797.593 6913287.364 5262666.697 5031638202925.349
2922.000 4506.000 64936453.000 1.000 1190.000 580.000 688.000 7513.717 5471312.199 549974.694 2851455.601 253534945.786 3307671233132.281
2936.000 4492.000 64936463.000 1.000 1170.000 580.000 666.000 0.000 5406013.857 570935.572 3024425.250 549269425.275 2708429784573.432
2936.000 4492.000 64936473.000 1.000 1160.000 580.000 595.000 7969.500 5406013.857 570935.572 9942397.163 239228018.402 27796526614684.422
2936.000 4513.000 64936483.000 1.000 1140.000 590.000 373.000 34168.175 5406013.857 539641.255 555863.815 115168897.290 16927400391244.996
2901.000 5773.000 64936623.000 0.000 1150.000 550.000 232.000 13662.000 5569994.711 276042.231 1445745.856 95540805.635 10396820939501.033
2901.000 5809.000 64936633.000 1.000 1160.000 550.000 260.000 9852.393 5569994.711 315166.830 783344.545 184527900.983 15107303482928.721
2876.000 5816.000 64936643.000 1.000 1160.000 550.000 310.000 11916.542 5688623.892 323075.391 3121607.231 132709379.739 2398003368143.457
2851.000 5797.000 64936653.000 1.000 1160.000 550.000 405.000 20142.121 5808503.073 301837.297 3401582.596 10852917.959 1609278545374.797
2812.000 5761.000 64936663.000 1.000 1170.000 550.000 491.000 29105.448 5998010.596 263576.698 4796709.984 32136997.302 16015904477.722
2763.000 5702.000 64936673.000 1.000 1170.000 550.000 562.000 41745.000 6240421.791 206476.827 3774683.847 335201255.818 801870422002.641
2697.000 5614.000 64936683.000 1.000 1180.000 560.000 620.000 51691.466 6574524.829 134246.917 9501190.842 798343232.630 23338897400743.277
2614.000 5506.000 64936693.000 1.000 1200.000 550.000 662.000 76727.542 7007051.711 66769.119 3251728.673 2839935400.691 2011936153583.767
2520.000 5327.000 64936703.000 1.000 1200.000 550.000 699.000 68159.087 7513539.432 6303.917 1540163.938 2000109992.107 9796850466187.637
2431.000 5171.000 64936713.000 1.000 1190.000 560.000 730.000 64100.684 8009373.317 5867.987 4420535.543 1653576045.996 62310385153.939
2338.000 5030.000 64936723.000 1.000 1190.000 560.000 740.000 75748.999 8544417.871 47350.973 1502163.845 2736597790.403 10036174454064.447
2242.000 4855.000 64936733.000 1.000 1190.000 560.000 757.000 71790.728 9114865.927 154136.949 6986301.647 2338131586.187 5364530541196.078
2157.000 4686.000 64936743.000 1.000 1190.000 580.000 760.000 53381.501 9635335.143 315397.691 6982612.147 896703221.573 5347453315063.364
2076.000 4571.000 64936753.000 1.000 1190.000 580.000 767.000 34981.996 10144757.690 457791.332 7022799.679 133298530.585 5534932161575.227
2032.000 4490.000 64936763.000 1.000 1170.000 580.000 762.000 16476.595 10426981.049 573961.984 5100705.803 48440245.841 185373111128.824
2011.000 4452.000 64936773.000 1.000 1170.000 580.000 758.000 3036.000 10563043.561 632983.795 1395816.180 416180307.133 10721301422129.057
2011.000 4444.000 64936783.000 1.000 1160.000 580.000 700.000 6714.040 10563043.561 645777.440 8275875.283 279640592.123 13001211365778.299
2024.000 4456.000 64936793.000 1.000 1160.000 580.000 562.000 28521.353 10478710.387 626634.973 187768.214 25855753.241 20091800490356.680
3472.000 6095.000 64937084.000 0.000 1230.000 510.000 132.000 14123.316 3200820.213 718082.036 3199494.672 86735353.708 2162844815914.942
3453.000 6127.000 64937094.000 1.000 1250.000 510.000 196.000 5692.500 3269166.390 773339.457 1440202.500 314849455.008 10432599775213.014
3444.000 6139.000 64937104.000 1.000 1250.000 510.000 205.000 1897.500 3301792.895 794588.991 2131354.351 463928422.686 6445513941125.958
3449.000 6139.000 64937114.000 1.000 1260.000 500.000 262.000 7513.717 3283647.059 794588.991 4738015.375 253534945.786 4604891349.793
3463.000 6125.000 64937124.000 1.000 1270.000 510.000 354.000 19998.606 3233104.718 769825.869 4249133.609 11819099.463 177259874976.921
3492.000 6081.000 64937134.000 1.000 1270.000 510.000 414.000 31195.269 3129656.868 694550.914 5106894.309 60198531.810 190740328501.263
3541.000 6015.000 64937144.000 1.000 1280.000 500.000 491.000 44652.171 2958687.672 588898.482 1807021.507 450104792.818 8197539269539.798
3603.000 5915.000 64937154.000 1.000 1290.000 510.000 536.000 49413.756 2749241.303 445419.039 416078.487 674817947.862 18097175701361.668
3680.000 5810.000 64937164.000 1.000 1290.000 510.000 589.000 48317.370 2499825.425 316290.625 2749617.915 619057805.525 3688466632885.841
3749.000 5703.000 64937174.000 1.000 1290.000 510.000 624.000 41072.000 2286396.885 207386.621 1754880.484 311010940.747 8498831481354.619
3812.000 5615.000 64937184.000 1.000 1290.000 510.000 665.000 36447.809 2099843.348 134980.712 1207354.962 169294221.283 11990991203578.977
3862.000 5533.000 64937194.000 1.000 1280.000 520.000 675.000 33266.373 1957434.986 81451.569 2319338.158 96626448.064 5526344644936.793
3902.000 5455.000 64937204.000 1.000 1280.000 520.000 678.000 27154.810 1847108.296 43013.604 2254273.643 13825846.228 5836487684819.644
3934.000 5391.000 64937214.000 1.000 1270.000 520.000 681.000 21214.695 1761150.944 20562.761 1712449.349 4936407.317 8748028782677.146
3959.000 5341.000 64937224.000 1.000 1270.000 520.000 679.000 16702.312 1695421.763 8723.039 4088858.994 45349257.281 337906238528.925
3975.000 5300.000 64937234.000 1.000 1250.000 530.000 664.000 5927.980 1654011.087 2745.468 809465.910 306548192.673 14904928165915.082
3985.000 5288.000 64937244.000 1.000 1250.000 530.000 580.000 3795.000 1628389.415 1631.935 9725965.276 385788432.597 25561207180066.156
3993.000 5294.000 64937254.000 1.000 1240.000 530.000 18.000 29423.367 1608036.077 2152.701 575299.382 35842603.803 16767850928690.193
4309.000 6002.000 64937354.000 0.000 1210.000 530.000 63.000 44582.771 906463.227 569115.154 13950108.051 447164873.727 86117509600399.328
4410.000 6062.000 64937364.000 1.000 1210.000 530.000 239.000 7823.593 724343.335 663242.820 2969053.544 243762793.726 2893749651682.312
4423.000 6078.000 64937374.000 1.000 1220.000 530.000 296.000 0.000 702384.160 689559.531 1296182.250 549269425.275 11383699036010.088
4423.000 6078.000 64937384.000 1.000 1230.000 520.000 435.000 3415.500 702384.160 689559.531 1156394.184 400840349.615 12346522276957.260
4414.000 6078.000 64937394.000 1.000 1230.000 520.000 481.000 6462.652 717550.666 689559.531 4281044.246 288111438.451 151407976743.645
4401.000 6067.000 64937404.000 1.000 1240.000 520.000 532.000 17743.401 739743.840 671411.792 3389886.406 32411350.238 1639090297950.008
4366.000 6036.000 64937414.000 1.000 1270.000 520.000 561.000 26675.908 801174.693 621570.165 2829511.014 10493778.977 3387974057404.244
4312.000 5991.000 64937424.000 1.000 1270.000 520.000 595.000 34131.800 900759.725 552639.416 2124464.529 114389490.908 6480545194030.785
4245.000 5931.000 64937434.000 1.000 1270.000 520.000 606.000 39729.862 1032425.930 467031.750 1451625.450 265473719.633 10358939063757.424
4173.000 5855.000 64937444.000 1.000 1280.000 520.000 616.000 43554.962 1183925.972 368931.374 834204.377 404752605.075 14714525047638.391
4097.000 5769.000 64937454.000 1.000 1280.000 520.000 627.000 41356.795 1355090.683 271855.053 2042574.122 321137054.683 6904186658236.545
4017.000 5695.000 64937464.000 1.000 1280.000 520.000 634.000 35974.518 1547744.063 200164.266 2717218.102 157201952.598 3813966532030.603
3948.000 5630.000 64937474.000 1.000 1280.000 520.000 641.000 28814.523 1724188.603 146227.628 3184734.399 28923155.936 2206477407702.733
3899.000 5572.000 64937484.000 1.000 1270.000 520.000 639.000 20422.601 1855271.798 105233.552 3112567.161 9083573.425 2426083070005.759
3863.000 5532.000 64937494.000 1.000 1270.000 520.000 644.000 12220.843 1954637.819 80881.775 1214487.665 125790910.748 11941643815966.709
3849.000 5503.000 64937504.000 1.000 1270.000 520.000 645.000 9020.612 1993980.160 65227.736 542917.254 207817761.028 17034099874830.129
3840.000 5481.000 64937514.000 1.000 1250.000 530.000 642.000 7590.000 2019478.666 54474.259 0.000 251111489.919 21810357300089.395
3840.000 5461.000 64937524.000 1.000 1250.000 530.000 641.000 7590.000 2019478.666 45538.370 0.000 251111489.919 21810357300089.395
3840.000 5441.000 64937534.000 1.000 1240.000 530.000 644.000 7590.000 2019478.666 37402.482 232624.771 251111489.919 19691683632360.551
3840.000 5421.000 64937544.000 1.000 1240.000 530.000 637.000 6977.023 2019478.666 30066.593 268407.447 270914307.985 19375390546041.555
3847.000 5404.000 64937554.000 1.000 1230.000 530.000 638.000 7684.289 1999632.495 24460.088 271836.609 248132079.488 19345213687277.461
3854.000 5385.000 64937564.000 1.000 1230.000 530.000 652.000 8400.591 1979884.324 18877.994 936087.983 226078490.825 13943264144081.199
3861.000 5364.000 64937574.000 1.000 1210.000 530.000 670.000 10867.226 1960234.153 13548.311 772576.233 157986591.515 15191128236880.871
3867.000 5336.000 64937584.000 1.000 1210.000 530.000 673.000 12903.000 1943469.150 7814.067 447607.726 110954574.170 17829914139418.160
3867.000 5302.000 64937594.000 1.000 1190.000 530.000 690.000 14082.467 1943469.150 2959.057 2720837.774 87497890.669 3799841644619.008
3876.000 5266.000 64937604.000 1.000 1190.000 530.000 728.000 21252.000 1918456.645 338.457 2304324.000 4772030.279 5597161171653.185
3876.000 5210.000 64937614.000 1.000 1190.000 540.000 754.000 27324.000 1918456.645 1413.970 1584222.750 15112673.994 9522984179236.062
3876.000 5138.000 64937624.000 1.000 1190.000 540.000 790.000 31498.500 1918456.645 12012.771 1008141.750 64995880.799 13410348552064.615
3876.000 5055.000 64937634.000 1.000 1190.000 540.000 818.000 34155.000 1918456.645 37095.834 2016283.500 114886291.174 7043039380225.961
3876.000 4965.000 64937644.000 1.000 1190.000 540.000 831.000 39468.000 1918456.645 79864.335 1152162.000 257009065.425 12376281961627.289
3876.000 4861.000 64937654.000 1.000 1200.000 550.000 863.000 42504.000 1918456.645 149461.715 2160303.750 363569643.283 6299358443529.510
3876.000 4749.000 64937664.000 1.000 1180.000 560.000 873.000 36811.500 1918456.645 248604.740 1707081.700 178890686.050 8779809456898.966
3876.000 4652.000 64937674.000 1.000 1180.000 560.000 888.000 32313.261 1918456.645 354742.680 1317343.550 78796926.369 11241351494127.789
3881.000 4567.000 64937684.000 1.000 1180.000 560.000 906.000 28842.000 1904630.808 463220.154 2817640.254 29219454.923 3431814682694.487
3881.000 4491.000 64937694.000 1.000 1170.000 560.000 900.000 21417.388 1904630.808 572447.778 2223068.496 4076804.052 5988237375763.981
3888.000 4435.000 64937704.000 1.000 1170.000 560.000 909.000 15559.500 1885358.638 660323.290 1215870.562 62047093.046 11932088061554.080
3888.000 4394.000 64937714.000 1.000 1170.000 560.000 911.000 12355.625 1885358.638 728637.719 3104736.938 122785740.187 2450536918696.627
3894.000 4362.000 64937724.000 1.000 1160.000 560.000 909.000 4174.500 1868917.634 784292.297 1584222.750 371024556.079 9522984179236.062
3894.000 4351.000 64937734.000 1.000 1160.000 560.000 909.000 0.000 1868917.634 803896.558 0.000 549269425.275 21810357300089.395
3894.000 4351.000 64937744.000 1.000 1140.000 570.000 906.000 0.000 1868917.634 803896.558 1296182.250 549269425.275 11383699036010.088
3894.000 4351.000 64937754.000 1.000 1140.000 570.000 899.000 3415.500 1868917.634 803896.558 6192870.750 400840349.615 2318660132999.645
3894.000 4360.000 64937764.000 1.000 1140.000 570.000 824.000 19734.000 1868917.634 787838.708 586414.405 13708489.350 16676945620883.844
3894.000 4412.000 64937774.000 1.000 1130.000 570.000 637.000 21279.229 1868917.634 698232.018 45848.229 4653808.321 21384222594369.922
5446.000 5440.000 64938106.000 0.000 1190.000 530.000 37.000 25290.194 34194.066 37016.687 627809.127 3436189.907 16340568445713.941
5475.000 5500.000 64938116.000 1.000 1190.000 530.000 91.000 26944.500 45760.216 63704.353 2790588.355 12306080.012 3532774627012.998
5475.000 5571.000 64938126.000 1.000 1190.000 530.000 190.000 19591.171 45760.216 104585.757 110767.321 14786537.566 20788025356355.125
5467.000 5622.000 64938136.000 1.000 1220.000 540.000 272.000 19883.048 42401.554 140173.273 132162.014 12627004.897 20593389646053.906
5455.000 5673.000 64938146.000 1.000 1200.000 540.000 324.000 20231.301 37603.561 180962.788 128596.991 10273286.000 20625758461490.770
5434.000 5722.000 64938156.000 1.000 1200.000 540.000 389.000 20570.160 29900.073 225052.715 1440094.343 8215891.912 10433298471077.807
5407.000 5769.000 64938166.000 1.000 1200.000 540.000 468.000 16775.445 21291.589 271855.053 398557.731 44369623.309 18246551987357.664
5372.000 5796.000 64938176.000 1.000 1200.000 540.000 496.000 15725.227 12302.443 300739.503 540334.757 59463696.083 17055423707610.904
5333.000 5810.000 64938186.000 1.000 1220.000 540.000 501.000 17149.034 5171.965 316290.625 3929187.405 39532200.002 549034496180.991
5292.000 5791.000 64938196.000 1.000 1220.000 540.000 515.000 27502.624 955.822 295280.531 2801654.575 16533382.943 3491297669550.550
5236.000 5745.000 64938206.000 1.000 1220.000 540.000 521.000 34885.113 629.188 247403.987 1855081.387 131070791.881 7924645218864.428
5171.000 5680.000 64938216.000 1.000 1220.000 540.000 538.000 39773.338 8115.059 186967.349 1485870.771 266892350.407 10139672580372.975
5101.000 5602.000 64938226.000 1.000 1220.000 540.000 545.000 43688.676 25626.767 125597.384 1329689.444 410150725.175 11158716980384.055
5039.000 5505.000 64938236.000 1.000 1220.000 540.000 570.000 47192.469 49321.136 66253.325 1829640.466 564346171.562 8068528642286.913
4981.000 5395.000 64938246.000 1.000 1220.000 540.000 588.000 52013.656 78446.836 21725.938 631651.564 816653975.488 16309518283458.768
4932.000 5267.000 64938256.000 1.000 1220.000 540.000 606.000 50349.225 108296.031 376.252 2604796.161 724294889.768 4265711368815.205
4901.000 5138.000 64938266.000 1.000 1220.000 540.000 619.000 43485.467 129660.216 12012.771 1787275.743 401961169.280 8310998721730.602
4882.000 5025.000 64938276.000 1.000 1220.000 540.000 633.000 38775.913 143704.394 49552.001 2326368.775 235297661.201 5493338674389.547
4888.000 4923.000 64938286.000 1.000 1220.000 540.000 636.000 32645.824 139191.390 105366.970 3113470.371 84811690.573 2423270226117.922
4914.000 4841.000 64938296.000 1.000 1220.000 540.000 639.000 24441.686 120467.042 165325.827 323089.602 1010403.483 18896986488064.254
4952.000 4789.000 64938306.000 1.000 1220.000 540.000 647.000 25293.042 95532.686 210316.517 2568231.715 3446756.672 4418085805979.664
5011.000 4758.000 64938316.000 1.000 1220.000 540.000 644.000 32060.451 62541.819 239710.889 4128363.046 74372570.214 293539632354.209
5095.000 4767.000 64938326.000 1.000 1210.000 550.000 638.000 42938.878 27583.770 230979.039 3880385.603 380342836.673 623737319845.810
5196.000 4818.000 64938336.000 1.000 1210.000 550.000 636.000 53163.873 4235.878 184558.555 470687.778 883716841.171 17635533559580.520
5311.000 4898.000 64938346.000 1.000 1210.000 550.000 636.000 51923.589 2491.645 122222.109 468117.424 811514369.722 17657128406314.543
5419.000 4982.000 64938356.000 1.000 1210.000 550.000 627.000 53157.100 24937.582 70544.841 302589.392 883314200.018 19075638295795.051
5521.000 5078.000 64938366.000 1.000 1210.000 550.000 602.000 53954.437 67556.523 28765.106 1215187.842 931344618.034 11936805147203.604
5619.000 5181.000 64938376.000 1.000 1210.000 550.000 539.000 50752.361 128104.132 4435.931 5864306.101 746156386.853 1425994403436.612
5717.000 5272.000 64938386.000 1.000 1210.000 550.000 450.000 66205.078 207859.742 595.224 2929563.533 1829151459.358 3029662224043.713
5814.000 5417.000 64938396.000 1.000 1210.000 550.000 339.000 73924.613 305716.519 28695.416 6967838.972 2549049784.752 5279346923829.790
5886.000 5598.000 64938406.000 1.000 1220.000 560.000 242.000 55564.036 390520.477 122778.207 267279.952 1032178716.076 19385317716312.980
5945.000 5732.000 64938416.000 1.000 1220.000 560.000 107.000 54859.741 467741.610 234640.660 6608625.144 987420218.374 3757662524384.542
5994.000 5868.000 64938426.000 1.000 1220.000 560.000 110.000 37445.709 537166.415 384892.701 4716227.142 196258000.750 2122547799.475
6024.000 5962.000 64938436.000 1.000 1220.000 560.000 142.000 25018.233 582041.397 510363.377 2581447.423 2501886.503 4362703625073.127
6035.000 6027.000 64938446.000 1.000 1240.000 550.000 178.000 18216.000 598946.558 607460.015 2022641.643 27253596.421 7009332404169.869
6035.000 6075.000 64938456.000 1.000 1240.000 550.000 252.000 12886.246 598946.558 684586.147 888743.840 111307811.308 14299078114684.725
6027.000 6108.000 64938466.000 1.000 1250.000 550.000 325.000 10544.365 586627.895 740283.363 885952.237 166207086.013 14320198310933.141
6013.000 6132.000 64938476.000 1.000 1260.000 540.000 391.000 8209.840 565378.237 782158.430 217282.725 231851105.254 19828080627994.008
5995.000 6144.000 64938486.000 1.000 1290.000 550.000 433.000 7637.290 538633.247 803527.963 305987.055 249614964.509 19045970800809.324
5977.000 6153.000 64938496.000 1.000 1290.000 550.000 460.000 6831.000 512536.258 819744.112 248158.845 275742554.455 19554059062054.223
5959.000 6153.000 64938506.000 1.000 1300.000 540.000 477.000 7484.910 487087.268 819744.112 1029309.122 254453150.718 13255766172835.352
5942.000 6143.000 64938516.000 1.000 1310.000 540.000 492.000 10197.187 463647.112 801736.168 3348441.591 175279348.282 1746929045679.472
5923.000 6124.000 64938526.000 1.000 1310.000 540.000 516.000 19020.485 438133.289 768072.074 2257557.836 19501168.324 5820630022726.150
5899.000 6080.000 64938536.000 1.000 1330.000 530.000 545.000 24969.254 406937.303 692885.119 3874619.859 2349341.821 632877791796.505
5872.000 6020.000 64938546.000 1.000 1330.000 530.000 575.000 35179.056 373218.819 596597.454 4033096.782 137887675.012 405844479398.056
5840.000 5933.000 64938556.000 1.000 1340.000 520.000 605.000 45806.452 335144.171 469769.339 2568844.608 500414854.589 4415509672224.940
5795.000 5821.000 64938566.000 1.000 1340.000 520.000 630.000 52575.476 285066.697 328784.363 696816.269 849080055.332 15787428818520.674
5742.000 5693.000 64938576.000 1.000 1340.000 520.000 658.000 54411.619 231280.561 198378.677 2214203.755 959458138.449 6031701553699.070
5691.000 5559.000 64938586.000 1.000 1340.000 520.000 690.000 60246.148 184828.091 96968.224 1239226.511 1354950353.900 11771277331686.000
5642.000 5408.000 64938596.000 1.000 1340.000 520.000 722.000 63511.567 145097.286 25727.266 4786200.491 1606011177.976 13466318033.427
5600.000 5246.000 64938606.000 1.000 1330.000 530.000 736.000 50899.708 114864.310 2.569 2708462.658 754227919.006 3848240867075.054
5567.000 5116.000 64938616.000 1.000 1310.000 520.000 754.000 43762.784 93584.829 17319.294 1832734.151 413157914.027 8050962892418.017
5544.000 5003.000 64938626.000 1.000 1300.000 530.000 760.000 38933.445 80041.676 59830.524 2697274.618 240155375.068 3892261047034.937
5526.000 4902.000 64938636.000 1.000 1290.000 530.000 763.000 31826.002 70180.686 119441.287 4092957.215 70383782.102 333158466542.956
5514.000 4819.000 64938646.000 1.000 1290.000 530.000 756.000 21040.871 63966.693 183700.349 2800281.544 5739027.371 3496430575594.128
5507.000 4764.000 64938656.000 1.000 1280.000 540.000 757.000 13662.000 60474.864 233871.656 2304324.000 95540805.635 5597161171653.185
5507.000 4728.000 64938666.000 1.000 1250.000 540.000 754.000 7590.000 60474.864 269987.057 1872263.250 251111489.919 7828203981742.536
5507.000 4708.000 64938676.000 1.000 1240.000 540.000 756.000 2656.500 60474.864 291171.168 288040.500 431808305.151 19202936476553.117
5507.000 4701.000 64938686.000 1.000 1230.000 550.000 759.000 1897.500 60474.864 298774.607 1557058.899 463928422.686 9691373717406.357
5512.000 4701.000 64938696.000 1.000 1210.000 550.000 760.000 6000.422 62959.028 298774.607 4614776.925 304016736.436 3066844743.438
5517.000 4716.000 64938706.000 1.000 1190.000 540.000 760.000 18160.572 65493.192 282601.524 2923653.199 27835392.179 3050272122065.774
5538.000 4759.000 64938716.000 1.000 1170.000 550.000 759.000 25864.533 76682.679 238732.684 368179.136 5895355.332 18507005155558.676
5564.000 4822.000 64938726.000 1.000 1170.000 550.000 756.000 26834.702 91758.331 181137.733 243535.396 11547792.344 19594970195216.848
5598.000 4884.000 64938736.000 1.000 1160.000 550.000 757.000 27476.429 113512.645 132206.987 172624.683 16321044.765 20227788174434.906
5637.000 4945.000 64938746.000 1.000 1160.000 550.000 757.000 27931.303 141313.122 91568.447 726510.246 20203274.525 15552342032120.777
5681.000 5004.000 64938756.000 1.000 1160.000 550.000 757.000 29845.691 176329.763 59342.318 122441.880 41077758.529 20681703946819.801
5733.000 5063.000 64938766.000 1.000 1160.000 550.000 756.000 29523.051 222705.066 34078.189 1622591.339 37046130.857 9287650516819.666
5787.000 5119.000 64938776.000 1.000 1160.000 550.000 756.000 25247.448 276588.035 16538.677 1123358.329 3279540.925 12579773898056.348
5832.000 5168.000 64938786.000 1.000 1160.000 550.000 760.000 22287.347 325945.509 6336.604 1226854.810 1320547.372 11856323258876.148
5872.000 5211.000 64938796.000 1.000 1170.000 560.000 760.000 19054.528 373218.819 1339.764 1716891.396 19201658.607 8721771970322.554
5908.000 5246.000 64938806.000 1.000 1170.000 560.000 762.000 14530.440 418500.798 2.569 1160219.544 79317864.072 12319654102342.379
5937.000 5271.000 64938816.000 1.000 1170.000 560.000 762.000 11473.208 456862.948 547.430 1636713.672 143120300.871 9201772510432.775
5962.000 5288.000 64938826.000 1.000 1190.000 560.000 762.000 7160.392 491283.767 1631.935 845105.514 264911617.336 14631011413540.594
5978.000 5298.000 64938836.000 1.000 1190.000 560.000 767.000 4933.500 513969.091 2539.879 377405.160 342360924.544 18427709991022.367
5991.000 5298.000 64938846.000 1.000 1190.000 560.000 770.000 5927.980 532777.916 2539.879 298309.770 306548192.673 19113039679459.684
6001.000 5286.000 64938856.000 1.000 1220.000 570.000 771.000 6714.040 547476.244 1474.346 25857255.270 279640592.123 448893174407292.062
6013.000 5273.000 64938866.000 1.000 1220.000 570.000 770.000 74849.100 565378.237 645.018 284052334.500 2643255673.431 78054401649302416.000
6023.000 5256.000 64938867.000 1.000 1220.000 570.000 771.000 0.000 580516.564 70.513 8244451.925 549269425.275 12775591179038.148
6023.000 5256.000 64938877.000 1.000 1230.000 560.000 777.000 21724.511 580516.564 70.513 3179114.004 2930898.522 2223206309104.716
6042.000 5202.000 64938887.000 1.000 1240.000 570.000 777.000 13347.399 609830.387 2079.614 718828.028 101789912.937 15612992941775.984
6051.000 5168.000 64938897.000 1.000 1240.000 570.000 785.000 15241.544 623967.882 6336.604 638878.763 67157266.436 16251196365056.613
6064.000 5130.000 64938907.000 1.000 1240.000 570.000 784.000 16925.019 644674.707 13830.416 878085.962 42399355.092 14379795364524.197
6079.000 5088.000 64938917.000 1.000 1240.000 570.000 793.000 19238.816 668987.199 25473.050 722749.021 17620531.804 15582022057126.324
6098.000 5041.000 64938927.000 1.000 1240.000 570.000 791.000 21143.293 700429.021 42684.712 213519.223 5258787.878 19861611587083.711
6118.000 4989.000 64938937.000 1.000 1240.000 570.000 793.000 20580.660 734305.676 66875.402 1016938.940 8155809.070 13345995071892.506
6139.000 4939.000 64938947.000 1.000 1240.000 570.000 794.000 17900.979 770737.164 95235.680 166924.593 30641967.475 20279093332318.098
6164.000 4899.000 64938957.000 1.000 1240.000 570.000 796.000 17461.125 815257.983 121523.903 871090.259 35705079.116 14432900696219.904
6195.000 4865.000 64938967.000 1.000 1260.000 570.000 796.000 15165.762 872199.798 146384.893 282637.179 68405069.313 19250321626114.867
6229.000 4844.000 64938977.000 1.000 1260.000 570.000 796.000 14421.000 936862.112 162895.210 576081.000 81279199.099 16761450312297.342
6267.000 4844.000 64938987.000 1.000 1260.000 570.000 784.000 15939.000 1011867.756 162895.210 1065225.002 56212472.028 12995527682321.215
6309.000 4844.000 64938997.000 1.000 1250.000 560.000 787.000 18745.917 1098128.732 162895.210 355564.935 22001547.470 18615696275982.016
6351.000 4870.000 64939007.000 1.000 1250.000 560.000 785.000 19682.847 1187917.707 142583.865 451473.314 14089893.711 17797283818118.812
6394.000 4899.000 64939017.000 1.000 1250.000 560.000 787.000 20872.500 1283499.516 121523.903 114738.030 6574084.297 20751833111360.238
6438.000 4932.000 64939027.000 1.000 1250.000 560.000 790.000 20570.160 1385132.157 99605.119 471233.499 8215891.912 17630950381369.227
6481.000 4965.000 64939037.000 1.000 1250.000 560.000 787.000 19328.438 1488195.965 79864.335 505180.154 16876154.645 17347024008014.891
6518.000 5000.000 64939047.000 1.000 1250.000 560.000 788.000 17997.265 1579838.777 61307.140 582072.167 29585252.558 16712429632005.875
6550.000 5035.000 64939057.000 1.000 1250.000 560.000 790.000 16463.478 1661305.425 45199.945 169962.491 48623003.984 20251741845619.273
6569.000 5074.000 64939067.000 1.000 1250.000 560.000 794.000 16015.619 1710645.247 30137.928 979064.840 55069440.944 13624154137759.525
6579.000 5115.000 64939077.000 1.000 1250.000 560.000 790.000 18595.500 1736903.575 17583.499 36644.900 23435258.903 21469425347726.734
6579.000 5164.000 64939087.000 1.000 1250.000 560.000 790.000 18692.061 1736903.575 6989.426 1764887.900 22509679.769 8440582879537.982
6574.000 5213.000 64939097.000 1.000 1250.000 560.000 790.000 14041.500 1723749.411 1197.353 932001.906 88265982.117 13973796219194.117
6562.000 5248.000 64939107.000 1.000 1250.000 560.000 790.000 11585.632 1692383.418 0.158 1334834.704 140443018.261 11124368315920.938
6546.000 5274.000 64939117.000 1.000 1250.000 560.000 788.000 8068.281 1651010.094 696.813 96698.118 236182085.084 20916517229299.918
6530.000 5288.000 64939127.000 1.000 1250.000 560.000 788.000 8323.085 1610148.770 1631.935 153854.993 228415243.978 20396975013815.879
6510.000 5297.000 64939137.000 1.000 1250.000 560.000 784.000 8728.500 1559792.115 2440.085 814160.705 216325196.866 14868699909716.014
6487.000 5297.000 64939147.000 1.000 1250.000 560.000 785.000 10873.851 1502870.962 2440.085 765824.169 157820092.555 15243807243653.758
6462.000 5283.000 64939157.000 1.000 1250.000 560.000 787.000 12891.833 1442200.143 1252.963 1019400.756 111189954.010 13328014035886.688
6437.000 5260.000 64939167.000 1.000 1250.000 560.000 787.000 15578.001 1382779.324 153.691 2277064.515 61755970.663 5726886976384.771
6414.000 5226.000 64939177.000 1.000 1250.000 560.000 787.000 21578.171 1329216.171 466.680 1109038.656 3453378.190 12681556917505.807
6391.000 5174.000 64939187.000 1.000 1250.000 560.000 788.000 24500.539 1276711.017 5417.370 137295.510 1132183.850 20546824450625.645
6373.000 5112.000 64939197.000 1.000 1250.000 560.000 790.000 24862.319 1236358.028 18388.116 390595.062 2032966.329 18314642038091.266
6359.000 5048.000 64939207.000 1.000 1250.000 560.000 788.000 23833.083 1205420.369 39841.273 115399.498 157279.886 20745807022439.207
6349.000 4986.000 64939217.000 1.000 1250.000 560.000 788.000 23529.000 1183562.042 68436.018 2736384.750 8556.672 3739471344944.958
6349.000 4924.000 64939227.000 1.000 1250.000 560.000 790.000 16318.500 1183562.042 104718.764 1872263.250 50665891.510 7828203981742.536
6349.000 4881.000 64939237.000 1.000 1250.000 560.000 788.000 11385.000 1183562.042 134397.604 804625.008 145238597.241 14942330045247.752
6349.000 4851.000 64939247.000 1.000 1250.000 560.000 788.000 9264.776 1183562.042 157293.771 1638188.029 200837696.446 9192829930226.143
6363.000 4831.000 64939257.000 1.000 1250.000 560.000 785.000 4948.075 1214219.700 173557.883 570549.788 341821774.591 16806771300420.553
6374.000 4824.000 64939267.000 1.000 1250.000 560.000 788.000 6451.500 1238582.861 179439.322 2567614.649 288490147.473 4420680238802.956
6391.000 4824.000 64939277.000 1.000 1250.000 560.000 793.000 13217.283 1276711.017 179439.322 1350322.479 104432349.448 11021294774743.236
6413.000 4851.000 64939287.000 1.000 1250.000 560.000 788.000 16775.445 1326911.338 157293.771 946203.935 44369623.309 13867819170405.988
6440.000 4886.000 64939297.000 1.000 1250.000 560.000 791.000 19268.736 1389843.822 130756.576 815413.434 17370237.736 14859040444722.904
6467.000 4929.000 64939307.000 1.000 1250.000 560.000 790.000 21417.388 1454234.307 101507.736 438582.457 4076804.052 17906214863430.953
6495.000 4978.000 64939317.000 1.000 1250.000 560.000 788.000 22573.073 1522549.624 72685.663 134535.407 745502.243 20571854392607.609
6522.000 5031.000 64939327.000 1.000 1250.000 560.000 787.000 22927.580 1589910.108 46916.768 198941.111 258997.243 19991762809325.965
6547.000 5086.000 64939337.000 1.000 1250.000 560.000 787.000 22403.361 1653580.927 26115.461 1029658.641 1067371.478 13253221204661.338
6573.000 5139.000 64939347.000 1.000 1250.000 560.000 787.000 19690.163 1721124.578 11794.565 1760420.426 14035023.818 8466561257487.003
6597.000 5185.000 64939357.000 1.000 1250.000 560.000 787.000 15051.374 1784672.564 3919.109 1794222.111 70310299.762 8270995879078.220
6619.000 5218.000 64939367.000 1.000 1250.000 560.000 788.000 10323.516 1843936.885 876.325 2039979.859 171950289.531 6917826665459.149
6635.000 5240.000 64939377.000 1.000 1250.000 560.000 790.000 4948.075 1887646.209 57.802 1877794.462 341821774.591 7797283099862.479
6642.000 5251.000 64939387.000 1.000 1250.000 560.000 796.000 0.000 1906930.038 11.541 0.000 549269425.275 21810357300089.395
6642.000 5251.000 64939397.000 1.000 1250.000 560.000 802.000 0.000 1906930.038 11.541 0.000 549269425.275 21810357300089.395
6642.000 5251.000 64939407.000 1.000 1250.000 560.000 814.000 0.000 1906930.038 11.541 0.000 549269425.275 21810357300089.395
6642.000 5251.000 64939417.000 1.000 1250.000 560.000 818.000 0.000 1906930.038 11.541 1610195.351 549269425.275 9363359327897.883
6642.000 5251.000 64939427.000 1.000 1250.000 560.000 830.000 4242.939 1906930.038 11.541 2722397.139 368392696.252 3793764678928.520
6637.000 5241.000 64939437.000 1.000 1250.000 560.000 823.000 11416.581 1893145.875 43.597 2004298.511 144478397.902 7106796286232.108
6629.000 5212.000 64939447.000 1.000 1250.000 560.000 832.000 16698.000 1871195.213 1267.558 432060.750 45407351.492 17961451562015.168
6629.000 5168.000 64939457.000 1.000 1250.000 560.000 821.000 17836.500 1871195.213 6336.604 479431.458 31359974.439 17562172398472.400
6629.000 5121.000 64939467.000 1.000 1250.000 560.000 822.000 19099.824 1871195.213 16028.266 297233.508 18806738.934 19122451341788.281
6647.000 5074.000 64939477.000 1.000 1250.000 560.000 825.000 19883.048 1920764.202 30137.928 34439.245 12627004.897 21489870066602.602
6668.000 5026.000 64939487.000 1.000 1250.000 560.000 821.000 19792.299 1979413.690 49107.795 159844.641 13280184.295 20342908782808.730
6696.000 4982.000 64939497.000 1.000 1250.000 560.000 824.000 20213.497 2058985.007 70544.841 584699.065 10387733.627 16690958573976.889
6730.000 4941.000 64939507.000 1.000 1250.000 560.000 824.000 18672.788 2157715.321 94005.269 523617.402 22692930.275 17193782554024.555
6769.000 4911.000 64939517.000 1.000 1250.000 560.000 825.000 20052.544 2273811.798 113301.437 507744.056 11451142.764 17325673401675.908
6815.000 4885.000 64939527.000 1.000 1250.000 560.000 828.000 21390.473 2414656.105 131480.781 572067.787 4186217.146 16794327208404.465
6866.000 4861.000 64939537.000 1.000 1250.000 560.000 831.000 19883.048 2575756.575 149461.715 776664.966 12627004.897 15159272628385.084
6917.000 4849.000 64939547.000 1.000 1260.000 570.000 833.000 17836.500 2742059.045 158884.182 1025458.335 31359974.439 13283821253243.850
6964.000 4849.000 64939557.000 1.000 1260.000 570.000 834.000 20538.630 2899924.185 158884.182 678339.172 8397637.310 15934601789814.242
7016.000 4864.000 64939567.000 1.000 1260.000 570.000 833.000 22326.085 3079731.488 147151.099 861940.893 1233016.404 14502502493424.914
7066.000 4895.000 64939577.000 1.000 1270.000 570.000 833.000 24597.339 3257723.125 124328.726 567180.207 1347552.483 16834410565065.641
7117.000 4935.000 64939587.000 1.000 1270.000 570.000 834.000 23102.793 3444425.596 97720.503 800703.255 111358.839 14972664741121.258
7158.000 4980.000 64939597.000 1.000 1270.000 570.000 834.000 20992.903 3598291.739 71611.252 552910.627 5971155.145 16951709669331.912
7194.000 5022.000 64939607.000 1.000 1270.000 570.000 831.000 19535.958 3736165.718 50896.618 718890.645 15214210.090 15612498105086.467
7219.000 5067.000 64939617.000 1.000 1280.000 580.000 834.000 17641.648 3833436.537 32617.367 226908.743 33580283.252 19742446411136.875
7234.000 5111.000 64939627.000 1.000 1280.000 580.000 834.000 17043.733 3892399.028 18660.322 2061924.447 40867440.737 6802871965730.511
7243.000 5155.000 64939637.000 1.000 1280.000 580.000 836.000 11610.467 3927992.523 8575.276 517625.476 139855002.538 17243509962374.941
7249.000 5185.000 64939647.000 1.000 1280.000 580.000 842.000 10246.500 3951811.519 3919.109 1152162.000 173976039.795 12376281961627.289
7249.000 5212.000 64939657.000 1.000 1290.000 590.000 840.000 7210.500 3951811.519 1267.558 864121.500 263283001.937 14485898807322.064
7249.000 5231.000 64939667.000 1.000 1290.000 590.000 840.000 4933.500 3951811.519 275.653 576081.000 342360924.544 16761450312297.342
7249.000 5244.000 64939677.000 1.000 1290.000 590.000 851.000 3415.500 3951811.519 12.980 576081.000 400840349.615 16761450312297.342
7249.000 5253.000 64939687.000 1.000 1290.000 590.000 866.000 1897.500 3951811.519 29.130 0.000 463928422.686 21810357300089.395
7244.000 5253.000 64939697.000 1.000 1290.000 590.000 869.000 1897.500 3931957.355 29.130 720101.250 463928422.686 15602932727399.641
7239.000 5253.000 64939707.000 1.000 1290.000 590.000 854.000 0.000 3912153.192 29.130 2596362.153 549269425.275 4300621024541.914
7239.000 5253.000 64939717.000 1.000 1290.000 590.000 853.000 6841.534 3912153.192 29.130 2234223.898 275392820.794 5933765328522.035
7224.000 5243.000 64939727.000 1.000 1290.000 590.000 853.000 12728.817 3853040.700 21.186 1321961.685 114654426.354 11210405340017.977
7209.000 5213.000 64939737.000 1.000 1290.000 590.000 858.000 16212.247 3794378.209 1197.353 1473729.048 52189798.433 10217145420830.322
7197.000 5172.000 64939747.000 1.000 1290.000 590.000 861.000 20095.591 3747772.216 5715.781 102683.213 11161657.697 20861807890555.402
7187.000 5120.000 64939757.000 1.000 1290.000 590.000 866.000 19825.016 3709153.889 16282.471 109479.678 13042800.198 20799768744278.211
7182.000 5068.000 64939767.000 1.000 1290.000 590.000 864.000 20113.500 3689919.725 32257.161 144020.250 11042313.832 20485905055911.191
7182.000 5015.000 64939777.000 1.000 1290.000 590.000 863.000 20493.000 3689919.725 54104.057 432060.750 8664178.815 17961451562015.168
7182.000 4961.000 64939787.000 1.000 1290.000 590.000 866.000 21631.500 3689919.725 82141.158 1147754.487 3258016.761 12407312596598.475
7182.000 4904.000 64939797.000 1.000 1290.000 590.000 866.000 18607.114 3689919.725 118062.876 480446.620 23322947.093 17553664900360.027
7192.000 4856.000 64939807.000 1.000 1290.000 590.000 866.000 17341.115 3728438.052 153352.743 1386232.287 37153690.476 10784155118578.934
7210.000 4814.000 64939817.000 1.000 1290.000 590.000 864.000 13688.329 3798275.042 188011.377 541284.265 95026793.350 17047582012510.818
7235.000 4788.000 64939827.000 1.000 1290.000 590.000 864.000 12262.020 3896345.861 211234.722 44788.590 124868952.265 21394023910982.535
7265.000 4776.000 64939837.000 1.000 1280.000 590.000 866.000 12144.000 4015680.843 222409.189 45695462.554 127520504.706 1683075775778683.000
7297.000 4776.000 64939847.000 1.000 1270.000 590.000 860.000 132553.651 4144955.491 222409.189 448598403.660 11906553140.418 197072289048068448.000
7331.000 4784.000 64939848.000 1.000 1280.000 590.000 860.000 14345.903 4284553.805 214927.545 571915.987 82638912.323 16795571411036.832
7361.000 4807.000 64939858.000 1.000 1280.000 590.000 826.000 15852.928 4409648.787 194130.816 62381.451 57510529.664 21231586527016.477
7389.000 4838.000 64939868.000 1.000 1280.000 590.000 694.000 15688.550 4528028.105 167774.443 2341564.335 60030693.837 5422339259856.733
7411.000 4873.000 64939878.000 1.000 1280.000 590.000 61.000 21858.680 4622140.425 140327.248 592526.361 2489508.751 16627063678693.436
7276.000 5668.000 64940018.000 0.000 1310.000 570.000 568.000 0.000 4059888.004 176733.816 3954660.584 549269425.275 511933726435.823
7276.000 5668.000 64940028.000 1.000 1320.000 570.000 617.000 10420.713 4059888.004 176733.816 2658478.333 169410651.819 4046847137457.739
7249.000 5673.000 64940038.000 1.000 1310.000 560.000 638.000 3415.500 3951811.519 180962.788 1296182.250 400840349.615 11383699036010.088
7249.000 5682.000 64940048.000 1.000 1310.000 560.000 693.000 0.000 3951811.519 188700.938 2898351.555 549269425.275 3139291080763.933
7249.000 5682.000 64940058.000 1.000 1310.000 560.000 699.000 7637.290 3951811.519 188700.938 129500.959 249614964.509 20617548430574.789
7267.000 5673.000 64940068.000 1.000 1310.000 560.000 700.000 7978.531 4023700.509 180962.788 1038010.298 238948735.048 13192482583910.836
7286.000 5664.000 64940078.000 1.000 1300.000 550.000 702.000 10713.736 4100286.331 173386.639 4065862.812 161868665.727 365170287568.431
7312.000 5653.000 64940088.000 1.000 1300.000 550.000 512.000 0.000 4206257.983 164346.900 0.000 549269425.275 21810357300089.395
