3270.000 5617.000 26274584.000 0.000 1500.000 580.000 56.000 9705.747 9969579.764 173463.463 132559.214 133439517.930 2157457380096.360
3298.000 5604.000 26274594.000 1.000 1490.000 580.000 91.000 9284.121 9793545.772 162803.737 2532932.160 143358198.238 867774916816.206
3284.000 5630.000 26274604.000 1.000 1490.000 580.000 125.000 17340.521 9881366.768 184461.189 5451859.802 15341544.689 14826134729817.373
3245.000 5669.000 26274614.000 1.000 1470.000 590.000 127.000 0.000 10128077.971 219482.366 2357877.384 451874903.370 572276508703.029
3245.000 5669.000 26274624.000 1.000 1470.000 590.000 132.000 7499.610 10128077.971 219482.366 1000024.342 189275393.305 361637994306.791
3265.000 5656.000 26274634.000 1.000 1460.000 600.000 137.000 10680.349 10001179.405 207470.640 2174902.243 111872937.390 328918829977.792
3290.000 5633.000 26274644.000 1.000 1460.000 600.000 149.000 17597.977 9843681.199 187047.126 2088705.710 13391006.337 237478757003.700
3327.000 5591.000 26274654.000 1.000 1440.000 600.000 200.000 24241.443 9612877.853 152482.012 2672388.053 8904814.634 1147041567413.158
3383.000 5538.000 26274664.000 1.000 1440.000 600.000 237.000 32741.405 9268761.869 113899.130 3772328.086 131883533.101 4712981777040.644
3452.000 5460.000 26274674.000 1.000 1420.000 610.000 267.000 44739.904 8853386.819 67334.775 2903882.345 551430370.701 1696492070750.829
3533.000 5343.000 26274684.000 1.000 1420.000 610.000 277.000 53976.171 8377922.629 20303.244 1179354.643 1070521287.114 178111975564.067
3628.000 5200.000 26274694.000 1.000 1410.000 610.000 277.000 57727.299 7836999.443 0.261 586870.987 1330057224.073 1029244339716.746
3731.000 5048.000 26274704.000 1.000 1410.000 610.000 282.000 55860.661 7270918.831 23259.467 2453165.736 1197389173.920 725525672526.578
3823.000 4896.000 26274714.000 1.000 1410.000 610.000 281.000 48057.971 6783233.431 92726.674 1566255.598 718273318.327 1234270781.312
3905.000 4767.000 26274724.000 1.000 1400.000 620.000 284.000 43076.242 6362825.312 187931.396 3771270.130 476064074.438 4708389377683.934
3981.000 4653.000 26274734.000 1.000 1400.000 620.000 289.000 31081.108 5985186.764 299767.801 2497379.494 96506233.097 802801137039.323
4043.000 4576.000 26274744.000 1.000 1380.000 630.000 291.000 23137.789 5685669.211 390013.425 1748785.548 3536053.102 21726099623.165
4093.000 4522.000 26274754.000 1.000 1380.000 630.000 292.000 17575.494 5449722.798 460376.564 1888474.726 13556059.162 82418909912.071
4134.000 4484.000 26274764.000 1.000 1380.000 630.000 294.000 11568.895 5259977.739 513387.366 1814605.188 93866148.595 45461659619.577
4159.000 4457.000 26274774.000 1.000 1370.000 630.000 286.000 5797.250 5145929.532 552807.936 1822655.400 239014673.354 48959356075.369
4171.000 4443.000 26274784.000 1.000 1370.000 630.000 264.000 0.000 5091630.393 573822.231 9771707.942 451874903.370 66754131417203.828
4171.000 4443.000 26274794.000 1.000 1350.000 630.000 181.000 31080.496 5091630.393 573822.231 264502.350 96494209.191 1787262674607.215
4225.000 5727.000 26274924.000 0.000 1350.000 620.000 233.000 20143.694 4850848.266 277191.143 2262394.104 1240228.342 436929349658.017
4261.000 5674.000 26274934.000 1.000 1350.000 620.000 244.000 12947.784 4693566.848 224192.261 3864757.598 69048877.081 5122842896361.031
4225.000 5654.000 26274944.000 1.000 1350.000 620.000 245.000 25240.270 4850848.266 205652.683 2013238.392 15863656.533 169620919931.752
4147.000 5635.000 26274954.000 1.000 1360.000 610.000 249.000 31643.700 5200516.671 188781.083 2616893.623 107876278.856 1031252100713.374
4100.000 5546.000 26274964.000 1.000 1380.000 610.000 255.000 39967.153 5417089.300 119362.961 1843682.158 350056750.877 58706561684.624
4048.000 5430.000 26274974.000 1.000 1380.000 610.000 257.000 45831.282 5661849.570 52665.408 329243.453 603878163.595 1618351209330.243
3993.000 5295.000 26274984.000 1.000 1390.000 610.000 274.000 44784.070 5926615.625 8928.256 92338.651 553506582.349 2277229298186.076
3942.000 5162.000 26274994.000 1.000 1390.000 610.000 287.000 45077.768 6177531.966 1483.062 184937.311 567412342.440 2006331954080.405
3891.000 5028.000 26275004.000 1.000 1410.000 610.000 302.000 45665.991 6433650.308 29759.889 134011.428 595781784.922 2153193382184.041
3840.000 4892.000 26275014.000 1.000 1410.000 610.000 312.000 45239.746 6694970.650 95178.759 2653589.134 575155346.842 1107127672311.107
3796.000 4755.000 26275024.000 1.000 1410.000 610.000 307.000 36799.577 6924603.494 198479.649 1896372.139 241560838.875 87015767275.147
3756.000 4645.000 26275034.000 1.000 1410.000 610.000 314.000 30767.859 7136720.625 308591.970 1119262.428 90449792.916 232444862852.776
3720.000 4554.000 26275044.000 1.000 1400.000 620.000 315.000 27207.864 7330362.042 417975.889 1817286.077 35408624.045 46612071149.401
3687.000 4474.000 26275054.000 1.000 1380.000 630.000 315.000 21427.692 7510143.675 527817.577 1557981.533 29016.603 1884102981.916
3661.000 4411.000 26275064.000 1.000 1380.000 630.000 312.000 16472.280 7653323.810 623326.906 2707700.832 22896889.131 1223928551100.481
3649.000 4360.000 26275074.000 1.000 1370.000 630.000 305.000 7860.000 7719862.950 706457.982 1779252.480 179488970.855 31635848624.231
3649.000 4335.000 26275084.000 1.000 1370.000 630.000 294.000 2200.800 7719862.950 749108.510 2314393.663 363152074.906 508377377640.109
3649.000 4328.000 26275094.000 1.000 1370.000 630.000 233.000 9562.103 7719862.950 761274.657 7571678.222 136778788.278 35644367865102.734
3679.000 4333.000 26275104.000 1.000 1370.000 630.000 29.000 33645.049 7554055.101 752574.552 88186.798 153455101.463 2289777236443.453
4628.000 5771.000 26275265.000 0.000 1380.000 600.000 196.000 29129.122 3238071.173 325458.214 6850581.072 61964803.919 27554030131727.582
4706.000 5721.000 26275275.000 1.000 1380.000 600.000 247.000 7339.742 2963438.768 270909.269 1319141.285 193699795.647 79663088512.893
4723.000 5737.000 26275285.000 1.000 1380.000 600.000 262.000 3144.000 2905197.988 287820.932 3879194.218 328093426.364 5188402132088.018
4729.000 5729.000 26275295.000 1.000 1390.000 610.000 272.000 15482.404 2884780.418 279301.100 3138358.092 33349994.334 2362277715066.565
4772.000 5705.000 26275305.000 1.000 1390.000 610.000 279.000 25464.459 2740561.502 254509.607 1656777.646 17699771.215 3068036358.042
4816.000 5637.000 26275315.000 1.000 1410.000 610.000 282.000 30734.108 2596816.658 190523.041 948910.447 89808953.627 425726680650.578
4866.000 5553.000 26275325.000 1.000 1410.000 610.000 273.000 33752.271 2438170.245 124248.813 827822.431 156123065.875 598403361707.210
4916.000 5458.000 26275335.000 1.000 1430.000 620.000 287.000 31119.248 2284523.831 66300.818 1823763.346 97257044.063 49450888750.773
4965.000 5372.000 26275345.000 1.000 1430.000 620.000 276.000 25318.474 2138801.346 29408.632 1104652.260 16492733.044 246746184878.044
5003.000 5301.000 26275355.000 1.000 1430.000 620.000 274.000 21804.949 2029098.072 10098.130 156418.716 299865.326 2087935619329.195
5036.000 5240.000 26275365.000 1.000 1430.000 630.000 274.000 22302.464 1936172.439 1559.417 2955538.265 1092264.534 1833723514085.068
5090.000 5194.000 26275375.000 1.000 1430.000 630.000 285.000 12901.897 1788810.312 42.387 1815331.766 69813584.752 45772025679.134
5120.000 5166.000 26275385.000 1.000 1430.000 630.000 270.000 7127.941 1709462.464 1190.978 5099593.466 199640181.639 12237442964882.939
5135.000 5149.000 26275395.000 1.000 1410.000 640.000 144.000 23348.022 1670463.540 2653.337 222120.089 4370911.935 1902379385784.102
5610.000 5903.000 26275515.000 0.000 1460.000 640.000 187.000 14870.156 668247.612 493491.429 2284378.210 40796239.486 466475916405.410
5599.000 5857.000 26275525.000 1.000 1460.000 640.000 244.000 7604.322 686352.823 430978.400 871164.043 186405157.093 533226717909.719
5578.000 5845.000 26275535.000 1.000 1460.000 640.000 260.000 10375.200 721589.317 415366.653 4919111.832 118421175.490 11007292831463.764
5545.000 5845.000 26275545.000 1.000 1480.000 630.000 274.000 26021.230 778742.950 415366.653 3290756.575 22694558.403 2853966898147.700
5510.000 5770.000 26275555.000 1.000 1480.000 630.000 284.000 36488.013 841740.439 324318.235 3611705.842 231973113.799 4041378677831.190
5473.000 5660.000 26275565.000 1.000 1480.000 630.000 285.000 47975.627 911001.785 211130.556 3058236.710 713866358.091 2122408781237.502
5400.000 5526.000 26275575.000 1.000 1480.000 630.000 277.000 38248.411 1055682.549 105943.383 2353508.167 288696174.410 565685064354.775
5344.000 5418.000 26275585.000 1.000 1480.000 630.000 302.000 45734.124 1173894.532 47301.662 1982445.113 599112494.984 145204684858.979
5298.000 5280.000 26275595.000 1.000 1480.000 630.000 312.000 52039.611 1275689.232 6318.573 1466429.196 947547629.419 18213821581.956
5252.000 5121.000 26275605.000 1.000 1480.000 630.000 329.000 47375.396 1381715.933 6321.927 120533.100 682152358.376 2192930607271.499
5211.000 4976.000 26275615.000 1.000 1480.000 630.000 334.000 46992.021 1479784.992 50404.986 2774612.698 662273322.534 1376456689206.892
5179.000 4830.000 26275625.000 1.000 1460.000 640.000 337.000 38166.917 1558662.696 137278.067 1778173.459 285933476.533 31253173435.115
5155.000 4711.000 26275635.000 1.000 1460.000 640.000 337.000 32511.149 1619164.975 239620.577 2765897.530 126648005.513 1356082938977.055
5138.000 4609.000 26275645.000 1.000 1460.000 640.000 335.000 23713.765 1662717.756 349884.729 2216697.636 6033977.617 378606208921.163
5130.000 4534.000 26275655.000 1.000 1450.000 650.000 330.000 16663.200 1683413.182 444236.311 1175333.782 21106208.679 181522016114.938
5130.000 4481.000 26275665.000 1.000 1440.000 660.000 324.000 12924.861 1683413.182 517695.429 1374637.286 69430362.880 51415790203.176
5143.000 4442.000 26275675.000 1.000 1440.000 660.000 260.000 8552.605 1649848.114 575338.252 6487792.082 161410530.184 23876946923431.988
5159.000 4420.000 26275685.000 1.000 1420.000 660.000 60.000 29188.076 1609001.262 609196.716 115400.736 62896424.457 2208157519012.612
6277.000 5398.000 26275845.000 0.000 1440.000 670.000 88.000 35060.887 22639.456 39002.083 6772706.393 190537650.368 26742536113371.777
6337.000 5492.000 26275855.000 1.000 1440.000 670.000 130.000 13519.200 8183.760 84966.100 1239240.298 59878956.084 131150804586.647
6337.000 5535.000 26275865.000 1.000 1460.000 670.000 134.000 9577.596 8183.760 111883.193 351485.681 136416639.406 1562255277336.185
6349.000 5563.000 26275875.000 1.000 1460.000 670.000 136.000 8459.639 6156.620 131398.602 1470642.785 163781391.396 17094255835.950
6329.000 5581.000 26275885.000 1.000 1460.000 670.000 149.000 13137.256 9695.186 144772.223 1009709.434 65935916.770 350083274711.984
6290.000 5596.000 26275895.000 1.000 1480.000 670.000 193.000 16348.800 18896.388 156411.906 87644.974 24093857.179 2291417307243.221
6238.000 5596.000 26275905.000 1.000 1480.000 670.000 232.000 16627.569 35896.658 156411.906 996537.331 21434866.521 365844075455.611
6187.000 5582.000 26275915.000 1.000 1480.000 670.000 241.000 19797.217 57823.000 145534.202 1894487.626 2131986.616 85907514976.264
6134.000 5548.000 26275925.000 1.000 1500.000 670.000 255.000 25822.941 86121.199 120748.919 906199.207 20844626.689 483287163293.592
6079.000 5487.000 26275935.000 1.000 1500.000 670.000 262.000 28705.254 121427.253 82076.206 1152026.681 55471282.981 201925404575.276
6035.000 5407.000 26275945.000 1.000 1500.000 670.000 265.000 32369.461 154028.097 42637.894 1103976.929 123479024.286 247417562751.860
5993.000 5313.000 26275955.000 1.000 1500.000 670.000 269.000 28858.084 188759.085 12653.877 1354021.764 57771166.511 61189949879.668
5956.000 5229.000 26275965.000 1.000 1500.000 670.000 282.000 24551.399 222278.431 811.649 1491576.166 10850762.789 12058592348.511
5943.000 5152.000 26275975.000 1.000 1500.000 670.000 281.000 19807.200 234705.498 2353.273 470426.659 2102933.273 1279073075538.011
5943.000 5089.000 26275985.000 1.000 1500.000 670.000 291.000 18310.932 234705.498 12434.602 504077.834 8681375.475 1204089135369.723
5959.000 5033.000 26275995.000 1.000 1500.000 670.000 294.000 16707.631 219458.646 28059.784 421477.409 20699937.489 1392188502710.894
5977.000 4983.000 26276005.000 1.000 1500.000 670.000 304.000 15367.054 202917.937 47310.839 435543.036 34695579.859 1359193986002.063
6002.000 4941.000 26276015.000 1.000 1500.000 670.000 316.000 13981.739 181019.730 67345.725 733232.533 52934506.643 753693546959.945
6034.000 4904.000 26276026.000 1.000 1480.000 680.000 310.000 16547.120 154814.026 87918.505 17811.703 22186260.969 2507713217304.653
6075.000 4871.000 26276036.000 1.000 1480.000 680.000 312.000 16603.773 124230.966 108577.202 216378.569 21655773.279 1918250536995.500
6125.000 4854.000 26276046.000 1.000 1480.000 680.000 315.000 17292.000 91484.553 120069.560 580918.452 15723995.837 1041357665922.959
6180.000 4854.000 26276056.000 1.000 1460.000 670.000 317.000 19139.705 61238.498 120069.560 2210591.674 4484417.791 371129374594.117
6239.000 4869.000 26276066.000 1.000 1460.000 670.000 315.000 26170.849 35518.730 109899.244 2099897.093 24142478.352 248511527070.619
6312.000 4909.000 26276076.000 1.000 1460.000 670.000 314.000 32849.911 13331.966 84978.400 1204980.130 134387484.528 157139031401.331
6393.000 4975.000 26276086.000 1.000 1460.000 670.000 306.000 36682.545 1187.777 50855.007 1250077.351 237936659.402 123419023216.283
6475.000 5058.000 26276096.000 1.000 1460.000 670.000 259.000 40658.618 2259.658 20309.256 2609848.234 376409223.420 1016992470942.273
6557.000 5158.000 26276106.000 1.000 1460.000 670.000 203.000 48959.662 16779.540 1807.147 1899720.814 767418123.575 89002594341.894
6638.000 5291.000 26276116.000 1.000 1460.000 670.000 173.000 55002.031 44325.350 8188.341 1465944.391 1138703536.513 18344913818.331
6721.000 5445.000 26276126.000 1.000 1460.000 670.000 180.000 50339.358 86163.304 59775.092 2432238.643 845763224.407 690313143085.957
6791.000 5589.000 26276136.000 1.000 1480.000 680.000 207.000 42603.230 132158.325 150924.054 2170599.994 455646618.734 324002535344.102
6852.000 5710.000 26276146.000 1.000 1480.000 680.000 226.000 35699.286 180230.701 259579.501 2283768.902 208569532.856 465643984605.676
6890.000 5817.000 26276156.000 1.000 1480.000 680.000 256.000 28435.390 213939.426 380059.244 4430869.697 51524266.904 8005967872785.221
6918.000 5903.000 26276166.000 1.000 1510.000 680.000 281.000 14342.293 240625.435 493491.429 3520743.319 47818004.968 3683925653991.558
6938.000 5944.000 26276176.000 1.000 1510.000 680.000 302.000 3144.000 260646.869 552776.564 988473.600 328093426.364 375663801975.835
6938.000 5954.000 26276186.000 1.000 1520.000 680.000 307.000 0.000 260646.869 567746.353 4149234.893 451874903.370 6491524869940.860
6938.000 5954.000 26276196.000 1.000 1540.000 680.000 317.000 13197.312 260646.869 567746.353 2602843.087 64964202.835 1002912715692.352
6929.000 5913.000 26276206.000 1.000 1540.000 680.000 351.000 21476.075 251538.224 507641.218 4219978.980 47840.890 6857019830289.634
6908.000 5848.000 26276216.000 1.000 1550.000 670.000 371.000 34898.400 230914.718 419242.590 2031537.730 186078261.564 185028972515.484
6872.000 5743.000 26276226.000 1.000 1550.000 670.000 362.000 41360.034 197612.135 294294.805 1438271.846 404117928.263 26606810567.584
6831.000 5618.000 26276236.000 1.000 1550.000 670.000 369.000 45934.690 162841.194 174297.442 982439.635 608971139.255 383096816227.469
6786.000 5479.000 26276246.000 1.000 1560.000 660.000 371.000 49059.498 128547.966 77556.375 841723.942 772959466.964 577089159073.368
6743.000 5329.000 26276256.000 1.000 1560.000 660.000 372.000 46382.259 99562.882 16509.539 2700323.750 631261082.578 1207660248354.295
6703.000 5187.000 26276266.000 1.000 1560.000 660.000 376.000 37793.443 75920.013 182.535 1473204.516 273442391.660 16430951246.587
6668.000 5072.000 26276276.000 1.000 1560.000 660.000 372.000 33107.678 57857.502 16514.961 2183314.330 140430288.008 338638500166.219
6635.000 4972.000 26276286.000 1.000 1560.000 660.000 372.000 26163.294 43071.135 52217.071 1908782.450 24068292.451 94491478163.837
6606.000 4894.000 26276296.000 1.000 1560.000 660.000 372.000 20092.103 31875.055 93948.716 1426259.880 1357799.165 30669784195.926
6584.000 4834.000 26276306.000 1.000 1560.000 660.000 374.000 15555.653 24503.477 134329.982 4890697.303 32509341.799 10819557084803.346
6572.000 4786.000 26276316.000 1.000 1550.000 670.000 372.000 0.000 20890.616 171818.995 2541357.766 451874903.370 883543559350.945
6572.000 4786.000 26276326.000 1.000 1550.000 670.000 369.000 8083.199 20890.616 171818.995 2541357.766 173558238.673 883543559350.945
6566.000 4761.000 26276336.000 1.000 1520.000 680.000 371.000 0.000 19192.186 193169.522 2273489.280 451874903.370 451720415412.503
6566.000 4761.000 26276346.000 1.000 1510.000 680.000 367.000 7231.200 19192.186 193169.522 3571892.741 196732866.896 3882889769398.442
6566.000 4784.000 26276356.000 1.000 1510.000 680.000 364.000 18592.182 19192.186 173481.037 3261459.211 7103117.252 2755837129125.026
6585.000 4840.000 26276366.000 1.000 1470.000 690.000 339.000 28965.780 24817.549 129967.856 2200277.153 59419902.367 358668471388.808
6627.000 4922.000 26276376.000 1.000 1470.000 690.000 342.000 35964.117 39814.561 77568.126 1237152.996 216289013.340 132666983777.053
6686.000 5020.000 26276386.000 1.000 1450.000 700.000 339.000 39899.082 66840.793 32584.058 214078.418 347514194.456 1924627288370.772
6769.000 5116.000 26276396.000 1.000 1450.000 700.000 337.000 39218.171 116646.747 7142.033 1356355.241 322591112.668 60040949138.934
6851.000 5210.000 26276406.000 1.000 1450.000 700.000 337.000 34904.064 179382.629 90.050 3060490.644 186232819.466 2128981144091.840
6930.000 5288.000 26276416.000 1.000 1450.000 700.000 339.000 25169.679 252542.296 7654.404 1764914.268 15306322.925 26740909628.071
6990.000 5341.000 26276426.000 1.000 1450.000 700.000 342.000 19556.084 316446.599 19737.286 2589927.850 2894303.950 977211453978.752
7040.000 5378.000 26276436.000 1.000 1450.000 700.000 336.000 11318.400 375200.186 31502.505 272666.544 98782715.109 1765500144526.017
7076.000 5378.000 26276446.000 1.000 1480.000 700.000 339.000 10451.140 420598.768 31502.505 1342076.450 116774161.524 67242370067.869
7100.000 5355.000 26276456.000 1.000 1480.000 700.000 361.000 14719.831 452304.490 23866.991 2983331.854 42739146.786 1909769401272.723
7116.000 5311.000 26276466.000 1.000 1480.000 700.000 361.000 24208.800 474081.637 12207.919 1722896.594 8711060.664 14764389910.936
7116.000 5234.000 26276476.000 1.000 1500.000 710.000 371.000 29688.751 474081.637 1121.543 1250373.516 71088532.997 123211019218.782
7107.000 5140.000 26276486.000 1.000 1500.000 710.000 377.000 33665.766 461768.992 3661.526 518574.190 153968802.603 1172485288233.011
7086.000 5035.000 26276496.000 1.000 1500.000 710.000 381.000 32016.357 433669.485 27393.742 1663917.041 115756244.609 3909907468.074
7073.000 4934.000 26276506.000 1.000 1540.000 700.000 389.000 26724.000 416716.553 71027.872 1285015.680 29884268.819 100091310784.439
7060.000 4850.000 26276516.000 1.000 1540.000 700.000 399.000 22636.800 400101.620 122857.645 2560371.734 1902883.967 919650208491.506
7060.000 4778.000 26276526.000 1.000 1540.000 700.000 391.000 14493.124 400101.620 178515.164 759046.488 45754745.216 709538865856.292
7079.000 4736.000 26276536.000 1.000 1570.000 710.000 392.000 12078.854 424498.983 215770.050 570259.349 84244777.746 1063225857923.414
7103.000 4706.000 26276546.000 1.000 1550.000 710.000 389.000 10265.052 456348.705 244540.683 278432.011 120830602.056 1750211988165.616
7128.000 4685.000 26276556.000 1.000 1550.000 710.000 391.000 9379.454 490750.498 265751.126 583423.591 141084399.053 1036251106580.026
7157.000 4678.000 26276566.000 1.000 1550.000 710.000 339.000 11235.127 532222.578 273017.273 1114553.345 100444941.767 237007774989.720
7191.000 4689.000 26276576.000 1.000 1540.000 720.000 256.000 14780.144 582987.017 261643.041 1638478.308 41954189.750 1375706666.358
7232.000 4712.000 26276586.000 1.000 1540.000 720.000 55.000 19991.589 647277.958 238642.556 1022942.165 1602149.382 334599338885.012
7618.000 5053.000 26276667.000 0.000 1520.000 730.000 51.000 46346.015 1417375.646 21759.362 8587042.769 629441141.758 48799375512155.281
7705.000 5172.000 26276677.000 1.000 1550.000 740.000 78.000 19033.538 1632097.886 812.851 367213.226 4945337.128 1523186849737.853
7736.000 5224.000 26276687.000 1.000 1550.000 740.000 88.000 17865.557 1712266.110 551.754 642050.388 11504255.662 920328247233.057
7763.000 5274.000 26276697.000 1.000 1550.000 740.000 88.000 15823.412 1783656.047 5400.699 230207.453 29527675.630 1880135511368.421
7781.000 5321.000 26276707.000 1.000 1550.000 740.000 122.000 15091.200 1832059.338 14517.708 453058.260 38021398.381 1318660705109.277
7781.000 5369.000 26276717.000 1.000 1570.000 730.000 176.000 13650.175 1832059.338 28388.695 708483.422 57869102.301 797278207002.704
7775.000 5412.000 26276727.000 1.000 1570.000 730.000 245.000 11396.729 1815852.907 44727.788 785559.211 97231834.606 665576267215.077
7760.000 5445.000 26276737.000 1.000 1570.000 730.000 279.000 8898.131 1775651.831 59775.092 111295.714 152750279.375 2220374389299.414
7736.000 5460.000 26276747.000 1.000 1580.000 720.000 306.000 9252.125 1712266.110 67334.775 975216.924 144125412.813 392089951049.326
7707.000 5465.000 26276757.000 1.000 1580.000 720.000 312.000 12353.960 1637212.030 69954.670 1079981.606 79270342.748 271864406733.419
7669.000 5455.000 26276767.000 1.000 1580.000 720.000 329.000 15789.016 1541411.304 64764.881 908831.050 29902670.137 479634835489.466
7628.000 5426.000 26276777.000 1.000 1590.000 710.000 333.000 18679.700 1441286.363 50845.493 1420403.237 6644276.412 32755407737.327
7585.000 5385.000 26276787.000 1.000 1590.000 710.000 341.000 23197.522 1339889.279 34036.358 99794.333 3764269.731 2254782904402.958
7545.000 5323.000 26276797.000 1.000 1590.000 710.000 351.000 23514.934 1248886.410 15003.666 264864.394 5096688.241 1786294782979.969
7508.000 5258.000 26276807.000 1.000 1590.000 710.000 359.000 24357.378 1167557.756 3305.037 749243.496 9610177.342 726149894560.769
7477.000 5187.000 26276817.000 1.000 1590.000 710.000 364.000 21974.288 1101525.532 182.535 507252.331 514000.961 1197132398486.197
7454.000 5121.000 26276827.000 1.000 1590.000 710.000 368.000 20360.890 1053775.882 6321.927 1019045.856 803639.450 339122125883.436
7439.000 5058.000 26276837.000 1.000 1590.000 710.000 369.000 17119.650 1023204.806 20309.256 1527370.920 17120556.297 5478496763.520
7432.000 5004.000 26276847.000 1.000 1590.000 710.000 371.000 12261.600 1009092.304 38616.396 661191.060 80923507.207 883969887532.327
7432.000 4965.000 26276857.000 1.000 1590.000 710.000 373.000 10158.575 1009092.304 55465.218 746510.417 123182793.107 730815319621.012
7444.000 4935.000 26276867.000 1.000 1590.000 710.000 371.000 7784.178 1033345.165 70495.851 217247.570 181526347.483 1915844143365.421
7461.000 4917.000 26276877.000 1.000 1590.000 710.000 361.000 7093.187 1068196.384 80378.231 484157.765 200623496.398 1248202924518.856
7483.000 4912.000 26276887.000 1.000 1590.000 710.000 371.000 8633.129 1114155.962 83238.337 1443212.957 159370940.623 25019277193.914
7510.000 4917.000 26276897.000 1.000 1590.000 710.000 371.000 13223.501 1171883.899 80378.231 1868167.630 64542720.060 71171484043.513
7547.000 4937.000 26276907.000 1.000 1590.000 710.000 364.000 19165.510 1253360.553 69437.809 1384620.115 4375792.061 46988224101.737
7593.000 4977.000 26276917.000 1.000 1590.000 710.000 364.000 23569.518 1358473.853 49956.965 350992.387 5346123.650 1563488659095.197
7645.000 5031.000 26276927.000 1.000 1590.000 710.000 363.000 24685.906 1482393.583 28733.826 483474.259 11755000.383 1249730658547.648
7699.000 5088.000 26276937.000 1.000 1590.000 710.000 361.000 26223.674 1616803.456 12658.624 476841.048 24664380.066 1264605370672.385
7750.000 5154.000 26276947.000 1.000 1590.000 710.000 344.000 27740.344 1749101.114 2163.231 957168.478 42029219.027 415018519507.352
7801.000 5226.000 26276957.000 1.000 1580.000 720.000 336.000 24695.915 1886600.772 649.712 3011492.347 11823733.409 1988394867026.992
7842.000 5293.000 26276967.000 1.000 1580.000 720.000 338.000 15117.377 2000911.713 8554.299 3189989.489 37699261.031 2523655364098.348
7876.000 5327.000 26276977.000 1.000 1580.000 720.000 339.000 4971.100 2098256.152 15999.581 1562913.840 265241919.409 1480244682.499
7885.000 5340.000 26276987.000 1.000 1580.000 720.000 339.000 0.000 2124410.798 19457.307 593084.160 451874903.370 1016676206442.177
7885.000 5340.000 26276997.000 1.000 1580.000 720.000 341.000 1886.400 2124410.798 19457.307 3464476.409 375233680.527 3471099209322.345
7879.000 5340.000 26277007.000 1.000 1580.000 720.000 348.000 12905.727 2106956.367 19457.307 1894659.288 69749596.656 86008172652.853
7856.000 5306.000 26277017.000 1.000 1580.000 720.000 358.000 18931.997 2040714.718 11128.024 2337414.660 5407263.768 541735556157.035
7821.000 5257.000 26277027.000 1.000 1580.000 720.000 363.000 26366.522 1941942.207 3191.058 376287.439 26103644.691 1500870865368.045
7778.000 5185.000 26277037.000 1.000 1580.000 720.000 366.000 25169.679 1823947.123 240.577 839024.503 15306322.925 581197778470.395
7743.000 5113.000 26277047.000 1.000 1580.000 720.000 363.000 22501.026 1730634.612 7658.096 2069092.181 1546731.494 218747399136.773
7724.000 5044.000 26277057.000 1.000 1580.000 720.000 363.000 15919.944 1681005.249 24495.552 1145117.741 28487896.368 208182355881.792
7716.000 4994.000 26277067.000 1.000 1580.000 720.000 364.000 12277.712 1660324.675 42646.607 794250.485 80633887.775 651470626057.586
7725.000 4956.000 26277077.000 1.000 1580.000 720.000 368.000 9751.470 1683599.321 59785.408 12774.701 132385260.690 2523691540509.416
7736.000 4927.000 26277087.000 1.000 1580.000 720.000 373.000 9710.838 1712266.110 74808.020 652040.762 133321925.432 901259775967.319
7763.000 4912.000 26277097.000 1.000 1610.000 720.000 373.000 11784.759 1783656.047 83238.337 796498.130 89729968.822 647847361718.373
7800.000 4906.000 26277107.000 1.000 1610.000 720.000 361.000 14318.150 1883854.701 86736.463 499698.557 48152488.266 1213719161924.500
7845.000 4913.000 26277117.000 1.000 1610.000 720.000 361.000 15907.522 2009407.929 82662.316 762417.170 28620653.174 703871698037.221
7893.000 4929.000 26277127.000 1.000 1610.000 720.000 361.000 18332.513 2147795.372 73717.978 563261.119 8554667.947 1077706981099.290
7947.000 4951.000 26277137.000 1.000 1610.000 720.000 361.000 20124.056 2308989.245 62255.514 938109.550 1284353.923 439938021138.720
8003.000 4982.000 26277147.000 1.000 1610.000 720.000 361.000 23107.865 2482313.262 47746.860 563822.952 3424407.998 1076540789113.848
8064.000 5023.000 26277157.000 1.000 1610.000 720.000 361.000 24901.195 2678249.637 31509.995 930635.947 13277610.781 449908032340.738
8127.000 5071.000 26277167.000 1.000 1610.000 720.000 373.000 27861.233 2888422.156 16772.982 24505.594 43611278.647 2486557454073.624
8194.000 5129.000 26277177.000 1.000 1610.000 720.000 371.000 27939.177 3120648.962 5113.759 1509556.387 44646820.121 8433006228.222
8263.000 5185.000 26277187.000 1.000 1610.000 720.000 371.000 23137.789 3369191.912 240.577 1256997.610 3536053.102 118604594772.622
8317.000 5235.000 26277197.000 1.000 1610.000 720.000 361.000 19139.705 3570345.785 1189.522 2929433.004 4484417.791 1763704095471.513
8362.000 5276.000 26277207.000 1.000 1610.000 720.000 373.000 9822.170 3742429.013 5698.657 1704227.208 130763327.833 10575946285.108
8382.000 5300.000 26277217.000 1.000 1610.000 720.000 362.000 4401.600 3820210.447 9898.151 545115.523 284116287.722 1115711098022.160
8382.000 5314.000 26277227.000 1.000 1610.000 720.000 361.000 2667.772 3820210.447 12879.856 146815.997 345572387.785 2115779095467.546
8376.000 5320.000 26277237.000 1.000 1610.000 720.000 362.000 2200.800 3796792.017 14277.729 1976947.200 363152074.906 141044871865.723
8369.000 5320.000 26277247.000 1.000 1610.000 720.000 361.000 8488.800 3769561.515 14277.729 2584930.462 163035853.694 967356191379.870
8342.000 5320.000 26277257.000 1.000 1610.000 720.000 366.000 16710.589 3665447.578 14277.729 922371.314 20673030.104 461063372100.916
8302.000 5285.000 26277267.000 1.000 1610.000 720.000 369.000 19644.340 3513884.709 7138.467 707741.438 2601799.314 798603799049.315
8262.000 5237.000 26277277.000 1.000 1610.000 720.000 377.000 21895.426 3365521.840 1331.480 341301.950 407141.752 1587816319383.371
8225.000 5178.000 26277287.000 1.000 1610.000 720.000 382.000 20809.860 3231135.186 506.725 384659.597 200246.760 1480427491020.560
8195.000 5119.000 26277297.000 1.000 1610.000 720.000 398.000 19586.388 3124183.034 6643.970 356201.366 2792111.989 1550489225785.353
8175.000 5060.000 26277307.000 1.000 1610.000 720.000 397.000 18453.432 3053881.599 19743.214 30235.219 7861952.767 2468520395393.509
8166.000 5002.000 26277317.000 1.000 1610.000 720.000 415.000 18549.600 3022506.954 39406.438 126180.667 7331906.795 2176236050147.887
8166.000 4943.000 26277327.000 1.000 1610.000 720.000 425.000 18148.262 3022506.954 66311.683 5134.781 9666424.440 2548023662679.835
8180.000 4887.000 26277337.000 1.000 1610.000 720.000 438.000 18164.594 3071381.958 98288.864 609045.619 9565135.943 984742980576.606
8203.000 4834.000 26277347.000 1.000 1610.000 720.000 441.000 16227.426 3152527.608 134329.982 278597.071 25300129.376 1749775281249.282
8233.000 4792.000 26277357.000 1.000 1600.000 730.000 440.000 15341.303 3259959.760 166880.868 77602.723 34999604.967 2321920924625.670
8268.000 4758.000 26277367.000 1.000 1600.000 730.000 435.000 15094.475 3387572.270 195815.586 449536.980 37981020.829 1326760284123.541
8307.000 4730.000 26277377.000 1.000 1600.000 730.000 418.000 13664.650 3532655.068 221380.176 996973.404 57649084.128 365316747708.513
8347.000 4713.000 26277387.000 1.000 1590.000 740.000 361.000 10493.615 3684617.937 237666.535 2482889.426 115857978.161 777045137618.150
8380.000 4708.000 26277397.000 1.000 1590.000 740.000 163.000 18390.846 3812396.304 242566.640 165704.668 8216841.723 2061186021343.707
8196.000 5810.000 26277588.000 0.000 1650.000 680.000 371.000 8324.182 3127719.106 371477.391 249450.619 167266818.909 1827734109197.546
8191.000 5784.000 26277598.000 1.000 1650.000 680.000 377.000 9117.600 3110058.747 340459.940 828782.923 147373515.413 596918277578.146
8191.000 5813.000 26277608.000 1.000 1650.000 680.000 377.000 6481.522 3110058.747 375143.328 979888.279 218325075.255 386261639813.115
8207.000 5800.000 26277618.000 1.000 1650.000 680.000 371.000 9598.215 3166747.895 359387.602 1015729.565 135935414.879 342995554286.133
8233.000 5784.000 26277628.000 1.000 1650.000 680.000 358.000 12828.907 3259959.760 340459.940 652308.317 71038641.233 900751842465.859
8266.000 5760.000 26277638.000 1.000 1650.000 680.000 364.000 10754.135 3380214.127 313028.446 193368.576 110317512.661 1982518101646.271
8287.000 5733.000 26277648.000 1.000 1640.000 690.000 373.000 10139.095 3457873.633 283545.016 136244.611 123615580.828 2146644529406.393
8303.000 5705.000 26277658.000 1.000 1640.000 690.000 369.000 9705.747 3517634.781 254509.607 375538.538 133439517.930 1502706383973.837
8316.000 5677.000 26277668.000 1.000 1660.000 690.000 371.000 10900.208 3566567.713 227042.197 560451.955 107270377.910 1083547408634.228
8335.000 5648.000 26277678.000 1.000 1660.000 700.000 372.000 9117.600 3638693.076 200246.809 1186168.320 147373515.413 172407206690.298
8335.000 5619.000 26277688.000 1.000 1660.000 700.000 371.000 5344.800 3638693.076 175133.421 575257.994 253209228.300 1052942354342.307
8335.000 5602.000 26277698.000 1.000 1680.000 720.000 374.000 3515.099 3638693.076 161193.780 1105147.126 314787449.137 246254794722.703
8330.000 5592.000 26277708.000 1.000 1680.000 720.000 371.000 0.000 3619642.718 153263.991 0.000 451874903.370 2564442847879.866
8330.000 5592.000 26277718.000 1.000 1670.000 730.000 361.000 0.000 3619642.718 153263.991 0.000 451874903.370 2564442847879.866
8330.000 5592.000 26277728.000 1.000 1670.000 730.000 105.000 0.000 3619642.718 153263.991 0.000 451874903.370 2564442847879.866
