3186.000 5882.000 26311757.000 0.000 1470.000 580.000 56.000 12968.500 9972029.163 385022.490 2626477.008 115821743.048 2024859670574.473
3174.000 5847.000 26311767.000 1.000 1470.000 580.000 96.000 5474.985 10047961.610 342812.364 207876.293 333265692.221 14757708887356.426
3164.000 5859.000 26311777.000 1.000 1470.000 580.000 100.000 4881.900 10111458.650 357008.407 3414856.658 355271646.833 402712069873.447
3177.000 5854.000 26311787.000 1.000 1470.000 580.000 103.000 14624.715 10028951.498 351058.389 1877579.080 82916250.377 4717034793150.290
3207.000 5825.000 26311797.000 1.000 1480.000 570.000 110.000 19981.574 9839840.379 317534.284 3404709.682 14054829.007 415693491545.441
3242.000 5780.000 26311807.000 1.000 1470.000 580.000 113.000 29695.439 9621485.740 268844.122 1812724.662 35579888.120 5002952081062.362
3285.000 5707.000 26311817.000 1.000 1470.000 580.000 148.000 34867.264 9356575.470 198471.858 1326571.699 124026375.077 7414080659635.448
3335.000 5621.000 26311827.000 1.000 1470.000 580.000 186.000 38652.062 9053190.271 129241.548 5957807.061 222651488.692 3641816567573.159
3391.000 5526.000 26311837.000 1.000 1470.000 580.000 220.000 55650.085 8719334.849 69961.205 2682978.309 1018856646.859 1867252117744.480
3451.000 5379.000 26311847.000 1.000 1460.000 580.000 230.000 63304.802 8368592.610 13806.674 1785099.304 1566121337.354 5127296064162.405
3512.000 5209.000 26311857.000 1.000 1460.000 580.000 240.000 68397.810 8019385.668 2756.060 224855.214 1995164021.090 14627545528238.133
3577.000 5025.000 26311867.000 1.000 1460.000 580.000 237.000 67756.283 7655469.910 55931.396 3196203.892 1938265072.732 728033438740.736
3650.000 4846.000 26311877.000 1.000 1450.000 590.000 239.000 58637.299 7256838.520 172638.750 2860231.066 1218481051.651 1414247969875.307
3728.000 4698.000 26311887.000 1.000 1450.000 590.000 242.000 50476.868 6842681.610 317530.216 3533950.599 715365469.782 265742361994.669
3794.000 4570.000 26311897.000 1.000 1440.000 600.000 253.000 40394.270 6501745.148 478169.754 3011266.072 277679528.866 1077831365522.181
3853.000 4471.000 26311907.000 1.000 1440.000 600.000 269.000 31802.926 6204343.614 624887.396 2213422.922 65163237.150 3371005152873.207
3901.000 4394.000 26311917.000 1.000 1420.000 610.000 277.000 25487.882 5967525.823 752553.118 1432591.990 3088212.028 6847959700705.201
3939.000 4332.000 26311927.000 1.000 1410.000 610.000 282.000 21400.601 5783313.072 863966.894 2441627.864 5428667.288 2585100534396.189
3971.000 4280.000 26311937.000 1.000 1400.000 620.000 284.000 14434.473 5630426.545 963338.707 1637070.887 86417067.323 5819585758332.116
3991.000 4244.000 26311947.000 1.000 1380.000 630.000 282.000 9763.800 5535912.466 1035302.577 2316559.650 195070135.210 3002918140740.743
4001.000 4218.000 26311957.000 1.000 1380.000 630.000 276.000 3154.500 5488955.426 1088888.483 1105652.250 423373877.280 8665960780246.764
4001.000 4209.000 26311967.000 1.000 1370.000 630.000 264.000 0.000 5488955.426 1107752.450 12150062.522 563139053.676 65619880339051.609
4001.000 4209.000 26311977.000 1.000 1370.000 630.000 142.000 34664.943 5488955.426 1107752.450 471391.303 119560927.068 12802522984914.727
4212.000 5887.000 26312148.000 0.000 1420.000 580.000 88.000 11666.965 4544792.888 391252.508 268017.887 145530108.660 14299248847822.129
4240.000 5905.000 26312158.000 1.000 1430.000 570.000 113.000 12431.638 4426193.177 414094.573 3627977.131 127665436.368 177641610998.290
4213.000 5928.000 26312168.000 1.000 1430.000 570.000 119.000 22782.500 4540530.184 444224.656 3380429.847 898800.815 447591507571.956
4148.000 5928.000 26312178.000 1.000 1440.000 570.000 122.000 13137.907 4821765.942 444224.656 2457717.566 112204108.211 2533620569637.586
4121.000 5902.000 26312188.000 1.000 1460.000 570.000 122.000 20149.940 4941070.950 410242.562 3240034.618 12820775.573 655157546459.207
4084.000 5858.000 26312198.000 1.000 1470.000 560.000 132.000 29393.976 5106930.997 355814.403 430474.286 32074382.035 13097004380913.770
4041.000 5786.000 26312208.000 1.000 1470.000 560.000 146.000 30622.148 5303127.267 275102.144 1572828.793 47494108.365 6133665716615.849
3993.000 5713.000 26312218.000 1.000 1470.000 560.000 180.000 35109.534 5526505.058 203853.880 820702.059 129481252.718 10424830362657.502
3940.000 5628.000 26312228.000 1.000 1470.000 560.000 191.000 37451.052 5778504.368 134323.573 2312022.077 188252146.007 3018664987264.048
3884.000 5537.000 26312238.000 1.000 1480.000 570.000 218.000 44047.406 6050871.791 75901.245 337001.895 412774594.597 13782290589643.996
3827.000 5425.000 26312248.000 1.000 1470.000 580.000 235.000 45008.895 6334543.917 26732.840 392613.977 452767920.771 13372469061971.795
3766.000 5312.000 26312258.000 1.000 1470.000 580.000 242.000 46129.049 6645320.859 2550.432 1049662.679 501692709.907 8998739855037.422
3702.000 5197.000 26312268.000 1.000 1460.000 580.000 262.000 43134.291 6979381.914 4160.017 441177.154 376505123.606 13019652036901.480
3643.000 5089.000 26312278.000 1.000 1460.000 580.000 272.000 41875.583 7294601.448 29755.627 501090.573 329242184.054 12590873411660.271
3586.000 4984.000 26312288.000 1.000 1450.000 590.000 280.000 40445.938 7605747.574 77005.248 2143873.557 279404160.508 3631231670102.650
3536.000 4880.000 26312298.000 1.000 1450.000 590.000 285.000 34329.323 7884032.773 145540.873 1701313.330 112333966.607 5513758254330.024
3493.000 4792.000 26312308.000 1.000 1440.000 600.000 274.000 29475.362 8127357.044 220428.555 2300616.106 33002852.721 3058429248841.485
3457.000 4716.000 26312318.000 1.000 1440.000 600.000 277.000 22911.550 8333914.387 297568.281 1035581.692 670762.739 9083418136330.316
3425.000 4659.000 26312328.000 1.000 1420.000 610.000 282.000 19956.966 8519696.914 363004.075 587831.261 14239944.215 11982822623386.703
3396.000 4610.000 26312338.000 1.000 1410.000 610.000 287.000 18279.844 8689831.329 424449.898 1666593.501 29710207.469 5678017711998.491
3368.000 4566.000 26312348.000 1.000 1400.000 620.000 286.000 13524.941 8855695.040 483717.739 1912266.663 104154476.725 4567563932289.224
3348.000 4533.000 26312358.000 1.000 1400.000 620.000 289.000 8069.116 8975129.119 530709.620 1348912.218 245280548.182 7292918611295.799
3335.000 4514.000 26312368.000 1.000 1370.000 620.000 286.000 4220.579 9053190.271 558753.551 1479312.940 380639009.836 6605618116003.234
3327.000 4505.000 26312378.000 1.000 1370.000 620.000 287.000 0.000 9101395.903 572289.519 0.000 563139053.676 16398066744242.424
3327.000 4505.000 26312388.000 1.000 1370.000 620.000 279.000 0.000 9101395.903 572289.519 0.000 563139053.676 16398066744242.424
3327.000 4505.000 26312398.000 1.000 1350.000 630.000 247.000 0.000 9101395.903 572289.519 1351352.750 563139053.676 7279743056821.325
3327.000 4505.000 26312408.000 1.000 1350.000 630.000 200.000 3855.500 9101395.903 572289.519 10185151.110 395017654.692 37646795622879.906
3338.000 4505.000 26312418.000 1.000 1350.000 630.000 68.000 32914.419 9035146.159 572289.519 524386.539 84343430.314 12426091069206.250
4901.000 5856.000 26312638.000 0.000 1450.000 590.000 139.000 0.000 2081821.852 353432.396 0.000 563139053.676 16398066744242.424
4901.000 5856.000 26312648.000 1.000 1460.000 580.000 247.000 0.000 2081821.852 353432.396 0.000 563139053.676 16398066744242.424
4901.000 5856.000 26312658.000 1.000 1470.000 590.000 260.000 0.000 2081821.852 353432.396 0.000 563139053.676 16398066744242.424
4901.000 5856.000 26312668.000 1.000 1470.000 590.000 264.000 0.000 2081821.852 353432.396 0.000 563139053.676 16398066744242.424
4901.000 5856.000 26312678.000 1.000 1470.000 590.000 264.000 0.000 2081821.852 353432.396 8975637.999 563139053.676 24267302117457.664
4901.000 5856.000 26312688.000 1.000 1480.000 600.000 269.000 25608.097 2081821.852 353432.396 2377081.186 3525178.752 2796826305197.383
4938.000 5793.000 26312698.000 1.000 1480.000 600.000 274.000 18826.125 1976419.805 282494.169 838704.440 24053394.991 10308904051883.322
4964.000 5746.000 26312708.000 1.000 1480.000 600.000 280.000 21219.005 1903991.502 234741.999 1158745.639 6307863.618 8356187008917.967
4995.000 5694.000 26312718.000 1.000 1470.000 610.000 289.000 24524.984 1819401.679 187057.811 230455.152 631123.694 14584741870538.760
5031.000 5634.000 26312728.000 1.000 1470.000 610.000 301.000 23867.480 1723580.336 138757.595 60656.829 18749.534 15910492081582.283
5065.000 5575.000 26312738.000 1.000 1470.000 620.000 306.000 23694.422 1635462.401 98283.382 1052566.922 1305.309 8981324051629.928
5098.000 5516.000 26312748.000 1.000 1470.000 620.000 312.000 20691.378 1552147.170 64771.169 1415971.281 9236572.897 6935224107636.155
5124.000 5463.000 26312758.000 1.000 1460.000 630.000 312.000 16651.517 1488038.867 40602.977 894782.688 50112723.242 9951942553292.008
5148.000 5422.000 26312768.000 1.000 1460.000 630.000 312.000 14098.642 1430061.971 25760.829 1023825.922 92773672.167 9154417081983.391
5171.000 5389.000 26312778.000 1.000 1460.000 630.000 307.000 11177.598 1375581.780 16256.710 839129.597 157576630.561 10306174088490.496
5192.000 5365.000 26312788.000 1.000 1460.000 630.000 296.000 8783.505 1326762.997 10712.624 294734.048 223414185.961 14097911761336.354
5214.000 5353.000 26312798.000 1.000 1460.000 630.000 241.000 9624.401 1276565.509 8372.580 6101866.768 198983469.554 4212403722079.653
5241.000 5348.000 26312808.000 1.000 1460.000 630.000 66.000 27033.436 1216282.502 7482.562 114166.179 10909048.918 15486479589059.750
5728.000 5956.000 26312909.000 0.000 1480.000 630.000 137.000 23743.626 379273.668 482332.757 6495840.684 170.954 5984814425192.146
5786.000 5991.000 26312919.000 1.000 1490.000 630.000 221.000 5210.557 311198.838 532172.884 1652770.132 342990180.033 5744087080042.841
5781.000 6005.000 26312929.000 1.000 1490.000 630.000 247.000 9926.021 316802.358 552794.934 1144915.611 190565050.215 8436335396326.800
5760.000 6024.000 26312939.000 1.000 1500.000 620.000 251.000 6659.500 340883.141 581409.003 2791807.857 291420784.340 1581670419040.007
5741.000 6024.000 26312949.000 1.000 1500.000 620.000 254.000 14624.715 363430.516 581409.003 2016276.486 82916250.377 4133805303640.493
5711.000 5995.000 26312959.000 1.000 1500.000 620.000 244.000 20377.287 400501.636 538024.898 3497613.913 11244379.865 304525988880.615
5673.000 5951.000 26312969.000 1.000 1510.000 610.000 257.000 30356.214 450042.387 475412.739 1628576.168 43899409.376 5860642928935.135
5622.000 5881.000 26312979.000 1.000 1510.000 610.000 274.000 35002.651 521070.289 383782.486 1019857.211 127060237.026 9178448508785.064
5565.000 5799.000 26312989.000 1.000 1510.000 610.000 282.000 37912.372 606610.415 288908.190 304462.176 201124045.135 14024953631531.150
5505.000 5709.000 26312999.000 1.000 1510.000 610.000 277.000 37043.721 703672.654 200257.866 882481.189 177240493.815 10029708218873.584
5448.000 5620.000 26313009.000 1.000 1510.000 610.000 296.000 39561.499 802550.780 128523.544 536543.998 250618912.636 12340527179643.137
5392.000 5522.000 26313019.000 1.000 1510.000 610.000 316.000 41092.295 906022.202 67861.190 2276758.623 301430152.590 3142444104453.208
5336.000 5419.000 26313029.000 1.000 1510.000 610.000 332.000 47588.040 1015765.625 24806.819 229603.086 569179778.457 14591250672395.207
5283.000 5294.000 26313039.000 1.000 1510.000 610.000 353.000 48243.113 1125406.935 1056.367 342393.636 600865692.795 13742286514649.674
5235.000 5165.000 26313049.000 1.000 1500.000 620.000 371.000 49219.985 1229552.726 9311.902 262254.615 649711242.512 14342868937276.164
5193.000 5031.000 26313059.000 1.000 1500.000 620.000 367.000 48471.755 1324460.293 53129.418 2099615.922 612127172.333 3801863256059.288
5163.000 4896.000 26313069.000 1.000 1500.000 620.000 376.000 42481.410 1394411.412 133588.931 1151362.708 351594710.936 8398925297357.874
5140.000 4777.000 26313079.000 1.000 1490.000 630.000 399.000 39196.495 1449259.603 234738.501 2207450.402 239195421.913 3392972272380.493
5115.000 4668.000 26313089.000 1.000 1480.000 630.000 418.000 32898.491 1510077.202 352240.107 1309957.649 84051122.718 7504832846737.285
5092.000 4577.000 26313099.000 1.000 1460.000 630.000 440.000 29161.094 1567133.394 468537.779 908622.881 29490796.608 9864811622053.070
5073.000 4496.000 26313109.000 1.000 1450.000 640.000 440.000 26568.732 1615064.769 585987.486 2309876.316 8055271.040 3026125813071.036
5062.000 4421.000 26313119.000 1.000 1430.000 640.000 440.000 19978.500 1643144.513 706437.216 1719903.500 14077887.167 5426799230559.105
5062.000 4364.000 26313129.000 1.000 1420.000 650.000 449.000 15071.500 1643144.513 805503.010 853132.071 74979165.283 10216465227676.516
5062.000 4321.000 26313139.000 1.000 1420.000 650.000 441.000 12637.457 1643144.513 884536.855 1735112.396 123056735.854 5356170799654.596
5074.000 4287.000 26313149.000 1.000 1400.000 660.000 399.000 7687.065 1612524.065 949646.732 8555670.651 257393445.001 20306000695181.406
5089.000 4271.000 26313159.000 1.000 1400.000 660.000 254.000 32096.967 1574653.506 981086.674 649191.944 69996915.658 11561772851680.385
6038.000 5133.000 26313299.000 0.000 1420.000 660.000 63.000 58027.601 93545.437 16511.786 13024182.182 1176287634.493 80545770217653.391
6166.000 5238.000 26313309.000 1.000 1420.000 660.000 88.000 20868.736 31631.329 552.165 1271853.041 8189985.445 7715059573958.762
6195.000 5290.000 26313319.000 1.000 1440.000 670.000 94.000 24497.418 22156.914 812.353 213579.979 588084.902 14713919128848.373
6234.000 5348.000 26313329.000 1.000 1440.000 670.000 96.000 23888.060 12067.459 7482.562 1768492.965 24809.066 5202777073132.856
6260.000 5411.000 26313339.000 1.000 1460.000 660.000 149.000 18842.431 7031.155 22350.790 846014.819 23893717.734 10262013920983.838
6277.000 5462.000 26313349.000 1.000 1480.000 670.000 208.000 16428.694 4469.188 40200.974 979714.095 53317116.545 9423294780627.217
6268.000 5508.000 26313359.000 1.000 1480.000 670.000 251.000 13633.504 5753.524 60763.140 560851.524 101950359.360 12170337798797.303
6240.000 5535.000 26313369.000 1.000 1480.000 670.000 262.000 15233.651 10785.235 74803.237 1593757.849 72197310.653 6030436943317.896
6200.000 5552.000 26313379.000 1.000 1490.000 660.000 284.000 19780.749 20693.394 84391.299 1831504.803 15600936.324 4919292640866.146
6144.000 5545.000 26313389.000 1.000 1490.000 660.000 292.000 25006.155 39940.816 80373.273 1856029.288 1627165.408 4811106033944.834
6083.000 5508.000 26313399.000 1.000 1510.000 660.000 312.000 30301.531 68043.758 60763.140 3383164.097 43177777.354 443940432510.553
6018.000 5451.000 26313409.000 1.000 1510.000 660.000 342.000 39953.925 106179.516 35910.934 746366.967 263197861.953 10910375012640.674
5955.000 5356.000 26313419.000 1.000 1510.000 660.000 341.000 42083.360 151205.867 8930.591 303826.018 336825595.938 14029718847524.871
5895.000 5252.000 26313429.000 1.000 1510.000 660.000 349.000 42950.196 201468.105 90.216 3826176.118 369394751.567 49852408619.922
5841.000 5142.000 26313439.000 1.000 1510.000 660.000 358.000 32033.859 252860.119 14279.819 1063911.556 68944922.724 8913455608959.562
5813.000 5055.000 26313449.000 1.000 1510.000 660.000 373.000 28998.448 281803.831 42641.505 430835.301 27750738.156 13094391500299.254
5802.000 4973.000 26313459.000 1.000 1510.000 660.000 371.000 27769.246 293603.574 83231.208 1341450.424 16311056.807 7333276042412.508
5808.000 4894.000 26313469.000 1.000 1510.000 660.000 377.000 23941.998 287137.350 135054.923 890759.648 44709.808 9977341465010.482
5829.000 4829.000 26313479.000 1.000 1510.000 660.000 381.000 21400.601 265072.567 187054.689 203978.032 5428667.288 14787675018357.691
5861.000 4777.000 26313489.000 1.000 1510.000 660.000 387.000 20818.638 233146.040 234738.501 1041212.475 8479237.677 9049508935366.807
5903.000 4735.000 26313499.000 1.000 1500.000 670.000 396.000 17847.989 194350.473 277200.349 746744.106 34604536.406 10907883710013.592
5951.000 4718.000 26313509.000 1.000 1500.000 670.000 391.000 19978.500 154332.683 295390.288 1352255.989 14077887.167 7274869814555.403
6008.000 4718.000 26313519.000 1.000 1500.000 670.000 396.000 23836.577 112796.556 295390.288 3130956.915 11241.500 843634410597.500
6072.000 4741.000 26313529.000 1.000 1480.000 670.000 396.000 32769.407 73903.502 270918.371 2718808.171 81700916.679 1770614722806.331
6151.000 4791.000 26313539.000 1.000 1460.000 670.000 392.000 40526.349 37191.888 221368.551 2662276.727 282098828.395 1924257034379.966
6239.000 4866.000 26313549.000 1.000 1460.000 670.000 391.000 48122.003 10993.939 156418.822 1925712.544 594942927.674 4510272027160.520
6340.000 4959.000 26313559.000 1.000 1460.000 670.000 393.000 53616.190 14.838 91505.158 3354669.148 893151414.770 482724111159.908
6442.000 5073.000 26313569.000 1.000 1460.000 670.000 339.000 63187.286 9633.033 35531.569 2433346.250 1556833932.017 2611799887999.586
6542.000 5223.000 26313579.000 1.000 1460.000 670.000 276.000 70129.786 39262.636 1482.111 972657.479 2152889002.890 9466668508827.189
6639.000 5398.000 26313589.000 1.000 1460.000 670.000 279.000 72904.843 87112.350 18632.743 1864701.008 2418110987.665 4773139726242.727
6736.000 5582.000 26313599.000 1.000 1460.000 670.000 284.000 67584.726 153780.065 102721.407 2491882.554 1923188659.548 2426024596126.237
6827.000 5752.000 26313609.000 1.000 1480.000 680.000 277.000 60475.218 233432.004 240592.021 7436787.377 1350170548.431 11474036569762.443
6914.000 5901.000 26313619.000 1.000 1480.000 680.000 306.000 39257.565 325068.758 408962.559 4965037.192 241088161.850 838295058150.410
6970.000 5998.000 26313629.000 1.000 1480.000 680.000 304.000 25091.981 392061.336 542434.909 5142138.884 1853491.478 1193963211464.147
7004.000 6061.000 26313639.000 1.000 1520.000 680.000 315.000 10421.114 435795.401 639203.136 3652600.457 177141114.891 157491661094.619
7024.000 6083.000 26313649.000 1.000 1520.000 680.000 319.000 0.000 462601.322 674865.216 982802.000 563139053.676 9404346193734.670
7024.000 6083.000 26313659.000 1.000 1530.000 670.000 335.000 2804.000 462601.322 674865.216 5359174.792 437920539.324 1715372095826.776
7032.000 6083.000 26313669.000 1.000 1560.000 660.000 362.000 18094.085 473547.690 674865.216 5406772.693 31769749.661 1842317705950.424
7013.000 6035.000 26313679.000 1.000 1560.000 660.000 393.000 33519.970 447759.065 598305.042 3924650.846 95832723.156 15575489654.491
6978.000 5946.000 26313689.000 1.000 1570.000 650.000 391.000 44717.262 402143.704 468542.721 2121236.865 440442036.022 3718016103833.357
6932.000 5827.000 26313699.000 1.000 1600.000 660.000 392.000 50769.293 345918.087 319792.292 242189.542 731093565.624 14495252354405.289
6877.000 5693.000 26313709.000 1.000 1600.000 660.000 392.000 51460.276 284246.805 186193.808 14649.147 768937645.172 16279639287545.090
6817.000 5559.000 26313719.000 1.000 1600.000 650.000 396.000 51418.481 223869.044 88507.324 20109.236 766621464.286 16235608327696.631
6762.000 5423.000 26313729.000 1.000 1600.000 650.000 402.000 51361.108 174847.762 26082.833 3033986.534 763447676.739 1031171427641.133
6710.000 5286.000 26313739.000 1.000 1600.000 650.000 400.000 42704.941 134064.368 600.338 2264510.400 360027473.543 3186018826865.243
6667.000 5172.000 26313749.000 1.000 1600.000 650.000 405.000 36244.141 104424.639 8009.927 3224180.101 156589933.152 681074775985.738
6634.000 5074.000 26313759.000 1.000 1600.000 650.000 412.000 27045.339 84185.870 35155.573 1942350.778 10987819.078 4439878288397.144
6609.000 5001.000 26313769.000 1.000 1600.000 650.000 417.000 21503.682 70303.470 67859.310 1165386.563 4958945.816 8317837179690.276
6589.000 4943.000 26313779.000 1.000 1570.000 650.000 418.000 18178.756 60097.549 101441.100 1511688.274 30822428.403 6440248015341.716
6572.000 4894.000 26313789.000 1.000 1570.000 650.000 417.000 13865.808 52051.516 135054.923 2387652.266 97313155.667 2761580507911.550
6558.000 4857.000 26313799.000 1.000 1570.000 650.000 417.000 7053.676 45859.372 163618.790 2472313.438 278118161.813 2487368086102.428
6549.000 4839.000 26313809.000 1.000 1560.000 660.000 415.000 0.000 42085.708 178504.725 0.000 563139053.676 16398066744242.424
6549.000 4839.000 26313819.000 1.000 1540.000 660.000 415.000 0.000 42085.708 178504.725 35456719.149 563139053.676 986416389097038.000
6549.000 4839.000 26313829.000 1.000 1530.000 670.000 413.000 101160.397 42085.708 178504.725 284790846.690 5995381042.080 78815730328933360.000
6556.000 4867.000 26313830.000 1.000 1530.000 670.000 407.000 19907.659 45006.780 155628.826 5609571.292 14614503.713 2433970184955.945
6581.000 4918.000 26313840.000 1.000 1500.000 670.000 392.000 35912.142 56239.181 117991.010 2358172.062 148391157.796 2860430018846.482
6624.000 5011.000 26313850.000 1.000 1500.000 670.000 398.000 42640.165 78482.910 62749.346 2670251.303 357573499.308 1902196348635.752
6680.000 5119.000 26313860.000 1.000 1500.000 670.000 399.000 50258.571 112995.488 20305.736 1036761.475 703735841.864 9076308100783.289
6760.000 5238.000 26313870.000 1.000 1480.000 670.000 388.000 47300.621 173179.170 552.165 3628213.718 555548196.912 177442235715.660
6846.000 5342.000 26313880.000 1.000 1480.000 670.000 389.000 36949.084 252152.628 6480.541 2434213.387 174729613.050 2608997868619.767
6923.000 5414.000 26313890.000 1.000 1500.000 670.000 394.000 30004.110 335412.423 23256.801 5564188.552 39357541.756 2294424860419.713
6991.000 5466.000 26313900.000 1.000 1500.000 670.000 400.000 14129.107 418800.553 41820.988 435103.339 92187728.064 13063520923763.088
7031.000 5471.000 26313910.000 1.000 1500.000 670.000 409.000 12887.728 472172.394 43891.006 1507525.736 117566811.940 6461392423343.690
7057.000 5445.000 26313920.000 1.000 1500.000 670.000 417.000 17188.800 508580.091 33672.912 4417596.850 42794506.949 135530153843.664
7074.000 5399.000 26313930.000 1.000 1520.000 680.000 431.000 29792.500 533116.123 18906.746 1719283.115 36747224.935 5429690050132.383
7074.000 5314.000 26313940.000 1.000 1520.000 680.000 441.000 34697.730 533116.123 2756.440 1008084.266 120279013.872 9249921631911.070
7060.000 5216.000 26313950.000 1.000 1520.000 680.000 441.000 37573.862 512867.979 2070.086 1192526.830 191637257.744 8162025126625.844
7044.000 5110.000 26313960.000 1.000 1540.000 680.000 441.000 34171.503 490207.242 22951.703 2524824.997 109013477.385 2324489472630.621
7027.000 5014.000 26313970.000 1.000 1540.000 680.000 441.000 26968.008 466691.210 61255.357 1712721.054 10481127.429 5460314540001.996
7015.000 4938.000 26313980.000 1.000 1540.000 680.000 441.000 22081.500 450439.657 104651.082 1810847.735 2719369.403 5011351954212.561
7015.000 4875.000 26313990.000 1.000 1540.000 680.000 440.000 16915.030 450439.657 149380.855 1250719.994 46451327.338 7832904465696.423
7020.000 4827.000 26314000.000 1.000 1560.000 680.000 440.000 13346.642 457176.137 188788.681 622078.967 107825567.395 11746890345697.500
7035.000 4792.000 26314010.000 1.000 1560.000 680.000 438.000 11571.809 477685.578 220428.555 759500.903 147835008.515 10823782481055.451
7054.000 4765.000 26314020.000 1.000 1550.000 690.000 438.000 9404.902 504310.202 246510.458 634789.849 205224221.030 11659922027373.559
7078.000 4753.000 26314030.000 1.000 1550.000 690.000 431.000 11216.000 538973.307 258570.414 847335.152 156613988.268 10253556454906.270
7110.000 4753.000 26314040.000 1.000 1550.000 690.000 422.000 13633.504 586982.780 258570.414 2519423.442 101950359.360 2340989369644.296
7147.000 4765.000 26314050.000 1.000 1540.000 700.000 420.000 20821.588 645046.733 246510.458 1086506.889 8462066.092 8779047567738.263
7195.000 4800.000 26314060.000 1.000 1540.000 700.000 415.000 23921.465 724452.942 212980.584 1227724.390 36448.132 7962150359102.676
7248.000 4843.000 26314070.000 1.000 1540.000 700.000 409.000 27424.245 817483.632 175140.739 1540818.680 13643374.912 6293244382831.394
7309.000 4892.000 26314080.000 1.000 1540.000 700.000 402.000 31820.304 931510.690 136528.916 854927.683 65444102.608 10204989748732.998
7378.000 4951.000 26314090.000 1.000 1540.000 700.000 397.000 34259.470 1069462.116 96409.129 240786.490 110858134.016 14505937899189.566
7451.000 5016.000 26314100.000 1.000 1540.000 700.000 394.000 34946.450 1225776.726 60269.364 1560758.975 125796389.002 6193596195478.644
7522.000 5086.000 26314110.000 1.000 1540.000 700.000 391.000 30493.500 1388032.744 30799.616 862255.586 45737478.346 10158225108753.691
7582.000 5149.000 26314120.000 1.000 1570.000 710.000 389.000 28033.427 1533010.506 12655.844 1561810.826 18514741.343 6188361832012.972
7636.000 5208.000 26314130.000 1.000 1570.000 710.000 389.000 23577.476 1669646.491 2862.057 1106889.866 23431.974 8658675722994.654
7681.000 5258.000 26314140.000 1.000 1570.000 710.000 389.000 20419.445 1787964.813 12.237 473239.142 10963423.350 12789303036830.223
7718.000 5303.000 26314150.000 1.000 1570.000 710.000 389.000 19069.262 1888282.766 1722.400 1132358.597 21727615.714 8509437699388.776
7750.000 5347.000 26314160.000 1.000 1570.000 710.000 391.000 15838.567 1977252.239 7310.559 883108.233 62283412.425 10025736951155.330
7769.000 5388.000 26314170.000 1.000 1570.000 710.000 391.000 13319.000 2031046.863 16002.707 735182.512 108400395.504 10984386530983.432
7769.000 5426.000 26314180.000 1.000 1570.000 710.000 392.000 11221.475 2031046.863 27060.844 1131710.173 156476983.909 8513221147427.647
7761.000 5457.000 26314190.000 1.000 1570.000 710.000 396.000 7992.630 2008308.495 38220.956 107100.533 247682159.334 15542140194602.994
7747.000 5475.000 26314200.000 1.000 1570.000 710.000 397.000 7687.065 1968824.350 45583.021 254089.718 257393445.001 14404779766526.908
7727.000 5484.000 26314210.000 1.000 1580.000 700.000 399.000 8412.000 1913098.430 49507.053 1462242.889 234658006.620 6693654334412.246
7703.000 5484.000 26314220.000 1.000 1580.000 700.000 405.000 12583.877 1847283.325 49507.053 1472069.507 124248342.630 6642903852868.510
7668.000 5476.000 26314230.000 1.000 1580.000 700.000 405.000 16783.790 1753367.964 46011.024 1620204.125 48257489.244 5901248384007.042
7626.000 5453.000 26314240.000 1.000 1580.000 700.000 410.000 21406.341 1643903.531 36672.941 595941.130 5401952.409 11926741801417.879
7579.000 5414.000 26314250.000 1.000 1580.000 700.000 418.000 19706.081 1525590.618 23256.801 593929.260 16196359.275 11940641881472.146
7544.000 5370.000 26314260.000 1.000 1580.000 700.000 417.000 21400.601 1440355.257 11772.642 258130.632 5428667.288 14374122625119.172
7512.000 5318.000 26314270.000 1.000 1590.000 690.000 427.000 22137.065 1364569.784 3192.454 282725.217 2539197.828 14188235535585.939
7487.000 5260.000 26314280.000 1.000 1590.000 690.000 430.000 22943.699 1306787.383 2.245 734499.739 619136.166 10988912785488.836
7466.000 5198.000 26314290.000 1.000 1590.000 690.000 431.000 20848.122 1259216.166 4032.021 244712.791 8308397.294 14476045375543.488
7449.000 5141.000 26314300.000 1.000 1590.000 690.000 435.000 20149.940 1221352.134 14519.815 942194.472 12820775.573 9655053369133.062
7436.000 5085.000 26314310.000 1.000 1590.000 690.000 438.000 17461.796 1192787.285 31151.613 714948.498 39297290.019 11118917922948.449
7427.000 5036.000 26314320.000 1.000 1590.000 690.000 435.000 15422.000 1173209.621 50849.436 1426504.156 69032020.739 6879858788995.840
7427.000 4992.000 26314330.000 1.000 1590.000 690.000 436.000 11352.088 1173209.621 72629.277 791895.866 153226347.762 10611676184614.316
7432.000 4960.000 26314340.000 1.000 1590.000 690.000 436.000 9092.756 1184066.101 90901.162 145381.792 214265044.259 15241769244665.842
7444.000 4937.000 26314350.000 1.000 1580.000 700.000 440.000 8677.972 1210325.654 105299.079 830324.686 226580136.399 10362784832429.791
7461.000 4919.000 26314360.000 1.000 1580.000 700.000 438.000 6309.000 1248019.686 117305.014 737101.500 303510441.384 10971670124260.859
7479.000 4919.000 26314370.000 1.000 1580.000 700.000 436.000 8412.000 1288561.015 117305.014 1294820.956 234658006.620 7587995755746.539
7503.000 4919.000 26314380.000 1.000 1580.000 700.000 440.000 12106.211 1343624.119 117305.014 1721022.997 135125281.862 5421584637268.709
7535.000 4932.000 26314390.000 1.000 1580.000 700.000 438.000 17016.405 1418833.592 108569.060 1688048.658 45079757.333 5576228801566.839
7576.000 4958.000 26314400.000 1.000 1580.000 700.000 436.000 21832.521 1518188.729 92111.154 1125263.776 3602518.114 8550880556130.545
7622.000 5000.000 26314410.000 1.000 1580.000 700.000 436.000 25042.974 1633662.347 68381.306 1336528.002 1722453.970 7359960132092.742
7671.000 5052.000 26314420.000 1.000 1580.000 700.000 430.000 28856.178 1761321.852 43889.494 1168085.062 26272051.514 8302279162697.284
7724.000 5115.000 26314430.000 1.000 1580.000 700.000 415.000 32188.803 1904808.542 21461.721 919644.003 71542025.857 9795702151107.832
7777.000 5190.000 26314440.000 1.000 1580.000 700.000 404.000 34812.609 2053913.231 5111.992 803196.336 122812008.155 10538180039871.549
7830.000 5274.000 26314450.000 1.000 1580.000 700.000 397.000 32521.036 2208635.921 156.295 671186.119 77272625.456 11412684737498.068
7877.000 5354.000 26314460.000 1.000 1580.000 700.000 399.000 30606.097 2350542.834 8556.584 4353414.692 47273131.954 92392924504.301
7920.000 5430.000 26314470.000 1.000 1580.000 700.000 402.000 18185.513 2484242.563 28392.858 2563683.530 30747447.102 2207509870479.182
7944.000 5476.000 26314480.000 1.000 1580.000 700.000 402.000 10871.152 2560473.668 46011.024 3810338.776 165364144.220 57175443537.676
7955.000 5505.000 26314490.000 1.000 1600.000 700.000 405.000 0.000 2595797.924 59293.129 0.000 563139053.676 16398066744242.424
7955.000 5505.000 26314500.000 1.000 1600.000 700.000 409.000 0.000 2595797.924 59293.129 3629803.937 563139053.676 176105040213.708
7955.000 5505.000 26314510.000 1.000 1600.000 700.000 422.000 10356.074 2595797.924 59293.129 3293546.154 178876636.665 571394626896.363
7943.000 5478.000 26314520.000 1.000 1600.000 700.000 431.000 19752.782 2557274.372 46873.032 4565611.598 15822646.706 266420062194.306
7917.000 5428.000 26314530.000 1.000 1600.000 700.000 436.000 32778.778 2474794.675 27722.851 35522.824 81870410.733 16111632627881.303
7878.000 5343.000 26314540.000 1.000 1600.000 700.000 438.000 32677.429 2353610.130 6642.544 420145.752 80046624.849 13171868541632.131
7842.000 5257.000 26314550.000 1.000 1600.000 700.000 438.000 31478.725 2244447.473 20.234 1853165.002 60034199.383 4823679421720.431
7813.000 5172.000 26314560.000 1.000 1600.000 700.000 441.000 26191.521 2158395.888 8009.927 1378411.701 6056373.039 7134459737812.115
7793.000 5100.000 26314570.000 1.000 1600.000 700.000 440.000 22258.820 2100029.968 26081.667 1904904.410 2165992.317 4599087142910.162
7785.000 5037.000 26314580.000 1.000 1600.000 700.000 440.000 16824.000 2076907.600 50399.440 1265830.049 47700447.563 7748554770809.545
7785.000 4989.000 26314590.000 1.000 1600.000 700.000 444.000 13212.502 2076907.600 74255.266 601194.074 110629356.057 11890487189629.111
7799.000 4954.000 26314600.000 1.000 1600.000 700.000 446.000 11497.255 2117455.744 94555.140 448118.456 149653532.525 12969607958775.949
7819.000 4928.000 26314610.000 1.000 1630.000 700.000 444.000 10218.743 2176061.665 111221.046 349538.578 182568957.087 13689364121590.547
7844.000 4913.000 26314620.000 1.000 1630.000 700.000 448.000 11216.000 2250444.065 121450.992 737101.500 156613988.268 10971670124260.859
7876.000 4913.000 26314630.000 1.000 1630.000 700.000 449.000 13319.000 2347477.538 121450.992 1322451.221 108400395.504 7436536780064.120
7914.000 4913.000 26314640.000 1.000 1630.000 700.000 439.000 17092.042 2465364.787 121450.992 1539268.068 44069802.558 6301026623096.153
7957.000 4936.000 26314650.000 1.000 1630.000 700.000 449.000 21483.677 2602246.516 105949.075 1585757.686 5048443.048 6069792863258.224
8008.000 4970.000 26314660.000 1.000 1630.000 700.000 448.000 26007.950 2769388.614 84971.198 652160.279 5186545.926 11541595436982.484
8067.000 5015.000 26314670.000 1.000 1600.000 700.000 448.000 27868.607 2969239.080 60761.360 831403.174 17123506.951 10355842413812.301
8128.000 5066.000 26314680.000 1.000 1590.000 710.000 444.000 30240.656 3183184.137 38219.544 615067.915 42381466.312 11794998490742.305
8190.000 5126.000 26314690.000 1.000 1590.000 710.000 430.000 31995.486 3408262.491 18359.761 260742.558 68309149.540 14354324142183.350
8252.000 5193.000 26314700.000 1.000 1590.000 710.000 422.000 32739.402 3641028.845 4692.003 418637.901 81159395.234 13182815723310.104
8309.000 5267.000 26314710.000 1.000 1590.000 710.000 410.000 31545.000 3861806.719 30.270 2944684.041 61065612.214 1220513673880.032
8363.000 5339.000 26314720.000 1.000 1620.000 710.000 404.000 23143.619 4076958.704 6006.530 2121077.738 344489.245 3718629791540.401
8401.000 5393.000 26314730.000 1.000 1620.000 710.000 404.000 17092.042 4231857.953 17292.725 24000807.506 44069802.558 398056560690295.625
8424.000 5436.000 26314740.000 1.000 1620.000 710.000 407.000 85567.955 4327015.762 30450.880 299915682.275 3823864525.869 87536825834000032.000
8438.000 5456.000 26314741.000 1.000 1620.000 710.000 412.000 0.000 4385455.906 37830.952 0.000 563139053.676 16398066744242.424
8438.000 5456.000 26314751.000 1.000 1650.000 710.000 415.000 0.000 4385455.906 37830.952 0.000 563139053.676 16398066744242.424
8438.000 5456.000 26314761.000 1.000 1650.000 710.000 420.000 0.000 4385455.906 37830.952 6855440.366 563139053.676 7873567076443.749
8438.000 5456.000 26314771.000 1.000 1650.000 710.000 425.000 19559.031 4385455.906 37830.952 783040.133 17401579.622 10669450714799.666
8405.000 5411.000 26314781.000 1.000 1660.000 700.000 435.000 21793.097 4248331.137 22350.790 1654391.895 3753728.240 5736316008105.340
8376.000 5356.000 26314791.000 1.000 1660.000 700.000 443.000 26513.188 4129625.553 8930.591 75828.221 7743068.332 15789691082777.035
8345.000 5287.000 26314801.000 1.000 1660.000 700.000 448.000 26296.845 4004593.376 650.342 633336.326 6585864.579 11669850721932.361
8318.000 5217.000 26314811.000 1.000 1660.000 700.000 447.000 24489.894 3897260.383 1980.089 1212692.847 576601.698 8047206165661.110
8307.000 5148.000 26314821.000 1.000 1660.000 700.000 453.000 21030.000 3853950.127 12881.840 279671.311 7292976.035 14211251324928.457
8307.000 5088.000 26314831.000 1.000 1660.000 700.000 456.000 20232.079 3853950.127 30101.624 863429.761 12239306.764 10150741833221.277
8321.000 5032.000 26314841.000 1.000 1660.000 700.000 465.000 17768.656 3909114.271 52669.421 797432.715 35544192.723 10575633641295.121
8340.000 4985.000 26314851.000 1.000 1660.000 700.000 469.000 15493.527 3984606.896 76451.252 206817.082 67848565.388 14765848089148.396
8367.000 4950.000 26314861.000 1.000 1660.000 700.000 468.000 14903.464 4093127.888 97031.125 346648.355 77917465.989 13710759628462.850
8399.000 4922.000 26314871.000 1.000 1660.000 700.000 468.000 13914.453 4223633.361 115259.024 700107.277 96355781.150 11218114410805.137
8429.000 4896.000 26314881.000 1.000 1650.000 710.000 461.000 11917.000 4347842.242 133588.931 869064.399 139559988.680 10114869411116.523
8459.000 4880.000 26314891.000 1.000 1650.000 710.000 443.000 9437.501 4473851.123 145540.873 727988.851 204291280.057 11032121751376.256
8484.000 4870.000 26314901.000 1.000 1650.000 710.000 359.000 7360.500 4580233.524 153270.837 5656012.191 267978571.752 2581033566851.530
8505.000 4870.000 26314911.000 1.000 1650.000 710.000 122.000 23497.482 4670560.740 153270.837 455020.301 54321.187 12919943893474.660
8278.000 6062.000 26315092.000 0.000 1680.000 680.000 103.000 0.000 3740928.542 640803.140 3792473.090 563139053.676 66038492966.402
8278.000 6062.000 26315102.000 1.000 1680.000 670.000 349.000 10820.180 3740928.542 640803.140 2809671.090 166677680.942 1537058310285.795
8250.000 6049.000 26315112.000 1.000 1680.000 670.000 373.000 2804.000 3633400.253 620159.093 982802.000 437920539.324 9404346193734.670
8250.000 6057.000 26315122.000 1.000 1690.000 660.000 369.000 0.000 3633400.253 632823.122 0.000 563139053.676 16398066744242.424
8250.000 6057.000 26315132.000 1.000 1690.000 650.000 368.000 0.000 3633400.253 632823.122 6985200.723 563139053.676 8618616762876.141
8250.000 6057.000 26315142.000 1.000 1690.000 650.000 371.000 19929.246 3633400.253 632823.122 3015787.522 14449920.170 1068463591648.809
8273.000 6005.000 26315152.000 1.000 1700.000 640.000 362.000 11325.002 3721612.062 552794.934 373998.922 153897647.514 13508960088198.947
8285.000 5975.000 26315162.000 1.000 1700.000 640.000 371.000 12392.046 3768055.614 509084.826 1041017.947 128561697.027 9050679347096.496
8302.000 5944.000 26315172.000 1.000 1700.000 640.000 374.000 15362.140 3834343.646 465808.714 1052032.059 70030303.692 8984530184287.938
8322.000 5905.000 26315182.000 1.000 1700.000 630.000 374.000 18363.658 3913069.567 414094.573 1230161.767 28803541.132 7948401068799.218
8343.000 5857.000 26315192.000 1.000 1700.000 640.000 372.000 14853.924 3996592.784 354622.400 1004175.139 78794507.987 9273715103699.010
8357.000 5817.000 26315202.000 1.000 1700.000 640.000 374.000 11988.945 4052764.928 308582.255 2221224.351 137865312.900 3342418704077.091
8366.000 5784.000 26315212.000 1.000 1700.000 640.000 374.000 5651.643 4089082.592 273008.136 1120949.121 326846916.692 8576132904648.930
8374.000 5770.000 26315222.000 1.000 1690.000 650.000 376.000 2453.500 4121500.961 258574.086 859951.750 452712901.868 10172915975072.701
8374.000 5763.000 26315232.000 1.000 1690.000 650.000 379.000 0.000 4121500.961 251504.060 0.000 563139053.676 16398066744242.424
8374.000 5763.000 26315242.000 1.000 1690.000 660.000 379.000 0.000 4121500.961 251504.060 0.000 563139053.676 16398066744242.424
8374.000 5763.000 26315252.000 1.000 1710.000 660.000 372.000 0.000 4121500.961 251504.060 0.000 563139053.676 16398066744242.424
8374.000 5763.000 26315262.000 1.000 1710.000 670.000 253.000 0.000 4121500.961 251504.060 0.000 563139053.676 16398066744242.424
