2728.000 6364.000 8486365.000 0.000 1110.000 490.000 91.000 0.000 8260263.766 517377.647 4760757.723 477684548.489 9508430654043.447
2728.000 6364.000 8486375.000 1.000 1130.000 500.000 212.000 15583.495 8260263.766 517377.647 271194.489 39344265.161 1976804795705.059
2729.000 6415.000 8486385.000 1.000 1130.000 500.000 316.000 14695.788 8254516.632 593346.195 4022911.984 51268574.455 5502442626749.181
2712.000 6460.000 8486395.000 1.000 1130.000 500.000 382.000 1527.500 8352489.925 664697.266 466651.250 413247737.844 1465388067112.936
2712.000 6465.000 8486405.000 1.000 1140.000 500.000 422.000 0.000 8352489.925 672875.163 2521644.353 477684548.489 713114314445.281
2712.000 6465.000 8486415.000 1.000 1150.000 500.000 514.000 8254.155 8352489.925 672875.163 5382827.209 185010070.709 13731796097558.627
2733.000 6448.000 8486425.000 1.000 1150.000 500.000 591.000 25873.884 8231548.092 645274.314 4795646.128 16143426.308 9724809835053.373
2766.000 6370.000 8486435.000 1.000 1150.000 500.000 644.000 41571.580 8043278.639 526045.124 5629952.880 388704263.884 15624386624291.281
2832.000 6251.000 8486445.000 1.000 1160.000 500.000 673.000 60000.231 7673273.735 367587.179 3266557.222 1454982685.835 2526109171097.835
2915.000 6073.000 8486455.000 1.000 1170.000 510.000 702.000 70692.726 7220331.536 183432.052 2655772.295 2385026225.387 957636240833.981
3010.000 5862.000 8486465.000 1.000 1170.000 510.000 705.000 79385.925 6718813.719 47214.806 6401907.083 3309692764.076 22323013955134.238
3123.000 5628.000 8486475.000 1.000 1150.000 510.000 724.000 58430.419 6145775.473 279.235 2707965.442 1337688438.973 1062511634348.599
3218.000 5462.000 8486485.000 1.000 1150.000 510.000 724.000 49566.375 5683777.655 33383.060 2494643.041 767865120.378 668240277542.083
3300.000 5322.000 8486495.000 1.000 1150.000 510.000 737.000 41400.604 5299514.592 104141.949 3757474.032 381991713.197 4327609146359.794
3359.000 5200.000 8486505.000 1.000 1140.000 510.000 752.000 29101.180 5031351.632 197767.266 2543953.490 52492695.391 751290402573.678
3402.000 5115.000 8486515.000 1.000 1140.000 510.000 754.000 20774.000 4840296.830 280593.020 1909587.628 1170714.717 54011728853.565
3434.000 5055.000 8486525.000 1.000 1130.000 520.000 757.000 14523.304 4700516.512 347758.259 2683353.140 53768367.719 1012377561542.836
3452.000 5011.000 8486535.000 1.000 1120.000 520.000 757.000 5739.824 4622790.084 401588.766 1753516.232 259730990.596 5826702443.685
3460.000 4994.000 8486545.000 1.000 1120.000 520.000 758.000 0.000 4588453.005 423423.917 728932.471 477684548.489 899179809410.647
3460.000 4994.000 8486555.000 1.000 1110.000 530.000 694.000 2386.031 4588453.005 423423.917 3697126.173 379079525.821 4080168838017.047
3455.000 5000.000 8486565.000 1.000 1110.000 530.000 537.000 14487.917 4609898.679 415651.393 6335375.599 54288583.881 21698754636209.465
3435.000 5043.000 8486575.000 1.000 1100.000 530.000 93.000 35225.644 4696181.378 362055.306 231796.178 178747495.390 2089144198750.291
3411.000 6092.000 8486666.000 0.000 1060.000 530.000 103.000 42130.211 4800776.616 200068.060 10851737.598 411043805.612 84172444876575.047
3518.000 6179.000 8486676.000 1.000 1080.000 530.000 417.000 6608.975 4343337.179 285465.465 339097.363 232471640.541 1790474221334.199
3506.000 6197.000 8486686.000 1.000 1090.000 520.000 464.000 5499.000 4393498.798 305023.893 532592.814 267551308.667 1310087591527.978
3488.000 6197.000 8486696.000 1.000 1090.000 520.000 512.000 7242.348 4469281.227 305023.893 5702946.301 213558699.401 16206766998489.682
3467.000 6186.000 8486706.000 1.000 1100.000 520.000 566.000 25909.930 4558513.060 292994.520 4109640.074 16434383.225 5916845509207.989
3415.000 6119.000 8486716.000 1.000 1120.000 520.000 634.000 39362.107 4783264.076 224950.703 5011162.325 306463932.487 11115415524867.561
3335.000 6018.000 8486726.000 1.000 1120.000 520.000 668.000 55765.257 5139594.870 139345.187 1811110.314 1149838001.212 17936420403.444
3237.000 5864.000 8486736.000 1.000 1130.000 520.000 699.000 61693.605 5593544.092 48087.965 336454.482 1587035113.917 1797554010439.648
3122.000 5698.000 8486746.000 1.000 1130.000 520.000 730.000 62794.929 6150734.608 2839.790 1269061.358 1675996258.897 166563594736.708
3011.000 5525.000 8486756.000 1.000 1130.000 520.000 746.000 58640.882 6713630.584 14330.560 4885271.580 1353127859.345 10291829821195.838
2902.000 5367.000 8486766.000 1.000 1150.000 520.000 760.000 42649.813 7290364.290 77123.020 3755477.284 432382837.477 4319305501013.185
2829.000 5248.000 8486776.000 1.000 1150.000 520.000 760.000 30356.925 7689903.139 157379.076 6055838.211 72265798.788 19172618022874.645
2794.000 5155.000 8486786.000 1.000 1140.000 530.000 734.000 10534.214 7885242.862 239816.195 1698895.887 128182741.096 471432433.783
2784.000 5122.000 8486796.000 1.000 1140.000 530.000 669.000 4973.180 7941504.211 273226.076 1595743.506 285029466.309 6632455051.730
2796.000 5111.000 8486806.000 1.000 1140.000 530.000 595.000 10196.563 7874014.592 284846.703 10214684.863 135942371.126 72888931365226.672
2829.000 5116.000 8486816.000 1.000 1120.000 530.000 427.000 43632.520 7689903.139 279534.600 226271.442 474217010.139 2105145487009.771
3690.000 6761.000 8486946.000 0.000 1120.000 520.000 405.000 34003.948 3656001.973 1246102.655 8880409.642 147572744.832 51886468406916.859
3800.000 6778.000 8486956.000 1.000 1120.000 520.000 444.000 4935.504 3247447.132 1284345.505 5752793.208 286303039.719 16610595371272.828
3794.000 6763.000 8486966.000 1.000 1130.000 520.000 540.000 23766.251 3269107.941 1250571.814 3429696.972 3649075.272 3071303847653.245
3818.000 6689.000 8486976.000 1.000 1130.000 510.000 641.000 34992.755 3182896.703 1090540.941 413358.914 172574444.635 1597252311502.912
3842.000 6577.000 8486986.000 1.000 1130.000 510.000 733.000 33639.698 3097837.465 869164.052 1510797.399 138855639.652 27684298707.532
3868.000 6470.000 8486996.000 1.000 1150.000 500.000 787.000 38585.025 3006989.957 681103.060 1139778.035 279860420.975 288804517864.516
3892.000 6346.000 8487006.000 1.000 1150.000 500.000 811.000 42315.886 2924330.719 491807.219 2768643.852 418607110.666 1191285935474.879
3923.000 6211.000 8487016.000 1.000 1150.000 510.000 824.000 33253.222 2819267.536 320684.005 1351133.628 129896767.098 106308448684.674
3961.000 6109.000 8487026.000 1.000 1170.000 510.000 830.000 28830.526 2693102.409 215564.909 1083273.061 48644072.762 352729481414.649
4002.000 6024.000 8487036.000 1.000 1170.000 510.000 817.000 25284.624 2560215.878 143860.663 1321970.293 11755491.949 126176345788.577
4041.000 5951.000 8487046.000 1.000 1170.000 510.000 832.000 20957.389 2436931.616 93813.370 1474503.693 807494.020 41079060436.596
4076.000 5892.000 8487056.000 1.000 1170.000 510.000 818.000 16130.863 2328881.893 61152.187 1029275.631 32777144.551 419784466923.438
4108.000 5850.000 8487066.000 1.000 1150.000 510.000 760.000 12761.712 2232237.576 42143.854 1192125.766 82705996.204 235280900660.095
4136.000 5819.000 8487076.000 1.000 1150.000 510.000 638.000 8859.500 2149353.798 30376.893 6002792.107 168908900.748 18710890754219.723
4165.000 5819.000 8487086.000 1.000 1150.000 510.000 397.000 28508.574 2065162.886 30376.893 125443.188 44256797.900 2407897661091.736
4450.000 6509.000 8487166.000 0.000 1140.000 510.000 223.000 25223.646 1327259.433 746996.655 7145842.353 11341068.474 29906230830380.141
4531.000 6525.000 8487176.000 1.000 1140.000 510.000 335.000 1833.000 1147185.505 774909.925 653311.750 400920357.215 1048313139543.680
4525.000 6525.000 8487186.000 1.000 1140.000 510.000 505.000 3971.500 1160074.314 774909.925 676500.422 319855186.812 1001366406694.219
4525.000 6538.000 8487196.000 1.000 1130.000 510.000 560.000 6185.904 1160074.314 797966.457 782778.068 245551774.210 799960883819.596
4506.000 6531.000 8487206.000 1.000 1130.000 510.000 592.000 8748.189 1201363.878 785509.401 1629740.157 171814596.755 2250860558.938
4480.000 6519.000 8487216.000 1.000 1130.000 510.000 613.000 14082.854 1259035.386 764382.449 1175625.100 60421732.049 251560720397.356
4445.000 6489.000 8487226.000 1.000 1130.000 510.000 616.000 17931.054 1338805.108 712825.068 1285770.070 15405167.429 153204388735.375
4403.000 6448.000 8487236.000 1.000 1130.000 510.000 616.000 22139.794 1437762.774 645274.314 1003635.015 80541.469 453667416325.047
4357.000 6392.000 8487246.000 1.000 1130.000 510.000 628.000 18854.573 1550192.981 558441.870 788976.663 9008538.286 788911193659.405
4317.000 6345.000 8487256.000 1.000 1130.000 510.000 647.000 16271.998 1651398.378 490405.639 1499009.376 31181030.429 31745980021.404
4283.000 6304.000 8487266.000 1.000 1150.000 500.000 636.000 11365.257 1739938.965 434662.886 572833.274 110055598.688 1219589183398.318
4261.000 6274.000 8487276.000 1.000 1150.000 500.000 637.000 9490.189 1798461.933 396005.505 414143.132 152913175.597 1595270698691.614
4244.000 6248.000 8487286.000 1.000 1150.000 500.000 641.000 8134.565 1844347.227 363958.441 19353.425 188277660.738 2748400199891.097
4229.000 6226.000 8487296.000 1.000 1150.000 510.000 641.000 8071.215 1885314.251 337897.695 461870.786 190020179.232 1476984730601.515
4216.000 6203.000 8487306.000 1.000 1150.000 510.000 641.000 6559.363 1921183.005 311687.370 288029.677 233986972.274 1929748044240.075
4206.000 6184.000 8487316.000 1.000 1150.000 510.000 641.000 5616.549 1949004.354 290833.362 480877.468 263719629.457 1431147864091.822
4199.000 6167.000 8487326.000 1.000 1150.000 510.000 644.000 7190.616 1968598.298 272786.512 43192.812 215073362.048 2669925215930.748
4194.000 6144.000 8487336.000 1.000 1150.000 510.000 646.000 7332.000 1982653.973 249290.187 559981.500 210946451.393 1248140067763.245
4194.000 6120.000 8487346.000 1.000 1150.000 510.000 665.000 9165.000 1982653.973 225900.282 2417412.029 161061372.119 547938434852.759
4194.000 6090.000 8487356.000 1.000 1150.000 510.000 690.000 17077.969 1982653.973 198282.901 1484286.414 22829539.245 37209244168.991
4204.000 6035.000 8487366.000 1.000 1150.000 510.000 721.000 21936.517 1954592.624 152326.036 3057097.257 6483.678 1904162274479.737
4220.000 5965.000 8487376.000 1.000 1150.000 510.000 755.000 31943.382 1910110.465 102585.481 312750.737 101755362.157 1861676470366.041
4238.000 5862.000 8487386.000 1.000 1140.000 510.000 797.000 32967.116 1860680.036 47214.806 303327.284 123456994.092 1887480605826.918
4252.000 5755.000 8487396.000 1.000 1140.000 510.000 832.000 33960.004 1822682.147 12163.814 78206.778 146507016.677 2556726212512.302
4258.000 5644.000 8487406.000 1.000 1140.000 510.000 861.000 34216.000 1806517.338 0.505 373321.000 152769706.041 1700057137592.751
4258.000 5532.000 8487416.000 1.000 1130.000 520.000 881.000 35438.000 1806517.338 12703.616 653311.750 184470840.525 1048313139543.680
4258.000 5416.000 8487426.000 1.000 1130.000 520.000 892.000 37576.500 1806517.338 52308.409 643259.273 247134255.122 1068999084104.303
4258.000 5293.000 8487436.000 1.000 1120.000 520.000 917.000 35470.905 1806517.338 123700.147 663364.227 185365754.966 1027829299570.727
4263.000 5177.000 8487446.000 1.000 1120.000 520.000 941.000 33299.500 1793101.663 218752.941 1773274.750 130953790.428 9233549058.643
4263.000 5068.000 8487456.000 1.000 1100.000 520.000 941.000 27495.000 1793101.663 332594.790 1959935.250 31798369.379 79948613132.887
4263.000 4978.000 8487466.000 1.000 1100.000 520.000 955.000 21079.500 1793101.663 444502.647 1213293.250 602945.588 215194063958.911
4263.000 4909.000 8487476.000 1.000 1090.000 520.000 965.000 17108.000 1793101.663 541269.671 3302441.558 22543463.265 2641464105749.821
4263.000 4853.000 8487486.000 1.000 1090.000 520.000 971.000 6298.044 1793101.663 626805.227 1177410.442 242049861.421 249773001674.662
4268.000 4833.000 8487496.000 1.000 1080.000 530.000 970.000 2444.000 1779735.989 658873.639 746642.000 376825577.457 865907282454.239
4268.000 4825.000 8487506.000 1.000 1060.000 530.000 971.000 0.000 1779735.989 671925.005 466651.250 477684548.489 1465388067112.936
4268.000 4825.000 8487516.000 1.000 1060.000 530.000 968.000 1527.500 1779735.989 671925.005 933302.500 413247737.844 553358781665.733
4268.000 4830.000 8487526.000 1.000 1050.000 530.000 947.000 4582.500 1779735.989 663752.901 784851.496 298373654.054 796256212838.496
4268.000 4845.000 8487536.000 1.000 1050.000 530.000 902.000 7151.572 1779735.989 639536.592 5088370.423 216220076.653 11636196959623.342
4260.000 4867.000 8487546.000 1.000 1040.000 530.000 799.000 23807.449 1801145.068 604833.338 146108.124 3808169.942 2344191476657.962
4248.000 4944.000 8487556.000 1.000 1040.000 530.000 583.000 24285.708 1833498.687 490994.949 233744.418 5903501.811 2083516072017.302
5724.000 5556.000 8487757.000 0.000 1080.000 520.000 270.000 8906.779 14867.544 7869.520 158259.998 167682213.411 2307128277214.180
5749.000 5571.000 8487767.000 1.000 1090.000 520.000 310.000 8388.743 21589.171 5433.211 2149261.543 181366895.564 222857780535.433
5744.000 5598.000 8487777.000 1.000 1090.000 520.000 391.000 15423.969 20144.846 2181.854 1727764.721 41370967.602 2558470830.962
5751.000 5648.000 8487787.000 1.000 1090.000 520.000 470.000 21079.500 22180.901 10.822 311674.155 602945.588 1864615476668.279
5751.000 5717.000 8487797.000 1.000 1100.000 530.000 553.000 22099.710 22180.901 5225.798 123042.264 59396.655 2415354646123.478
5758.000 5789.000 8487807.000 1.000 1100.000 530.000 602.000 21696.953 24314.957 20819.512 73186.802 25294.584 2572805061126.260
5746.000 5859.000 8487817.000 1.000 1100.000 540.000 630.000 21936.517 20716.576 45920.068 887348.579 6483.678 623839032021.068
5730.000 5929.000 8487827.000 1.000 1100.000 540.000 643.000 19031.939 16366.735 80820.624 1368562.097 7975296.303 95247103803.407
5710.000 5988.000 8487837.000 1.000 1110.000 550.000 668.000 14552.194 11649.433 117847.806 379665.624 53345519.424 1683552358594.930
5680.000 6025.000 8487847.000 1.000 1110.000 550.000 669.000 13309.426 6073.481 144620.243 146159.143 73043853.813 2344035251402.692
5643.000 6048.000 8487857.000 1.000 1110.000 550.000 681.000 12831.000 1675.473 162642.568 1506141.884 81450547.571 29255197500.995
5601.000 6048.000 8487867.000 1.000 1110.000 550.000 685.000 17761.088 1.139 162642.568 1206348.013 16768269.156 221685954233.913
5549.000 6022.000 8487877.000 1.000 1110.000 550.000 691.000 21709.854 2816.155 142347.505 2996951.639 21357.399 1741788225464.750
5494.000 5977.000 8487887.000 1.000 1110.000 550.000 696.000 31519.843 11678.576 110416.433 1620758.152 93389944.438 3183807722.940
5437.000 5891.000 8487897.000 1.000 1120.000 550.000 728.000 36825.107 27247.266 60658.608 1234224.582 224074292.803 196212507465.597
5390.000 5780.000 8487907.000 1.000 1120.000 550.000 758.000 40865.122 44972.608 18303.298 767943.598 361346882.297 826717003216.863
5348.000 5653.000 8487917.000 1.000 1120.000 550.000 793.000 43378.849 64550.274 68.719 109968.085 463233213.729 2456163818880.687
5319.000 5514.000 8487927.000 1.000 1120.000 550.000 811.000 43738.810 80127.187 17085.187 2323956.219 478857561.237 418315089586.446
5312.000 5371.000 8487937.000 1.000 1120.000 550.000 826.000 36131.752 84139.132 74917.338 1210171.651 203797217.642 218099966346.750
5320.000 5253.000 8487947.000 1.000 1120.000 550.000 822.000 32170.470 79562.052 153436.973 1796794.890 106388379.873 14306910424.376
5353.000 5153.000 8487957.000 1.000 1120.000 550.000 833.000 26288.981 62034.600 241779.036 571866.672 19651358.579 1221725051783.500
5407.000 5086.000 8487967.000 1.000 1120.000 550.000 839.000 24417.077 38051.314 312157.219 425193.983 6559137.372 1567477480556.197
5475.000 5044.000 8487977.000 1.000 1110.000 550.000 849.000 25808.874 16146.139 360852.886 1915065.243 15625246.773 56587774976.660
5556.000 5020.000 8487987.000 1.000 1110.000 550.000 852.000 32077.500 2122.211 390262.981 1930640.549 104479149.944 64240530372.165
5661.000 5020.000 8487997.000 1.000 1110.000 550.000 857.000 38397.109 3473.044 390262.981 293647.516 273608428.862 1914171520519.479
5782.000 5054.000 8488007.000 1.000 1100.000 550.000 863.000 37435.906 32375.719 348938.679 692314.018 242733604.635 969967684085.460
5892.000 5108.000 8488017.000 1.000 1080.000 560.000 867.000 39702.073 84060.878 288057.965 1674431.447 318482474.629 7573201.960
5992.000 5191.000 8488027.000 1.000 1080.000 560.000 867.000 45183.027 152047.386 205853.052 1264435.477 544150388.790 170360841438.396
6085.000 5306.000 8488037.000 1.000 1070.000 560.000 866.000 49321.932 233223.838 114724.679 1254657.950 754377656.269 178527749241.249
6172.000 5442.000 8488047.000 1.000 1050.000 560.000 863.000 45215.032 324823.100 41091.473 1681315.889 545644576.383 17077530.438
6248.000 5569.000 8488057.000 1.000 1050.000 560.000 846.000 50718.521 417228.846 5732.052 557480.983 833045366.098 1253733484995.884
6317.000 5720.000 8488067.000 1.000 1060.000 570.000 830.000 52543.336 511128.536 5668.536 76423.574 941712854.055 2562431995317.229
6362.000 5886.000 8488077.000 1.000 1060.000 570.000 802.000 52293.177 577497.465 58220.711 5055926.324 926422004.861 11415903799708.684
6382.000 6056.000 8488087.000 1.000 1060.000 570.000 794.000 35743.500 608294.766 169159.203 3173228.500 192862775.396 2238150964802.659
6382.000 6173.000 8488097.000 1.000 1070.000 570.000 790.000 25356.500 608294.766 279089.989 3422892.571 12253530.282 3047500537215.358
6382.000 6256.000 8488107.000 1.000 1080.000 580.000 791.000 14152.269 608294.766 373675.076 2018431.168 59347405.227 116450044540.989
6371.000 6301.000 8488117.000 1.000 1090.000 570.000 794.000 7545.293 591257.251 430716.147 1295565.927 204796212.063 145631889686.916
6362.000 6324.000 8488127.000 1.000 1090.000 570.000 799.000 3304.488 577497.465 461434.473 169548.834 344158438.326 2272961960846.779
6356.000 6333.000 8488137.000 1.000 1090.000 570.000 799.000 2749.500 568414.274 473742.687 186660.500 365058178.328 2221658491942.757
6347.000 6333.000 8488147.000 1.000 1120.000 580.000 797.000 3360.500 554924.489 473742.687 2855277.542 342083361.570 1387905825974.375
6336.000 6333.000 8488157.000 1.000 1120.000 580.000 794.000 12706.744 538656.973 473742.687 1890247.034 83708806.859 45396115489.884
6317.000 6296.000 8488167.000 1.000 1130.000 580.000 797.000 18894.132 511128.536 424178.251 4856842.971 8772636.638 10110235037544.164
6293.000 6239.000 8488177.000 1.000 1130.000 580.000 811.000 34792.145 477387.774 353180.227 4344034.338 167343958.445 7112093967524.972
6260.000 6130.000 8488187.000 1.000 1150.000 580.000 824.000 49011.570 432875.227 235506.076 2902084.114 737425215.002 1500381778454.758
6227.000 5973.000 8488197.000 1.000 1160.000 570.000 855.000 58511.027 390540.679 107774.116 828354.391 1343591318.848 720510673147.496
6196.000 5784.000 8488207.000 1.000 1160.000 570.000 905.000 55799.556 352755.862 19401.616 1486621.350 1152165285.139 36313891898.094
6165.000 5604.000 8488217.000 1.000 1160.000 570.000 906.000 50933.365 316893.044 1657.330 1162760.800 845493404.809 264630603286.562
6135.000 5440.000 8488227.000 1.000 1160.000 570.000 914.000 47127.274 284017.092 41906.314 3944394.207 638637506.395 5140244879095.161
6126.000 5286.000 8488237.000 1.000 1160.000 570.000 920.000 34216.000 274505.306 128673.092 4576145.906 152769706.041 8403983656863.970
6126.000 5174.000 8488247.000 1.000 1150.000 580.000 921.000 19236.799 274505.306 221568.203 3159024.277 6860191.407 2195852408093.005
6137.000 5112.000 8488257.000 1.000 1150.000 580.000 917.000 8896.294 286152.822 283780.282 1597854.817 167953868.420 6293022831.048
6145.000 5084.000 8488267.000 1.000 1130.000 580.000 908.000 3666.000 294775.743 314396.060 1681499.495 330875943.941 18628744.045
6157.000 5084.000 8488277.000 1.000 1130.000 580.000 908.000 9170.090 307950.124 314396.060 1169188.521 160932203.691 258058789087.289
6172.000 5110.000 8488287.000 1.000 1120.000 580.000 902.000 12997.221 324823.100 285915.124 5388935.376 78477889.368 13777102789814.734
6189.000 5149.000 8488297.000 1.000 1120.000 580.000 897.000 30636.944 344489.806 245728.719 1826424.724 77105052.866 22272975140.416
6205.000 5248.000 8488307.000 1.000 1100.000 580.000 864.000 36615.421 363527.647 157379.076 1223753.876 217840634.882 205598326091.552
6226.000 5366.000 8488317.000 1.000 1100.000 580.000 863.000 40621.162 389291.814 77679.441 5044358.261 352131465.879 11337866597596.740
6242.000 5498.000 8488327.000 1.000 1090.000 590.000 848.000 24109.351 409513.655 21523.917 2229698.166 5077610.062 305272575352.335
6254.000 5576.000 8488337.000 1.000 1060.000 580.000 837.000 16810.830 425016.036 4721.108 1587931.261 25453697.045 7965942910.000
6272.000 5628.000 8488347.000 1.000 1070.000 590.000 834.000 11613.019 448809.608 279.235 1550422.581 104918571.888 16068303236.565
6289.000 5662.000 8488357.000 1.000 1050.000 590.000 833.000 6537.986 471876.314 298.933 284038.931 234641421.485 1940851489557.736
6306.000 5675.000 8488367.000 1.000 1050.000 590.000 831.000 5608.235 495521.020 917.465 33371.292 263989728.100 2702118220510.838
6322.000 5684.000 8488377.000 1.000 1050.000 590.000 833.000 5499.000 518302.862 1543.679 186660.500 267551308.667 2221658491942.757
6340.000 5684.000 8488387.000 1.000 1050.000 590.000 831.000 6110.000 544544.433 1543.679 597384.170 247936380.909 1165966360097.469
6360.000 5684.000 8488397.000 1.000 1050.000 590.000 831.000 8065.431 574461.735 1543.679 98771.816 190179675.029 2491383103639.141
6384.000 5673.000 8488407.000 1.000 1050.000 590.000 833.000 8388.743 611418.497 800.306 212146.837 181366895.564 2146332107846.711
6407.000 5658.000 8488417.000 1.000 1050.000 590.000 836.000 9083.168 647916.393 176.616 1442545.643 163145127.717 55054873313.515
6427.000 5636.000 8488427.000 1.000 1050.000 590.000 837.000 13805.085 680513.695 75.870 763269.754 64817163.266 835238137947.245
6446.000 5595.000 8488437.000 1.000 1050.000 590.000 845.000 16303.513 712222.132 2471.116 1502203.072 30830064.248 30618112430.353
6458.000 5543.000 8488447.000 1.000 1050.000 590.000 860.000 21220.708 732620.512 10344.989 539205.972 403590.475 1294992608709.833
6466.000 5474.000 8488457.000 1.000 1070.000 590.000 853.000 22985.703 746379.433 29142.012 539205.972 1276238.560 1294992608709.833
6472.000 5399.000 8488467.000 1.000 1070.000 590.000 858.000 21220.708 756782.624 60373.560 451018.815 403590.475 1503479570191.263
6480.000 5330.000 8488477.000 1.000 1070.000 590.000 858.000 19744.378 770765.544 99042.584 1595038.107 4458929.355 6747847867.941
6489.000 5266.000 8488487.000 1.000 1070.000 590.000 857.000 14523.304 786649.330 143421.505 1149047.211 53768367.719 278927825811.202
6501.000 5220.000 8488497.000 1.000 1070.000 590.000 857.000 10762.102 808079.711 180378.854 445387.839 123074477.656 1517320284693.635
6530.000 5200.000 8488507.000 1.000 1070.000 590.000 855.000 12220.000 861058.798 197767.266 1421121.540 92852413.329 65567672112.669
6570.000 5200.000 8488517.000 1.000 1070.000 590.000 857.000 16871.789 936893.401 197767.266 576176.360 24842316.531 1212216484784.330
6625.000 5195.000 8488527.000 1.000 1070.000 590.000 857.000 18757.800 1046390.981 202239.370 914317.508 9598816.659 581964357158.790
6686.000 5202.000 8488537.000 1.000 1070.000 590.000 854.000 21750.656 1174909.751 195992.425 1419470.006 11096.455 66416189386.990
6756.000 5215.000 8488547.000 1.000 1070.000 590.000 867.000 26397.039 1331560.306 184650.957 1205517.664 20621074.159 222468559085.814
6835.000 5250.000 8488557.000 1.000 1070.000 590.000 861.000 30343.087 1520122.647 155796.235 422617.397 72030718.559 1573935836119.001
6919.000 5303.000 8488567.000 1.000 1050.000 590.000 861.000 28959.724 1734311.314 116765.941 1387194.848 50462955.614 84093355722.586
6988.000 5368.000 8488577.000 1.000 1050.000 590.000 858.000 24418.988 1920809.005 76568.600 971031.139 6568929.477 498651004590.711
7043.000 5426.000 8488587.000 1.000 1060.000 600.000 855.000 21240.490 2076286.584 47834.203 1670922.780 378847.279 39195264.155
7088.000 5479.000 8488597.000 1.000 1060.000 600.000 852.000 15771.021 2207995.512 27459.909 675613.556 37026917.225 1003142136631.483
7115.000 5523.000 8488607.000 1.000 1060.000 600.000 848.000 13559.520 2288964.870 14813.401 57427.890 68831509.212 2623607886657.781
7126.000 5566.000 8488617.000 1.000 1060.000 600.000 842.000 13747.500 2322370.386 6195.314 826126.379 65747702.684 724298039585.868
7126.000 5611.000 8488627.000 1.000 1060.000 600.000 827.000 16451.678 2322370.386 1136.386 624155.135 29206649.914 1108868510299.535
7106.000 5661.000 8488637.000 1.000 1070.000 610.000 832.000 18494.739 2261813.084 265.354 821260.375 11298046.673 732604211240.965
7075.000 5713.000 8488647.000 1.000 1070.000 610.000 829.000 15806.489 2169530.266 4663.481 1406066.194 36596531.438 73504535118.074
7036.000 5747.000 8488657.000 1.000 1070.000 610.000 824.000 11203.981 2056162.528 10463.179 123093.588 113465417.389 2415195119279.112
7003.000 5763.000 8488667.000 1.000 1070.000 610.000 812.000 10801.056 1962611.981 13992.449 957814.903 122211691.999 517491023143.130
6968.000 5768.000 8488677.000 1.000 1070.000 610.000 808.000 13936.293 1865771.703 15200.346 1813952.075 62721691.020 18705672615.905
6927.000 5748.000 8488687.000 1.000 1070.000 620.000 806.000 19873.943 1755446.235 10668.759 2052531.995 3928532.946 140886573681.705
6881.000 5702.000 8488697.000 1.000 1090.000 620.000 806.000 26592.542 1635668.441 3282.108 40845.961 22434870.754 2677600188494.269
6822.000 5638.000 8488707.000 1.000 1090.000 620.000 811.000 26458.840 1488235.401 45.028 214046.131 21186175.555 2140770644886.558
6771.000 5568.000 8488717.000 1.000 1090.000 620.000 824.000 25758.198 1366403.282 5884.473 1033047.028 15227182.710 414911655585.618
6724.000 5498.000 8488727.000 1.000 1090.000 620.000 824.000 22376.702 1258732.624 21523.917 396295.211 271135.040 1640674532540.626
6706.000 5427.000 8488737.000 1.000 1090.000 620.000 846.000 21079.500 1218667.052 47397.782 1090571.456 602945.588 344113563601.992
6706.000 5358.000 8488747.000 1.000 1080.000 610.000 866.000 17509.708 1218667.052 82202.806 164382.829 18890216.861 2288565543785.312
6712.000 5301.000 8488757.000 1.000 1080.000 610.000 860.000 18047.786 1231950.243 118136.782 407657.673 14502461.198 1611695551514.809
6745.000 5252.000 8488767.000 1.000 1080.000 610.000 864.000 16713.391 1306294.790 154221.393 1046781.086 26446383.207 397407067565.216
6797.000 5235.000 8488777.000 1.000 1080.000 610.000 869.000 20139.843 1427863.774 167862.544 528707.160 2945180.125 1318997655751.477
6862.000 5246.000 8488787.000 1.000 1070.000 610.000 876.000 21870.472 1587430.005 158969.917 1061428.895 209.563 379153600727.217
6927.000 5276.000 8488797.000 1.000 1070.000 610.000 879.000 18396.073 1755446.235 135947.298 866566.941 11971065.161 657099030831.272
6976.000 5311.000 8488807.000 1.000 1070.000 610.000 882.000 15559.520 1887690.624 111362.576 627856.268 39645606.371 1101087413420.278
7013.000 5346.000 8488817.000 1.000 1070.000 610.000 882.000 13504.344 1990730.632 89227.854 490486.665 69750086.290 1408249122164.476
7040.000 5381.000 8488827.000 1.000 1070.000 610.000 879.000 11898.823 2067649.989 69543.132 922084.235 99145288.383 570174737087.888
7059.000 5415.000 8488837.000 1.000 1060.000 600.000 864.000 8880.544 2122652.425 52766.830 494571.506 168362347.087 1398570873199.435
7072.000 5441.000 8488847.000 1.000 1060.000 600.000 855.000 7261.652 2160701.671 41497.893 631820.436 212994868.335 1092783710034.249
7078.000 5464.000 8488857.000 1.000 1060.000 600.000 853.000 5193.500 2178376.862 32656.219 559981.500 277638763.296 1248140067763.245
7078.000 5481.000 8488867.000 1.000 1060.000 600.000 869.000 3360.500 2178376.862 26801.068 1026632.750 342083361.570 423216137966.667
7078.000 5492.000 8488877.000 1.000 1070.000 610.000 855.000 0.000 2178376.862 23320.441 1326472.140 477684548.489 122998382365.693
7078.000 5492.000 8488887.000 1.000 1070.000 610.000 854.000 4341.971 2178376.862 23320.441 2303822.547 306741061.554 392676630424.942
7069.000 5481.000 8488897.000 1.000 1070.000 610.000 858.000 11883.125 2151891.076 26801.068 1623626.492 99458150.205 2868341550.787
7057.000 5444.000 8488907.000 1.000 1070.000 610.000 870.000 17197.778 2116828.695 40284.632 1043623.438 21698992.237 401398215468.357
7045.000 5389.000 8488917.000 1.000 1070.000 620.000 879.000 20613.894 2082054.314 65387.766 604399.367 1542816.659 1150865564559.138
7037.000 5322.000 8488927.000 1.000 1070.000 620.000 887.000 18635.500 2059031.393 104141.949 1231803.189 10371592.620 198363525333.898
7037.000 5261.000 8488937.000 1.000 1070.000 620.000 893.000 14603.411 2059031.393 147233.608 423258.030 52599984.980 1572328813775.334
7050.000 5215.000 8488947.000 1.000 1070.000 620.000 897.000 13217.951 2096508.639 184650.957 411528.052 74615816.417 1601883439981.905
7074.000 5179.000 8488957.000 1.000 1070.000 620.000 900.000 14565.015 2166585.401 216886.100 372049.509 53158399.718 1703374452875.760
7121.000 5171.000 8488967.000 1.000 1070.000 620.000 899.000 15782.853 2307156.060 224401.465 1625560.612 36883062.380 2664911427.629
7171.000 5184.000 8488977.000 1.000 1070.000 620.000 903.000 21103.837 2461549.314 212253.997 1657477.113 565742.726 388337436.874
7235.000 5210.000 8488987.000 1.000 1070.000 620.000 900.000 26529.294 2666468.679 188973.060 965637.537 21839716.904 506297503942.743
7306.000 5260.000 8488997.000 1.000 1070.000 620.000 900.000 29690.137 2903386.100 148002.028 432864.477 61373769.747 1548329562532.917
7380.000 5323.000 8489007.000 1.000 1070.000 620.000 903.000 31107.042 3161044.116 103497.528 713790.669 85581857.454 928125538966.378
7452.000 5395.000 8489017.000 1.000 1070.000 620.000 903.000 28770.575 3422250.401 62355.243 1658955.123 47811406.753 332269795.221
7522.000 5458.000 8489027.000 1.000 1070.000 620.000 906.000 23340.280 3686140.957 34860.743 1150760.761 2203099.853 277120786558.478
7583.000 5504.000 8489037.000 1.000 1070.000 620.000 896.000 19573.469 3924093.727 19799.393 1913665.136 5209928.183 55923615187.100
7636.000 5540.000 8489047.000 1.000 1070.000 620.000 897.000 13309.426 4136881.576 10964.251 1690229.463 73043853.813 170199965.327
7673.000 5563.000 8489057.000 1.000 1070.000 620.000 902.000 7776.760 4288761.584 6676.576 1495324.434 198224878.187 33072680649.589
7691.000 5581.000 8489067.000 1.000 1070.000 620.000 914.000 2882.081 4363639.155 4059.005 880475.745 360009439.434 634743074984.291
7696.000 5589.000 8489077.000 1.000 1070.000 620.000 921.000 0.000 4384553.481 3103.639 1504904.915 477684548.489 29679873679.825
7696.000 5589.000 8489087.000 1.000 1070.000 620.000 921.000 4926.039 4384553.481 3103.639 198281.415 286623434.213 2187151057938.363
7682.000 5597.000 8489097.000 1.000 1070.000 620.000 923.000 4277.000 4326119.370 2276.274 571611.580 309021090.183 1222289031760.967
7668.000 5597.000 8489107.000 1.000 1070.000 620.000 924.000 6148.069 4268077.259 2276.274 1421487.529 246738961.537 65380374418.224
7650.000 5588.000 8489117.000 1.000 1070.000 620.000 923.000 10801.056 4194027.687 3216.060 1102656.425 122211691.999 330081235951.570
7633.000 5557.000 8489127.000 1.000 1070.000 620.000 933.000 14410.406 4124686.981 7693.100 970396.310 55436806.134 499547979455.966
7616.000 5513.000 8489137.000 1.000 1070.000 620.000 940.000 17586.826 4055924.274 17347.608 2441369.034 18225810.015 583979695250.939
7599.000 5458.000 8489147.000 1.000 1070.000 620.000 985.000 25578.214 3987739.568 34860.743 1641734.698 13854908.996 1256609915.027
7588.000 5375.000 8489157.000 1.000 1070.000 620.000 1003.000 30952.141 3943928.052 72743.655 486458.342 82739859.131 1417826144990.457
7596.000 5274.000 8489167.000 1.000 1070.000 620.000 1023.000 29359.806 3975766.973 137426.139 1198871.817 56307168.864 228781962896.660
7616.000 5180.000 8489177.000 1.000 1070.000 620.000 1023.000 25435.512 4055924.274 215955.679 880525.847 12812936.868 634663244201.429
7650.000 5104.000 8489187.000 1.000 1070.000 620.000 1023.000 22553.267 4194027.687 292367.647 61590.022 486187.251 2610141937585.441
7685.000 5039.000 8489197.000 1.000 1070.000 620.000 1023.000 22351.663 4338607.965 366884.989 1622980.665 245686.062 2937935627.572
7753.000 5012.000 8489207.000 1.000 1050.000 620.000 1023.000 27664.202 4626510.790 400322.346 877877.468 33735260.304 638889960338.147
7843.000 5022.000 8489217.000 1.000 1050.000 620.000 1023.000 30537.778 5021778.647 387768.139 1210417.578 75373343.725 217870325233.921
7937.000 5056.000 8489227.000 1.000 1050.000 620.000 1023.000 34499.865 5451909.965 346579.838 1337800.386 159867430.615 115180824845.095
8024.000 5128.000 8489237.000 1.000 1060.000 630.000 982.000 30120.813 5865757.227 266989.552 554872.013 68307204.832 1259582831709.005
8088.000 5203.000 8489247.000 1.000 1060.000 630.000 879.000 28304.538 6179860.592 195108.005 1110411.848 41583697.662 321229983227.587
8138.000 5281.000 8489257.000 1.000 1060.000 630.000 465.000 31939.274 6430953.846 132285.195 75684.898 101672501.067 2564797426678.285
7712.000 6155.000 8489350.000 0.000 1110.000 640.000 754.000 34243.266 4451815.322 260395.560 4529154.201 153444465.230 8133737494686.445
7682.000 6047.000 8489360.000 1.000 1130.000 630.000 875.000 19417.884 4326119.370 161836.989 4211238.681 5944388.712 6421436207085.419
7656.000 5989.000 8489370.000 1.000 1130.000 630.000 900.000 5633.142 4218638.878 118535.386 2244238.132 263180982.506 321551078016.955
7644.000 5975.000 8489380.000 1.000 1150.000 630.000 908.000 12979.257 4169488.497 109091.274 3192725.510 78796490.131 2296867911059.056
7682.000 5956.000 8489390.000 1.000 1160.000 630.000 903.000 23430.077 4326119.370 96901.266 3403738.026 2477731.907 2980990903762.089
7753.000 5927.000 8489400.000 1.000 1180.000 620.000 908.000 12288.545 4626510.790 79687.465 240558.643 91536113.094 2063890669792.766
7776.000 5894.000 8489410.000 1.000 1180.000 620.000 885.000 13075.971 4725982.687 62145.346 3994709.141 77088833.914 5370925596707.831
7802.000 5860.000 8489420.000 1.000 1200.000 620.000 690.000 0.000 4839703.179 46349.647 0.000 477684548.489 2812944130813.264
