3391.000 4776.000 8569765.000 0.000 1230.000 460.000 291.000 48524.075 7538387.672 8717.662 8573995.692 726589096.256 46236846035812.398
3300.000 4619.000 8569775.000 1.000 1230.000 460.000 361.000 16459.768 8046370.136 4048.978 2399264.683 26101782.291 390671348767.118
3342.000 4574.000 8569785.000 1.000 1230.000 460.000 417.000 7487.200 7809858.691 11800.820 1348649.281 198290285.275 181116909931.953
3342.000 4546.000 8569795.000 1.000 1230.000 460.000 499.000 12530.765 7809858.691 18668.188 177099.287 81685323.609 2550818864432.609
3312.000 4510.000 8569805.000 1.000 1240.000 470.000 588.000 11868.464 7978435.437 29801.662 2046074.206 94095710.277 73900574428.429
3353.000 4493.000 8569815.000 1.000 1240.000 470.000 659.000 19520.200 7748498.217 35960.136 1835559.545 4196591.271 3761606853.599
3426.000 4493.000 8569825.000 1.000 1240.000 470.000 690.000 26384.671 7347419.801 35960.136 4314577.081 23193014.752 6453375459775.908
3520.000 4523.000 8569835.000 1.000 1240.000 470.000 716.000 42519.963 6846660.662 25482.241 825523.163 438952976.717 900040118433.943
3666.000 4586.000 8569845.000 1.000 1220.000 460.000 731.000 45607.185 6103925.830 9337.662 410638.158 577845956.302 1859376180204.639
3815.000 4669.000 8569855.000 1.000 1220.000 460.000 728.000 47142.855 5389884.322 185.820 387602.450 654034419.990 1922729320717.616
3966.000 4760.000 8569865.000 1.000 1220.000 460.000 737.000 45693.332 4711558.366 5985.873 140990.394 581995054.291 2667463787676.378
4110.000 4852.000 8569875.000 1.000 1220.000 460.000 740.000 45166.068 4107157.983 28685.662 3986212.822 556833023.203 4892878599845.527
4251.000 4945.000 8569885.000 1.000 1220.000 460.000 746.000 30258.765 3555534.275 68837.188 2732301.489 75516215.756 917905567037.820
4345.000 5008.000 8569895.000 1.000 1230.000 460.000 749.000 20040.734 3209875.136 105864.609 2611845.811 2334858.383 701604258878.381
4409.000 5047.000 8569905.000 1.000 1230.000 460.000 749.000 10273.173 2984644.744 132764.346 2318029.900 127590248.167 295720935953.599
4439.000 5071.000 8569915.000 1.000 1230.000 460.000 751.000 1604.400 2881887.997 150830.030 543526.064 398575603.916 1514626283231.759
4445.000 5071.000 8569925.000 1.000 1230.000 460.000 743.000 3637.033 2861552.648 150830.030 249297.020 321546773.659 2325413289331.106
4434.000 5079.000 8569935.000 1.000 1230.000 460.000 713.000 4569.333 2898889.121 157107.925 729805.996 288980461.880 1090816497526.047
4418.000 5085.000 8569945.000 1.000 1240.000 470.000 661.000 7298.600 2953628.720 161900.346 350920.786 203637419.040 2025802301257.058
4394.000 5098.000 8569955.000 1.000 1250.000 460.000 578.000 8610.944 3036698.117 172530.925 767892.313 167904952.462 1012710720098.063
4365.000 5112.000 8569965.000 1.000 1250.000 460.000 423.000 11482.643 3138610.638 184357.241 706323.730 101729722.646 1140418686423.958
4327.000 5132.000 8569975.000 1.000 1250.000 460.000 100.000 14124.093 3274697.184 201931.978 531941.193 55423042.020 1543275529653.813
4088.000 5421.000 8570046.000 0.000 1260.000 460.000 207.000 0.000 4196812.930 545187.925 1793280.129 465211336.317 362998667.489
4088.000 5421.000 8570056.000 1.000 1260.000 460.000 277.000 6706.358 4196812.930 545187.925 1793280.129 220890943.858 362998667.489
4078.000 5444.000 8570066.000 1.000 1260.000 460.000 353.000 0.000 4237885.179 579681.873 429016.560 465211336.317 1809592755821.700
4078.000 5444.000 8570076.000 1.000 1260.000 460.000 423.000 1604.400 4237885.179 579681.873 530293.508 398575603.916 1547372037893.469
4078.000 5438.000 8570086.000 1.000 1260.000 460.000 465.000 3587.547 4237885.179 570581.452 5141933.003 323323961.243 11341439647138.264
4072.000 5426.000 8570096.000 1.000 1260.000 460.000 537.000 22816.915 4262624.528 552596.609 3421518.037 1557895.049 2713565767075.006
4057.000 5342.000 8570106.000 1.000 1260.000 460.000 613.000 35612.420 4324787.901 434766.715 1024804.885 197224432.829 561634413381.284
4033.000 5211.000 8570116.000 1.000 1260.000 460.000 663.000 39444.899 4425185.299 279173.188 3173886.384 319556404.906 1959044697390.683
4001.000 5067.000 8570126.000 1.000 1260.000 460.000 721.000 51314.332 4560840.495 147739.083 2112817.246 884799152.380 114642944934.188
3950.000 4882.000 8570136.000 1.000 1260.000 460.000 749.000 59215.668 4781273.964 39747.767 2198222.667 1417289806.970 179771812527.352
3886.000 4670.000 8570146.000 1.000 1260.000 460.000 763.000 50994.940 5065256.356 159.557 113893.949 865900167.104 2756707849532.313
3823.000 4490.000 8570156.000 1.000 1260.000 460.000 774.000 50569.009 5352802.523 37106.925 3922125.332 841014538.359 4613464645281.799
3765.000 4310.000 8570166.000 1.000 1260.000 460.000 780.000 35901.375 5624545.566 138854.294 3065050.841 205423900.331 1666224626375.172
3716.000 4185.000 8570176.000 1.000 1260.000 460.000 777.000 24438.956 5859364.586 247637.188 2301796.046 8238034.609 278328459848.299
3688.000 4098.000 8570186.000 1.000 1250.000 460.000 756.000 15830.893 5995702.882 341794.083 2588617.308 32923098.657 663230588212.153
3672.000 4041.000 8570196.000 1.000 1250.000 460.000 693.000 6150.200 6074314.480 411691.083 1644563.480 237731941.275 16812785334.350
3672.000 4018.000 8570206.000 1.000 1250.000 460.000 559.000 0.000 6074314.480 441735.136 4808656.874 465211336.317 9207760988041.201
3672.000 4018.000 8570216.000 1.000 1250.000 460.000 377.000 17983.010 6074314.480 441735.136 189373.750 12857591.156 2511761741981.347
3858.000 4734.000 8570326.000 0.000 1190.000 450.000 235.000 25773.254 5192074.653 2638.715 4445997.496 17677783.757 7138354349993.948
3947.000 4697.000 8570336.000 1.000 1180.000 450.000 371.000 9146.487 4794402.638 206.452 3752326.866 154312825.237 3912876686028.027
3968.000 4670.000 8570346.000 1.000 1180.000 450.000 464.000 23179.123 4702879.916 159.557 2667379.711 2593274.339 797720684298.393
4023.000 4603.000 8570356.000 1.000 1180.000 450.000 559.000 33154.365 4467357.547 6341.188 967091.943 134226281.687 651467977011.205
4105.000 4510.000 8570366.000 1.000 1180.000 450.000 624.000 29537.716 4127449.107 29801.662 2827028.742 63504286.191 1108390233887.151
4204.000 4461.000 8570376.000 1.000 1180.000 450.000 658.000 40110.000 3734990.844 49120.557 3547403.807 343777642.305 3144153843033.721
4324.000 4371.000 8570386.000 1.000 1180.000 450.000 700.000 53376.282 3285563.858 97114.241 823072.709 1011718561.400 904695636348.604
4485.000 4253.000 8570396.000 1.000 1180.000 450.000 711.000 56454.340 2727823.653 184583.294 486912.404 1217003807.777 1657180426947.406
4672.000 4155.000 8570406.000 1.000 1190.000 460.000 719.000 54633.426 2145089.600 278395.083 2271902.598 1093272247.485 247680398571.827
4860.000 4075.000 8570416.000 1.000 1180.000 460.000 721.000 46137.156 1629739.322 369216.136 1731261.245 603606163.594 1846108099.050
5019.000 4008.000 8570426.000 1.000 1180.000 460.000 727.000 39662.731 1249057.566 455127.767 1223409.550 327391846.631 303400529808.860
5159.000 3959.000 8570436.000 1.000 1190.000 470.000 734.000 35087.527 955726.083 523642.662 2532306.077 182757106.090 574682969579.278
5286.000 3926.000 8570446.000 1.000 1190.000 480.000 734.000 25617.422 723541.523 572491.346 1916408.203 16391677.434 20215322423.148
5379.000 3903.000 8570456.000 1.000 1190.000 480.000 733.000 18450.600 573976.610 607825.399 2073580.040 9722911.432 89611880288.867
5448.000 3903.000 8570466.000 1.000 1190.000 490.000 730.000 10696.000 474187.093 607825.399 1129211.749 118216873.914 416045454602.514
5488.000 3903.000 8570476.000 1.000 1180.000 490.000 727.000 6473.069 420698.098 607825.399 771588.583 227879836.641 1005285008609.818
5507.000 3918.000 8570486.000 1.000 1180.000 490.000 724.000 3587.547 396411.825 584661.452 1887361.878 323323961.243 12799363707.752
5513.000 3930.000 8570496.000 1.000 1190.000 500.000 633.000 10645.744 388892.476 566454.294 2326915.602 119312242.266 305464021932.673
5505.000 3969.000 8570506.000 1.000 1190.000 500.000 333.000 19347.747 398934.275 509270.030 7751.028 4932891.371 3120439497393.907
6689.000 5532.000 8570777.000 0.000 1210.000 460.000 349.000 20133.285 305132.016 721426.715 3739076.929 2060583.709 3860632865684.816
6754.000 5494.000 8570787.000 1.000 1220.000 460.000 407.000 6150.200 381167.399 658318.715 170496.379 237731941.275 2571953845523.701
6754.000 5517.000 8570797.000 1.000 1230.000 470.000 423.000 5512.592 381167.399 696170.662 759039.501 257800477.529 1030606886677.978
6734.000 5522.000 8570807.000 1.000 1240.000 480.000 502.000 2674.000 356871.897 704539.346 1107942.219 357011892.716 443936215711.934
6734.000 5512.000 8570817.000 1.000 1240.000 480.000 613.000 6817.389 356871.897 687851.978 2308132.624 217602897.397 285054569221.427
6717.000 5493.000 8570827.000 1.000 1250.000 480.000 676.000 15449.149 336849.720 656696.978 2716756.993 37449618.471 888361647081.307
6694.000 5440.000 8570837.000 1.000 1250.000 500.000 725.000 25609.048 310680.892 573606.925 2019924.358 16323940.539 60366894392.423
6648.000 5356.000 8570847.000 1.000 1250.000 500.000 773.000 33162.991 261517.236 453425.030 1683659.232 134426230.981 8202630203.467
6582.000 5251.000 8570857.000 1.000 1260.000 500.000 796.000 39459.398 198370.078 323042.662 774919.050 320074987.454 998617588268.316
6502.000 5127.000 8570867.000 1.000 1260.000 500.000 814.000 42357.375 133508.069 197463.294 648589.129 432166582.648 1267061978845.490
6406.000 5001.000 8570877.000 1.000 1260.000 500.000 820.000 44782.914 72569.657 101358.452 593427.717 538897023.020 1394288375704.201
6298.000 4873.000 8570887.000 1.000 1250.000 510.000 821.000 42563.663 26045.944 36240.136 1471746.604 440786021.695 91494756018.063
6182.000 4764.000 8570897.000 1.000 1250.000 510.000 812.000 37059.749 2060.031 6620.820 2557498.901 239970791.637 613513923002.604
6084.000 4666.000 8570907.000 1.000 1240.000 500.000 780.000 27495.430 2768.069 276.609 2233459.302 35125436.969 210893751450.398
6006.000 4599.000 8570917.000 1.000 1220.000 500.000 730.000 19142.927 17059.610 6994.241 3071291.154 5884657.689 1682373849921.060
5941.000 4569.000 8570927.000 1.000 1220.000 500.000 619.000 7657.171 38264.227 12912.136 4991226.096 193532262.310 10349079290542.158
5913.000 4563.000 8570937.000 1.000 1210.000 510.000 312.000 26322.938 50002.523 14311.715 202062.504 22602224.242 2471703105073.141
6064.000 5436.000 8571027.000 0.000 1200.000 500.000 207.000 19522.031 5272.566 567563.978 4648169.009 4189092.803 8259539193130.461
6131.000 5465.000 8571037.000 1.000 1190.000 500.000 228.000 2139.200 31.499 612100.346 2359591.080 377507737.276 342650397763.249
6139.000 5465.000 8571047.000 1.000 1190.000 500.000 281.000 10963.400 5.700 612100.346 1397109.916 112473625.514 142217751421.658
6180.000 5465.000 8571057.000 1.000 1190.000 500.000 382.000 16188.194 1882.480 612100.346 1287772.195 28950472.614 236638866002.058
6236.000 5442.000 8571067.000 1.000 1190.000 500.000 493.000 21004.096 9877.887 576640.399 692787.675 318843.558 1169512322384.679
6303.000 5401.000 8571077.000 1.000 1200.000 500.000 568.000 23594.925 27684.820 516053.188 617633.300 4105351.335 1337710386557.652
6372.000 5346.000 8571087.000 1.000 1200.000 500.000 628.000 25904.698 55407.303 440057.662 995705.614 18800372.738 606096490604.702
6440.000 5277.000 8571097.000 1.000 1200.000 500.000 693.000 29628.354 92044.011 353273.820 477354.993 64957082.207 1681878571979.084
6506.000 5188.000 8571107.000 1.000 1200.000 500.000 739.000 31413.526 136447.169 255397.241 1731487.465 96919450.285 1826719574.581
6566.000 5087.000 8571117.000 1.000 1220.000 500.000 787.000 37888.797 184373.677 163513.820 908709.966 266343661.873 749120783569.217
6620.000 4956.000 8571127.000 1.000 1220.000 500.000 827.000 41287.114 233663.533 74730.294 531128.598 388813549.946 1545295141418.506
6664.000 4808.000 8571137.000 1.000 1220.000 500.000 866.000 43273.384 278137.638 15717.241 2621167.910 471090775.053 717307880087.611
6699.000 4650.000 8571147.000 1.000 1220.000 500.000 891.000 33470.961 316279.767 1064.820 290917.563 141662428.167 2200208680953.537
6727.000 4528.000 8571157.000 1.000 1210.000 510.000 912.000 32383.012 348557.471 23910.925 114114.020 116948082.229 2755977115387.501
6732.000 4407.000 8571167.000 1.000 1210.000 510.000 933.000 31956.258 354486.346 75972.767 369676.489 107900149.192 1972763837698.775
6721.000 4288.000 8571177.000 1.000 1210.000 510.000 967.000 30573.773 341508.820 155734.083 1776429.116 81090289.032 4846650.304
6698.000 4176.000 8571187.000 1.000 1210.000 510.000 988.000 23930.433 315155.992 256675.557 1140748.722 5577507.201 401295495316.042
6670.000 4091.000 8571197.000 1.000 1210.000 510.000 979.000 19664.357 284502.289 350027.925 770062.264 3626744.463 1008348032238.610
6642.000 4023.000 8571207.000 1.000 1200.000 510.000 991.000 16784.543 255416.586 435113.820 948980.673 22888716.417 681032498917.559
6610.000 3969.000 8571217.000 1.000 1200.000 510.000 993.000 13235.625 224095.782 509270.030 484606.881 69441111.257 1663121611992.417
6575.000 3934.000 8571227.000 1.000 1200.000 510.000 994.000 11423.333 192183.653 560449.241 712406.278 102929655.324 1127464530654.936
6539.000 3911.000 8571237.000 1.000 1200.000 510.000 991.000 8759.136 161915.748 595415.294 60342.286 164086424.486 2937402886978.942
6507.000 3904.000 8571247.000 1.000 1190.000 510.000 981.000 8984.799 137186.944 606267.136 811114.046 158356032.664 927587727695.540
6480.000 3924.000 8571257.000 1.000 1190.000 510.000 958.000 12018.135 117915.016 575521.873 3202901.691 91214406.177 2041109643761.851
6456.000 3962.000 8571267.000 1.000 1190.000 510.000 909.000 23996.077 102008.413 519309.873 2711750.195 5891875.879 878948606598.823
6434.000 4049.000 8571277.000 1.000 1170.000 520.000 822.000 34137.252 88439.361 401488.978 1820030.023 157967032.889 2097861486.757
6421.000 4176.000 8571287.000 1.000 1170.000 520.000 728.000 40943.647 80876.284 256675.557 74973.345 375386310.599 2887465040420.838
6427.000 4329.000 8571297.000 1.000 1170.000 520.000 625.000 40663.268 84324.935 125055.294 2278143.179 364600299.167 253930905632.952
6445.000 4480.000 8571307.000 1.000 1170.000 520.000 533.000 32143.660 95102.887 41059.557 1597801.103 111828545.125 31126310638.345
6480.000 4595.000 8571317.000 1.000 1170.000 520.000 447.000 26168.338 117915.016 7679.294 12065.890 21156133.051 3105213910115.268
6516.000 4686.000 8571327.000 1.000 1170.000 520.000 438.000 26123.215 143934.921 11.346 876149.203 20743075.470 806544816293.565
6554.000 4776.000 8571337.000 1.000 1170.000 520.000 440.000 22846.666 174212.375 8717.662 3054599.244 1633047.988 1639351533735.006
6578.000 4858.000 8571347.000 1.000 1170.000 520.000 468.000 11423.333 194822.978 30754.083 2053560.604 102929655.324 78026924282.220
6593.000 4898.000 8571357.000 1.000 1170.000 520.000 563.000 3743.600 208289.605 46383.557 214508.280 317736269.836 2432724373047.112
6593.000 4912.000 8571367.000 1.000 1190.000 510.000 634.000 2941.400 208289.605 52609.873 3808043.667 346978478.716 4136407773698.869
6582.000 4912.000 8571377.000 1.000 1190.000 510.000 667.000 17182.401 198370.078 52609.873 2985055.724 19240130.712 1466104733552.517
6559.000 4852.000 8571387.000 1.000 1190.000 510.000 711.000 28345.661 178411.251 28685.662 2463644.977 45926409.667 475296312696.636
6510.000 4758.000 8571397.000 1.000 1190.000 510.000 752.000 37558.993 139418.270 5680.399 510348.677 255687604.491 1597389944860.128
6450.000 4631.000 8571407.000 1.000 1190.000 510.000 779.000 39467.552 98211.763 2665.820 576028.802 320366814.494 1435680371717.019
6382.000 4500.000 8571417.000 1.000 1200.000 510.000 783.000 41621.736 60215.055 33354.294 3963306.269 402121913.044 4792065396802.964
6310.000 4362.000 8571427.000 1.000 1200.000 510.000 788.000 26800.097 30063.246 102804.609 2663942.551 27366904.179 791592684982.532
6268.000 4271.000 8571437.000 1.000 1200.000 510.000 796.000 16837.709 17262.691 169440.557 2839291.706 22382827.855 1134361539055.485
6246.000 4212.000 8571447.000 1.000 1200.000 510.000 742.000 6219.565 11965.638 221494.083 3005969.345 235597736.180 1517187713846.065
6267.000 4202.000 8571457.000 1.000 1200.000 510.000 614.000 17461.036 17000.916 231006.715 6157521.679 16873382.820 19213266938408.504
6317.000 4244.000 8571467.000 1.000 1200.000 510.000 317.000 40488.417 32539.672 192397.662 40775.620 357953483.822 3004855784599.021
7015.000 5432.000 8571558.000 0.000 1190.000 510.000 309.000 41876.069 771564.705 561553.030 11197660.851 412386866.253 88801094140194.938
7108.000 5558.000 8571568.000 1.000 1190.000 510.000 399.000 0.000 943593.791 766269.873 6783347.313 465211336.317 25091280248211.191
7108.000 5558.000 8571578.000 1.000 1190.000 510.000 541.000 25367.791 943593.791 766269.873 24463572.994 14432649.154 514806394177427.625
7105.000 5549.000 8571579.000 1.000 1195.000 515.000 589.000 16219.110 937774.466 750594.241 4393265.830 28618737.359 6859361223560.029
7079.000 5501.000 8571588.000 1.000 1200.000 520.000 699.000 31005.719 888094.313 669726.873 1336752.120 89056226.504 191384800051.339
7032.000 5395.000 8571598.000 1.000 1200.000 520.000 767.000 36004.792 801718.882 507468.767 420428.207 208399067.841 1832772810258.349
6969.000 5276.000 8571608.000 1.000 1200.000 520.000 809.000 37577.074 692869.050 352086.083 2558046.268 256266170.279 614371696332.098
6911.000 5148.000 8571618.000 1.000 1220.000 530.000 830.000 28010.708 599676.093 216567.767 2736339.497 41498715.426 925659292562.099
6874.000 5050.000 8571628.000 1.000 1220.000 530.000 842.000 17777.576 543740.413 134959.557 2073562.392 14373063.533 89601314656.776
6850.000 4988.000 8571638.000 1.000 1220.000 530.000 846.000 10023.042 508921.810 93249.873 556637.756 133303565.797 1482525040597.568
6856.000 4951.000 8571648.000 1.000 1230.000 520.000 849.000 7941.375 517518.461 72021.609 204437.461 185705576.687 2464241096469.932
6877.000 4930.000 8571658.000 1.000 1240.000 530.000 849.000 8705.913 548173.739 61191.136 889663.064 165452790.233 782454427346.904
6909.000 4924.000 8571668.000 1.000 1240.000 530.000 852.000 12033.000 596582.543 58258.715 879927.030 90930687.113 799773518599.371
6954.000 4924.000 8571678.000 1.000 1250.000 530.000 857.000 15323.677 668122.423 58258.715 638933.315 39001040.940 1288893125102.155
7004.000 4952.000 8571688.000 1.000 1250.000 530.000 860.000 17713.106 752361.179 72559.346 281460.694 14866054.965 2228353050833.606
7062.000 4984.000 8571698.000 1.000 1250.000 530.000 866.000 18765.689 856342.136 90822.925 436743.885 7857197.723 1788862701495.416
7121.000 5022.000 8571708.000 1.000 1250.000 530.000 867.000 17132.391 969018.868 115170.925 237739.725 19681355.173 2360795005651.549
7174.000 5058.000 8571718.000 1.000 1250.000 530.000 869.000 16243.312 1076172.949 140901.452 769753.951 28360378.717 1008967321753.129
7225.000 5091.000 8571728.000 1.000 1250.000 530.000 853.000 13364.651 1184587.480 166764.767 222218.492 67307377.242 2408732287102.375
7272.000 5108.000 8571738.000 1.000 1250.000 530.000 860.000 12533.617 1289104.911 180938.294 350076.069 81633779.029 2028207597736.465
7318.000 5117.000 8571748.000 1.000 1250.000 530.000 864.000 11224.432 1395676.566 188675.925 53186.127 107005087.422 2961983769292.868
7359.000 5108.000 8571758.000 1.000 1250.000 530.000 869.000 11423.333 1494231.346 180938.294 302986.394 102929655.324 2164550701198.163
7400.000 5096.000 8571768.000 1.000 1250.000 530.000 876.000 12556.416 1596148.126 170873.452 233248.474 81222314.448 2374616682442.944
7442.000 5075.000 8571778.000 1.000 1250.000 530.000 885.000 13428.699 1704036.681 153952.978 100398.539 66260566.054 2801703742474.744
7483.000 5046.000 8571788.000 1.000 1250.000 530.000 897.000 13804.161 1812759.461 132036.609 356732.992 60288971.848 2009290978128.178
7519.000 5009.000 8571798.000 1.000 1270.000 530.000 905.000 15138.241 1910995.366 106516.346 557167.475 41351553.256 1481235360245.252
7552.000 4963.000 8571808.000 1.000 1270.000 530.000 944.000 17221.889 2003321.944 78606.452 505188.659 18895273.057 1610459846683.379
7580.000 4905.000 8571818.000 1.000 1270.000 530.000 958.000 19111.151 2083367.648 49447.715 613473.091 6039833.836 1347351041971.312
7602.000 4837.000 8571828.000 1.000 1250.000 540.000 997.000 21405.366 2147360.700 23829.609 44386.796 26697.057 2992349224779.733
7620.000 4759.000 8571838.000 1.000 1250.000 540.000 1012.000 21239.372 2200438.653 5832.136 136214.630 108495.361 2683086506550.493
7635.000 4681.000 8571848.000 1.000 1250.000 540.000 1023.000 20729.968 2245165.279 2.662 677546.677 703569.234 1202709058027.841
7644.000 4604.000 8571858.000 1.000 1250.000 540.000 1023.000 23263.800 2272217.255 6182.925 214508.280 2873166.230 2432724373047.112
7644.000 4517.000 8571868.000 1.000 1240.000 540.000 1023.000 24066.000 2272217.255 27433.820 524067.901 6236215.910 1562899285720.703
7644.000 4427.000 8571878.000 1.000 1230.000 530.000 1023.000 26025.865 2272217.255 65347.504 82162.928 19865799.781 2863082871442.566
7636.000 4330.000 8571888.000 1.000 1230.000 530.000 1023.000 26333.131 2248163.055 124349.030 122317.049 22699246.846 2728808485308.766
7619.000 4233.000 8571898.000 1.000 1220.000 540.000 1023.000 25875.700 2197472.877 202168.557 11812.395 18549746.465 3106107372742.914
7589.000 4141.000 8571908.000 1.000 1220.000 540.000 1023.000 25919.875 2109429.624 293364.767 1013068.164 18932216.191 579363694754.540
7553.000 4051.000 8571918.000 1.000 1220.000 540.000 1023.000 22131.288 2006153.720 398958.452 1226976.666 316439.619 299483590330.644
7514.000 3978.000 8571928.000 1.000 1220.000 540.000 1023.000 17542.744 1897196.490 496505.662 745946.795 16208791.464 1057361424391.374
7474.000 3926.000 8571938.000 1.000 1200.000 540.000 1023.000 14753.115 1788605.485 572491.346 104412.748 46452994.134 2788281656945.551
7434.000 3888.000 8571948.000 1.000 1200.000 540.000 1023.000 14362.641 1683214.480 631439.346 124489.942 51928127.114 2721634357004.863
7387.000 3862.000 8571958.000 1.000 1200.000 540.000 1023.000 13897.084 1563469.050 673436.188 73566.018 58854587.175 2892249833790.292
7336.000 3852.000 8571968.000 1.000 1200.000 540.000 1023.000 14172.200 1438530.519 689948.820 1074643.966 54709075.273 489417268076.983
7283.000 3852.000 8571978.000 1.000 1200.000 540.000 1023.000 18191.063 1314204.437 689948.820 1566586.966 11408825.808 43114635000.094
7221.000 3880.000 8571988.000 1.000 1190.000 540.000 949.000 24049.653 1175896.380 644217.452 792317.431 6154838.315 964147589973.841
7154.000 3940.000 8571998.000 1.000 1190.000 540.000 833.000 27012.695 1035077.447 551501.662 3572774.986 29636446.361 3234772681392.166
7095.000 4022.000 8572008.000 1.000 1190.000 540.000 643.000 40373.858 918506.715 436434.083 2180492.175 353631773.233 165050900767.307
7041.000 4163.000 8572018.000 1.000 1190.000 540.000 282.000 32219.437 817916.858 270016.978 1193490.992 113436955.925 337255013778.742
6977.000 4531.000 8572049.000 0.000 1190.000 540.000 49.000 46055.720 706251.251 22992.136 8400890.826 599611291.352 43912665443412.664
6986.000 4703.000 8572059.000 1.000 1190.000 540.000 177.000 14638.776 721459.227 414.873 2759246.318 48024655.229 970261864790.510
6995.000 4757.000 8572069.000 1.000 1190.000 540.000 358.000 4319.979 736829.203 5530.662 1155162.385 297520388.710 383241746720.280
7001.000 4772.000 8572079.000 1.000 1200.000 540.000 497.000 0.000 747165.854 7986.715 1314562.199 465211336.317 211292285552.321
7001.000 4772.000 8572089.000 1.000 1200.000 540.000 570.000 4916.089 747165.854 7986.715 2437118.897 277311396.138 439424864895.248
6994.000 4755.000 8572099.000 1.000 1200.000 540.000 643.000 14030.221 735113.428 5237.188 2138514.654 56829545.222 132705054006.381
6987.000 4703.000 8572109.000 1.000 1200.000 540.000 696.000 22027.658 723159.002 414.873 1329812.823 210588.898 197504498536.657
6972.000 4622.000 8572119.000 1.000 1190.000 530.000 751.000 27000.780 697872.375 3676.188 1684660.377 29506859.318 8022288347.032
6958.000 4522.000 8572129.000 1.000 1190.000 530.000 773.000 20700.629 674677.523 25802.504 1602696.395 753648.550 29422956033.610
6950.000 4445.000 8572139.000 1.000 1190.000 530.000 791.000 14707.000 661599.322 56468.767 1072541.400 47083727.513 492363530408.165
6950.000 4390.000 8572149.000 1.000 1190.000 530.000 794.000 10696.000 661599.322 85633.241 1272491.354 118216873.914 251739265653.957
6950.000 4350.000 8572159.000 1.000 1190.000 530.000 784.000 5937.244 661599.322 110643.767 801088.686 244344240.553 946999355840.109
6963.000 4332.000 8572169.000 1.000 1190.000 530.000 770.000 2941.400 682916.399 122942.504 786530.360 346978478.716 975545847950.718
6974.000 4332.000 8572179.000 1.000 1190.000 530.000 755.000 0.000 701217.925 122942.504 4568349.307 465211336.317 7807116085106.098
6974.000 4332.000 8572189.000 1.000 1180.000 530.000 721.000 17084.328 701217.925 122942.504 333357.151 20110115.472 2076107665458.351
6993.000 4393.000 8572199.000 1.000 1180.000 530.000 675.000 15837.667 733399.653 83886.452 412687.244 32845407.944 1853792154866.531
7005.000 4451.000 8572209.000 1.000 1180.000 530.000 636.000 17381.000 754096.954 53653.188 143005.520 17537319.912 2660885490872.720
7005.000 4516.000 8572219.000 1.000 1180.000 530.000 627.000 17915.800 754096.954 27766.083 158983.472 13344104.632 2609013609469.142
7005.000 4583.000 8572229.000 1.000 1170.000 530.000 625.000 17321.247 754096.954 9926.452 1527295.745 18041352.581 60975343525.593
7015.000 4647.000 8572239.000 1.000 1170.000 530.000 630.000 11609.595 771564.705 1269.609 265827.153 99184934.427 2275271923853.622
7026.000 4689.000 8572249.000 1.000 1170.000 530.000 636.000 10615.477 791010.232 40.557 403580.937 119974372.107 1878672288735.591
7052.000 4719.000 8572259.000 1.000 1170.000 530.000 637.000 12124.755 837934.385 1322.662 661131.526 89189199.081 1238982881276.901
7086.000 4749.000 8572269.000 1.000 1170.000 530.000 668.000 14597.199 901336.739 4404.767 172993.360 48602639.627 2563951107636.527
7134.000 4775.000 8572279.000 1.000 1180.000 540.000 685.000 15244.145 994781.944 8531.925 501146.373 40000733.897 1620735823489.922
7187.000 4796.000 8572289.000 1.000 1190.000 530.000 694.000 13370.000 1103314.026 12852.399 92726.031 67219638.313 2827447543654.111
7237.000 4796.000 8572299.000 1.000 1190.000 530.000 714.000 13023.231 1210852.782 12852.399 600043.461 73026037.514 1378708404223.262
7283.000 4780.000 8572309.000 1.000 1190.000 530.000 733.000 10779.239 1314204.437 9480.609 924104.184 116413727.582 722709831079.174
7311.000 4751.000 8572319.000 1.000 1190.000 530.000 762.000 14235.126 1379186.141 4674.241 1249535.867 53782163.294 275301420015.837
7316.000 4698.000 8572329.000 1.000 1190.000 530.000 784.000 18908.035 1390955.016 236.188 760379.442 7079448.690 1027888097793.106
7306.000 4628.000 8572339.000 1.000 1190.000 530.000 790.000 21751.638 1367467.265 2984.609 183985.372 33444.970 2528870359890.740
7277.000 4552.000 8572349.000 1.000 1210.000 530.000 829.000 21063.585 1300483.787 17064.609 1217722.486 255200.103 309697947569.060
7250.000 4478.000 8572359.000 1.000 1210.000 530.000 843.000 16509.649 1239631.858 41874.083 1168580.784 25594587.311 366808071891.727
7224.000 4422.000 8572369.000 1.000 1210.000 530.000 858.000 12139.489 1182411.705 67928.820 2586876.534 88911120.281 660398281664.871
7218.000 4377.000 8572379.000 1.000 1210.000 530.000 866.000 2465.306 1169399.055 93410.662 876006.411 364941891.296 806801313505.501
7225.000 4371.000 8572389.000 1.000 1190.000 530.000 869.000 5741.321 1184587.480 97114.241 2900247.942 250507772.743 1267921799143.640
7244.000 4381.000 8572399.000 1.000 1190.000 530.000 869.000 16587.424 1226307.208 90981.609 3515488.280 24813691.804 3031988738001.528
7302.000 4403.000 8572409.000 1.000 1190.000 530.000 855.000 29734.351 1358128.165 78193.820 3082028.601 66676903.494 1710343444913.328
7385.000 4477.000 8572419.000 1.000 1190.000 530.000 853.000 41260.262 1558471.499 42284.346 2873327.715 387755316.403 1208021051612.695
7505.000 4574.000 8572429.000 1.000 1190.000 530.000 796.000 52005.691 1872484.514 11800.820 13906321.773 926406869.767 147187708899129.906
7664.000 4686.000 8572439.000 1.000 1190.000 530.000 65.000 0.000 2332912.758 11.346 0.000 465211336.317 3147883594649.641
