2956.000 4810.000 35362031.000 0.000 1160.000 470.000 148.000 20390.366 5884546.930 103.347 4364021.875 7417131.159 4294210309244.872
2936.000 4750.000 35362041.000 1.000 1170.000 480.000 191.000 6854.318 5981979.271 2483.432 462502.144 116912469.032 3346236358407.049
2922.000 4734.000 35362051.000 1.000 1170.000 480.000 273.000 8288.878 6050657.909 4334.121 8098.043 87947764.576 5215176919316.075
2928.000 4709.000 35362061.000 1.000 1170.000 480.000 361.000 8263.760 6021176.207 8250.823 943905.633 88419511.057 1816749750201.730
2937.000 4685.000 35362071.000 1.000 1170.000 480.000 448.000 11191.507 5977088.654 13186.857 310062.719 41931037.613 3927180506100.515
2963.000 4662.000 35362081.000 1.000 1170.000 480.000 491.000 12153.240 5850634.611 18998.223 1679230.394 30400721.716 375209948941.552
2998.000 4648.000 35362091.000 1.000 1170.000 480.000 556.000 17361.771 5682543.015 23053.576 1921657.785 93118.933 136986181602.617
3050.000 4634.000 35362101.000 1.000 1150.000 480.000 603.000 23322.248 5437330.930 27500.930 1557231.333 31982678.812 539553265038.832
3122.000 4641.000 35362111.000 1.000 1160.000 490.000 638.000 28152.370 5106734.505 25228.253 1994815.181 109944557.919 88184675774.587
3207.000 4661.000 35362121.000 1.000 1160.000 490.000 665.000 34339.762 4729792.058 19274.891 784146.438 277983495.331 2272941554091.274
3304.000 4705.000 35362131.000 1.000 1160.000 490.000 664.000 36771.978 4317288.207 8993.496 369697.047 365003052.084 3694380690882.331
3401.000 4765.000 35362141.000 1.000 1160.000 490.000 670.000 37918.681 3923602.356 1213.411 2142096.206 410133623.152 22403510360.276
3494.000 4837.000 35362151.000 1.000 1160.000 490.000 675.000 31274.462 3563820.973 1381.308 975666.224 185165064.596 1732140278988.128
3571.000 4896.000 35362161.000 1.000 1160.000 490.000 679.000 28248.202 3279027.462 9247.891 3131699.137 111963424.031 705473852251.130
3640.000 4950.000 35362171.000 1.000 1160.000 490.000 678.000 18534.495 3033896.888 22549.815 2079438.088 752677.794 45086636478.405
3684.000 4987.000 35362181.000 1.000 1160.000 490.000 678.000 12084.625 2882553.739 35031.096 1899427.015 31162072.720 153936335785.945
3711.000 5013.000 35362191.000 1.000 1160.000 490.000 673.000 6193.102 2791601.079 45439.725 1269063.765 131648613.064 1045936691747.652
3726.000 5025.000 35362201.000 1.000 1160.000 490.000 678.000 2256.800 2741701.824 50699.708 727592.320 237471950.942 2446665042259.685
3726.000 5032.000 35362211.000 1.000 1160.000 490.000 670.000 0.000 2741701.824 53901.032 1559126.400 312120237.151 536772840315.823
3726.000 5032.000 35362221.000 1.000 1160.000 490.000 665.000 4836.000 2741701.824 53901.032 1519024.031 164632635.045 597142867430.477
3711.000 5032.000 35362231.000 1.000 1160.000 490.000 622.000 9547.613 2791601.079 53901.032 975578.209 65923226.524 1732371961226.766
3682.000 5038.000 35362241.000 1.000 1170.000 490.000 526.000 12573.600 2889348.973 56723.023 149318.915 25941959.035 4590114769496.516
3643.000 5038.000 35362251.000 1.000 1170.000 490.000 348.000 13036.748 3023455.037 56723.023 163839.284 21438538.578 4528107127182.098
3375.000 5393.000 35362361.000 0.000 1190.000 490.000 60.000 18626.798 4027280.398 351845.853 5069803.835 921356.274 7717448495689.938
3398.000 5446.000 35362371.000 1.000 1190.000 480.000 134.000 2901.600 3935496.207 417530.445 123664.902 218014820.848 4700698050798.265
3398.000 5455.000 35362381.000 1.000 1190.000 480.000 226.000 2518.024 3935496.207 429242.432 811810.938 229489199.961 2190291340641.898
3392.000 5460.000 35362391.000 1.000 1190.000 480.000 282.000 0.000 3959337.909 435819.091 3326136.320 312120237.151 1069904936741.598
3392.000 5460.000 35362401.000 1.000 1190.000 480.000 315.000 10316.800 3959337.909 435819.091 1455184.640 54024336.765 699882139255.523
3392.000 5428.000 35362411.000 1.000 1190.000 480.000 361.000 14830.400 3959337.909 394592.470 5016258.354 8045873.786 7422813751179.699
3392.000 5382.000 35362421.000 1.000 1190.000 480.000 440.000 30389.514 3959337.909 338917.202 3228774.422 161864272.162 877969362989.851
3385.000 5288.000 35362431.000 1.000 1190.000 480.000 515.000 40404.323 3987244.228 238306.002 2264040.782 516989270.133 769144043.793
3376.000 5163.000 35362441.000 1.000 1190.000 480.000 583.000 47426.782 4023267.781 131889.513 4173654.025 885649091.700 3541471569219.626
3358.000 5017.000 35362451.000 1.000 1190.000 480.000 638.000 60372.359 4095800.888 47161.053 1707035.460 1823754097.490 341919427155.489
3329.000 4832.000 35362461.000 1.000 1200.000 480.000 670.000 55077.584 4214022.781 1034.649 1420952.530 1399557410.635 758330430233.801
3293.000 4665.000 35362471.000 1.000 1190.000 480.000 679.000 50670.163 4363120.994 18180.219 4044095.973 1089213721.855 3070631496940.998
3267.000 4510.000 35362481.000 1.000 1190.000 480.000 697.000 38126.441 4472415.037 84003.772 2241812.269 418591797.044 2496197377.307
3244.000 4394.000 35362491.000 1.000 1190.000 480.000 700.000 31172.929 4570225.228 164701.270 1641784.279 182412145.427 422486934193.782
3226.000 4299.000 35362501.000 1.000 1180.000 490.000 697.000 26080.546 4647510.335 250834.738 4085090.422 70789019.191 3215982970579.025
3214.000 4219.000 35362511.000 1.000 1180.000 490.000 693.000 13409.670 4699393.739 337368.185 2764151.208 18124219.700 223140010948.485
3207.000 4178.000 35362521.000 1.000 1180.000 490.000 685.000 4836.000 4729792.058 386677.576 1559126.400 164632635.045 536772840315.823
3207.000 4163.000 35362531.000 1.000 1180.000 490.000 667.000 0.000 4729792.058 405557.598 2324208.359 312120237.151 1051972834.127
3207.000 4163.000 35362541.000 1.000 1170.000 500.000 578.000 7209.083 4729792.058 405557.598 3681475.606 109366458.229 1931269919175.366
3197.000 4183.000 35362551.000 1.000 1170.000 500.000 369.000 18628.052 4773388.228 380484.236 62887.627 923765.208 4967935481464.148
3298.000 4699.000 35362642.000 0.000 1140.000 500.000 63.000 20403.106 4342257.909 10167.504 3563650.334 7486686.744 1617668828245.186
3361.000 4705.000 35362652.000 1.000 1140.000 500.000 178.000 9349.600 4083667.037 8993.496 2957593.142 69177894.306 443314825837.815
3382.000 4685.000 35362662.000 1.000 1140.000 500.000 309.000 18523.276 3999234.079 13186.857 1401369.954 733337.123 792819771695.498
3431.000 4655.000 35362672.000 1.000 1140.000 500.000 441.000 22869.957 3805653.845 20976.900 3264391.884 27071542.524 945985104175.225
3485.000 4609.000 35362682.000 1.000 1140.000 500.000 529.000 32995.242 3597882.526 36417.632 2109933.904 234957303.618 33065903542.303
3570.000 4552.000 35362692.000 1.000 1140.000 500.000 585.000 39539.702 3282650.079 61421.713 2002244.889 478418375.926 83827238316.726
3674.000 4487.000 35362702.000 1.000 1140.000 500.000 645.000 45750.139 2916609.909 97865.138 191317.963 788666911.438 4411916522446.960
3798.000 4418.000 35362712.000 1.000 1130.000 500.000 663.000 45156.721 2508449.398 145797.236 553748.759 755688886.929 3020732531942.879
3921.000 4351.000 35362722.000 1.000 1130.000 500.000 688.000 43439.138 2133961.505 201451.998 1016514.626 664206965.549 1626287053263.780
4044.000 4296.000 35362732.000 1.000 1130.000 500.000 699.000 46592.099 1789731.611 253848.742 3093324.832 836665693.884 642483370288.424
4181.000 4250.000 35362742.000 1.000 1130.000 500.000 721.000 36997.419 1441941.079 302317.474 1905804.410 373668000.258 148972700640.177
4294.000 4230.000 35362752.000 1.000 1130.000 500.000 731.000 31086.115 1183327.356 324710.836 2746240.276 180074661.627 206539388510.125
4390.000 4221.000 35362762.000 1.000 1130.000 500.000 733.000 22568.000 983684.122 335048.849 1852991.743 24020536.656 192530069407.911
4460.000 4221.000 35362772.000 1.000 1120.000 510.000 727.000 16820.507 849730.930 335048.849 858952.910 716423.344 2052976930181.045
4511.000 4232.000 35362782.000 1.000 1120.000 510.000 721.000 14156.261 758307.462 322435.500 926016.946 12324761.362 1865292954161.292
4549.000 4254.000 35362792.000 1.000 1120.000 510.000 720.000 11284.000 693570.015 297934.802 311825.280 40741730.904 3920197837882.700
4570.000 4282.000 35362802.000 1.000 1120.000 510.000 733.000 12251.200 659033.058 268152.096 1143359.360 29330076.723 1318856709737.392
4570.000 4320.000 35362812.000 1.000 1120.000 510.000 708.000 15797.600 659033.058 230240.708 1663068.160 3494375.765 395271320319.919
4570.000 4369.000 35362822.000 1.000 1120.000 510.000 600.000 20956.000 659033.058 185617.972 775929.430 10818014.692 2297785452539.616
4537.000 4425.000 35362832.000 1.000 1120.000 510.000 208.000 18549.271 713701.420 140500.559 149719.169 778534.554 4588399877081.839
5719.000 5433.000 35363102.000 0.000 1200.000 500.000 134.000 31087.787 113698.100 400899.130 7185644.752 180119538.194 23949968702718.898
5792.000 5496.000 35363112.000 1.000 1210.000 510.000 176.000 8799.807 168257.058 484647.040 1661090.881 78625780.720 397761484564.216
5816.000 5509.000 35363122.000 1.000 1210.000 510.000 251.000 3647.540 188522.249 502916.355 136549.296 196543154.346 4644994508816.708
5824.000 5517.000 35363132.000 1.000 1210.000 520.000 309.000 3224.000 195533.313 514327.011 519708.800 208598081.081 3140215882183.602
5834.000 5517.000 35363142.000 1.000 1210.000 520.000 420.000 1612.000 204477.143 514327.011 2390660.480 257760615.116 9778490774.855
5834.000 5512.000 35363152.000 1.000 1210.000 520.000 526.000 9027.200 204477.143 507180.351 1761231.867 74644847.193 281475197136.037
5834.000 5484.000 35363162.000 1.000 1210.000 520.000 586.000 14490.078 204477.143 468083.057 3417846.224 10092356.537 1268038139494.990
5818.000 5442.000 35363172.000 1.000 1210.000 520.000 622.000 25091.338 190263.015 412377.117 2340526.958 55121909.153 2376828652.994
5782.000 5373.000 35363182.000 1.000 1210.000 520.000 647.000 32351.037 160153.228 328519.215 1823255.824 215623146.728 219509495169.812
5732.000 5286.000 35363192.000 1.000 1210.000 520.000 668.000 38006.297 122634.079 236357.338 230603.693 413690055.432 4248423975597.658
5668.000 5187.000 35363202.000 1.000 1210.000 520.000 664.000 38721.569 81905.569 149897.479 1287998.639 443298036.117 1007565433678.833
5600.000 5088.000 35363212.000 1.000 1200.000 510.000 667.000 34726.536 47607.526 83039.619 1560596.544 291030329.214 534620806021.421
5529.000 5007.000 35363222.000 1.000 1200.000 510.000 666.000 29885.976 21665.335 42917.734 3020425.678 149305208.589 530932935146.812
5466.000 4939.000 35363232.000 1.000 1200.000 510.000 664.000 20517.410 7088.207 19367.164 2802827.602 8125265.026 261175550767.978
5421.000 4894.000 35363242.000 1.000 1200.000 510.000 667.000 11823.776 1535.973 8867.228 2252858.982 34142389.639 1514396394.755
5388.000 4878.000 35363252.000 1.000 1200.000 510.000 644.000 4836.000 38.335 6109.917 1859909.802 164632635.045 186506882705.266
5373.000 4878.000 35363262.000 1.000 1200.000 510.000 545.000 10604.951 77.590 6109.917 2745157.012 49871476.055 205555948553.632
5362.000 4909.000 35363272.000 1.000 1200.000 510.000 388.000 19119.706 392.377 11917.206 549372.179 2110572.782 3035964901412.252
5356.000 4968.000 35363282.000 1.000 1180.000 510.000 17.000 20823.714 666.079 28279.789 2109.842 9965317.113 5242563001900.296
5386.000 5555.000 35363373.000 0.000 1170.000 500.000 95.000 20764.162 17.569 570275.623 6174657.029 9592877.350 15076778843955.357
5424.000 5607.000 35363383.000 1.000 1160.000 500.000 137.000 1612.000 1780.122 651516.883 1663068.160 257760615.116 395271320319.919
5424.000 5612.000 35363393.000 1.000 1160.000 500.000 212.000 6770.400 1780.122 659613.542 1718848.518 118734255.963 328243869525.197
5445.000 5612.000 35363403.000 1.000 1160.000 500.000 306.000 12101.816 3993.164 659613.542 1468251.834 30970437.614 678189133917.108
5470.000 5584.000 35363413.000 1.000 1160.000 500.000 369.000 16655.947 7777.739 614916.249 1760557.729 1022076.413 282190969130.807
5505.000 5546.000 35363423.000 1.000 1160.000 500.000 427.000 22116.734 15176.143 556763.636 728002.090 19800800.591 2445383300530.008
5546.000 5491.000 35363433.000 1.000 1160.000 500.000 486.000 24374.805 26958.845 477710.381 1696292.770 44995654.779 354598167181.628
5592.000 5431.000 35363443.000 1.000 1160.000 500.000 527.000 29636.259 44180.462 398370.466 858657.592 143264957.626 2053823293245.923
5639.000 5352.000 35363453.000 1.000 1150.000 490.000 566.000 32299.589 66147.462 304887.245 930161.398 214114857.231 1853989499643.369
5685.000 5263.000 35363463.000 1.000 1160.000 500.000 613.000 29414.473 91925.079 214522.704 648176.495 138004885.212 2701413508915.890
5725.000 5181.000 35363473.000 1.000 1160.000 500.000 643.000 27404.000 117780.398 145287.487 454996.994 94810630.550 3373750608450.572
5761.000 5104.000 35363483.000 1.000 1160.000 500.000 678.000 25992.719 143786.186 92516.930 572223.891 69318846.581 2956853362515.859
5793.000 5030.000 35363493.000 1.000 1170.000 500.000 711.000 27767.607 169078.441 52976.368 166276.833 102023777.897 4517739177436.127
5816.000 4947.000 35363503.000 1.000 1170.000 500.000 721.000 27251.860 188522.249 21657.819 53654.453 91870979.933 5009180128598.443
5832.000 4864.000 35363513.000 1.000 1170.000 510.000 758.000 27085.438 202672.377 4117.270 375531.198 88708388.093 3671987351181.480
5845.000 4781.000 35363523.000 1.000 1170.000 510.000 773.000 25920.639 214546.356 354.721 1062353.458 68123795.637 1511475430450.276
5853.000 4701.000 35363533.000 1.000 1170.000 510.000 787.000 22625.498 222021.420 9768.168 538246.155 24587446.703 3074860703858.670
5858.000 4631.000 35363543.000 1.000 1170.000 520.000 817.000 20956.000 226758.335 28504.934 780693.212 10818014.692 2283365837828.669
5858.000 4566.000 35363553.000 1.000 1160.000 520.000 825.000 18534.495 226758.335 54678.359 327168.618 752677.794 3859675204030.594
5845.000 4510.000 35363563.000 1.000 1160.000 520.000 843.000 17519.704 214546.356 84003.772 159086.023 21674.008 4548358981034.809
5833.000 4457.000 35363573.000 1.000 1170.000 530.000 855.000 17026.261 203573.760 117535.181 18753909.668 410450.295 271001903234956.625
5816.000 4407.000 35363583.000 1.000 1160.000 530.000 860.000 75195.956 188522.249 154318.585 171004619.240 3309589413.674 28464024071941192.000
5804.000 4387.000 35363584.000 1.000 1160.000 530.000 860.000 22154.821 178245.654 170431.947 3840085.623 20141210.965 2397268174951.272
5765.000 4339.000 35363593.000 1.000 1160.000 530.000 866.000 11434.979 146835.718 212368.015 399710.230 38837150.310 3579906173671.032
5738.000 4316.000 35363603.000 1.000 1160.000 530.000 863.000 10195.183 126872.377 234095.381 64732.439 55826927.751 4959715131298.021
5708.000 4306.000 35363613.000 1.000 1140.000 530.000 861.000 9994.400 106400.888 243872.062 872635.889 58867639.092 2013953626077.200
5677.000 4306.000 35363623.000 1.000 1140.000 530.000 855.000 12701.087 87138.015 243872.062 1058416.954 24659546.535 1521170166073.972
5641.000 4322.000 35363633.000 1.000 1140.000 530.000 834.000 15984.018 67180.228 228325.372 1650770.857 2832175.799 410885322020.693
5604.000 4355.000 35363643.000 1.000 1130.000 540.000 797.000 21104.275 49369.058 197877.325 789423.482 11815375.374 2257057764914.559
5567.000 4409.000 35363653.000 1.000 1130.000 540.000 667.000 23552.859 34295.888 152751.249 483059.658 34644219.653 3271448396823.208
5543.000 4478.000 35363663.000 1.000 1130.000 540.000 450.000 22054.535 25982.696 103577.151 135911.446 19251121.960 4647744336115.469
5672.000 5080.000 35363753.000 0.000 1130.000 520.000 170.000 18260.481 84211.100 78492.964 4675020.199 352308.786 5679861356847.646
5710.000 5122.000 35363763.000 1.000 1130.000 520.000 257.000 3759.798 107709.654 103790.904 2181503.802 193408179.974 12159566916.853
5700.000 5116.000 35363773.000 1.000 1140.000 510.000 310.000 10526.249 101245.824 99960.913 2603515.730 50989253.008 97182763880.845
5685.000 5087.000 35363783.000 1.000 1140.000 510.000 415.000 18601.670 91925.079 82464.287 1770686.247 873748.310 271532684257.526
5660.000 5035.000 35363793.000 1.000 1140.000 510.000 498.000 24093.873 77390.505 55303.028 2587259.678 41305661.251 87311650983.154
5629.000 4967.000 35363803.000 1.000 1150.000 510.000 560.000 32118.872 61103.632 27944.457 995487.054 208858773.567 1680360438260.194
5596.000 4873.000 35363813.000 1.000 1150.000 510.000 611.000 35206.611 45877.994 5353.257 635635.780 307640586.770 2742794559944.578
5557.000 4771.000 35363823.000 1.000 1150.000 510.000 645.000 37178.186 30692.058 831.402 4574244.730 380689307.803 5209671591120.941
5514.000 4664.000 35363833.000 1.000 1150.000 510.000 646.000 22990.082 17474.590 18450.887 3269952.639 28336000.990 956833003155.416
5487.000 4598.000 35363843.000 1.000 1170.000 510.000 644.000 12847.549 11065.249 40736.981 2271098.118 23226384.537 427501537.226
5475.000 4560.000 35363853.000 1.000 1150.000 510.000 644.000 5803.200 8684.654 57520.368 1143359.360 140747969.664 1318856709737.392
5475.000 4542.000 35363863.000 1.000 1150.000 510.000 585.000 2256.800 8684.654 66478.393 10315287.622 237471950.942 64376767178849.188
5482.000 4542.000 35363873.000 1.000 1150.000 510.000 216.000 34252.109 10038.335 66478.393 467866.558 275068330.008 3326639189786.933
6017.000 5581.000 35363983.000 0.000 1130.000 510.000 127.000 18288.920 403468.228 610220.253 5272697.248 386877.844 8885902049364.682
6054.000 5624.000 35363993.000 1.000 1130.000 510.000 179.000 1934.400 451841.398 679249.525 2175067.086 247512341.269 13620557064.329
6054.000 5618.000 35364003.000 1.000 1130.000 510.000 220.000 8680.886 451841.398 669395.534 1358952.754 80748895.992 870155902919.194
6047.000 5592.000 35364013.000 1.000 1140.000 510.000 315.000 12896.000 442479.718 627526.904 2017904.824 22761724.868 75004450612.802
6047.000 5552.000 35364023.000 1.000 1140.000 510.000 413.000 19155.010 442479.718 565753.628 206482.692 2214397.119 4348440791373.286
6040.000 5493.000 35364033.000 1.000 1150.000 510.000 472.000 19795.465 433216.037 480479.045 572725.546 4530682.749 2955128372124.680
6033.000 5432.000 35364043.000 1.000 1150.000 510.000 537.000 21571.909 424050.356 399633.798 537635.852 15248900.439 3077001443215.863
6022.000 5366.000 35364053.000 1.000 1150.000 510.000 580.000 19904.304 409845.143 320543.891 513582.028 5005865.018 3161967501215.321
6006.000 5300.000 35364064.000 1.000 1150.000 510.000 603.000 18152.008 389615.015 250165.985 1082197.823 235305.566 1463075080263.616
5987.000 5247.000 35364074.000 1.000 1170.000 510.000 614.000 14795.315 366256.739 199957.393 2424976.414 8246143.699 17742822274.691
5978.000 5202.000 35364084.000 1.000 1170.000 520.000 619.000 7273.676 355444.292 161737.457 1097732.022 108019623.715 1425736790430.852
5973.000 5180.000 35364094.000 1.000 1170.000 520.000 620.000 3868.800 349507.377 144526.155 335892.440 190388252.106 3825473569811.927
5973.000 5168.000 35364104.000 1.000 1170.000 520.000 616.000 4910.650 349507.377 135546.172 599583.400 162722550.573 2863509799389.840
5987.000 5162.000 35364114.000 1.000 1170.000 520.000 616.000 6770.400 366256.739 131164.181 1258307.534 118734255.963 1068053408231.766
6008.000 5162.000 35364124.000 1.000 1170.000 520.000 619.000 10673.339 392115.781 131164.181 1033242.995 48910244.425 1583900865196.973
6038.000 5176.000 35364134.000 1.000 1170.000 520.000 613.000 13878.187 430587.271 141500.828 221493.958 14354535.246 4286060397602.249
6075.000 5198.000 35364144.000 1.000 1160.000 520.000 616.000 14565.203 480514.441 158536.130 95657.047 9620679.049 4822930674010.401
6115.000 5219.000 35364154.000 1.000 1160.000 520.000 616.000 14861.906 537569.760 175700.100 22601.530 7868131.304 5149144734719.758
6157.000 5238.000 35364164.000 1.000 1160.000 520.000 619.000 14791.802 600921.845 191989.406 531133.689 8266331.971 3099855108634.085
6201.000 5251.000 35364174.000 1.000 1160.000 520.000 617.000 16439.239 671074.696 203550.721 408275.431 1507212.789 3547567719438.560
6251.000 5261.000 35364184.000 1.000 1170.000 530.000 616.000 17705.602 755493.845 212674.040 164184.134 1495.914 4526639609372.534
6305.000 5271.000 35364194.000 1.000 1170.000 530.000 622.000 17196.346 852282.526 221997.359 139130.430 221444.547 4633875322368.608
6358.000 5277.000 35364204.000 1.000 1170.000 530.000 627.000 16764.800 952949.824 227687.351 727592.320 813829.423 2446665042259.685
6410.000 5277.000 35364214.000 1.000 1170.000 530.000 627.000 14508.000 1057177.739 227687.351 456524.526 9978806.833 3368141469800.046
6455.000 5277.000 35364224.000 1.000 1170.000 530.000 630.000 13091.981 1151739.973 227687.351 904477.080 20930112.136 1924593377687.214
6495.000 5270.000 35364234.000 1.000 1170.000 530.000 636.000 10286.531 1239195.292 221056.028 1629.410 54470214.841 5244763288796.083
6522.000 5253.000 35364244.000 1.000 1170.000 530.000 644.000 10281.477 1300036.632 205359.385 90038.582 54544841.406 4847639856197.446
6543.000 5229.000 35364254.000 1.000 1170.000 530.000 662.000 10560.753 1348365.675 184183.419 321202.606 50497679.768 3883152518622.437
6560.000 5201.000 35364264.000 1.000 1170.000 530.000 670.000 11557.039 1388135.186 160934.125 21683.979 37330706.309 5153309739976.595
6574.000 5168.000 35364274.000 1.000 1170.000 530.000 693.000 11624.297 1421320.547 135546.172 264532.424 36513352.529 4109709333110.144
6586.000 5134.000 35364284.000 1.000 1170.000 530.000 727.000 12444.807 1450077.143 111666.887 280979.015 27270515.873 4043297389838.747
6597.000 5097.000 35364294.000 1.000 1170.000 530.000 746.000 13316.330 1476690.356 88307.606 1007844.968 18927676.410 1648474345459.968
6602.000 5056.000 35364304.000 1.000 1170.000 530.000 762.000 16442.400 1488867.271 65620.998 1070014.972 1499461.351 1492695680359.927
6602.000 5005.000 35364314.000 1.000 1170.000 530.000 790.000 19761.305 1488867.271 42093.070 819741.978 4386427.798 2166878945929.544
6608.000 4944.000 35364324.000 1.000 1170.000 530.000 800.000 22303.929 1503545.569 20783.823 207355.106 21501806.570 4344803077418.770
6613.000 4875.000 35364334.000 1.000 1170.000 530.000 825.000 22947.090 1515832.483 5649.921 189606.664 27880142.966 4419108468403.938
6618.000 4804.000 35364344.000 1.000 1170.000 530.000 852.000 23535.200 1528169.398 17.355 958261.782 34436652.075 1778255444442.683
6618.000 4731.000 35364354.000 1.000 1160.000 530.000 864.000 26507.476 1528169.398 4738.125 185097.578 78155342.886 4438086508928.190
6624.000 4649.000 35364364.000 1.000 1160.000 530.000 897.000 27081.600 1543039.696 22750.908 103941.760 88636106.317 4786610909356.979
6624.000 4565.000 35364374.000 1.000 1160.000 530.000 902.000 27404.000 1543039.696 55147.028 623650.560 94810630.550 2782636572749.745
6624.000 4480.000 35364384.000 1.000 1140.000 530.000 923.000 25469.600 1543039.696 102293.815 311825.280 60881737.952 3920197837882.700
6624.000 4401.000 35364394.000 1.000 1140.000 530.000 947.000 24502.400 1543039.696 159068.593 389826.414 46723719.174 3617405488328.640
6624.000 4325.000 35364404.000 1.000 1140.000 530.000 955.000 23293.261 1543039.696 225467.368 1273241.746 31655657.360 1037408417504.533
6630.000 4253.000 35364414.000 1.000 1130.000 540.000 976.000 19344.000 1557981.994 299027.470 679751.384 2812580.727 2598617650551.920
6630.000 4193.000 35364424.000 1.000 1130.000 540.000 992.000 17235.590 1557981.994 368247.555 219165.263 186049.838 4295707923050.754
6623.000 4140.000 35364434.000 1.000 1130.000 540.000 988.000 16555.797 1540556.313 435380.964 872930.240 1234605.319 2013118263141.087
6617.000 4089.000 35364444.000 1.000 1120.000 540.000 1005.000 13848.197 1525698.015 505285.036 421604.737 14582683.148 3497533926197.257
6608.000 4047.000 35364454.000 1.000 1120.000 540.000 1015.000 12540.490 1503545.569 566759.096 942173.055 26280335.286 1821423326978.478
6596.000 4010.000 35364464.000 1.000 1120.000 540.000 1023.000 9618.117 1474260.973 623837.815 667666.542 64783309.399 2637725776705.649
6589.000 3981.000 35364474.000 1.000 1120.000 540.000 1023.000 7547.191 1457311.292 670489.189 559377.541 102409015.197 3001198282175.384
6581.000 3959.000 35364484.000 1.000 1100.000 540.000 1023.000 5812.149 1438060.228 707001.887 230373.177 140535712.799 4249374294309.516
6575.000 3942.000 35364494.000 1.000 1100.000 540.000 1023.000 5097.592 1423705.930 735879.245 811929.581 157988130.781 2189940180148.758
6570.000 3927.000 35364504.000 1.000 1100.000 540.000 1023.000 2579.200 1411799.015 761839.266 0.000 227639444.135 5252229113509.811
6570.000 3919.000 35364514.000 1.000 1100.000 540.000 1023.000 2579.200 1411799.015 775868.611 831534.080 227639444.135 2132301290713.418
6562.000 3919.000 35364524.000 1.000 1110.000 550.000 1023.000 0.000 1392851.952 775868.611 1162104.341 312120237.151 1276154054277.201
6562.000 3919.000 35364534.000 1.000 1110.000 550.000 1023.000 3604.542 1392851.952 775868.611 642395.541 197750614.203 2720450054126.488
6552.000 3914.000 35364544.000 1.000 1110.000 550.000 1023.000 1612.000 1369348.122 784701.951 311825.280 257760615.116 3920197837882.700
6547.000 3914.000 35364554.000 1.000 1110.000 550.000 1023.000 2579.200 1357671.207 784701.951 491428.517 227639444.135 3241244680203.962
6539.000 3914.000 35364564.000 1.000 1100.000 540.000 1023.000 4103.482 1339092.143 784701.951 956658.165 183966984.629 1782534902487.370
6530.000 3923.000 35364574.000 1.000 1100.000 540.000 1023.000 7070.784 1318343.696 768837.938 1786083.426 112278203.010 255723187532.969
6514.000 3938.000 35364584.000 1.000 1100.000 540.000 1023.000 12610.745 1281857.569 742757.917 1376120.876 25564955.676 838421061582.124
6493.000 3971.000 35364594.000 1.000 1100.000 540.000 1023.000 16879.110 1234746.526 686965.870 3064269.822 620652.394 596749442282.628
6468.000 4017.000 35364604.000 1.000 1100.000 540.000 1023.000 26383.669 1179811.952 612829.138 3432284.908 75981626.852 1300764610504.905
6424.000 4086.000 35364614.000 1.000 1100.000 540.000 978.000 37029.714 1086163.100 509559.040 2428537.322 374917599.836 18704143797.813
6358.000 4180.000 35364624.000 1.000 1100.000 540.000 825.000 44562.398 952949.824 384194.240 9394985.538 723366470.641 50455610910219.758
6277.000 4292.000 35364634.000 1.000 1100.000 540.000 314.000 15421.624 801367.803 257895.415 364028.475 5041376.351 3716203689374.386
5918.000 4746.000 35364755.000 0.000 1120.000 510.000 210.000 29083.983 287501.313 2898.104 7193899.159 130349214.541 24030828836169.629
5971.000 4819.000 35364765.000 1.000 1130.000 510.000 272.000 6770.400 347146.611 367.334 0.000 118734255.963 5252229113509.811
5971.000 4840.000 35364775.000 1.000 1130.000 510.000 368.000 6770.400 347146.611 1613.304 1455184.640 118734255.963 699882139255.523
5971.000 4861.000 35364785.000 1.000 1130.000 500.000 442.000 2256.800 347146.611 3741.274 727592.320 237471950.942 2446665042259.685
5971.000 4868.000 35364795.000 1.000 1140.000 500.000 465.000 0.000 347146.611 4646.598 1999359.731 312120237.151 85506238232.456
5971.000 4868.000 35364805.000 1.000 1150.000 500.000 529.000 6201.488 347146.611 4646.598 2286268.972 131456244.430 30307846.952
5980.000 4851.000 35364815.000 1.000 1150.000 500.000 606.000 13292.893 357833.058 2617.955 1671784.889 19132155.490 384386780848.288
5990.000 4811.000 35364825.000 1.000 1150.000 500.000 649.000 18478.330 369896.888 124.679 486975.528 658378.157 3257298348612.248
5996.000 4754.000 35364835.000 1.000 1150.000 510.000 685.000 19988.800 377231.186 2100.759 53425.871 5391103.753 5010203368637.132
5996.000 4692.000 35364845.000 1.000 1150.000 510.000 690.000 20154.513 377231.186 11628.181 1612552.271 6188094.312 461342467281.333
5988.000 4630.000 35364855.000 1.000 1140.000 510.000 697.000 15152.800 367468.122 28843.602 1143359.360 6320824.259 1318856709737.392
5988.000 4583.000 35364865.000 1.000 1150.000 520.000 697.000 11606.400 367468.122 47017.002 1351242.880 36729962.657 884599217139.018
5988.000 4547.000 35364875.000 1.000 1150.000 520.000 690.000 7415.200 367468.122 63925.053 891591.074 105097864.429 1960512865591.455
5988.000 4524.000 35364885.000 1.000 1150.000 520.000 687.000 4649.719 367468.122 76084.419 459651.806 169447650.717 3356672570302.214
5996.000 4512.000 35364895.000 1.000 1140.000 530.000 616.000 3224.000 377231.186 82848.436 3452864.345 208598081.081 1348130259093.480
6006.000 4512.000 35364905.000 1.000 1140.000 530.000 351.000 13933.877 389615.015 82848.436 87891.219 13935646.989 4857100318690.600
6054.000 4898.000 35364995.000 0.000 1120.000 530.000 316.000 11480.338 451841.398 9636.555 2765785.131 38273858.077 224686335876.452
6076.000 4926.000 35365005.000 1.000 1120.000 530.000 372.000 2901.600 481901.824 15917.849 1063883.891 218014820.848 1507714680439.932
6076.000 4935.000 35365015.000 1.000 1120.000 530.000 464.000 6201.488 481901.824 18269.836 799357.915 131456244.430 2227306452210.313
6093.000 4944.000 35365025.000 1.000 1120.000 530.000 559.000 8680.886 505793.335 20783.823 1047127.474 80748895.992 1549145542994.820
6118.000 4954.000 35365035.000 1.000 1140.000 530.000 614.000 11928.800 541977.909 23767.142 887786.432 32926077.930 1971181732165.303
6155.000 4954.000 35365045.000 1.000 1140.000 530.000 670.000 14682.480 597825.079 23767.142 463456.448 8906911.653 3342745905768.898
6200.000 4947.000 35365055.000 1.000 1140.000 530.000 697.000 16120.000 669437.313 21657.819 1047220.647 2392976.798 1548913616731.951
6248.000 4933.000 35365065.000 1.000 1140.000 530.000 702.000 12871.797 750287.696 17733.172 513391.050 22993252.047 3162646728867.976
6285.000 4918.000 35365075.000 1.000 1150.000 520.000 717.000 11279.393 815754.866 13963.193 1266239.541 40800564.399 1051721394859.872
6315.000 4900.000 35365085.000 1.000 1150.000 520.000 730.000 7351.851 870846.356 10033.219 678187.422 106400750.572 2603662381472.298
6333.000 4886.000 35365095.000 1.000 1150.000 520.000 725.000 5248.292 904765.249 7424.572 146843.850 154222444.320 4600726327763.307
6344.000 4874.000 35365105.000 1.000 1150.000 520.000 737.000 4792.821 925812.462 5500.589 2186578.701 165742552.488 11066098964.373
6349.000 4860.000 35365115.000 1.000 1170.000 530.000 746.000 11575.013 935459.377 3619.942 1769278.971 37111391.194 273001293903.216
6341.000 4825.000 35365125.000 1.000 1170.000 530.000 751.000 17062.851 920048.313 633.325 821467.140 364905.336 2161802933911.479
6321.000 4776.000 35365135.000 1.000 1160.000 530.000 752.000 19610.826 882080.654 568.062 1276600.510 3778751.296 1030577678331.367
6293.000 4722.000 35365145.000 1.000 1160.000 530.000 749.000 23570.505 830269.930 6058.138 259306.320 34852257.419 4130925798278.024
6246.000 4666.000 35365155.000 1.000 1160.000 530.000 751.000 24374.805 746826.930 17911.551 1388949.817 44995654.779 815091917643.033
6200.000 4606.000 35365165.000 1.000 1160.000 530.000 752.000 20066.648 669437.313 37571.636 2330046.701 5758670.722 1464782166.409
6155.000 4563.000 35365175.000 1.000 1140.000 530.000 754.000 12839.456 597825.079 56090.364 2265603.777 23304456.453 684892521.357
6130.000 4532.000 35365185.000 1.000 1140.000 530.000 755.000 5812.149 559790.505 71735.074 1354128.038 140535712.799 879180378188.093
6120.000 4517.000 35365195.000 1.000 1140.000 530.000 755.000 1612.000 544926.675 79995.096 727592.320 257760615.116 2446665042259.685
6120.000 4512.000 35365205.000 1.000 1130.000 540.000 760.000 3868.800 544926.675 82848.436 2658475.581 190388252.106 134469882070.450
6132.000 4512.000 35365215.000 1.000 1130.000 540.000 787.000 12114.692 562787.271 82848.436 1811965.054 30827290.719 230216843744.489
6166.000 4528.000 35365225.000 1.000 1130.000 540.000 784.000 17734.931 614956.292 73893.747 1906937.323 4624.823 148099443682.518
6215.000 4553.000 35365235.000 1.000 1120.000 540.000 794.000 23649.749 694208.058 60927.045 294758.069 35794183.626 3988073540513.819
6280.000 4587.000 35365245.000 1.000 1120.000 540.000 788.000 22735.487 806747.952 45298.330 7329921.009 25690321.265 25382922983856.340
6347.000 4609.000 35365255.000 1.000 1120.000 540.000 740.000 0.000 931594.611 36417.632 0.000 312120237.151 5252229113509.811
