3505.000 4930.000 8564868.000 0.000 1250.000 470.000 212.000 28313.070 5146934.304 10919.794 6600852.688 79133107.668 10066844864524.883
3492.000 4832.000 8564878.000 1.000 1250.000 470.000 273.000 5265.400 5206089.129 42.222 706663.360 200278844.815 7405801176003.267
3485.000 4815.000 8564888.000 1.000 1250.000 470.000 337.000 7732.800 5238081.728 110.296 903353.715 136529663.164 6373957675830.517
3485.000 4788.000 8564898.000 1.000 1270.000 480.000 423.000 10886.968 5238081.728 1406.414 751081.995 72768113.877 7166015982930.372
3502.000 4754.000 8564908.000 1.000 1270.000 480.000 535.000 13509.461 5160555.418 5112.562 1380487.810 34903635.027 4192402525534.277
3546.000 4737.000 8564918.000 1.000 1270.000 480.000 609.000 18329.600 4962583.086 7832.636 2563898.910 1183288.918 746711359252.399
3610.000 4737.000 8564928.000 1.000 1270.000 480.000 655.000 27281.761 4681535.330 7832.636 1980503.829 61848317.970 2095313285389.952
3705.000 4744.000 8564938.000 1.000 1260.000 470.000 681.000 34196.928 4279460.068 6642.606 1395719.707 218434718.581 4130258829832.390
3816.000 4788.000 8564948.000 1.000 1260.000 470.000 690.000 39070.251 3832532.867 1406.414 557044.850 386234912.359 8242518582218.102
3937.000 4851.000 8564958.000 1.000 1260.000 470.000 719.000 41015.240 3373413.955 650.139 1215577.544 466467088.217 4894917241895.004
4059.000 4926.000 8564968.000 1.000 1250.000 470.000 721.000 36770.905 2940146.671 10099.811 1719705.698 301144453.604 2918349815845.334
4181.000 4966.000 8564978.000 1.000 1250.000 470.000 730.000 30766.346 2536647.387 19739.636 1048522.142 128798783.160 5662026856491.451
4275.000 5018.000 8564988.000 1.000 1250.000 470.000 731.000 27105.305 2246058.496 37055.409 3824906.941 59104024.089 157516441760.615
4349.000 5077.000 8564998.000 1.000 1250.000 470.000 737.000 13750.183 2029729.029 63251.152 2247064.614 32117244.733 1394663961774.972
4388.000 5105.000 8565008.000 1.000 1250.000 470.000 740.000 5904.287 1920124.553 78119.029 1690987.797 182603975.466 3017293138447.041
4404.000 5118.000 8565018.000 1.000 1250.000 470.000 740.000 0.000 1876038.614 85554.973 0.000 377035067.142 11751345323670.742
4404.000 5118.000 8565028.000 1.000 1250.000 470.000 740.000 0.000 1876038.614 85554.973 1453486.014 377035067.142 3898798402919.208
4404.000 5118.000 8565038.000 1.000 1250.000 470.000 722.000 5075.021 1876038.614 85554.973 162218.392 205703572.708 10665483200756.275
4387.000 5123.000 8565048.000 1.000 1250.000 470.000 675.000 5641.426 1922896.924 88504.951 775713.541 189777207.350 7034748278861.072
4369.000 5131.000 8565058.000 1.000 1250.000 470.000 620.000 8349.923 1973141.605 93328.916 861779.318 122488844.451 6585609356699.312
4342.000 5142.000 8565068.000 1.000 1250.000 470.000 515.000 11358.929 2049723.627 100170.868 1040400.125 64938807.272 5700745525104.724
4309.000 5164.000 8565078.000 1.000 1260.000 480.000 348.000 14991.611 2145303.876 114580.772 1320192.590 19587527.217 4442951272504.918
4271.000 5200.000 8565088.000 1.000 1260.000 480.000 68.000 19601.222 2258063.981 140248.615 171853.616 33793.894 10602642510203.807
4033.000 5543.000 8565149.000 0.000 1250.000 470.000 99.000 15940.932 3029986.322 514803.117 3449822.894 12085766.086 475212261.666
4016.000 5596.000 8565159.000 1.000 1250.000 470.000 223.000 3895.461 3089458.632 593666.885 243722.677 240930306.045 10139771923751.436
4008.000 5607.000 8565169.000 1.000 1250.000 470.000 309.000 3044.474 3117645.601 610738.837 871937.354 268072405.941 6533576540209.855
4000.000 5614.000 8565179.000 1.000 1240.000 480.000 422.000 0.000 3145960.570 621728.807 0.000 377035067.142 11751345323670.742
4000.000 5614.000 8565189.000 1.000 1240.000 480.000 458.000 0.000 3145960.570 621728.807 820249.600 377035067.142 6800484871080.864
4000.000 5614.000 8565199.000 1.000 1240.000 480.000 477.000 2864.000 3145960.570 621728.807 3709726.885 274014748.394 79356780100.161
4000.000 5604.000 8565209.000 1.000 1240.000 480.000 526.000 15816.957 3145960.570 606058.850 2606195.035 12963123.856 675402075538.488
4005.000 5549.000 8565219.000 1.000 1240.000 480.000 592.000 24916.800 3128248.715 523449.091 3609098.240 30243501.078 32788050525.675
4005.000 5462.000 8565229.000 1.000 1240.000 480.000 644.000 37518.400 3128248.715 405129.471 2270104.062 327646532.509 1340777494858.821
4005.000 5331.000 8565239.000 1.000 1240.000 480.000 694.000 45444.741 3128248.715 255528.043 1656321.368 677422956.206 3138928551578.200
3982.000 5174.000 8565249.000 1.000 1250.000 470.000 748.000 51227.986 3210137.252 121450.728 3354397.851 1011913964.256 5420740639.076
3945.000 4999.000 8565259.000 1.000 1250.000 470.000 779.000 62940.269 3344090.985 30101.492 1191781.427 1894240923.087 5000778744167.330
3895.000 4785.000 8565269.000 1.000 1250.000 470.000 802.000 58779.021 3529459.544 1640.427 904988.486 1549337928.633 6365705834309.778
3831.000 4590.000 8565279.000 1.000 1250.000 470.000 822.000 55619.145 3774027.300 55461.278 1077141.808 1310567004.059 5526644871819.213
3766.000 4407.000 8565289.000 1.000 1240.000 480.000 842.000 51858.175 4030801.426 175144.078 4431136.981 1052404476.734 1006236595156.610
3701.000 4238.000 8565299.000 1.000 1240.000 480.000 852.000 36386.328 4296025.553 345158.816 3624347.035 287944828.245 38542918533.183
3647.000 4123.000 8565309.000 1.000 1240.000 480.000 857.000 23731.485 4522791.597 493509.318 4221061.435 18611408.397 628909118434.334
3622.000 4044.000 8565319.000 1.000 1240.000 480.000 851.000 8993.142 4629750.876 610745.663 2001461.149 108664963.937 2035080227482.427
3617.000 4013.000 8565329.000 1.000 1240.000 480.000 822.000 2004.800 4651292.732 660159.798 246074.880 303198319.859 10124797212570.746
3617.000 4006.000 8565339.000 1.000 1230.000 480.000 796.000 2864.000 4651292.732 671583.829 6139799.094 274014748.394 7353726708370.696
3623.000 4014.000 8565349.000 1.000 1230.000 480.000 757.000 24301.846 4625448.505 658535.794 9166429.616 23857902.183 32929304405436.207
3629.000 4020.000 8565350.000 1.000 1230.000 480.000 704.000 21101.277 4599676.278 648833.767 1264829.593 2835472.590 4679408009980.405
3655.000 4081.000 8565359.000 1.000 1230.000 480.000 505.000 25075.951 4488828.627 554283.501 1699870.206 32019303.053 2986513911976.718
3676.000 4166.000 8565369.000 1.000 1220.000 480.000 264.000 19140.650 4400284.832 434943.130 11976.890 76585.494 11669374648087.350
3816.000 4682.000 8565449.000 0.000 1200.000 480.000 101.000 19475.200 3832532.867 20592.877 4757447.680 3341.899 1767368570045.906
3876.000 4714.000 8565459.000 1.000 1190.000 480.000 168.000 2864.000 3601210.597 12432.737 1205617.411 274014748.394 4939088958700.311
3886.000 4714.000 8565469.000 1.000 1190.000 480.000 291.000 7073.558 3563356.885 12432.737 1387790.723 152370209.251 4162549907614.396
3907.000 4701.000 8565479.000 1.000 1190.000 480.000 428.000 11919.196 3484515.090 15500.794 1364252.080 56222925.901 4259152598700.268
3931.000 4667.000 8565489.000 1.000 1190.000 480.000 543.000 16682.646 3395490.182 25122.942 2604336.586 7478829.355 678460182061.362
3964.000 4619.000 8565499.000 1.000 1180.000 480.000 619.000 25776.000 3274961.933 42643.152 1821012.538 40431910.414 2582484329082.508
4018.000 4547.000 8565509.000 1.000 1180.000 480.000 666.000 32134.284 3082431.889 77563.466 2513397.139 161719371.572 836541435497.111
4085.000 4457.000 8565519.000 1.000 1180.000 480.000 696.000 40910.112 2851659.020 135793.859 290688.554 461937062.741 9842870752948.141
4185.000 4355.000 8565529.000 1.000 1180.000 480.000 716.000 41925.086 2523921.902 221372.305 518578.466 506596341.290 8464870581653.649
4290.000 4253.000 8565539.000 1.000 1190.000 480.000 724.000 40114.407 2201322.929 327758.750 76679.590 428366477.812 11231506205579.660
4407.000 4176.000 8565549.000 1.000 1190.000 480.000 724.000 39846.671 1867829.501 421853.086 348416.483 417355487.742 9483979565223.080
4533.000 4117.000 8565559.000 1.000 1170.000 490.000 733.000 41063.209 1539300.732 501975.344 576280.046 468541443.695 8132440899731.954
4674.000 4091.000 8565569.000 1.000 1170.000 490.000 734.000 43075.360 1209308.396 539493.457 4380361.984 559699504.643 906948530567.875
4824.000 4080.000 8565579.000 1.000 1180.000 490.000 740.000 27780.800 901902.719 555773.505 1394424.320 69946612.731 4135525747765.141
4921.000 4080.000 8565589.000 1.000 1180.000 490.000 739.000 22912.000 727072.715 555773.505 962629.064 12212293.162 6078169874016.959
5001.000 4080.000 8565599.000 1.000 1170.000 500.000 733.000 19550.865 597043.020 555773.505 2316319.285 17815.351 1235886328817.064
5069.000 4086.000 8565609.000 1.000 1170.000 500.000 713.000 11463.158 496581.780 546863.479 1806599.171 63269820.117 2629016952638.288
5108.000 4095.000 8565619.000 1.000 1180.000 510.000 656.000 5155.200 443137.304 533633.440 835813.722 203410087.636 6719551689778.092
5126.000 4095.000 8565629.000 1.000 1180.000 510.000 567.000 2236.856 419496.623 533633.440 4025365.747 295170777.484 356817723960.060
5131.000 4101.000 8565639.000 1.000 1180.000 510.000 317.000 16291.904 413044.767 524903.414 205952.829 9768668.004 10381739603593.375
6206.000 5284.000 8565920.000 0.000 1220.000 500.000 47.000 36498.868 186895.750 210220.248 8402651.795 291776861.872 24746926372851.461
6246.000 5405.000 8565930.000 1.000 1230.000 490.000 191.000 7160.000 223080.902 335817.719 1640499.200 150243630.273 3195243231091.308
6246.000 5430.000 8565940.000 1.000 1230.000 490.000 267.000 1432.000 223080.902 365417.610 328099.840 323474283.768 9609526885122.754
6246.000 5435.000 8565950.000 1.000 1240.000 500.000 364.000 2577.600 223080.902 371487.588 574174.720 283578555.629 8144453031534.794
6246.000 5426.000 8565960.000 1.000 1240.000 500.000 498.000 4582.400 223080.902 360597.628 2769939.366 220076953.306 433074767183.458
6246.000 5410.000 8565970.000 1.000 1240.000 500.000 581.000 14253.976 223080.902 341637.698 1755856.538 26660852.839 2796142449835.326
6227.000 5364.000 8565980.000 1.000 1230.000 510.000 638.000 20384.760 205493.955 289979.898 805320.141 935803.086 6878573067771.565
6198.000 5299.000 8565990.000 1.000 1230.000 510.000 688.000 23196.632 180042.719 224200.182 738730.995 14282663.724 7232294339934.119
6154.000 5231.000 8566000.000 1.000 1230.000 510.000 724.000 25776.000 144639.051 164428.479 855036.317 40431910.414 6620263199340.143
6100.000 5159.000 8566010.000 1.000 1230.000 510.000 730.000 28761.462 106481.094 111220.794 713591.090 87311665.791 7368143472462.287
6038.000 5080.000 8566020.000 1.000 1230.000 510.000 746.000 31253.051 69862.108 64769.139 829988.632 140082851.357 6749785332315.009
5966.000 4998.000 8566030.000 1.000 1230.000 510.000 746.000 28355.046 36984.832 29755.497 620645.411 79881679.709 7881371904216.876
5895.000 4929.000 8566040.000 1.000 1230.000 510.000 742.000 26187.988 14717.186 10711.798 967014.707 45840985.865 6056564427915.539
5826.000 4869.000 8566050.000 1.000 1230.000 510.000 740.000 22811.540 2736.798 1892.060 3071616.229 11520248.501 127026164355.516
5756.000 4831.000 8566060.000 1.000 1230.000 510.000 733.000 12086.623 312.780 30.226 1627474.874 53740157.165 3241975463378.225
5715.000 4821.000 8566070.000 1.000 1230.000 510.000 673.000 6404.099 3443.998 20.270 1676687.558 169345764.586 3067177687555.372
5695.000 4831.000 8566080.000 1.000 1230.000 510.000 575.000 12258.455 6191.422 30.226 2870277.602 51250362.401 311080520434.397
5669.000 4865.000 8566090.000 1.000 1230.000 510.000 443.000 22280.374 10959.073 1560.078 545046.981 8196672.558 8311553783292.538
5645.000 4939.000 8566100.000 1.000 1220.000 500.000 209.000 20377.277 16559.981 12881.754 266366.535 921381.435 9996074955357.846
5714.000 5504.000 8566180.000 0.000 1210.000 490.000 53.000 27817.683 3562.370 460359.287 4878224.565 70564908.326 2103083041307.125
5799.000 5551.000 8566190.000 1.000 1210.000 490.000 144.000 10784.776 640.819 526347.082 392231.101 74522039.024 9216035673246.371
5836.000 5544.000 8566200.000 1.000 1210.000 490.000 250.000 12154.298 3883.086 516239.112 580694.330 52752517.643 8107283574366.285
5871.000 5520.000 8566210.000 1.000 1210.000 490.000 371.000 14181.862 9470.094 482327.217 2073211.509 27410762.264 1835515612814.063
5905.000 5484.000 8566220.000 1.000 1210.000 490.000 467.000 21420.729 17243.474 433619.374 1165324.654 4013363.772 5119806204400.222
5942.000 5419.000 8566230.000 1.000 1210.000 490.000 544.000 25489.600 28329.741 352239.658 917025.878 36871724.049 6305109209402.163
5981.000 5339.000 8566240.000 1.000 1200.000 500.000 588.000 28691.506 42979.265 263680.008 409.266 86009211.949 11748539544213.174
6025.000 5249.000 8566250.000 1.000 1200.000 500.000 627.000 28692.935 63158.933 179350.401 439766.054 86035719.412 8929682744122.615
6071.000 5160.000 8566260.000 1.000 1200.000 500.000 663.000 30228.431 88395.859 111888.789 480172.512 116878589.281 8689825625559.422
6119.000 5066.000 8566270.000 1.000 1200.000 500.000 700.000 31905.011 119242.042 57839.200 597147.150 155940657.191 8013861080028.653
6166.000 4965.000 8566280.000 1.000 1220.000 500.000 740.000 33990.022 153910.597 19459.641 303517.842 212361578.844 9762535795654.195
6208.000 4854.000 8566290.000 1.000 1210.000 510.000 770.000 35049.791 188629.007 812.126 1576559.541 244371934.675 3427918903339.955
6247.000 4738.000 8566300.000 1.000 1210.000 510.000 803.000 29545.044 224026.531 7656.632 1233723.562 102569358.473 4814952350484.687
6276.000 4639.000 8566310.000 1.000 1210.000 510.000 824.000 25237.350 252319.767 34783.064 411361.189 33871924.592 9100251680872.234
6290.000 4552.000 8566320.000 1.000 1210.000 510.000 858.000 26673.667 266580.570 74803.444 813501.157 52653543.670 6835727240013.600
6295.000 4459.000 8566330.000 1.000 1210.000 520.000 866.000 23833.230 271768.715 134323.850 595718.587 19499635.462 8021951291329.581
6289.000 4376.000 8566340.000 1.000 1210.000 520.000 885.000 21753.207 265548.942 202052.213 1395514.072 5456037.120 4131094697711.514
6277.000 4301.000 8566350.000 1.000 1210.000 520.000 903.000 16880.602 253325.396 275102.540 1232970.616 6435297.633 4818257296180.093
6262.000 4244.000 8566360.000 1.000 1200.000 520.000 892.000 12575.537 238450.963 338144.789 931094.706 46810964.006 6234653553168.776
6240.000 4206.000 8566370.000 1.000 1200.000 520.000 897.000 9324.508 217449.129 383782.955 541047.405 101866284.078 8334631147530.283
6218.000 4182.000 8566380.000 1.000 1200.000 520.000 900.000 7435.376 197415.295 414095.060 259111.235 143568679.693 10042005134730.627
6193.000 4175.000 8566390.000 1.000 1200.000 520.000 896.000 8340.094 175824.575 423153.091 341731.907 122706505.343 9525195983493.795
6165.000 4183.000 8566400.000 1.000 1180.000 530.000 903.000 9533.292 153126.968 412809.056 1504092.035 97695409.934 3701512398259.478
6137.000 4201.000 8566410.000 1.000 1180.000 530.000 863.000 14785.010 131997.361 390002.977 3213602.179 21458952.273 45976515854.554
6110.000 4245.000 8566420.000 1.000 1180.000 530.000 821.000 26005.688 113107.383 336982.785 2044920.630 43405659.432 1912973632568.229
6084.000 4332.000 8566430.000 1.000 1170.000 530.000 746.000 33145.774 96295.033 243544.405 444265.112 188468504.111 8902814298236.701
6071.000 4447.000 8566440.000 1.000 1170.000 530.000 682.000 34696.979 88395.859 143263.903 586369.346 233465814.254 8074998502635.973
6065.000 4568.000 8566450.000 1.000 1170.000 530.000 638.000 32649.600 84864.086 66307.374 383074.893 175091359.180 9271712203244.646
6065.000 4682.000 8566460.000 1.000 1170.000 530.000 600.000 31312.048 84864.086 20592.877 24040.416 141482868.887 11587101041824.139
6082.000 4790.000 8566470.000 1.000 1170.000 530.000 589.000 31228.108 95057.776 1260.405 3007820.056 139493039.768 176570959737.824
6097.000 4898.000 8566480.000 1.000 1170.000 530.000 586.000 20725.943 104532.208 5255.933 1805238.771 1712308.748 2633430374722.985
6111.000 4969.000 8566490.000 1.000 1170.000 530.000 591.000 14422.735 113781.012 20591.623 1177772.744 24946586.988 5063628600836.959
6117.000 5019.000 8566500.000 1.000 1180.000 530.000 592.000 10310.400 117864.784 37441.405 2952898.560 82937282.211 225743737316.681
6117.000 5055.000 8566510.000 1.000 1180.000 530.000 610.000 0.000 117864.784 52669.248 492149.760 377035067.142 8619354794604.776
6117.000 5055.000 8566520.000 1.000 1180.000 530.000 634.000 1718.400 117864.784 52669.248 1251724.947 313254276.853 4736275523280.146
6111.000 5055.000 8566530.000 1.000 1200.000 520.000 638.000 6088.948 113781.012 52669.248 3757303.939 177647388.614 108425587613.168
6097.000 5039.000 8566540.000 1.000 1200.000 520.000 656.000 19208.026 104532.208 45581.318 2747938.978 43833.637 462514998154.143
6074.000 4976.000 8566550.000 1.000 1200.000 520.000 669.000 28802.785 90188.745 22649.593 1428784.874 88085623.486 3996955204482.798
6041.000 4881.000 8566560.000 1.000 1210.000 520.000 693.000 33791.559 71456.994 3080.008 1190796.211 206616710.212 5005186077817.811
6001.000 4770.000 8566570.000 1.000 1210.000 520.000 700.000 29633.751 51671.841 3080.492 781560.970 104374014.862 7003764082591.191
5960.000 4675.000 8566580.000 1.000 1210.000 520.000 713.000 26904.837 34713.060 22650.907 2693961.170 56061849.957 538847548676.500
5920.000 4590.000 8566590.000 1.000 1220.000 510.000 719.000 17498.548 21407.907 55461.278 2467487.792 3681957.855 922628904377.877
5898.000 4533.000 8566600.000 1.000 1220.000 510.000 711.000 8883.018 15454.073 85557.527 1641821.795 110973011.191 3190516638865.814
5887.000 4504.000 8566610.000 1.000 1220.000 510.000 696.000 3150.400 12840.156 103363.654 410124.800 264614991.080 9107712745800.766
5887.000 4493.000 8566620.000 1.000 1210.000 520.000 658.000 1718.400 12840.156 110557.702 3517016.917 313254276.853 7919822892.424
5887.000 4499.000 8566630.000 1.000 1210.000 520.000 588.000 13998.487 12840.156 106603.676 2197147.672 29364518.857 1515055378323.239
5912.000 4541.000 8566640.000 1.000 1210.000 520.000 447.000 21670.092 19130.876 80941.492 5115829.738 5074662.504 2848689795055.784
5949.000 4607.000 8566650.000 1.000 1210.000 520.000 37.000 39532.626 30735.143 47743.204 611041.540 404622685.430 7935387533165.283
6370.000 5492.000 8566721.000 0.000 1190.000 510.000 75.000 54680.653 355590.876 444219.340 11542101.864 1243497657.968 65838267206886.656
6506.000 5626.000 8566731.000 1.000 1190.000 510.000 119.000 14380.018 536284.396 640796.754 1544107.557 25375125.157 3549139394114.305
6541.000 5662.000 8566741.000 1.000 1190.000 510.000 181.000 8988.581 588771.405 699728.597 1354940.930 108760074.737 4297671467291.829
6568.000 5678.000 8566751.000 1.000 1190.000 510.000 276.000 4257.642 630935.383 726752.527 913260.291 229817984.977 6324034149280.001
6579.000 5668.000 8566761.000 1.000 1190.000 510.000 412.000 7446.400 648531.300 709802.571 3401453.085 143304621.758 705988558.637
6579.000 5642.000 8566771.000 1.000 1190.000 510.000 488.000 19322.982 648531.300 666668.685 1600183.531 8913.030 3340999062710.580
6565.000 5576.000 8566781.000 1.000 1190.000 510.000 540.000 24910.215 626178.496 563246.973 1064928.853 30171117.222 5584216453456.383
6539.000 5493.000 8566791.000 1.000 1200.000 510.000 575.000 28628.542 585706.147 445553.335 858553.309 84845305.641 6602177217682.952
6505.000 5399.000 8566801.000 1.000 1200.000 510.000 613.000 25630.800 534820.767 328899.746 2625117.483 38606453.355 644658120645.757
6477.000 5314.000 8566811.000 1.000 1200.000 510.000 634.000 16464.887 494651.160 238630.117 1762645.077 8717278.942 2773485392414.827
6464.000 5258.000 8566821.000 1.000 1210.000 510.000 644.000 10310.400 476533.985 187054.361 877812.850 82937282.211 6503574513455.150
6464.000 5222.000 8566831.000 1.000 1210.000 510.000 637.000 7245.411 476533.985 157210.519 549333.243 148157093.293 8286857769674.934
6472.000 5198.000 8566841.000 1.000 1210.000 510.000 646.000 5327.348 487643.016 138754.623 442846.573 198529307.312 8911281465855.215
6487.000 5187.000 8566851.000 1.000 1210.000 510.000 650.000 6873.600 508817.448 130680.671 931421.202 157346688.708 6233023185221.635
6511.000 5187.000 8566861.000 1.000 1210.000 510.000 656.000 10125.769 543632.540 130680.671 604087.482 86334236.470 7974614804377.695
6546.000 5192.000 8566871.000 1.000 1210.000 510.000 659.000 12235.013 596469.549 134320.650 336202.382 51586551.477 9559358012516.178
6587.000 5204.000 8566881.000 1.000 1210.000 510.000 661.000 13408.904 661480.330 143260.597 59112.101 36101914.140 11349564217859.125
6631.000 5220.000 8566891.000 1.000 1210.000 510.000 667.000 13615.301 734987.998 155628.527 139838.523 33664246.544 10812160641638.049
6677.000 5232.000 8566901.000 1.000 1210.000 510.000 668.000 14103.564 815976.924 165240.475 289450.733 28236755.715 9850639203384.143
6725.000 5243.000 8566911.000 1.000 1210.000 510.000 671.000 15114.216 904999.108 174304.427 428736.218 18517313.728 8995724381181.535
6777.000 5252.000 8566921.000 1.000 1210.000 510.000 662.000 16611.200 1006639.806 181900.388 328099.840 7874707.046 9609526885122.754
6835.000 5252.000 8566931.000 1.000 1220.000 510.000 666.000 15465.600 1126388.278 181900.388 410124.800 15616650.865 9107712745800.766
6889.000 5252.000 8566941.000 1.000 1220.000 510.000 670.000 14033.600 1243926.234 181900.388 75195.466 28985203.839 11241456028151.547
6938.000 5252.000 8566951.000 1.000 1220.000 510.000 682.000 13771.046 1355628.046 181900.388 569021.811 31881210.084 8173890830443.492
6984.000 5238.000 8566961.000 1.000 1230.000 520.000 694.000 11784.238 1464860.972 170154.449 532394.115 58265022.321 8384669710227.138
7021.000 5220.000 8566971.000 1.000 1230.000 520.000 728.000 9925.320 1555793.239 155628.527 125863.635 90099408.885 10904259973530.730
7046.000 5196.000 8566981.000 1.000 1240.000 530.000 761.000 9485.852 1618783.959 137268.632 406669.384 98635463.786 9128580876817.988
7062.000 5167.000 8566991.000 1.000 1240.000 530.000 784.000 10905.787 1659754.020 116620.759 79759.822 72447399.977 11210869859713.553
7077.000 5132.000 8567001.000 1.000 1240.000 530.000 824.000 11184.278 1698628.453 93940.912 266197.344 67784147.082 9997144831800.793
7086.000 5094.000 8567011.000 1.000 1250.000 540.000 845.000 12113.738 1722169.112 72091.078 536434.360 53343344.848 8361287929273.489
7091.000 5052.000 8567021.000 1.000 1250.000 540.000 861.000 13986.763 1735317.256 51301.261 715438.370 29491718.767 7358118251389.384
7100.000 5004.000 8567031.000 1.000 1250.000 540.000 887.000 16484.802 1759109.915 31861.471 722763.622 8600077.321 7318431170966.257
7108.000 4947.000 8567041.000 1.000 1260.000 540.000 909.000 19008.418 1780394.946 14761.719 498129.792 167258.786 8584277317199.871
7115.000 4881.000 8567051.000 1.000 1260.000 540.000 915.000 20747.698 1799124.348 3080.008 318142.571 1769717.133 9671359580454.471
7123.000 4809.000 8567061.000 1.000 1260.000 540.000 942.000 21858.531 1820649.378 272.322 6989.592 5959165.267 11703473206381.938
7130.000 4733.000 8567071.000 1.000 1260.000 540.000 959.000 21834.126 1839588.780 8556.654 19396.726 5840608.820 11618736690376.207
7136.000 4657.000 8567081.000 1.000 1260.000 540.000 992.000 21766.400 1855900.553 28392.986 369494.378 5517844.021 9354600574916.023
7136.000 4581.000 8567091.000 1.000 1260.000 540.000 1000.000 23056.534 1855900.553 59781.318 345531.576 13243362.919 9501756647766.969
7127.000 4501.000 8567101.000 1.000 1250.000 550.000 1023.000 24262.999 1831459.894 105301.667 244062.920 23479918.413 10137605167366.340
7116.000 4417.000 8567111.000 1.000 1250.000 550.000 1023.000 25115.174 1801807.977 166874.034 949383.064 32464732.907 6143658560731.783
7105.000 4330.000 8567121.000 1.000 1250.000 550.000 1023.000 21800.289 1772398.060 245522.414 548919.968 5678203.628 8289237321928.055
7092.000 4255.000 8567131.000 1.000 1240.000 550.000 1023.000 19883.669 1737952.885 325472.741 2009944.890 217415.320 2010947029818.731
7078.000 4187.000 8567141.000 1.000 1240.000 550.000 1023.000 12865.705 1701236.081 407685.038 1152570.117 42924587.383 5177688235687.254
7065.000 4144.000 8567151.000 1.000 1240.000 550.000 1023.000 8841.368 1667492.907 464445.226 776756.896 111852259.171 7029214765673.142
7052.000 4116.000 8567161.000 1.000 1240.000 550.000 1023.000 6129.228 1634087.732 503393.348 5739.742 176575271.737 11712026327042.305
7039.000 4099.000 8567171.000 1.000 1220.000 560.000 1023.000 6149.269 1601020.557 527805.422 210863.146 176043057.235 10350120937727.711
7020.000 4089.000 8567181.000 1.000 1220.000 560.000 1023.000 6885.523 1553299.610 542435.466 522677.995 157047711.629 8441032678962.402
6997.000 4082.000 8567191.000 1.000 1220.000 560.000 1023.000 8710.516 1496498.147 552795.497 893246.946 114637168.899 6425092331857.327
6967.000 4077.000 8567201.000 1.000 1210.000 560.000 1023.000 11829.395 1423999.282 560255.519 40339905.114 57577680.910 1362487002055764.250
6926.000 4082.000 8567211.000 1.000 1210.000 560.000 1023.000 152681.019 1327828.501 552795.497 378214770.720 17759194589.622 140465105869103888.000
6877.000 4103.000 8567212.000 1.000 1210.000 560.000 967.000 20622.789 1217302.688 522009.405 1934206.982 1452984.717 2231487879704.868
6813.000 4136.000 8567222.000 1.000 1210.000 560.000 866.000 27376.305 1080174.444 475413.261 2063069.798 63344314.562 1863098691072.938
6749.000 4207.000 8567232.000 1.000 1210.000 560.000 694.000 34579.761 951238.199 382544.951 2299145.595 229897468.784 1274365392603.107
6686.000 4310.000 8567242.000 1.000 1210.000 560.000 287.000 26552.018 832317.584 265742.501 654639.373 50902904.672 7691659683461.246
6508.000 5030.000 8567322.000 0.000 1200.000 540.000 206.000 8266.002 539217.653 41819.357 1137008.573 124353473.123 5248749534158.143
6536.000 5037.000 8567332.000 1.000 1200.000 540.000 297.000 4296.000 581123.260 44731.326 1054576.638 228656461.021 5633250150139.447
6536.000 5022.000 8567342.000 1.000 1190.000 530.000 384.000 7978.181 581123.260 38611.392 3128696.322 130855521.827 89596777574.558
6526.000 4996.000 8567352.000 1.000 1190.000 530.000 499.000 18902.400 565976.972 29069.505 2132648.960 265215.568 1677995277145.727
6526.000 4930.000 8567362.000 1.000 1210.000 530.000 586.000 26348.800 565976.972 10919.794 492149.760 48044432.905 8619354794604.776
6526.000 4838.000 8567372.000 1.000 1200.000 520.000 656.000 28067.200 565976.972 156.195 1545508.626 74819198.456 3543862364571.310
6526.000 4740.000 8567382.000 1.000 1200.000 520.000 691.000 22670.871 565976.972 7310.623 1161315.054 10585133.133 5137967316120.482
6521.000 4661.000 8567392.000 1.000 1200.000 520.000 722.000 18616.000 558478.828 27060.968 1476449.280 642227.283 3808642054081.193
6521.000 4596.000 8567402.000 1.000 1200.000 510.000 731.000 13460.800 558478.828 52671.252 1229093.046 35480974.468 4835295274386.303
6521.000 4549.000 8567412.000 1.000 1200.000 510.000 731.000 9169.274 558478.828 76453.457 782798.218 105023898.824 6997216952354.418
6529.000 4518.000 8567422.000 1.000 1200.000 510.000 724.000 6436.040 570499.859 94557.593 1843281.856 168515469.704 2511406173976.671
6541.000 4499.000 8567432.000 1.000 1190.000 510.000 691.000 0.000 588771.405 106603.676 0.000 377035067.142 11751345323670.742
6541.000 4499.000 8567442.000 1.000 1190.000 510.000 638.000 0.000 588771.405 106603.676 3835050.656 377035067.142 165671081129.188
6541.000 4499.000 8567452.000 1.000 1190.000 510.000 567.000 13390.540 588771.405 106603.676 1527399.840 36322931.081 3612370411785.987
6576.000 4530.000 8567462.000 1.000 1190.000 510.000 439.000 18723.640 643708.413 87321.540 1527646.144 481290.232 3611434210016.861
6583.000 4595.000 8567472.000 1.000 1190.000 510.000 262.000 24057.600 654989.815 53131.257 6890096.640 21531541.023 11985950217533.715
6583.000 4679.000 8567482.000 1.000 1190.000 510.000 18.000 0.000 654989.815 21462.890 9597270.874 377035067.142 38059612788864.797
6583.000 4679.000 8567502.000 0.000 1170.000 520.000 51.000 67020.048 654989.815 21462.890 16871627.243 2266012968.426 180730480786551.625
6581.000 4913.000 8567512.000 1.000 1170.000 520.000 163.000 8110.735 651756.557 7655.868 978526.555 127840466.347 6000035431561.018
6602.000 4932.000 8567522.000 1.000 1170.000 520.000 299.000 11527.378 686104.763 11341.785 330885.080 62252302.659 9592266579766.771
6638.000 4950.000 8567532.000 1.000 1170.000 520.000 420.000 12682.703 747039.400 15499.706 572603.243 45356020.340 8153425016608.198
6678.000 4969.000 8567542.000 1.000 1170.000 520.000 515.000 14682.016 817784.553 20591.623 46660.288 22423774.902 11433617375766.270
6726.000 4987.000 8567552.000 1.000 1170.000 520.000 591.000 14519.096 906902.736 26081.545 1451445.414 23993292.367 3906861049478.722
6775.000 5000.000 8567562.000 1.000 1190.000 510.000 643.000 9451.200 1002630.549 30449.488 539749.726 99324959.915 8342125568083.439
6808.000 5000.000 8567572.000 1.000 1200.000 520.000 675.000 7566.599 1069806.300 30449.488 198887.616 140441267.301 10427318752438.320
6831.000 4987.000 8567582.000 1.000 1210.000 520.000 703.000 8261.039 1117913.763 26081.545 1161111.710 124464186.440 5138889200606.038
6847.000 4963.000 8567592.000 1.000 1210.000 520.000 731.000 12315.200 1152003.824 18905.650 984299.520 50441114.767 5971787038074.928
6847.000 4920.000 8567602.000 1.000 1220.000 530.000 754.000 15752.000 1152003.824 8929.837 1697109.310 13435090.030 2996064037723.835
6847.000 4865.000 8567612.000 1.000 1230.000 520.000 753.000 21677.661 1152003.824 1560.078 618133.683 5108821.184 7895480953451.635
6827.000 4792.000 8567622.000 1.000 1230.000 520.000 762.000 19519.373 1109471.247 1122.396 451499.290 10400.360 8859696552555.383
6801.000 4729.000 8567632.000 1.000 1230.000 520.000 767.000 17942.909 1055374.898 9312.671 1394340.118 2174096.705 4135868221096.514
6771.000 4674.000 8567642.000 1.000 1230.000 520.000 771.000 13074.403 994636.033 22952.912 1901227.163 40233494.774 2331107146924.456
6749.000 4634.000 8567652.000 1.000 1230.000 520.000 773.000 6436.040 951238.199 36673.086 1105057.216 168515469.704 5396172496952.570
6741.000 4613.000 8567662.000 1.000 1230.000 520.000 777.000 2577.600 935697.169 45157.178 974506.931 283578555.629 6019743702597.080
6741.000 4604.000 8567672.000 1.000 1230.000 520.000 784.000 5980.208 935697.169 49063.217 3242825.290 180557882.751 34298388176.736
6761.000 4598.000 8567682.000 1.000 1230.000 530.000 796.000 17302.922 974789.745 51757.243 2613884.875 4470978.487 662821749906.509
6816.000 4623.000 8567692.000 1.000 1230.000 530.000 788.000 26429.615 1086419.330 41007.134 899411.992 49171287.631 6393876311166.759
6896.000 4669.000 8567702.000 1.000 1230.000 530.000 790.000 29570.020 1259589.636 24492.933 548297.621 103075878.804 8292821312173.104
6984.000 4723.000 8567712.000 1.000 1220.000 540.000 784.000 31484.467 1464860.972 10506.698 790578.274 145614326.984 6956117479502.563
7078.000 4780.000 8567722.000 1.000 1220.000 540.000 696.000 34244.866 1701236.081 2070.449 9807729.622 219854019.538 40700649817627.453
7182.000 4839.000 8567732.000 1.000 1220.000 540.000 132.000 0.000 1983349.479 182.191 0.000 377035067.142 11751345323670.742
