1967.000 5154.000 45134379.000 0.000 1310.000 470.000 129.000 54722.854 22687382.065 704373.567 11806077.480 18080316.794 89023975404170.047
2008.000 5268.000 45134389.000 1.000 1310.000 470.000 183.000 28585.866 22298486.623 908723.050 6869967.635 478948516.376 206536033817471.281
2014.000 5331.000 45134399.000 1.000 1310.000 470.000 228.000 13376.728 22241857.095 1032804.028 4818070.698 1375967093.039 269723420492624.875
2020.000 5360.000 45134409.000 1.000 1320.000 480.000 253.000 2710.200 22185299.567 1092588.668 3578166.393 2281070940.898 311987321066213.375
2020.000 5366.000 45134419.000 1.000 1320.000 480.000 269.000 10631.755 22185299.567 1105167.904 15433955.265 1587146193.755 33725592257518.988
2025.000 5343.000 45134429.000 1.000 1320.000 480.000 310.000 44800.352 22138223.293 1057338.500 10368614.502 32153509.005 118215925347076.844
2031.000 5244.000 45134439.000 1.000 1320.000 480.000 371.000 67755.000 22081797.765 863542.106 23677402.573 298745006.884 5934453379390.123
2031.000 5094.000 45134449.000 1.000 1320.000 480.000 405.000 120173.425 22081797.765 607261.208 11019664.618 4858461727.914 104482427243360.062
2036.000 4828.000 45134459.000 1.000 1320.000 480.000 446.000 144569.406 22034831.492 263445.747 7340871.660 8854555475.779 193222720387669.500
2042.000 4508.000 45134469.000 1.000 1320.000 480.000 458.000 160821.059 21978537.964 37353.163 10812490.154 12177188837.385 108760684272261.594
2047.000 4152.000 45134479.000 1.000 1320.000 480.000 458.000 136883.733 21931681.690 26481.163 22484291.226 7467202175.207 1544954547437.783
2052.000 3849.000 45134489.000 1.000 1320.000 480.000 461.000 87106.688 21884875.417 216904.747 14962666.843 1342191335.955 39421601249011.438
2070.000 3657.000 45134499.000 1.000 1310.000 480.000 466.000 53981.457 21716786.833 432609.196 10064733.778 12325004.497 124916285682423.578
2081.000 3538.000 45134509.000 1.000 1310.000 480.000 465.000 31699.558 21614385.031 603310.017 2704934.533 352357965.329 343597928005988.125
2086.000 3468.000 45134519.000 1.000 1310.000 480.000 452.000 25711.215 21567918.758 716952.264 1483774.424 613034990.526 390360971531594.562
2104.000 3414.000 45134529.000 1.000 1290.000 490.000 425.000 22426.348 21401054.174 811315.140 14656453.089 786488955.986 43360593665496.742
2127.000 3370.000 45134539.000 1.000 1290.000 490.000 257.000 54873.665 21188781.316 892515.410 943046.568 19385586.324 412020278635537.000
1995.000 4834.000 45134660.000 0.000 1220.000 480.000 346.000 80135.705 22421430.934 269640.983 23921366.194 880009055.403 7182598180019.615
2100.000 4977.000 45134670.000 1.000 1230.000 480.000 368.000 27177.179 21438079.192 438601.106 9623504.184 542590842.346 134973858575723.984
2084.000 5035.000 45134680.000 1.000 1240.000 480.000 368.000 5872.100 21586499.267 518788.387 9918382.978 1989040333.151 128209111607618.828
2084.000 5022.000 45134690.000 1.000 1240.000 470.000 371.000 27829.999 21586499.267 500230.376 20938447.351 512603987.260 91737426793.546
2098.000 4962.000 45134700.000 1.000 1240.000 470.000 388.000 74184.764 21456603.702 418958.017 7746273.313 562354060.496 182116533943063.344
2125.000 4800.000 45134710.000 1.000 1250.000 460.000 418.000 91333.919 21207197.825 235486.646 5373461.594 1669797892.324 251789223008026.219
2166.000 4602.000 45134720.000 1.000 1250.000 460.000 436.000 103230.004 20831258.383 82523.859 1049214.180 2783537993.831 407721509803568.375
2216.000 4379.000 45134730.000 1.000 1260.000 460.000 443.000 100907.192 20377345.649 4130.590 16804630.333 2543833831.945 19684297017197.219
2273.000 4163.000 45134740.000 1.000 1270.000 460.000 458.000 63704.114 19865984.132 23022.095 10772786.176 175121699.821 109590393471844.109
2330.000 4034.000 45134750.000 1.000 1290.000 460.000 465.000 39854.687 19361120.615 78809.522 7598685.307 112700972.463 186121732947033.125
2381.000 3962.000 45134760.000 1.000 1290.000 460.000 488.000 23032.271 18914908.627 124418.691 1680226.884 752870592.074 382636724613970.875
2427.000 3940.000 45134770.000 1.000 1290.000 460.000 504.000 19312.486 18516904.911 140422.826 2028521.914 970837940.400 369131964591734.875
2469.000 3948.000 45134780.000 1.000 1300.000 470.000 516.000 23803.347 18157206.215 134491.140 13799891.669 711150832.015 55374992830951.305
2513.000 3977.000 45134790.000 1.000 1280.000 470.000 519.000 54354.358 17784163.009 114061.781 19411898.292 15082345.673 3346817521679.620
2557.000 4089.000 45134800.000 1.000 1280.000 470.000 512.000 97329.559 17414991.803 50954.185 11836156.183 2195747191.494 88457279862886.516
2632.000 4291.000 45134810.000 1.000 1280.000 470.000 512.000 123533.137 16794647.702 563.129 4151736.409 5338111163.297 292054182458456.188
2707.000 4554.000 45134820.000 1.000 1280.000 480.000 510.000 132724.495 16185553.600 57249.972 17486826.519 6765677180.842 14096290534600.564
2770.000 4841.000 45134830.000 1.000 1280.000 480.000 512.000 94011.131 15682608.556 276959.758 12211490.425 1895764044.125 81537988670383.422
2824.000 5042.000 45134840.000 1.000 1280.000 480.000 515.000 66976.616 15257830.803 528921.163 27192844.097 272443334.345 35420529326738.766
2855.000 5187.000 45134850.000 1.000 1280.000 480.000 512.000 6775.500 15016611.908 760854.365 11425841.840 1909275608.672 96343792514218.266
2870.000 5187.000 45134860.000 1.000 1280.000 480.000 512.000 32070.700 14900583.087 760854.365 8456253.567 338562149.978 163458159462414.594
2870.000 5116.000 45134870.000 1.000 1280.000 480.000 529.000 50791.651 14900583.087 642033.073 22178213.434 102972.046 877752029747.620
2880.000 5004.000 45134880.000 1.000 1290.000 490.000 539.000 99891.083 14823480.541 475092.668 8401578.895 2442368481.274 164859188417859.375
2888.000 4783.000 45134890.000 1.000 1290.000 490.000 550.000 118490.992 14761942.503 219276.477 5442771.346 4626752175.840 249594430909843.312
2901.000 4521.000 45134900.000 1.000 1290.000 490.000 560.000 130540.519 14662216.192 42547.174 9060442.518 6411166558.823 148374000855993.594
2925.000 4233.000 45134910.000 1.000 1290.000 490.000 574.000 110481.979 14478994.080 6679.848 11684605.864 3601346595.115 91330961310203.016
2942.000 3989.000 45134920.000 1.000 1290.000 490.000 584.000 84613.912 14349908.750 106100.252 7939946.012 1165754936.168 176926795255928.469
2953.000 3802.000 45134930.000 1.000 1290.000 490.000 592.000 67035.993 14266690.949 262892.399 11261271.721 274406996.584 99601547690747.203
2964.000 3654.000 45134940.000 1.000 1290.000 490.000 584.000 42105.128 14183715.147 436564.578 3853051.590 69983772.378 302352198950853.312
2979.000 3562.000 45134950.000 1.000 1280.000 490.000 572.000 33575.016 14070956.327 566602.960 1809859.816 285466112.032 377582003212998.188
3004.000 3492.000 45134960.000 1.000 1280.000 490.000 556.000 29568.242 13884024.960 676885.208 2591192.859 436915192.823 347827586297724.938
3041.000 3438.000 45134970.000 1.000 1280.000 490.000 420.000 35304.777 13609660.537 768656.084 2310870.828 230006992.529 358362254945281.688
3499.000 4345.000 45135100.000 0.000 1220.000 500.000 394.000 101812.018 10440183.893 916.252 23136804.851 2635924934.930 3592827866309.193
3701.000 4245.000 45135110.000 1.000 1220.000 500.000 447.000 50590.400 9175612.447 4862.320 1289741.269 14314.107 398065861781284.125
3701.000 4133.000 45135120.000 1.000 1220.000 500.000 483.000 47735.095 9175612.447 33025.915 25569655.179 7483854.365 18734405604143.465
3649.000 4041.000 45135130.000 1.000 1240.000 500.000 535.000 104342.700 9493345.690 74928.297 15851285.864 2902186089.252 29052567383556.910
3649.000 3810.000 45135140.000 1.000 1240.000 500.000 589.000 69250.192 9493345.690 254752.713 10173999.105 352667125.465 122485795882593.250
3669.000 3658.000 45135150.000 1.000 1240.000 500.000 641.000 46726.395 9370500.597 431294.736 8883056.766 14020257.445 152726898056459.844
3699.000 3559.000 45135160.000 1.000 1240.000 500.000 681.000 27060.562 9187732.956 571128.342 732019.148 548037296.574 420631799644650.062
3749.000 3526.000 45135170.000 1.000 1250.000 500.000 725.000 25439.975 8887120.222 622095.545 4128943.627 626540118.780 292833740696204.188
3805.000 3532.000 45135180.000 1.000 1250.000 500.000 759.000 34580.873 8556369.960 612666.781 7323315.888 252488458.763 193711095120051.094
3875.000 3563.000 45135190.000 1.000 1250.000 500.000 773.000 50793.660 8151752.132 565098.500 6109526.619 104265.428 228971449966851.906
3953.000 3644.000 45135200.000 1.000 1260.000 500.000 776.000 64319.289 7712436.267 449879.185 2558250.378 191781799.136 349057435030243.188
4023.000 3768.000 45135210.000 1.000 1260.000 500.000 773.000 69982.894 7328538.439 298914.061 6719260.640 380723434.767 210890475852992.531
4053.000 3920.000 45135220.000 1.000 1260.000 500.000 754.000 55107.400 7167010.799 155812.039 1478005.312 21498445.112 390588971907180.562
4053.000 4042.000 45135230.000 1.000 1260.000 500.000 749.000 58379.495 7167010.799 74381.837 3426521.669 62548114.241 317367368092377.812
4005.000 4162.000 45135240.000 1.000 1260.000 500.000 730.000 50793.660 7426319.024 23326.556 53463.664 104265.428 448925646834843.750
3924.000 4240.000 45135250.000 1.000 1260.000 500.000 724.000 50912.021 7874350.653 5584.623 6491720.378 194712.662 217550961002942.688
3824.000 4292.000 45135260.000 1.000 1260.000 500.000 707.000 36540.269 8445576.121 516.668 837556.143 194058535.570 416313955792841.188
3744.000 4280.000 45135270.000 1.000 1260.000 500.000 673.000 38394.500 8916956.496 1206.196 3625471.579 145836017.504 310318440441041.750
3669.000 4240.000 45135280.000 1.000 1260.000 500.000 603.000 30368.218 9370500.597 5584.623 2377426.286 404112131.467 355846833917363.000
3635.000 4182.000 45135290.000 1.000 1260.000 500.000 461.000 25104.932 9579813.256 17617.342 6126866.027 643425150.133 228446997623760.375
3627.000 4127.000 45135300.000 1.000 1260.000 500.000 132.000 38668.948 9629399.293 35242.679 917779.067 139282729.266 413046690836577.875
4560.000 4577.000 45135421.000 0.000 1270.000 490.000 333.000 63254.130 4709452.675 68785.376 9308332.768 163414588.870 142396404332293.938
4661.000 4480.000 45135431.000 1.000 1270.000 490.000 382.000 42646.796 4281287.953 27314.061 14016326.886 61214388.000 52200658731663.391
4616.000 4397.000 45135441.000 1.000 1270.000 490.000 440.000 73676.964 4469534.413 6768.297 1042688.019 538527977.272 407985106381713.625
4597.000 4235.000 45135451.000 1.000 1270.000 490.000 519.000 71368.600 4550232.252 6356.927 816131.560 436719782.568 417188699465216.500
4597.000 4077.000 45135461.000 1.000 1270.000 490.000 611.000 69561.800 4550232.252 56515.713 14295666.748 364467868.486 48242227180099.945
4597.000 3923.000 45135471.000 1.000 1280.000 490.000 649.000 37913.213 4550232.252 153452.657 4820675.651 157691947.056 269637863645289.719
4628.000 3845.000 45135481.000 1.000 1280.000 490.000 702.000 27240.918 4418939.357 220646.590 3225919.893 539625486.088 324554973232718.562
4674.000 3806.000 45135491.000 1.000 1280.000 490.000 730.000 34382.649 4227659.642 258806.556 1027478.376 258827264.814 408599765958469.875
4749.000 3793.000 45135501.000 1.000 1290.000 500.000 770.000 36657.341 3924865.541 272202.545 3846188.009 190810500.908 302590937763530.500
4824.000 3824.000 45135511.000 1.000 1290.000 500.000 784.000 45172.258 3633321.439 240816.264 4151793.323 28074106.735 292052237187524.938
4889.000 3900.000 45135521.000 1.000 1300.000 510.000 787.000 54363.742 3389749.885 172001.252 101928.363 15155321.129 446874268608608.875
4946.000 4006.000 45135531.000 1.000 1300.000 510.000 796.000 54138.087 3183110.368 95314.421 1544269.250 13449298.890 387974171476383.438
4983.000 4120.000 45135541.000 1.000 1320.000 510.000 782.000 50719.293 3052453.945 37919.904 257488.875 61769.436 440321555640011.000
4975.000 4232.000 45135551.000 1.000 1300.000 520.000 759.000 51289.337 3080471.983 6844.309 2812108.940 670070.886 339636160142430.062
4937.000 4339.000 45135561.000 1.000 1310.000 520.000 761.000 45063.725 3215305.660 589.017 1649796.759 29236010.440 383828144184945.500
4864.000 4407.000 45135571.000 1.000 1310.000 520.000 739.000 41411.308 3482431.252 8513.691 859898.128 82073641.971 415402733373058.875
4782.000 4448.000 45135581.000 1.000 1310.000 520.000 721.000 39507.615 3795200.136 17760.803 2762327.987 120190513.718 341473486582919.250
4695.000 4439.000 45135591.000 1.000 1310.000 520.000 717.000 33392.211 4141743.293 15442.949 2100291.172 291676782.087 366379337569178.375
4631.000 4402.000 45135601.000 1.000 1310.000 520.000 679.000 28742.463 4406335.593 7615.994 938115.855 472118821.999 412220472959771.125
4599.000 4347.000 45135611.000 1.000 1310.000 520.000 580.000 26665.607 4541703.743 1041.331 2707341.642 566685234.282 343508695555202.750
4588.000 4289.000 45135621.000 1.000 1310.000 520.000 381.000 20671.935 4588709.544 662.050 986325.663 887969877.408 410265169109103.500
5274.000 4656.000 45135791.000 0.000 1320.000 500.000 269.000 57792.892 2120306.833 116464.983 14148652.401 53613640.116 50306064464039.789
5383.000 4589.000 45135801.000 1.000 1330.000 500.000 361.000 26469.774 1814752.072 75223.848 9858908.091 576047253.284 129559510766346.656
5336.000 4554.000 45135811.000 1.000 1330.000 500.000 465.000 48296.004 1943591.042 57249.972 9889331.441 4729556.801 128867853582839.391
5350.000 4448.000 45135821.000 1.000 1330.000 500.000 566.000 70189.587 1904751.477 17760.803 203517.500 388832200.440 442589521981770.688
5361.000 4293.000 45135831.000 1.000 1340.000 500.000 616.000 69739.028 1874509.675 472.208 11583077.707 371266212.483 93281822295529.188
5372.000 4139.000 45135841.000 1.000 1340.000 500.000 647.000 44095.730 1844509.874 30881.151 7873186.559 40640987.397 178707238214761.750
5383.000 4042.000 45135851.000 1.000 1340.000 500.000 661.000 26665.607 1814752.072 74381.837 4206167.162 566685234.282 290196746354955.750
5394.000 3984.000 45135861.000 1.000 1350.000 510.000 667.000 17353.747 1785236.271 109382.556 2169656.482 1096736445.606 363728701039515.625
5418.000 3954.000 45135871.000 1.000 1350.000 510.000 673.000 12550.434 1721678.159 130126.376 7318748.298 1437951004.362 193838259539963.125
5442.000 3968.000 45135881.000 1.000 1350.000 520.000 676.000 28753.109 1659272.046 120221.927 16225284.881 471656296.470 25160700814533.773
5488.000 4012.000 45135891.000 1.000 1350.000 520.000 666.000 64673.598 1542880.331 91645.657 6738434.401 201720652.044 210333958141732.125
5548.000 4142.000 45135901.000 1.000 1350.000 520.000 655.000 79591.540 1397425.050 29835.769 2545350.278 848019919.642 349539628613572.062
5626.000 4300.000 45135911.000 1.000 1340.000 520.000 650.000 85226.586 1219097.185 216.983 15521622.104 1207967550.547 32715049497062.676
5694.000 4476.000 45135921.000 1.000 1340.000 520.000 670.000 50863.907 1073559.866 26007.904 15738527.993 154565.803 30280821347953.508
5756.000 4570.000 45135931.000 1.000 1340.000 520.000 675.000 16021.029 948924.076 65162.601 17277.977 1186783857.333 450460351181229.188
5783.000 4593.000 45135941.000 1.000 1350.000 530.000 702.000 15982.778 897050.200 77434.005 5008942.856 1189420793.672 263490367082210.781
5809.000 4569.000 45135951.000 1.000 1350.000 530.000 743.000 27071.870 848475.578 64653.061 7335401.121 547507979.442 193374836304870.188
5835.000 4515.000 45135961.000 1.000 1350.000 530.000 796.000 43311.412 801252.956 40107.938 5288915.099 51256241.208 254479516299710.281
5848.000 4420.000 45135971.000 1.000 1360.000 540.000 811.000 55020.323 778148.645 11081.702 6565823.118 20698537.838 215370479360722.344
5862.000 4299.000 45135981.000 1.000 1360.000 540.000 832.000 40484.518 753645.080 247.444 2339627.127 99724997.790 357274342026537.750
5879.000 4211.000 45135991.000 1.000 1370.000 540.000 830.000 35304.914 724417.750 10759.983 1397810.493 230002837.069 393765235483515.312
5901.000 4136.000 45136001.000 1.000 1370.000 540.000 821.000 32210.359 687452.147 31944.533 506217.480 333442187.096 429944858885662.625
5928.000 4070.000 45136011.000 1.000 1370.000 540.000 808.000 33331.053 643408.271 59892.938 883059.046 293769501.995 414459164492675.375
5961.000 4004.000 45136021.000 1.000 1370.000 540.000 773.000 31376.085 591556.866 96553.342 9581314.953 364606553.139 135955932715290.438
5996.000 3944.000 45136031.000 1.000 1390.000 550.000 517.000 10164.407 538942.953 137440.983 483032.658 1624601965.052 430906876171335.062
6777.000 4907.000 45136582.000 0.000 1400.000 470.000 75.000 69086.478 2197.046 350783.354 17332125.593 346545015.361 15281873000248.969
6760.000 5059.000 45136592.000 1.000 1390.000 470.000 175.000 30715.600 892.376 553937.331 5304855.140 390266284.327 253971206114330.062
6760.000 5127.000 45136602.000 1.000 1390.000 470.000 250.000 18971.400 892.376 659782.005 2966829.741 992209581.075 333957331221523.312
6760.000 5169.000 45136612.000 1.000 1390.000 470.000 358.000 12403.258 892.376 729776.657 3766255.629 1449134588.472 305378197023824.812
6755.000 5196.000 45136622.000 1.000 1390.000 470.000 399.000 4065.300 618.649 776636.219 6820086.404 2153466571.469 207972244368726.188
6746.000 5196.000 45136632.000 1.000 1390.000 470.000 400.000 19164.008 251.941 776636.219 7280401.678 980112622.062 194907497843327.375
6740.000 5154.000 45136642.000 1.000 1390.000 470.000 435.000 35281.789 97.469 704373.567 18411109.062 230704792.140 8010146144848.396
6715.000 5080.000 45136652.000 1.000 1390.000 470.000 480.000 76041.384 228.836 585637.657 7287316.753 653856892.388 194714463939539.531
6677.000 4916.000 45136662.000 1.000 1400.000 470.000 516.000 92174.474 2822.514 361525.208 5292354.794 1739199892.909 254369785253029.531
6672.000 4712.000 45136672.000 1.000 1400.000 470.000 557.000 103891.000 3378.788 157823.185 0.000 2853722210.121 451194067048178.062
6672.000 4482.000 45136682.000 1.000 1400.000 470.000 575.000 103891.000 3378.788 27979.140 12531225.819 2853722210.121 75865901262571.031
6672.000 4252.000 45136692.000 1.000 1400.000 470.000 595.000 76148.636 3378.788 3935.095 8551725.330 659353396.848 161026046894513.531
6686.000 4084.000 45136702.000 1.000 1400.000 470.000 594.000 57216.324 1947.222 53236.488 4460058.698 45502654.951 281611040344990.875
6699.000 3958.000 45136712.000 1.000 1390.000 470.000 586.000 47342.384 968.911 127256.533 4008186.149 9786726.532 296981220118335.125
6712.000 3854.000 45136722.000 1.000 1380.000 470.000 591.000 38468.826 328.600 212272.444 1279738.372 144046381.892 398465109197760.500
6735.000 3772.000 45136732.000 1.000 1380.000 470.000 572.000 35635.666 23.743 294556.219 2711077.653 220079967.206 343370223150047.625
6775.000 3704.000 45136742.000 1.000 1370.000 470.000 559.000 29633.723 2013.556 372991.545 4983331.015 434182045.229 264322505645839.875
6827.000 3664.000 45136752.000 1.000 1380.000 480.000 444.000 40666.114 9384.312 423449.972 3790057.622 96131052.266 304546880400103.000
7341.000 4521.000 45136863.000 0.000 1370.000 500.000 471.000 133802.354 373165.406 42547.174 49624780.132 6944154821.372 805620285652864.875
7630.000 4456.000 45136873.000 1.000 1370.000 500.000 499.000 23940.100 809770.803 19957.118 3395246.413 703875836.370 318482671567535.438
7630.000 4403.000 45136883.000 1.000 1380.000 500.000 533.000 16423.504 809770.803 7791.533 25886396.252 1159215533.760 21576647728328.551
7649.000 4372.000 45136893.000 1.000 1380.000 500.000 569.000 73732.329 844326.964 3279.814 1619958.360 541100665.698 384998194440208.062
7690.000 4214.000 45136903.000 1.000 1380.000 500.000 628.000 70145.970 921355.522 10146.601 604891.797 387113950.591 425862549528698.562
7710.000 4060.000 45136913.000 1.000 1380.000 500.000 673.000 68806.825 960150.428 64887.545 8636424.952 336211337.508 158883611614792.219
7720.000 3908.000 45136923.000 1.000 1380.000 500.000 678.000 49687.000 979847.881 165429.567 7841361.584 614277.266 179559132655784.656
7720.000 3798.000 45136933.000 1.000 1380.000 500.000 681.000 32327.333 979847.881 267010.241 5622491.032 329183886.088 243948106354509.750
7739.000 3729.000 45136943.000 1.000 1380.000 500.000 676.000 19879.932 1017824.042 343080.028 4216569.361 935798661.256 289842448269242.938
7755.000 3688.000 45136953.000 1.000 1400.000 510.000 668.000 10545.043 1050363.968 392790.915 1877734.968 1594062752.056 374948782370447.250
7772.000 3672.000 45136963.000 1.000 1400.000 510.000 641.000 6388.003 1085498.638 413102.286 28758382.545 1943289325.704 56506090685319.055
7782.000 3682.000 45136973.000 1.000 1380.000 510.000 264.000 70055.000 1106436.091 400347.679 245856.180 383542518.138 440809888188936.750
7552.000 4743.000 45137043.000 0.000 1390.000 520.000 541.000 73865.036 675474.668 183414.904 26582469.114 547292223.339 28527775363317.430
7607.000 4897.000 45137053.000 1.000 1390.000 520.000 568.000 15015.204 768905.660 339037.960 145743.263 1257096339.458 445023746884819.750
7619.000 4928.000 45137063.000 1.000 1400.000 520.000 561.000 15337.859 790094.604 376099.679 927323.387 1234320621.882 412658832998222.625
7627.000 4961.000 45137073.000 1.000 1400.000 520.000 575.000 13284.896 804380.567 417664.477 65546.639 1382788364.159 448413767933486.688
7651.000 4944.000 45137083.000 1.000 1400.000 520.000 584.000 13430.007 848006.454 395980.309 1963856.993 1372017265.997 371620935477052.188
7671.000 4922.000 45137093.000 1.000 1410.000 510.000 589.000 17777.709 885241.361 368776.444 6006619.422 1068835480.589 232096382640575.000
7689.000 4887.000 45137103.000 1.000 1410.000 510.000 581.000 31075.516 919436.777 327492.567 4573852.317 376175428.656 277804786324398.812
7726.000 4829.000 45137113.000 1.000 1420.000 500.000 566.000 41201.379 991762.353 264473.286 858628.851 85921394.892 415454474347548.250
7782.000 4757.000 45137123.000 1.000 1420.000 500.000 536.000 39300.496 1106436.091 195602.455 2634837.920 124774762.604 346201518510773.875
7851.000 4704.000 45137133.000 1.000 1430.000 500.000 296.000 33467.337 1256355.518 151530.870 80972.834 289116340.096 447760682398223.188
8734.000 4600.000 45137253.000 0.000 1470.000 510.000 245.000 35618.486 4015505.634 81378.781 12410614.692 220589996.134 77981519081578.984
8811.000 4583.000 45137263.000 1.000 1470.000 510.000 342.000 8143.138 4330031.024 71968.612 1218533.925 1791627450.692 400912331440322.688
8794.000 4589.000 45137273.000 1.000 1470.000 510.000 362.000 10840.800 4259570.353 75223.848 4605537.265 1570533604.626 276749573982379.531
8770.000 4589.000 45137283.000 1.000 1470.000 510.000 400.000 21036.809 4161080.466 75223.848 4534483.952 866357378.649 279118678821283.531
8725.000 4577.000 45137293.000 1.000 1480.000 510.000 448.000 31075.516 3979516.926 68785.376 11428913.400 376175428.656 96283504231863.000
8667.000 4540.000 45137303.000 1.000 1480.000 510.000 480.000 56377.516 3751475.698 50746.421 1031986.794 34889785.071 408417521306310.500
8554.000 4487.000 45137313.000 1.000 1470.000 520.000 524.000 54092.843 3326511.477 29676.837 302253.248 13119496.681 438444902576715.812
8475.000 4397.000 45137323.000 1.000 1470.000 520.000 574.000 54761.989 3044580.597 6768.297 303592.087 18414659.863 438388836266134.062
8418.000 4290.000 45137333.000 1.000 1470.000 520.000 622.000 55434.099 2848914.114 611.590 7288721.088 24634749.681 194675273695499.562
8388.000 4171.000 45137343.000 1.000 1460.000 530.000 647.000 39297.900 2748541.754 20658.410 5284802.370 124832765.345 254610749126604.000
8388.000 4084.000 45137353.000 1.000 1460.000 530.000 664.000 27598.094 2748541.754 53236.488 909797.427 523158777.817 413371185064847.312
8410.000 4027.000 45137363.000 1.000 1460.000 530.000 696.000 25583.931 2821972.151 82788.747 746769.411 619354179.193 420026981779876.625
8452.000 3989.000 45137373.000 1.000 1450.000 540.000 705.000 27237.173 2964845.454 106100.252 3878719.443 539799491.618 301460218281251.812
8512.000 3983.000 45137383.000 1.000 1450.000 540.000 710.000 35824.110 3175070.174 110045.017 4530351.800 214524310.033 279256766344142.406
8585.000 4014.000 45137393.000 1.000 1450.000 540.000 702.000 45853.669 3440552.582 90438.736 3897343.034 21317514.742 300813856833020.750
8669.000 4071.000 45137403.000 1.000 1450.000 540.000 690.000 54481.836 3759227.189 59404.477 609052.857 16088743.327 425690827934509.062
8747.000 4163.000 45137413.000 1.000 1450.000 540.000 687.000 55830.193 4067775.323 23022.095 2503854.406 28723538.983 351092962419179.750
8821.000 4262.000 45137423.000 1.000 1450.000 540.000 676.000 50287.013 4371748.477 2780.488 7412177.022 33762.381 191245450525703.719
8858.000 4367.000 45137433.000 1.000 1450.000 540.000 675.000 33877.500 4527842.054 2732.118 9427878.335 275336225.100 139557621821067.922
8879.000 4439.000 45137443.000 1.000 1450.000 540.000 681.000 13005.509 4617653.705 15442.949 4446358.185 1403644914.344 282071052078943.875
8889.000 4466.000 45137453.000 1.000 1450.000 540.000 685.000 3161.900 4660731.159 22882.511 5862912.874 2238128085.308 236495689322324.375
8896.000 4466.000 45137463.000 1.000 1460.000 530.000 702.000 16141.561 4691004.376 22882.511 8049362.658 1178493795.722 174027981782709.062
8907.000 4432.000 45137473.000 1.000 1470.000 530.000 722.000 33961.713 4738774.574 13752.174 5828828.495 272548580.786 237545178609555.156
8925.000 4359.000 45137483.000 1.000 1470.000 530.000 758.000 46865.916 4817465.990 1959.803 7807646.244 12994888.896 180463838309634.438
8944.000 4257.000 45137493.000 1.000 1480.000 540.000 790.000 64150.942 4901232.151 3332.792 1192992.549 187147422.694 401935803288630.938
8961.000 4116.000 45137503.000 1.000 1480.000 540.000 836.000 66792.059 4976792.821 39493.747 5550353.638 266384852.518 246206714726556.406
8977.000 3969.000 45137513.000 1.000 1500.000 540.000 870.000 79079.758 5048436.747 119529.466 353982493.211 818474856.784 110716682213838784.000
8982.000 3794.000 45137523.000 1.000 1500.000 540.000 893.000 862747.000 5070930.473 271160.084 3601180508.500 659792692630.098 12815964527341305856.000
8982.000 3603.000 45137524.000 1.000 1510.000 540.000 939.000 65496.500 5070930.473 506560.073 653797.356 225772909.932 423846468266482.750
8982.000 3458.000 45137534.000 1.000 1510.000 540.000 959.000 64049.085 5070930.473 733986.870 67550.380 184370952.626 448328910380933.938
8967.000 3317.000 45137544.000 1.000 1510.000 540.000 995.000 64198.632 5003599.293 995465.826 793972.965 188454512.940 418094377834051.062
8933.000 3179.000 45137554.000 1.000 1510.000 540.000 1003.000 62440.888 4852647.953 1289883.399 1660661.951 143284002.085 383402530713808.562
8868.000 3057.000 45137564.000 1.000 1510.000 540.000 1023.000 58764.417 4570499.507 1581885.601 699273.608 68784772.588 421976048781734.375
8786.000 2956.000 45137574.000 1.000 1500.000 550.000 1023.000 57216.324 4226612.391 1846148.129 2586653.726 45502654.951 347996917800278.125
8693.000 2870.000 45137584.000 1.000 1500.000 550.000 1023.000 51489.838 3852869.076 2087245.747 2526772.309 1038523.184 350234640388936.250
8598.000 2807.000 45137594.000 1.000 1500.000 550.000 1023.000 45895.921 3488948.271 2273250.769 403705.068 20929137.449 434206580315466.562
8498.000 2789.000 45137604.000 1.000 1500.000 550.000 1009.000 46789.667 3125373.739 2327853.061 3325238.785 13550434.066 320986296488384.750
8395.000 2800.000 45137614.000 1.000 1500.000 550.000 979.000 54151.276 2771800.971 2294407.994 472821.492 13546209.633 431330913263397.375
8289.000 2856.000 45137624.000 1.000 1500.000 550.000 956.000 55198.036 2430083.968 2127894.196 3704705.631 22347153.288 307533166915276.062
8191.000 2929.000 45137634.000 1.000 1500.000 550.000 896.000 46996.341 2134148.926 1920248.567 4711661.922 12071576.431 273229900994828.750
8131.000 3014.000 45137644.000 1.000 1480.000 560.000 757.000 36565.387 1962444.207 1691899.410 1643566.913 193359354.418 384072287456203.375
8094.000 3086.000 45137654.000 1.000 1480.000 560.000 485.000 40204.012 1860148.630 1509778.241 28496.850 105406082.119 449984257173450.875
9266.000 5184.000 45137924.000 0.000 1470.000 490.000 188.000 38500.636 6430650.144 755629.747 7374405.416 143283830.827 192291575796225.281
9345.000 5216.000 45137934.000 1.000 1470.000 490.000 285.000 22174.744 6837559.024 812287.005 2875180.715 800664432.239 337315410921333.750
9304.000 5243.000 45137944.000 1.000 1480.000 500.000 316.000 15809.500 6624820.466 861684.567 3876624.910 1201402835.481 301532955786609.938
9304.000 5278.000 45137954.000 1.000 1500.000 500.000 320.000 7227.200 6624820.466 927888.444 4716263.841 1870005345.103 273077785792479.125
9320.000 5278.000 45137964.000 1.000 1490.000 510.000 387.000 17668.342 6707440.391 927888.444 4064064.601 1075998523.202 295058419803887.625
9341.000 5245.000 45137974.000 1.000 1500.000 510.000 478.000 26665.607 6816656.042 865401.646 15320664.388 566685234.282 35054272057272.254
9367.000 5192.000 45137984.000 1.000 1510.000 510.000 574.000 60583.394 6953097.421 769602.061 12584308.248 102265398.309 74944012116067.734
9400.000 5062.000 45137994.000 1.000 1520.000 530.000 665.000 88443.275 7128220.016 558411.949 8312469.778 1441912015.174 167155406480580.375
9433.000 4869.000 45138004.000 1.000 1520.000 530.000 721.000 106845.909 7305520.612 307214.859 5607221.765 3178157602.555 244425315926080.562
9449.000 4633.000 45138014.000 1.000 1530.000 530.000 759.000 94432.312 7392268.537 101295.578 7852063.712 1932618192.884 179272430853647.719
9454.000 4424.000 45138024.000 1.000 1530.000 530.000 803.000 77048.952 7419482.263 11939.859 5486815.258 706400373.805 248204710190536.250
9468.000 4254.000 45138034.000 1.000 1530.000 530.000 833.000 64901.918 7495946.698 3688.174 10156649.760 208258366.730 122870118739166.109
9482.000 4111.000 45138044.000 1.000 1520.000 540.000 860.000 42416.530 7572803.132 41506.050 6265055.512 64870595.493 224288774188038.219
9495.000 4018.000 45138054.000 1.000 1520.000 540.000 855.000 28546.582 7644520.821 88048.893 3917043.929 480669511.837 300130860856806.438
9500.000 3955.000 45138064.000 1.000 1530.000 540.000 861.000 19874.800 7672194.548 129405.915 7549216.930 936112671.835 187473938972122.906
9500.000 3911.000 45138074.000 1.000 1530.000 540.000 866.000 3161.900 7672194.548 162998.185 5550768.299 2238128085.308 246193702027248.281
9500.000 3904.000 45138084.000 1.000 1530.000 540.000 875.000 15450.517 7672194.548 168699.410 5633138.956 1226417309.341 243615603328799.156
9509.000 3937.000 45138094.000 1.000 1530.000 540.000 869.000 27921.491 7722133.256 142680.208 23320829.237 508469461.324 4324320319160.876
9519.000 3998.000 45138104.000 1.000 1530.000 550.000 834.000 79550.513 7777810.709 100318.106 6329431.344 845632126.246 222364698275311.719
9565.000 4168.000 45138114.000 1.000 1530.000 550.000 796.000 93562.980 8036502.994 21529.792 4210543.683 1856939560.422 290047656019918.188
9632.000 4364.000 45138124.000 1.000 1530.000 550.000 787.000 102884.529 8420864.930 2427.500 22396196.176 2747203346.075 1333717685204.273
9710.000 4578.000 45138134.000 1.000 1530.000 550.000 794.000 53302.514 8879641.065 69310.915 10368529.130 8018839.647 118217781805167.078
9780.000 4673.000 45138144.000 1.000 1500.000 550.000 799.000 30348.055 9301723.237 128357.151 2200689.175 404923193.059 362545973337377.812
9845.000 4690.000 45138154.000 1.000 1500.000 550.000 820.000 25476.040 9702431.683 140827.320 5163345.661 624735949.056 258501555335397.469
9890.000 4656.000 45138164.000 1.000 1500.000 550.000 827.000 36906.958 9984795.222 116464.983 6105083.698 183976681.921 229105928513489.875
9920.000 4580.000 45138174.000 1.000 1500.000 550.000 846.000 50422.751 10175287.582 70367.994 4175699.094 2304.713 291235731610094.375
9939.000 4470.000 45138184.000 1.000 1500.000 550.000 858.000 59667.159 10296863.743 24108.668 592784.430 84573783.569 426362401959948.750
9944.000 4338.000 45138194.000 1.000 1500.000 550.000 864.000 60979.500 10328977.469 541.477 3992115.114 110433649.528 297535387287421.125
9944.000 4203.000 45138204.000 1.000 1500.000 550.000 861.000 52141.521 10328977.469 12483.668 2677057.868 2791447.588 344632170844454.812
9934.000 4088.000 45138214.000 1.000 1500.000 550.000 860.000 46214.893 10264800.016 51406.646 4103564.862 18112390.501 293702967203044.250
9942.000 3986.000 45138224.000 1.000 1500.000 550.000 846.000 37130.180 10316125.979 108063.635 3814409.107 177971032.666 303697544637807.438
9956.000 3905.000 45138234.000 1.000 1500.000 550.000 817.000 28685.617 10406254.413 167878.949 1931962.908 474592386.830 372851627385320.000
9984.000 3848.000 45138244.000 1.000 1500.000 550.000 759.000 24408.524 10587687.282 217837.208 1938977.357 679240063.131 372580787457373.875
10018.000 3806.000 45138254.000 1.000 1500.000 550.000 447.000 20115.902 10810106.623 258806.556 613647.050 921417308.474 425501271721833.000
10228.000 4538.000 45138425.000 0.000 1490.000 530.000 542.000 43346.729 12235113.140 49849.342 13805190.110 50751795.223 55296164868786.117
10281.000 4458.000 45138435.000 1.000 1490.000 530.000 613.000 12783.988 12608696.642 20526.196 9586317.530 1420292664.933 135839297502679.844
10266.000 4482.000 45138445.000 1.000 1500.000 520.000 673.000 34006.741 12502395.462 27979.140 12582723.684 271063869.712 74971449834470.922
10338.000 4504.000 45138455.000 1.000 1500.000 520.000 767.000 61863.114 13016745.125 35823.005 4581603.489 129785765.588 277546461444498.062
10467.000 4550.000 45138465.000 1.000 1490.000 530.000 837.000 72006.137 13964217.271 55351.814 829681.657 463772530.445 416635356251260.750
10613.000 4614.000 45138475.000 1.000 1510.000 530.000 869.000 73842.935 15076700.087 89562.331 631171.251 546258637.936 424778611522418.438
10763.000 4679.000 45138485.000 1.000 1510.000 530.000 876.000 75240.259 16264061.885 132692.387 9274449.396 613528158.823 143206212730932.719
10918.000 4740.000 45138495.000 1.000 1510.000 540.000 872.000 54707.938 17538277.409 180854.286 5758468.541 17953690.766 239718974816806.156
11033.000 4778.000 45138505.000 1.000 1530.000 550.000 870.000 41959.502 18514713.121 214618.781 10383725.673 72441485.902 117887554791878.797
11123.000 4801.000 45138515.000 1.000 1530.000 550.000 854.000 18971.400 19297330.200 236458.185 4504054.730 992209581.075 280136357366016.844
11165.000 4801.000 45138525.000 1.000 1540.000 550.000 843.000 9000.059 19668095.503 236458.185 4065326.650 1719818910.651 295015064297384.125
11184.000 4807.000 45138535.000 1.000 1540.000 560.000 794.000 0.000 19836981.664 242329.421 3346388.283 2547297455.815 320228911151989.062
11184.000 4807.000 45138545.000 1.000 1560.000 570.000 671.000 7408.431 19836981.664 242329.421 5492545.072 1854364043.105 248024202151975.094
11171.000 4797.000 45138555.000 1.000 1570.000 580.000 304.000 19568.150 19721349.975 232584.028 14020.833 954971207.359 450598621372542.375
10725.000 5208.000 45138695.000 0.000 1570.000 580.000 247.000 20002.712 15959007.563 797930.691 2829806.998 928301852.848 338984150544853.500
10730.000 5252.000 45138705.000 1.000 1550.000 580.000 396.000 13737.919 15998981.290 878474.421 3961056.222 1349301492.092 298607834898222.688
10725.000 5282.000 45138715.000 1.000 1560.000 570.000 427.000 4968.700 15959007.563 935610.601 2160103.027 2070437320.750 364093193042579.625
10714.000 5282.000 45138725.000 1.000 1560.000 570.000 442.000 9750.863 15871241.365 935610.601 10898001.933 1658109883.278 106984419373669.219
10709.000 5261.000 45138735.000 1.000 1540.000 560.000 546.000 33877.500 15831427.638 895426.275 11196685.396 275336225.100 100894869558470.297
10709.000 5186.000 45138745.000 1.000 1540.000 560.000 649.000 58665.380 15831427.638 759110.826 4129940.980 67151822.787 292799607512699.812
10687.000 5058.000 45138755.000 1.000 1540.000 560.000 731.000 67808.486 15656841.241 552449.792 10179681.203 300596797.527 122360056860203.172
10655.000 4896.000 45138766.000 1.000 1540.000 550.000 802.000 92598.500 15404625.391 337874.421 8056987.806 1774746610.360 173826858530692.812
10655.000 4691.000 45138776.000 1.000 1540.000 550.000 861.000 74761.467 15404625.391 141578.859 4954126.803 590038523.162 265272962584409.000
10668.000 4526.000 45138786.000 1.000 1530.000 560.000 892.000 63793.730 15506841.080 44634.870 157760.742 177501571.636 444516859782150.500
10693.000 4387.000 45138796.000 1.000 1530.000 560.000 944.000 64142.990 15704359.713 5222.904 8618104.000 186929916.289 159345814964205.219
10740.000 4253.000 45138806.000 1.000 1520.000 560.000 964.000 45063.725 16079078.743 3810.635 3763257.696 29236010.440 305482984211021.062
10787.000 4165.000 45138816.000 1.000 1520.000 560.000 984.000 36732.404 16458215.773 22419.174 426077.317 188742382.258 433274711800781.312
10845.000 4108.000 45138826.000 1.000 1510.000 560.000 1020.000 37675.679 16932177.001 42737.432 3378387.162 163714057.447 319084698980712.125
10911.000 4057.000 45138836.000 1.000 1510.000 560.000 1023.000 30196.407 17479696.192 66424.927 682423.843 411049325.632 422668590315685.750
10973.000 4032.000 45138846.000 1.000 1520.000 570.000 1023.000 28685.617 18001968.402 79936.444 2218880.941 474592386.830 361853538541336.812
11036.000 4024.000 45138856.000 1.000 1520.000 570.000 1023.000 23773.328 18540539.357 84524.129 659930.990 712752791.203 423593953117110.000
11087.000 4037.000 45138866.000 1.000 1510.000 580.000 1023.000 22312.334 18982339.368 77134.140 601622.392 792896865.998 425997497961095.875
11129.000 4063.000 45138876.000 1.000 1530.000 580.000 1005.000 23644.241 19350080.672 63368.163 852578.330 719662037.058 415701162869595.812
11167.000 4099.000 45138886.000 1.000 1530.000 580.000 953.000 21756.753 19685838.994 46539.578 9827525.330 824494107.445 130274919247843.422
11199.000 4135.000 45138896.000 1.000 1520.000 590.000 728.000 0.000 19970822.844 32302.994 0.000 2547297455.815 451194067048178.062
