4125.000 5395.000 45284385.000 0.000 1370.000 390.000 339.000 56810.559 5087168.099 897583.510 10365057.302 540321608.802 58655808731776.820
4272.000 5282.000 45284395.000 1.000 1370.000 390.000 376.000 22982.043 4445667.408 696238.112 1112314.422 112014642.889 2540947094066.790
4221.000 5337.000 45284405.000 1.000 1380.000 400.000 399.000 19351.774 4663332.872 791048.084 7668131.856 202036830.392 24619286438737.500
4246.000 5279.000 45284415.000 1.000 1380.000 400.000 456.000 44378.314 4555984.115 691240.659 5047252.745 116911755.789 5479829083043.562
4293.000 5142.000 45284425.000 1.000 1380.000 400.000 529.000 60851.071 4357552.452 482203.637 4406783.599 744489285.971 2891476909984.921
4354.000 4953.000 45284435.000 1.000 1380.000 410.000 589.000 75233.524 4106601.485 255438.095 889565.605 1736204220.708 3300702882479.888
4401.000 4712.000 45284445.000 1.000 1380.000 410.000 638.000 78136.806 3918321.822 69912.035 734578.067 1986579921.421 3887881673799.087
4433.000 4459.000 45284455.000 1.000 1370.000 410.000 662.000 80534.254 3792659.414 130.162 1759316.628 2206041304.254 896870823485.690
4454.000 4197.000 45284465.000 1.000 1370.000 410.000 690.000 74792.359 3711306.458 62795.930 3451978.081 1699634111.438 555962324996.167
4447.000 3953.000 45284475.000 1.000 1370.000 420.000 717.000 63526.112 3738326.110 244620.416 1999261.532 897623888.392 499973068089.240
4416.000 3748.000 45284485.000 1.000 1370.000 420.000 742.000 57001.107 3859162.568 489427.791 2472082.386 549216424.871 54880972561.136
4369.000 3568.000 45284495.000 1.000 1360.000 430.000 751.000 48932.953 4046032.231 773680.609 1323782.816 236151234.369 1911489997495.695
4317.000 3417.000 45284505.000 1.000 1360.000 440.000 752.000 44612.513 4257929.646 1062118.140 889733.818 122031192.981 3300091697514.491
4265.000 3281.000 45284515.000 1.000 1360.000 440.000 751.000 41708.682 4475235.060 1360934.935 4697049.188 66307503.876 3962886166736.724
4216.000 3154.000 45284525.000 1.000 1350.000 440.000 737.000 26378.887 4684952.624 1673378.090 4401926.240 51650856.520 2874981263929.789
4172.000 3080.000 45284535.000 1.000 1350.000 450.000 645.000 12012.287 4877362.436 1870305.582 6338710.667 464551337.652 13194049324275.738
4141.000 3056.000 45284545.000 1.000 1350.000 450.000 119.000 32699.985 5015248.894 1936525.957 173488.163 749531.777 6415385383267.101
4225.000 5082.000 45284735.000 0.000 1270.000 400.000 364.000 43458.063 4646073.071 402474.576 1962162.926 97858053.680 553813313395.520
4346.000 5156.000 45284745.000 1.000 1280.000 400.000 391.000 37054.137 4139089.088 501843.084 6138978.312 12168913.398 11782942145519.568
4361.000 5276.000 45284755.000 1.000 1290.000 400.000 413.000 17018.307 4078279.833 686261.206 6114498.484 273817539.987 11615481070387.051
4374.000 5330.000 45284765.000 1.000 1290.000 400.000 449.000 36974.242 4025942.480 778645.361 2682963.105 11617885.658 546912675.679
4473.000 5399.000 45284775.000 1.000 1310.000 400.000 486.000 45730.649 3638461.403 905178.780 696312.690 147985010.172 4040247049695.385
4599.000 5479.000 45284785.000 1.000 1310.000 400.000 520.000 48003.210 3173653.668 1063804.195 1016682.692 208440539.044 2854973142084.358
4742.000 5543.000 45284795.000 1.000 1310.000 410.000 518.000 44685.055 2684600.778 1199920.526 1073327.166 123639165.332 2666761189518.097
4879.000 5593.000 45284805.000 1.000 1320.000 420.000 526.000 41182.029 2254427.590 1311961.410 834710.813 58007857.627 3503030510701.901
5007.000 5634.000 45284815.000 1.000 1330.000 420.000 532.000 38457.777 1886433.955 1407565.935 975729.574 23932025.685 2995044529391.192
5130.000 5659.000 45284825.000 1.000 1340.000 430.000 532.000 35273.281 1563688.071 1467511.377 4748144.146 2915696.153 4168926318953.805
5243.000 5681.000 45284835.000 1.000 1350.000 430.000 533.000 19776.727 1293849.690 1521297.366 1838825.339 190136880.428 752597769458.151
5314.000 5681.000 45284846.000 1.000 1360.000 440.000 535.000 13175.200 1137369.220 1521297.366 1378209.567 415774122.843 1763955068542.294
5357.000 5681.000 45284856.000 1.000 1370.000 440.000 546.000 8677.127 1047501.358 1521297.366 1524038.502 619443058.714 1397858750221.375
5376.000 5660.000 45284866.000 1.000 1370.000 440.000 594.000 13651.143 1008970.303 1469935.195 1450147.385 396591174.993 1578043173850.973
5383.000 5616.000 45284876.000 1.000 1380.000 450.000 616.000 18384.000 994956.651 1365179.217 4125796.109 230485230.434 2014829331037.028
5383.000 5556.000 45284886.000 1.000 1380.000 450.000 641.000 31849.392 994956.651 1228570.156 3312394.803 2945850.571 367291189046.964
5369.000 5453.000 45284896.000 1.000 1390.000 450.000 675.000 42660.080 1023081.955 1010846.935 2137667.008 82707019.433 323399514196.004
5361.000 5314.000 45284906.000 1.000 1390.000 450.000 719.000 49636.800 1039329.557 750664.278 3814634.346 258278968.458 1228295811472.279
5361.000 5152.000 45284916.000 1.000 1400.000 460.000 748.000 62086.651 1039329.557 496191.814 3381179.458 813442362.379 455395783724.792
5377.000 4950.000 45284926.000 1.000 1400.000 460.000 767.000 73121.832 1006962.353 252414.642 2487914.686 1564684411.690 47713667134.861
5405.000 4713.000 45284936.000 1.000 1400.000 460.000 794.000 81241.658 951551.745 70441.852 2191033.309 2272993153.982 265550538830.015
5457.000 4453.000 45284946.000 1.000 1400.000 460.000 824.000 88392.550 852806.331 29.256 3583214.716 3005979091.141 768893011803.391
5513.000 4170.000 45284956.000 1.000 1400.000 460.000 845.000 76697.985 752513.115 77056.852 2557232.171 1860390555.880 22235908973.611
5577.000 3928.000 45284966.000 1.000 1390.000 460.000 872.000 68351.927 645572.298 269974.974 6665097.446 1210078803.693 15671687127369.822
5640.000 3714.000 45284976.000 1.000 1390.000 460.000 909.000 46598.998 548303.430 538155.990 1617919.462 169865813.230 1184679445186.997
5697.000 3573.000 45284986.000 1.000 1400.000 470.000 933.000 41318.582 467138.264 764909.698 803848.060 60106558.563 3619510850982.234
5729.000 3442.000 45284996.000 1.000 1390.000 470.000 982.000 38695.057 424419.856 1011213.582 1529259.865 26309892.546 1385539465464.302
5747.000 3317.000 45285006.000 1.000 1390.000 470.000 997.000 33704.000 401290.751 1278236.372 3402588.239 19115.818 484748703077.397
5747.000 3207.000 45285016.000 1.000 1380.000 480.000 1023.000 22598.947 401290.751 1539066.427 1926533.815 120270549.432 608112142598.812
5731.000 3135.000 45285026.000 1.000 1380.000 480.000 1023.000 16311.304 421817.955 1722895.554 201578.109 297715562.822 6273878564936.439
5706.000 3088.000 45285036.000 1.000 1370.000 480.000 1023.000 15653.412 454916.712 1848488.123 1716860.312 320851495.567 979088396407.623
5667.000 3055.000 45285046.000 1.000 1370.000 480.000 1023.000 21256.742 509046.773 1939310.140 1604787.771 151511432.580 1213437734302.022
5600.000 3037.000 45285056.000 1.000 1370.000 480.000 1023.000 26494.300 609141.441 1989767.421 1721748.924 50005264.142 969437839754.903
5514.000 3028.000 45285066.000 1.000 1370.000 500.000 1023.000 32113.585 750779.165 2015239.062 1918027.538 2108754.240 621451151871.711
5413.000 3056.000 45285076.000 1.000 1370.000 500.000 1023.000 38373.466 936008.143 1936525.957 1332284.803 23114228.972 1888053157255.270
5300.000 3110.000 45285086.000 1.000 1360.000 500.000 1023.000 42721.654 1167426.524 1789150.112 2382225.683 83830760.568 105056099126.851
5180.000 3181.000 45285096.000 1.000 1360.000 500.000 1023.000 50496.542 1441140.557 1604253.167 2518949.330 286652055.241 35118737209.679
5049.000 3281.000 45285106.000 1.000 1360.000 500.000 961.000 42275.428 1772826.043 1360934.935 1592043.370 75858664.480 1241677636977.144
4948.000 3375.000 45285116.000 1.000 1360.000 500.000 884.000 37079.464 2051985.021 1150451.797 4772737.342 12346256.115 4269959667437.500
4866.000 3464.000 45285126.000 1.000 1360.000 500.000 750.000 21502.645 2293634.944 967451.570 1671719.319 145518261.779 1070459133837.135
4813.000 3510.000 45285136.000 1.000 1360.000 500.000 453.000 16046.642 2456978.309 879077.184 288467.522 306918795.895 5846152143410.863
4676.000 4654.000 45285356.000 0.000 1370.000 410.000 464.000 36759.062 2905235.496 42604.609 4012229.562 10197305.184 1705323339140.730
4788.000 4611.000 45285366.000 1.000 1370.000 410.000 491.000 23664.318 2535977.066 26702.449 2617923.883 98038158.279 7819048923.447
4794.000 4688.000 45285376.000 1.000 1370.000 410.000 543.000 32208.456 2516903.364 57796.410 1340967.260 1842219.947 1864268031028.924
4897.000 4709.000 45285386.000 1.000 1380.000 420.000 620.000 36584.981 2200698.485 68334.582 924634.923 9115816.016 3174506011431.268
5008.000 4753.000 45285396.000 1.000 1390.000 420.000 645.000 39602.719 1883688.005 93274.559 2062723.100 36445115.046 414254645670.532
5123.000 4812.000 45285406.000 1.000 1390.000 430.000 644.000 32870.594 1581243.723 132793.803 4776630.460 483228.007 4286064209007.718
5228.000 4834.000 45285416.000 1.000 1400.000 430.000 619.000 17281.069 1328198.944 149311.791 5327726.402 265190510.658 6871618072401.508
5273.000 4800.000 45285426.000 1.000 1410.000 440.000 519.000 34669.210 1226501.182 124191.990 227271.806 1217645.968 6145825068513.275
4805.000 4161.000 45285496.000 0.000 1380.000 460.000 522.000 39861.451 2482121.911 82134.493 10242048.426 39635976.578 56786761781896.172
4810.000 4031.000 45285506.000 1.000 1380.000 460.000 535.000 6434.400 2466392.159 173548.195 731554.206 736109611.994 3899815541612.907
4831.000 4031.000 45285516.000 1.000 1380.000 460.000 540.000 8821.979 2400873.204 173548.195 6326127.126 612253710.066 13102791732627.602
4858.000 4041.000 45285526.000 1.000 1390.000 460.000 575.000 29468.608 2317930.546 165316.372 5042945.067 16786490.897 5459679922327.602
4945.000 4082.000 45285536.000 1.000 1390.000 460.000 639.000 45927.306 2060588.872 133656.896 3347535.513 152808313.153 411119799246.856
5073.000 4160.000 45285546.000 1.000 1390.000 460.000 658.000 56852.683 1709491.237 82708.675 395080.433 542281712.741 5341963633158.653
5228.000 4262.000 45285556.000 1.000 1390.000 460.000 658.000 55563.256 1328198.944 34444.079 3599604.358 483890708.712 797904653678.941
5386.000 4351.000 45285566.000 1.000 1390.000 460.000 641.000 43815.200 988980.800 9329.852 8077124.994 105051429.612 28845231886172.184
5518.000 4406.000 45285576.000 1.000 1390.000 460.000 562.000 17453.826 743863.364 1729.825 288951.046 259593773.812 5843814169498.461
6955.000 5877.000 45285937.000 0.000 1540.000 440.000 226.000 51497.993 330078.817 2043209.631 15309580.255 321565696.467 158841431281596.375
7123.000 5882.000 45285947.000 1.000 1540.000 440.000 346.000 1532.000 551343.171 2057528.720 2469534.057 1026160500.511 56081444726.191
7118.000 5882.000 45285957.000 1.000 1540.000 440.000 376.000 9591.837 543942.922 2057528.720 5040942.743 574748026.643 5450326687940.508
7146.000 5868.000 45285967.000 1.000 1540.000 450.000 520.000 26044.000 586028.314 2017561.272 1673436.998 56576573.126 1066907759981.845
7197.000 5800.000 45285977.000 1.000 1540.000 450.000 652.000 31505.609 666712.850 1829009.670 794497.651 4244139.874 3655176609988.607
7184.000 5698.000 45285987.000 1.000 1540.000 450.000 746.000 34098.617 645652.204 1563522.267 1394588.792 283957.862 1720715549526.578
7176.000 5587.000 45285997.000 1.000 1530.000 460.000 788.000 38650.147 632859.806 1298252.504 848550.901 25851194.205 3451414776861.948
7170.000 5461.000 45286007.000 1.000 1530.000 460.000 827.000 41419.569 623349.508 1026997.477 2833455.142 61682629.441 16155902901.935
7163.000 5326.000 45286017.000 1.000 1520.000 460.000 825.000 32172.000 612345.159 771602.090 1739647.280 1942511.280 934512735910.418
7163.000 5221.000 45286027.000 1.000 1520.000 460.000 828.000 26494.300 612345.159 598161.233 1172565.837 50005264.142 2352491616870.874
7172.000 5135.000 45286037.000 1.000 1520.000 480.000 828.000 22667.388 626511.607 472530.913 865453.457 118774077.038 3388897391351.087
7189.000 5063.000 45286047.000 1.000 1520.000 480.000 824.000 19842.801 653712.452 378728.040 1752135.838 188319055.708 910523272269.824
7204.000 5000.000 45286057.000 1.000 1520.000 480.000 817.000 14124.342 678193.198 305155.526 1086425.154 377967957.483 2624154138985.022
7214.000 4955.000 45286067.000 1.000 1530.000 490.000 820.000 10578.568 694763.695 257463.731 2020820.755 528410078.082 469949343772.169
7220.000 4921.000 45286077.000 1.000 1530.000 490.000 796.000 3983.200 704801.994 224115.930 751047.680 875126674.813 3823204304702.117
7220.000 4908.000 45286087.000 1.000 1530.000 490.000 678.000 6434.400 704801.994 211976.300 3826200.027 736109611.994 1254065719760.083
7199.000 4908.000 45286097.000 1.000 1540.000 490.000 376.000 18921.998 669982.950 211976.300 847753.133 214439180.733 3454379597472.924
6689.000 5536.000 45286228.000 0.000 1510.000 480.000 449.000 55167.318 95187.590 1184633.803 15870575.675 466628170.658 173296856863336.562
6722.000 5359.000 45286238.000 1.000 1500.000 480.000 467.000 3370.400 116639.231 830666.073 4400251.764 911758559.718 2869305661912.124
6722.000 5370.000 45286248.000 1.000 1500.000 480.000 521.000 17731.535 116639.231 850838.068 106034.316 250722049.032 6761637855801.037
6732.000 5313.000 45286258.000 1.000 1490.000 480.000 611.000 18077.600 123569.729 748932.460 132085.976 239882481.686 6626831502682.775
6732.000 5254.000 45286268.000 1.000 1490.000 480.000 681.000 18508.690 123569.729 650295.217 2009705.176 226714755.701 485312992581.213
6739.000 5194.000 45286278.000 1.000 1490.000 480.000 697.000 11949.600 128540.077 557126.156 217064.790 467257509.933 6196537218353.007
6739.000 5155.000 45286288.000 1.000 1480.000 470.000 697.000 11241.164 128540.077 500427.267 149031.122 498386695.060 6539876105964.530
6750.000 5120.000 45286298.000 1.000 1480.000 470.000 696.000 11727.558 136548.624 452133.648 1121332.693 476906194.513 2512277546807.753
6771.000 5088.000 45286308.000 1.000 1490.000 470.000 702.000 15387.260 152509.668 410123.482 1759727.510 330457136.316 896092754978.350
6820.000 5077.000 45286318.000 1.000 1490.000 470.000 655.000 21130.496 193182.104 396155.488 6051289.390 154635294.164 11188624411781.871
6886.000 5097.000 45286328.000 1.000 1480.000 470.000 304.000 40880.135 255555.386 421731.841 1132936.520 53500373.731 2475627679324.238
7460.000 5655.000 45286388.000 0.000 1480.000 480.000 396.000 63065.576 1165373.927 1457836.106 15861133.653 870240322.071 173048352184442.750
7663.000 5689.000 45286398.000 1.000 1480.000 480.000 417.000 11299.474 1644870.021 1541095.907 241085.018 495786603.059 6077527828212.006
7699.000 5681.000 45286408.000 1.000 1490.000 490.000 486.000 12086.305 1738507.811 1521297.366 558786.276 461366129.343 4612026809733.666
7719.000 5647.000 45286418.000 1.000 1490.000 490.000 613.000 13910.020 1791648.806 1438581.565 4336153.803 386347330.022 2656262818416.648
7713.000 5602.000 45286428.000 1.000 1490.000 490.000 662.000 28061.958 1775622.508 1332659.769 3136936.069 30291616.668 185404992167.715
7665.000 5524.000 45286438.000 1.000 1510.000 490.000 667.000 38300.000 1650004.121 1158655.990 1451395.658 22413217.434 1574908566247.280
7590.000 5424.000 45286448.000 1.000 1510.000 490.000 672.000 43036.931 1462950.392 953374.222 4833249.197 89703458.331 4523703302903.847
7530.000 5297.000 45286458.000 1.000 1520.000 490.000 662.000 58811.243 1321407.408 721495.377 3489016.632 637335420.049 612568200802.685
7409.000 5148.000 45286468.000 1.000 1520.000 490.000 637.000 70198.373 1057863.392 490572.543 11960159.463 1341949798.084 85633003102999.500
7248.000 4985.000 45286478.000 1.000 1520.000 490.000 389.000 31163.910 752599.386 288808.261 449774.092 5768787.508 5092131530325.288
6527.000 4421.000 45286568.000 0.000 1470.000 510.000 297.000 17952.530 21469.535 707.090 448498.515 243772327.539 5097890028211.568
6579.000 4448.000 45286578.000 1.000 1470.000 510.000 381.000 16488.762 39412.121 0.167 3145645.795 291623178.745 192981437585.775
6619.000 4484.000 45286588.000 1.000 1470.000 510.000 491.000 26755.230 56894.110 1325.604 2831112.714 46383046.912 15565917160.017
6695.000 4527.000 45286598.000 1.000 1450.000 510.000 613.000 35995.154 98925.889 6305.764 3120973.242 5902052.222 171913038825.953
6796.000 4587.000 45286608.000 1.000 1440.000 510.000 700.000 46181.098 172660.911 19434.825 1300590.481 159147256.632 1976157770582.892
6930.000 4656.000 45286618.000 1.000 1440.000 510.000 749.000 50425.845 301977.574 43434.244 2125581.366 284263139.493 337291357379.624
7077.000 4730.000 45286628.000 1.000 1440.000 510.000 784.000 57363.121 485146.883 79754.753 179941.060 566315340.881 6382738439479.650
7232.000 4835.000 45286638.000 1.000 1430.000 510.000 793.000 56775.846 725094.590 150085.609 4155907.875 538709018.992 2101220151668.061
7388.000 4935.000 45286648.000 1.000 1440.000 510.000 793.000 43212.178 1015106.347 237567.377 2744001.049 93053765.448 1417656522.607
7511.000 5004.000 45286658.000 1.000 1440.000 510.000 785.000 34256.561 1278086.463 309590.797 3505387.584 477233.608 638462228529.019
7611.000 5054.000 45286668.000 1.000 1450.000 510.000 773.000 22816.001 1514191.436 367731.681 2476720.056 115556889.281 52729575551.806
7680.000 5082.000 45286678.000 1.000 1470.000 510.000 750.000 14732.711 1688764.867 402474.576 3242388.531 354682982.563 287338090198.197
7726.000 5096.000 45286688.000 1.000 1470.000 510.000 586.000 4150.503 1810437.154 420434.024 1089933.390 865256169.716 2612800294508.475
7540.000 5059.000 45286828.000 0.000 1530.000 510.000 354.000 53951.637 1344497.905 373820.769 7454866.732 415584795.143 22548418094579.523
7498.000 4888.000 45286838.000 1.000 1530.000 510.000 442.000 29621.132 1248861.817 193959.946 4436748.294 15559932.535 2994280785051.736
7437.000 4813.000 45286848.000 1.000 1530.000 510.000 532.000 44101.381 1116244.784 133523.620 2233051.779 110999730.582 224010514223.343
7343.000 4704.000 45286858.000 1.000 1530.000 510.000 644.000 51389.409 926454.110 65745.493 2289450.214 317683175.440 173804822221.124
7266.000 4555.000 45286868.000 1.000 1530.000 510.000 737.000 58861.505 784154.281 11536.659 3107860.854 639875725.258 161211552733.932
7189.000 4379.000 45286878.000 1.000 1510.000 510.000 802.000 69004.654 653712.452 4704.747 508853.800 1255916623.150 4828986337125.390
7113.000 4167.000 45286888.000 1.000 1510.000 510.000 845.000 67343.904 536592.673 78731.399 18358.875 1140964360.971 7225292359275.828
7055.000 3955.000 45286898.000 1.000 1510.000 510.000 882.000 67403.822 454983.789 242646.051 3939346.806 1145015791.195 1520282925771.218
7000.000 3742.000 45286908.000 1.000 1500.000 520.000 914.000 54546.946 383811.054 497858.885 2526904.393 440211003.823 32200463592.054
6958.000 3569.000 45286918.000 1.000 1500.000 520.000 947.000 46299.869 333534.966 771922.427 1329728.814 162158040.544 1895083877656.801
6923.000 3422.000 45286928.000 1.000 1490.000 530.000 941.000 41960.023 294333.226 1051837.228 3016948.603 70463986.528 96471946161.123
6900.000 3287.000 45286938.000 1.000 1480.000 530.000 946.000 32113.585 269906.082 1346971.841 2019820.053 2108754.240 471322364687.083
6887.000 3183.000 45286948.000 1.000 1470.000 530.000 944.000 25521.483 256567.436 1599190.803 2252237.628 64710071.215 206217382667.336
6880.000 3100.000 45286958.000 1.000 1470.000 530.000 941.000 18170.838 249525.088 1816001.935 2619622.871 237003008.610 7521468143.595
6874.000 3041.000 45286968.000 1.000 1460.000 540.000 934.000 9621.155 243566.789 1978498.692 1821350.372 573343152.410 783223048033.481
6869.000 3010.000 45286978.000 1.000 1460.000 540.000 944.000 3676.800 238656.541 2066668.344 1126571.520 893348736.305 2495697736846.470
6869.000 2998.000 45286988.000 1.000 1450.000 550.000 933.000 0.000 238656.541 2101314.532 2159262.080 1126658903.973 299304392579.502
6869.000 2998.000 45286998.000 1.000 1450.000 550.000 876.000 7047.200 238656.541 2101314.532 1126571.520 703232965.490 2495697736846.470
6869.000 3021.000 45287008.000 1.000 1450.000 550.000 782.000 10724.000 238656.541 2035162.338 3104281.489 521745087.742 158350051560.232
6869.000 3056.000 45287018.000 1.000 1440.000 560.000 617.000 20855.467 238656.541 1936525.957 6394340.958 161551040.577 13601282696706.777
6881.000 3123.000 45287028.000 1.000 1440.000 560.000 190.000 41724.726 250525.137 1754541.742 578745.559 66569052.007 4526697547628.594
7250.000 4306.000 45287119.000 0.000 1410.000 560.000 382.000 58913.318 756073.485 20048.057 13378635.199 642499708.786 113897686967548.594
7433.000 4365.000 45287129.000 1.000 1400.000 550.000 397.000 15249.365 1107808.585 6821.300 527797.593 335489594.355 4746087405844.942
7452.000 4411.000 45287139.000 1.000 1410.000 550.000 433.000 13526.788 1148165.530 1338.913 3942788.598 401559598.587 1528782213819.791
7442.000 4368.000 45287149.000 1.000 1410.000 550.000 515.000 26394.897 1126835.032 6334.753 2979412.765 51420989.806 74563672742.138
7428.000 4283.000 45287159.000 1.000 1410.000 550.000 599.000 36118.829 1097308.336 27090.250 1016148.024 6518263.273 2856780249253.217
7398.000 4169.000 45287169.000 1.000 1420.000 540.000 667.000 39435.239 1035356.845 77613.035 391479.007 34451018.122 5358624330787.200
7357.000 4047.000 45287179.000 1.000 1420.000 540.000 690.000 38157.566 953600.806 160473.278 1353909.902 21084865.710 1829092241934.403
7332.000 3925.000 45287189.000 1.000 1420.000 540.000 713.000 33738.800 905399.563 273101.521 825893.540 29949.752 3536113749456.168
7327.000 3815.000 45287199.000 1.000 1420.000 540.000 733.000 31043.325 895909.314 400171.576 3420254.344 6362577.599 509660455834.660
7335.000 3714.000 45287209.000 1.000 1420.000 540.000 742.000 19880.615 911117.712 538155.990 836601.914 187282647.173 3495955172252.602
7366.000 3657.000 45287219.000 1.000 1420.000 540.000 758.000 17150.191 971259.253 625034.383 83203.533 269470250.060 6880893553309.457
7403.000 3615.000 45287229.000 1.000 1420.000 540.000 763.000 17421.743 1045557.093 693208.040 1019597.782 260628640.206 2845130579549.044
7450.000 3583.000 45287239.000 1.000 1420.000 540.000 783.000 20749.412 1143883.430 747517.874 773008.287 164258264.253 3737807353428.424
7515.000 3564.000 45287249.000 1.000 1440.000 540.000 817.000 23272.285 1287146.662 780733.338 4242925.169 105955216.519 2361065495866.554
7590.000 3552.000 45287259.000 1.000 1430.000 550.000 828.000 37119.952 1462950.392 802083.526 455447.667 12632422.705 5066558022756.680
7711.000 3546.000 45287269.000 1.000 1430.000 550.000 867.000 38606.400 1770296.408 812866.620 1143228.037 25408252.901 2443347986533.719
7837.000 3546.000 45287279.000 1.000 1430.000 550.000 896.000 42337.562 2121464.673 812866.620 640510.203 76944860.618 4267691047410.695
7974.000 3564.000 45287289.000 1.000 1410.000 560.000 921.000 44428.000 2539321.485 780733.338 1710943.728 117988691.587 990832191438.465
8117.000 3588.000 45287299.000 1.000 1430.000 560.000 935.000 38843.980 3015518.596 738896.963 1849077.734 27859817.148 734914485052.797
8243.000 3602.000 45287309.000 1.000 1430.000 560.000 955.000 32809.131 3468998.861 715024.410 1231403.829 572457.229 2175464051547.213
8348.000 3623.000 45287319.000 1.000 1420.000 570.000 974.000 28790.189 3871154.082 679950.582 4189641.902 22805887.670 2200157034538.424
8438.000 3650.000 45287329.000 1.000 1420.000 570.000 988.000 15116.423 4233408.557 636151.659 1056791.678 340377298.990 2721040246663.672
8485.000 3665.000 45287339.000 1.000 1430.000 570.000 1002.000 11667.364 4429024.894 612448.924 521222.555 479538872.889 4774778757081.513
8518.000 3684.000 45287349.000 1.000 1420.000 580.000 1023.000 9966.246 4569012.535 583071.460 1341736.018 556936118.621 1862169325332.540
8541.000 3707.000 45287359.000 1.000 1420.000 580.000 1023.000 14345.280 4667867.679 548475.267 1300481.096 369426083.886 1976465320398.063
8557.000 3751.000 45287369.000 1.000 1430.000 590.000 1023.000 18589.670 4737260.474 485239.244 406387.512 224282673.638 5289824084552.014
8566.000 3811.000 45287379.000 1.000 1430.000 590.000 1023.000 19916.000 4776518.922 405248.305 1220452.480 186315402.973 2207889268135.166
8566.000 3876.000 45287389.000 1.000 1460.000 580.000 1023.000 23899.200 4776518.922 326716.454 844928.640 93441996.212 3464886758786.641
8566.000 3954.000 45287399.000 1.000 1460.000 580.000 1023.000 26656.800 4776518.922 243632.233 1557082.823 47733452.382 1320813364345.938
8566.000 4041.000 45287409.000 1.000 1460.000 580.000 1023.000 31738.663 4776518.922 165316.372 871768.667 3338210.485 3365685985944.188
8555.000 4144.000 45287419.000 1.000 1490.000 580.000 1023.000 34583.861 4728558.375 92167.593 455172.214 1036570.303 5067798133829.092
8541.000 4256.000 45287429.000 1.000 1490.000 580.000 1023.000 36069.410 4667867.679 36707.173 159543.399 6268363.303 6486220140451.407
8528.000 4373.000 45287439.000 1.000 1490.000 580.000 927.000 36590.113 4611863.032 5563.841 11211210.623 9146831.843 72332666647473.547
8518.000 4492.000 45287449.000 1.000 1500.000 580.000 512.000 0.000 4569012.535 1972.145 0.000 1126658903.973 7324326366863.487
