3851.000 5158.000 45279157.000 0.000 1280.000 420.000 139.000 25669.273 4486766.559 590638.955 1664515.528 132768547.999 120448224480164.547
3935.000 5160.000 45279167.000 1.000 1290.000 430.000 287.000 20220.777 4137965.145 593717.077 4482240.093 288015503.151 66539358315822.664
3905.000 5219.000 45279177.000 1.000 1300.000 430.000 344.000 34892.594 4260917.078 688120.663 6752058.046 5286332.174 34660867866811.836
3912.000 5333.000 45279187.000 1.000 1310.000 440.000 369.000 12790.931 4232067.294 890249.591 385562.079 595402237.554 150156694868426.344
3944.000 5360.000 45279197.000 1.000 1310.000 450.000 422.000 14053.000 4101430.564 941929.232 465736.277 535403903.852 148198238526528.938
3990.000 5360.000 45279207.000 1.000 1320.000 460.000 471.000 15577.505 3917228.266 941929.232 4948315.476 467177597.405 59152875976649.500
4040.000 5350.000 45279217.000 1.000 1330.000 460.000 536.000 31774.937 3721808.377 922618.624 6762306.655 29342366.933 34540298642974.262
4097.000 5263.000 45279227.000 1.000 1340.000 470.000 599.000 53910.147 3505128.703 763055.337 4495091.868 279503243.164 66329855357969.703
4151.000 5095.000 45279237.000 1.000 1340.000 470.000 647.000 68624.032 3305847.222 497773.127 6394019.073 987985428.006 39004859920984.266
4178.000 4872.000 45279247.000 1.000 1350.000 470.000 687.000 89553.718 3208393.482 232835.574 3262765.051 2741770822.304 87921398568840.328
4187.000 4579.000 45279257.000 1.000 1360.000 470.000 702.000 100233.800 3176232.901 35921.767 2134168.010 3974294204.249 110360028679918.906
4179.000 4251.000 45279267.000 1.000 1370.000 470.000 710.000 107219.620 3204812.084 19173.834 6013586.338 4903896062.986 43901488371446.945
4153.000 3901.000 45279277.000 1.000 1360.000 480.000 713.000 87535.213 3298578.426 238602.563 8017019.289 2534459584.058 21366460425543.414
4115.000 3617.000 45279287.000 1.000 1360.000 480.000 740.000 61292.924 3438053.542 596709.303 4938306.380 580864346.372 59306937888741.328
4077.000 3420.000 45279297.000 1.000 1360.000 480.000 761.000 45128.255 3580416.658 939871.331 1692077.433 62987373.391 119844006352562.047
4027.000 3281.000 45279307.000 1.000 1350.000 490.000 760.000 50666.970 3772136.548 1228704.884 4760398.760 181580300.632 62078757678033.055
3968.000 3126.000 45279317.000 1.000 1350.000 490.000 752.000 35084.650 4004797.017 1596355.464 3156306.244 4440066.407 89929184099620.141
3935.000 3016.000 45279327.000 1.000 1350.000 490.000 737.000 24753.042 4137965.145 1886418.779 5429708.323 154722613.717 51979742963778.164
3917.000 2937.000 45279337.000 1.000 1340.000 490.000 721.000 6979.856 4211520.305 2109667.977 9957279.118 912761349.276 7193805492840.792
3908.000 2916.000 45279347.000 1.000 1340.000 490.000 427.000 39573.241 4248540.885 2171112.701 246890.182 5671277.867 153574452373163.406
3925.000 5131.000 45279518.000 0.000 1240.000 440.000 311.000 53392.626 4178749.122 549867.314 7867251.275 262466876.220 22773462288086.977
4097.000 5100.000 45279528.000 1.000 1240.000 440.000 468.000 27640.576 3505128.703 504853.430 732592.971 91225813.198 141772200421682.594
4128.000 5185.000 45279538.000 1.000 1250.000 430.000 485.000 30038.589 3390013.371 632868.596 4365105.589 51168377.657 68464050011479.859
4120.000 5283.000 45279548.000 1.000 1260.000 430.000 492.000 44326.987 3419536.553 798396.552 1316386.669 50910943.353 128210770492408.047
4218.000 5390.000 45279558.000 1.000 1260.000 430.000 512.000 48635.945 3066697.570 1001061.055 169048.425 130968534.700 155509822147731.906
4345.000 5486.000 45279568.000 1.000 1280.000 430.000 537.000 49189.295 2638022.051 1202378.889 968807.099 143939970.059 136202882544490.359
4490.000 5556.000 45279578.000 1.000 1280.000 430.000 543.000 46018.077 2188029.371 1360793.143 1190788.898 77903227.318 131070837311702.891
4631.000 5609.000 45279588.000 1.000 1280.000 430.000 543.000 42120.241 1790776.283 1487254.364 529771.216 24289565.108 146643258582654.625
4766.000 5637.000 45279598.000 1.000 1300.000 430.000 537.000 40386.129 1447687.581 1556332.066 3826468.763 10203760.068 77667865640371.984
4896.000 5661.000 45279608.000 1.000 1310.000 440.000 536.000 27860.863 1151755.868 1616789.524 2240978.753 87066320.136 108127292629419.828
4987.000 5667.000 45279618.000 1.000 1330.000 450.000 536.000 20525.417 964714.669 1632083.889 1310821.987 277768205.914 128336819463636.812
5054.000 5662.000 45279628.000 1.000 1340.000 460.000 544.000 16234.674 837589.017 1619333.585 1719909.704 439200983.827 119235402947916.219
5104.000 5644.000 45279638.000 1.000 1350.000 460.000 539.000 10604.855 748569.128 1573846.491 1977536.327 706865458.765 113675468428906.219
5130.000 5621.000 45279648.000 1.000 1360.000 470.000 554.000 17077.969 704254.785 1516667.093 1782449.221 404566057.033 117873514070073.969
5140.000 5566.000 45279658.000 1.000 1370.000 470.000 574.000 22912.500 687570.808 1384223.751 4935561.156 203898308.772 59349227912905.000
5140.000 5491.000 45279668.000 1.000 1370.000 470.000 602.000 39068.183 687570.808 1213369.193 3102429.791 3520826.266 90953918346115.625
5125.000 5364.000 45279678.000 1.000 1380.000 480.000 628.000 49223.436 712671.774 949709.475 1990855.211 144760348.859 113391637406403.312
5106.000 5204.000 45279688.000 1.000 1390.000 480.000 671.000 55740.147 745112.332 663459.751 4080740.079 344041305.963 73250765160771.141
5083.000 5023.000 45279698.000 1.000 1390.000 480.000 690.000 69097.725 785348.482 401360.751 1025857.391 1017988272.918 134874515111319.656
5074.000 4797.000 45279708.000 1.000 1410.000 490.000 725.000 72455.687 801381.062 166081.016 713740.872 1243541972.612 142221492665510.969
5083.000 4560.000 45279718.000 1.000 1410.000 490.000 760.000 74791.991 785348.482 29080.613 212685.129 1413774625.815 154423395690774.375
5103.000 4316.000 45279728.000 1.000 1410.000 490.000 803.000 75488.178 750300.526 5397.784 79805064.794 1466612835.359 4511225699152709.000
5142.000 4072.000 45279738.000 1.000 1420.000 490.000 840.000 336715.886 684258.012 100786.955 705979158.755 89714680185.840 480720012522443392.000
5164.000 3964.000 45279739.000 1.000 1415.000 495.000 860.000 105626.145 648345.261 181024.392 20854902.849 4683260053.485 67494385775254.344
5239.000 3662.000 45279748.000 1.000 1410.000 500.000 914.000 44187.806 533190.426 529212.038 1252824.033 48944148.808 129654252634312.844
5279.000 3523.000 45279758.000 1.000 1410.000 500.000 951.000 40086.909 476374.515 750769.591 876719.623 8381676.340 138360794670401.188
5312.000 3396.000 45279768.000 1.000 1400.000 510.000 964.000 37217.123 431910.388 986981.872 1092903.338 641.431 133321727519246.969
5333.000 3276.000 45279778.000 1.000 1400.000 510.000 979.000 33639.698 404749.034 1239814.580 2609633.240 12617403.813 100596344914318.312
5338.000 3166.000 45279788.000 1.000 1380.000 510.000 1000.000 25097.527 398412.045 1496877.895 1773432.083 146271354.939 118069392736888.438
5333.000 3084.000 45279798.000 1.000 1400.000 520.000 1009.000 19292.512 404749.034 1704250.911 996024.705 320384385.909 135568331808276.594
5321.000 3022.000 45279808.000 1.000 1400.000 520.000 1023.000 16032.202 420161.808 1869973.143 402457.451 447728439.755 149742913813516.875
5294.000 2977.000 45279818.000 1.000 1390.000 520.000 1023.000 14714.829 455893.548 1995070.408 2888924.090 505214068.369 95071900682506.453
5258.000 2945.000 45279828.000 1.000 1390.000 520.000 1023.000 24171.209 505803.868 2086492.464 1420453.717 169535699.061 125864894016229.375
5182.000 2923.000 45279838.000 1.000 1390.000 520.000 1023.000 28820.812 619682.100 2150533.127 1108039.335 70073381.638 132972420953371.422
5088.000 2915.000 45279848.000 1.000 1370.000 530.000 1023.000 32447.782 776511.493 2174060.640 1138071.818 22505673.655 132280691746867.281
4983.000 2931.000 45279858.000 1.000 1370.000 530.000 1009.000 36173.058 972588.261 2127133.613 787733.583 1037828.148 140462142975870.719
4869.000 2963.000 45279868.000 1.000 1370.000 530.000 989.000 38751.564 1210437.609 2034815.558 689918.593 2432874.628 142790253218198.344
4752.000 3012.000 45279878.000 1.000 1360.000 540.000 903.000 41009.890 1481573.150 1897422.535 1158690.318 14577837.911 131806836344968.484
4634.000 3076.000 45279888.000 1.000 1360.000 540.000 750.000 37217.123 1782756.089 1725202.425 5515187.223 641.431 50754495524498.930
4538.000 3151.000 45279898.000 1.000 1360.000 540.000 502.000 19164.137 2048330.277 1533806.983 73408.195 324996507.347 157904304966076.625
4336.000 4332.000 45280089.000 0.000 1330.000 460.000 494.000 14574.623 2667338.631 3302.756 3951840.464 511536537.504 75473797798152.422
4362.000 4372.000 45280099.000 1.000 1330.000 460.000 546.000 27510.271 2583088.288 305.187 2449643.501 93731936.168 103831263135700.328
4407.000 4450.000 45280109.000 1.000 1330.000 460.000 619.000 35528.744 2440465.388 3663.928 6569004.279 2765743.645 36849779049838.750
4510.000 4504.000 45280119.000 1.000 1330.000 460.000 676.000 57031.213 2129261.415 13117.209 1978359.649 393602446.732 113657912802768.844
4673.000 4595.000 45280129.000 1.000 1330.000 460.000 700.000 50555.404 1680131.575 42242.740 1211277.256 178586005.193 130602130346199.891
4820.000 4671.000 45280139.000 1.000 1350.000 460.000 697.000 46590.503 1320658.100 79259.359 9286895.416 88335683.717 11239328317900.529
4957.000 4738.000 45280149.000 1.000 1350.000 460.000 690.000 16191.500 1024546.603 121473.430 5744371.796 441012453.436 47541498940929.773
5010.000 4738.000 45280159.000 1.000 1340.000 470.000 656.000 34994.681 920062.520 121473.430 2485658.693 4827316.557 103098587712244.125
4556.000 4222.000 45280219.000 0.000 1360.000 480.000 359.000 83812.855 1997131.117 28046.071 22071811.963 2173523094.888 88970279150129.750
4485.000 3957.000 45280229.000 1.000 1370.000 480.000 561.000 11564.698 2202846.360 187029.966 1106428.739 656748177.953 133009568293970.734
4477.000 3920.000 45280239.000 1.000 1370.000 480.000 575.000 7943.000 2226657.542 220401.718 1493284.000 855492097.183 124236039302941.016
4477.000 3946.000 45280249.000 1.000 1370.000 480.000 622.000 12831.000 2226657.542 196665.298 3017399.060 593448406.518 92583020716443.875
4519.000 3946.000 45280259.000 1.000 1380.000 490.000 682.000 22707.920 2103076.835 196665.298 5310347.945 209782678.707 53715094382836.594
4581.000 3987.000 45280269.000 1.000 1380.000 490.000 719.000 40090.401 1927096.172 161981.790 3693287.566 8401907.999 80033037976005.984
4692.000 4057.000 45280279.000 1.000 1380.000 490.000 731.000 52179.722 1631237.017 110536.044 916770.368 224637910.545 137420190014209.969
4829.000 4159.000 45280289.000 1.000 1380.000 490.000 719.000 55180.607 1300053.520 53116.243 4252562.139 323597302.907 70339152705794.812
4982.000 4255.000 45280299.000 1.000 1380.000 490.000 688.000 41260.600 974561.658 18082.077 6332056.036 16555161.854 39782665641781.617
5103.000 4315.000 45280309.000 1.000 1380.000 490.000 537.000 20533.739 750300.526 5545.723 182053.932 277490879.949 155185624641200.656
6590.000 5869.000 45280629.000 0.000 1520.000 450.000 499.000 39603.218 385394.012 2189010.165 7796471.202 5814953.611 23454019049693.934
6717.000 5843.000 45280639.000 1.000 1520.000 450.000 533.000 14082.854 559206.493 2112750.585 3037.892 534023223.851 159677803114824.062
6759.000 5824.000 45280649.000 1.000 1530.000 460.000 556.000 14072.910 623785.785 2057877.430 5186496.107 534482913.383 55545868323167.219
6800.000 5803.000 45280659.000 1.000 1530.000 460.000 594.000 31049.984 690230.476 1998068.154 1938706.361 37721860.887 114504976281728.359
6841.000 5710.000 45280669.000 1.000 1530.000 460.000 667.000 37395.995 760037.167 1743800.502 1782660.932 41697.024 117868917040472.656
6851.000 5588.000 45280679.000 1.000 1540.000 460.000 699.000 43231.219 777573.189 1436475.088 244403.666 36474624.033 153636086934466.031
6839.000 5447.000 45280689.000 1.000 1540.000 460.000 724.000 44031.231 756553.962 1118370.519 2060279.169 46777864.166 111917927984053.188
6821.000 5304.000 45280699.000 1.000 1530.000 470.000 736.000 37287.273 725565.122 836365.828 88907279.962 9115.760 5816788573612035.000
6805.000 5183.000 45280709.000 1.000 1530.000 470.000 739.000 328309.466 698563.487 629690.475 918988193.630 84749497490.286 821468124540427392.000
6795.000 5076.000 45280710.000 1.000 1520.000 480.000 736.000 27495.000 681947.465 471323.972 1213293.250 94027862.523 130556056331810.734
6795.000 4986.000 45280720.000 1.000 1520.000 480.000 730.000 23523.500 681947.465 355848.502 839972.250 186822329.438 139226640699458.797
6795.000 4909.000 45280730.000 1.000 1510.000 480.000 722.000 20774.000 681947.465 269911.823 523217.936 269544042.188 146802017185162.219
6795.000 4841.000 45280740.000 1.000 1510.000 480.000 719.000 19061.339 681947.465 203879.690 2198947.758 328713489.460 109003171735030.391
6788.000 4779.000 45280750.000 1.000 1510.000 490.000 699.000 11863.474 670435.250 151733.922 434756.439 641523921.084 148953474918843.562
6780.000 4741.000 45280760.000 1.000 1500.000 500.000 540.000 13286.572 657398.432 123573.613 615097.861 571459758.792 144583990174364.188
6275.000 5502.000 45280970.000 0.000 1480.000 470.000 393.000 55568.258 93514.316 1237723.861 9697539.963 337694336.956 8654576746731.705
6337.000 5331.000 45280980.000 1.000 1480.000 470.000 448.000 23825.083 135277.653 886479.469 2332059.606 178669030.013 106241393074231.672
6278.000 5280.000 45280990.000 1.000 1490.000 470.000 504.000 16191.500 95358.122 793044.370 1216827.579 441012453.436 130475301538831.188
6278.000 5227.000 45281000.000 1.000 1480.000 460.000 584.000 20174.569 95358.122 701457.149 1496818.329 289586032.069 124157263668816.375
6313.000 5171.000 45281010.000 1.000 1480.000 460.000 652.000 15275.000 118199.200 610789.745 772280.477 480345969.186 140828672079710.031
6343.000 5131.000 45281020.000 1.000 1490.000 470.000 687.000 12747.077 139727.266 549867.314 408079.874 597544311.839 149605342821365.594
6373.000 5102.000 45281030.000 1.000 1480.000 470.000 702.000 14082.854 163055.332 507699.552 3037.892 534023223.851 159677803114824.062
6408.000 5072.000 45281040.000 1.000 1480.000 470.000 697.000 14072.910 192546.410 465847.729 10118.160 534482913.383 159498915497188.969
6449.000 5051.000 45281050.000 1.000 1480.000 470.000 687.000 14106.030 230209.100 437622.453 202861.165 532952615.275 154667651521222.031
6493.000 5037.000 45281060.000 1.000 1470.000 480.000 667.000 13442.000 274367.598 419295.602 3157656.859 564052834.185 89903569889783.125
6537.000 5037.000 45281070.000 1.000 1470.000 480.000 633.000 23778.029 322398.095 419295.602 6948022.243 179929158.766 32391850940368.113
6610.000 5064.000 45281080.000 1.000 1470.000 490.000 171.000 46521.146 410626.056 454991.243 1289115.244 87036761.939 128829103976912.344
7311.000 5650.000 45281140.000 0.000 1490.000 510.000 514.000 71839.285 1800430.205 1588936.856 19025202.521 1200448458.783 40778395108417.227
7542.000 5606.000 45281150.000 1.000 1490.000 510.000 515.000 9563.663 2473703.316 1479946.182 376703.496 763313761.152 150373876732717.625
7528.000 5578.000 45281160.000 1.000 1490.000 510.000 548.000 10796.735 2429860.885 1412604.480 3312252.385 696699272.026 86995797623916.359
7513.000 5546.000 45281170.000 1.000 1500.000 510.000 617.000 21638.805 2383321.852 1337562.535 2696668.969 241895544.857 98858022936087.781
7497.000 5477.000 45281180.000 1.000 1500.000 510.000 670.000 30465.872 2334176.216 1182722.342 2639312.565 45238060.491 100001871996053.938
7428.000 5405.000 45281190.000 1.000 1500.000 510.000 685.000 39105.193 2128100.664 1031301.966 1648220.769 3661086.134 120806156395277.297
7339.000 5313.000 45281200.000 1.000 1510.000 510.000 690.000 44500.351 1876355.067 852908.375 369793.392 53414968.758 150543397583773.844
7236.000 5210.000 45281210.000 1.000 1510.000 510.000 682.000 45710.804 1604785.040 673270.116 868107.273 72573488.644 138563477589842.750
7144.000 5092.000 45281220.000 1.000 1510.000 510.000 667.000 48552.399 1380157.636 493548.944 505806.879 129063288.975 147224231617801.625
7057.000 4959.000 45281230.000 1.000 1530.000 520.000 650.000 50208.068 1183311.244 324364.861 8125906.516 169423323.546 20371679075787.863
6976.000 4816.000 45281240.000 1.000 1530.000 520.000 501.000 23609.356 1013648.465 181928.171 596087.459 184482690.161 145041525438986.156
6163.000 4354.000 45281361.000 0.000 1430.000 520.000 362.000 0.000 37558.868 1258.093 0.000 1383229727.514 159754588187779.219
6163.000 4354.000 45281371.000 1.000 1420.000 530.000 537.000 0.000 37558.868 1258.093 0.000 1383229727.514 159754588187779.219
6163.000 4354.000 45281381.000 1.000 1410.000 520.000 586.000 0.000 37558.868 1258.093 7263588.163 1383229727.514 28899419183796.273
6163.000 4354.000 45281391.000 1.000 1410.000 520.000 690.000 23776.066 37558.868 1258.093 4775652.375 179981825.071 61838623659746.961
6232.000 4390.000 45281401.000 1.000 1410.000 520.000 784.000 39408.316 69064.421 0.281 3634963.033 4912958.657 81079996105980.109
6344.000 4454.000 45281411.000 1.000 1400.000 520.000 851.000 51306.722 140475.868 4164.171 2611143.327 199231121.637 100566055535269.000
6490.000 4537.000 45281421.000 1.000 1400.000 520.000 875.000 59853.836 271233.791 21765.215 168807.386 513568033.924 155515833890950.031
6667.000 4621.000 45281431.000 1.000 1400.000 520.000 890.000 60406.397 486926.382 53606.320 208629.005 538917675.990 154524220785781.969
6846.000 4705.000 45281441.000 1.000 1400.000 520.000 891.000 61089.307 768780.178 99559.425 2131732.870 571091007.702 110411198061104.125
7027.000 4790.000 45281451.000 1.000 1410.000 520.000 891.000 54111.458 1118943.178 160424.591 1837536.980 286274944.994 116680377876126.719
7184.000 4872.000 45281461.000 1.000 1410.000 520.000 879.000 48096.607 1475741.725 232835.574 2946500.759 118914891.860 93952415197347.344
7319.000 4953.000 45281471.000 1.000 1420.000 530.000 860.000 38451.760 1821963.023 317566.497 4219593.801 1587508.000 70893240234268.312
7438.000 4994.000 45281481.000 1.000 1420.000 530.000 834.000 24639.669 2157376.686 365456.988 3540348.766 157555904.984 82792845538734.547
7515.000 5018.000 45281491.000 1.000 1430.000 530.000 763.000 13050.966 2389501.056 395050.447 840041.293 582779697.630 139225011367594.234
7556.000 5030.000 45281501.000 1.000 1450.000 540.000 489.000 10301.240 2517937.747 410279.176 1070768.815 723102029.325 133833370121114.875
7127.000 4833.000 45281641.000 0.000 1480.000 540.000 463.000 59370.842 1340503.399 196719.204 10214059.505 491910058.923 5882306418091.286
7049.000 4655.000 45281651.000 1.000 1480.000 540.000 561.000 25936.932 1165970.426 70506.386 6118360.924 126671975.100 42524031026882.523
6991.000 4593.000 45281661.000 1.000 1480.000 540.000 669.000 45964.300 1044077.498 41424.618 4367638.184 76956817.512 68422145520985.969
6917.000 4462.000 45281671.000 1.000 1470.000 530.000 782.000 60260.988 898326.935 5260.657 292914.316 532187596.081 152435860961734.875
6832.000 4284.000 45281681.000 1.000 1470.000 530.000 846.000 61219.791 744425.747 11123.839 750611.056 577344519.294 141343449128675.344
6746.000 4103.000 45281691.000 1.000 1470.000 530.000 897.000 63676.783 603419.957 82064.839 630970.230 701454509.466 144202533589740.312
6684.000 3904.000 45281701.000 1.000 1460.000 540.000 920.000 65742.152 510940.620 235680.745 4588876.091 815122798.703 64811034462148.711
6637.000 3694.000 45281711.000 1.000 1460.000 540.000 951.000 50721.281 445958.316 483677.983 1545678.777 183046950.611 123070787345164.625
6583.000 3537.000 45281721.000 1.000 1460.000 540.000 952.000 45661.776 376751.796 726704.442 868446.683 71740552.590 138555487111928.453
6551.000 3391.000 45281731.000 1.000 1440.000 540.000 953.000 42819.070 338492.526 996941.569 2289972.399 31666206.951 107110779263670.000
6533.000 3252.000 45281741.000 1.000 1440.000 540.000 949.000 35323.252 317871.686 1293837.121 2988822.285 3491458.579 93133769212652.938
6521.000 3137.000 45281751.000 1.000 1430.000 550.000 944.000 25539.873 304484.459 1568680.132 1997169.590 135767321.443 113257199304744.734
6511.000 3054.000 45281761.000 1.000 1430.000 550.000 944.000 19002.493 293548.437 1783479.088 3938656.612 330850762.117 75703042772973.734
6506.000 2992.000 45281771.000 1.000 1410.000 560.000 914.000 6110.000 288155.426 1952921.320 1866605.000 966078074.183 116053244926936.453
6506.000 2972.000 45281781.000 1.000 1400.000 550.000 887.000 0.000 288155.426 2009220.105 0.000 1383229727.514 159754588187779.219
6506.000 2972.000 45281791.000 1.000 1400.000 550.000 814.000 0.000 288155.426 2009220.105 3173228.500 1383229727.514 89608519573316.266
6506.000 2972.000 45281801.000 1.000 1390.000 560.000 605.000 10387.000 288155.426 2009220.105 9452360.021 718497115.851 10157263119935.520
6506.000 3006.000 45281811.000 1.000 1390.000 560.000 242.000 41327.622 288155.426 1913988.171 121651.526 17105052.498 156694181186299.812
7004.000 4117.000 45281901.000 0.000 1360.000 560.000 461.000 37743.780 1070813.327 74239.690 11530724.790 304685.775 1229174389863.101
7112.000 4177.000 45281911.000 1.000 1360.000 560.000 517.000 0.000 1305994.366 45143.337 4751600.666 1383229727.514 62217475580031.672
7112.000 4177.000 45281921.000 1.000 1380.000 550.000 546.000 15553.521 1305994.366 45143.337 2469290.206 468214966.973 103431258606583.406
7076.000 4141.000 45281931.000 1.000 1390.000 560.000 610.000 23636.304 1225008.686 61737.149 5145631.510 183751377.142 56156658570398.102
7041.000 4072.000 45281941.000 1.000 1390.000 560.000 667.000 40479.615 1148757.609 100786.955 296504.553 10809750.434 152347220187828.188
7000.000 3946.000 45281951.000 1.000 1410.000 560.000 722.000 41450.170 1062550.918 196665.298 265551.293 18133744.795 153112284377594.812
6955.000 3818.000 45281961.000 1.000 1410.000 560.000 757.000 40580.935 971803.819 326577.519 3251111.142 11486259.716 88140083426956.938
6933.000 3687.000 45281971.000 1.000 1410.000 560.000 788.000 29939.000 928912.570 493463.558 1834965.281 52603057.191 116735942802121.609
6933.000 3589.000 45281981.000 1.000 1410.000 560.000 802.000 23932.567 928912.570 640751.602 160851.554 175807167.153 155714325163853.000
6952.000 3513.000 45281991.000 1.000 1430.000 560.000 830.000 24459.086 965898.012 768198.983 1246346.517 162121916.888 129801808128408.812
6989.000 3442.000 45282001.000 1.000 1430.000 560.000 839.000 20379.392 1039994.294 897698.668 139369.405 282656945.350 156250918985467.625
7032.000 3391.000 45282011.000 1.000 1430.000 560.000 864.000 19923.191 1129546.189 996941.569 326142.940 298204736.201 151616451232491.062
7085.000 3353.000 45282021.000 1.000 1430.000 560.000 875.000 20990.762 1245012.106 1074269.259 1401466.586 262473519.139 126291285966974.766
7149.000 3328.000 45282031.000 1.000 1430.000 560.000 892.000 25578.214 1391930.647 1126717.740 1145559.623 134875298.677 132108508316440.234
7232.000 3317.000 45282041.000 1.000 1420.000 570.000 929.000 29328.000 1594666.631 1150191.071 162686.693 61839295.524 155668528767129.906
7328.000 3317.000 45282051.000 1.000 1420.000 570.000 944.000 29860.526 1846340.443 1150191.071 1258747.762 53747527.266 129519385671313.203
7434.000 3335.000 45282062.000 1.000 1420.000 570.000 985.000 34392.842 2145642.277 1111906.165 240563.836 7834146.339 153731291083647.062
7541.000 3370.000 45282072.000 1.000 1420.000 570.000 999.000 35180.285 2470558.714 1039318.292 855451.019 4046178.548 138861598867966.125
7647.000 3415.000 45282082.000 1.000 1400.000 580.000 1023.000 32380.118 2815016.548 949591.027 541850.991 23152250.067 146350841172601.906
7742.000 3462.000 45282092.000 1.000 1400.000 580.000 1023.000 30606.465 3142823.758 860199.884 2231434.016 43366591.074 108325884241134.391
7831.000 3508.000 45282102.000 1.000 1400.000 580.000 1023.000 23302.262 3466303.354 776988.679 2036839.682 192919168.857 112414416012962.406
7894.000 3551.000 45282112.000 1.000 1390.000 580.000 1023.000 16635.029 3704859.294 703031.292 101819.790 422580690.390 157191072094654.281
7932.000 3590.000 45282122.000 1.000 1390.000 580.000 1023.000 16968.318 3852588.178 639151.663 546686.751 408989082.975 146233862810366.406
7954.000 3641.000 45282132.000 1.000 1410.000 590.000 1023.000 18757.800 3939435.426 560206.762 1281693.784 339812227.268 128997630515088.547
7971.000 3700.000 45282142.000 1.000 1410.000 590.000 1023.000 22953.197 4007207.664 475368.348 604941.935 202737715.957 144828329287857.406
7984.000 3774.000 45282152.000 1.000 1410.000 590.000 1023.000 24933.367 4059423.493 378802.845 453090.105 150269094.010 148506299098728.875
7994.000 3855.000 45282162.000 1.000 1410.000 590.000 1023.000 26416.477 4099819.515 285657.767 510483.474 116107510.506 147110765628842.594
8003.000 3941.000 45282172.000 1.000 1420.000 590.000 1023.000 24745.500 4136346.935 201124.994 186660.500 154910296.772 155070874581352.688
8003.000 4022.000 45282182.000 1.000 1430.000 590.000 1023.000 24134.500 4136346.935 135033.917 667585.626 170492992.105 143324487002809.750
8003.000 4101.000 45282192.000 1.000 1430.000 590.000 1023.000 21949.277 4136346.935 83214.718 499919.589 232334400.961 147367134313458.688
7992.000 4172.000 45282202.000 1.000 1450.000 590.000 982.000 20312.879 4091724.310 47293.033 6205584.535 284897856.252 41394060758480.453
7978.000 4237.000 45282212.000 1.000 1460.000 580.000 456.000 0.000 4035281.879 23246.983 0.000 1383229727.514 159754588187779.219
