1425.000 6691.000 73113541.000 0.000 1310.000 520.000 244.000 158352.727 23423445.469 1403678.424 61809127.380 3479964583.043 1257895198908714.250
1224.000 6598.000 73113551.000 1.000 1320.000 510.000 279.000 71906.395 25409436.991 1191960.324 20316469.745 753782920.840 36310739931897.734
1129.000 6565.000 73113561.000 1.000 1320.000 500.000 343.000 43491.752 26376209.701 1120992.547 15314730.145 3121429006.694 121607497608083.484
1075.000 6537.000 73113571.000 1.000 1300.000 500.000 397.000 22072.549 26933789.662 1062485.463 12714522.535 5973582313.429 185716566660359.812
1047.000 6524.000 73113581.000 1.000 1300.000 500.000 440.000 4290.000 27225201.198 1035854.460 5875435.280 9038590563.380 418892923962547.812
1041.000 6524.000 73113591.000 1.000 1290.000 490.000 449.000 12507.392 27287850.527 1035854.460 6101481.815 7543636488.612 409691089179960.688
1056.000 6515.000 73113601.000 1.000 1290.000 490.000 468.000 21040.933 27131362.204 1017615.611 23660564.070 6134111586.845 7191756405765.447
1085.000 6510.000 73113611.000 1.000 1290.000 490.000 515.000 54132.631 26830094.114 1007552.918 29241952.740 2045650805.637 8407933239170.038
1159.000 6526.000 73113621.000 1.000 1270.000 490.000 561.000 95030.467 26068963.056 1039929.537 22903235.355 18757867.399 11827228223337.686
1288.000 6558.000 73113631.000 1.000 1270.000 490.000 595.000 127062.964 24768313.482 1106218.776 40618325.605 767370976.295 203804647251906.688
1453.000 6624.000 73113641.000 1.000 1270.000 490.000 619.000 183871.811 23153201.933 1249408.331 2590603.015 7141992264.302 564143541946771.250
1695.000 6711.000 73113651.000 1.000 1270.000 490.000 643.000 187495.032 20882865.662 1451469.198 10139129.715 7767519044.587 262543022181496.562
1937.000 6812.000 73113661.000 1.000 1280.000 490.000 673.000 201675.633 18729657.391 1705033.608 4375024.940 10468181326.045 482561573364841.375
2195.000 6926.000 73113671.000 1.000 1280.000 490.000 691.000 207794.549 16563088.243 2015745.021 12256128.170 11757725600.904 198420493191832.906
2464.000 7036.000 73113681.000 1.000 1280.000 490.000 713.000 190653.111 14445908.991 2340194.279 26859893.060 8334157805.782 267893155680.981
2715.000 7126.000 73113691.000 1.000 1300.000 500.000 740.000 153086.827 12600919.727 2623652.763 16587041.185 2886410506.322 95165252092830.938
2914.000 7205.000 73113701.000 1.000 1300.000 500.000 750.000 129888.168 11227709.314 2885817.321 2383950.140 931877314.328 574002964054744.875
3079.000 7281.000 73113711.000 1.000 1320.000 500.000 760.000 133222.364 10149177.766 3149806.263 17289244.830 1146557950.151 81957972676196.188
3250.000 7355.000 73113721.000 1.000 1340.000 500.000 760.000 109041.602 9088882.888 3417948.127 11377812.160 93704328.797 223936168666352.812
3387.000 7422.000 73113731.000 1.000 1340.000 500.000 760.000 93128.578 8281602.875 3670172.221 15054540.215 38849346.234 127413726400482.797
3501.000 7485.000 73113741.000 1.000 1350.000 510.000 759.000 72073.277 7638465.624 3915528.160 29478499.765 744647243.985 9835691887425.232
3582.000 7545.000 73113751.000 1.000 1360.000 500.000 756.000 30844.606 7197294.682 4156580.482 13363068.290 4694565088.531 168460692003174.531
3612.000 7576.000 73113761.000 1.000 1370.000 510.000 731.000 12155.000 7037228.037 4283945.182 21175392.810 7604974056.059 26697023947550.914
3612.000 7593.000 73113771.000 1.000 1370.000 510.000 649.000 41770.934 7037228.037 4354606.340 19471630.035 3316673565.477 47206230813808.453
3554.000 7600.000 73113781.000 1.000 1380.000 510.000 509.000 69003.983 7348314.217 4383870.111 13208685.490 921578982.457 172492069128345.000
3459.000 7583.000 73113791.000 1.000 1400.000 510.000 148.000 87477.669 7872386.927 4312970.953 394903.693 141225495.627 673267847353623.625
2346.000 7555.000 73113882.000 0.000 1380.000 490.000 223.000 82451.622 15356816.462 4197455.869 44127384.730 285944054.215 316308915165909.062
2239.000 7512.000 73113892.000 1.000 1380.000 490.000 344.000 20735.000 16206883.830 4023110.705 2623656.035 6182126875.345 562574503216381.188
2210.000 7512.000 73113902.000 1.000 1370.000 480.000 336.000 24404.449 16441219.921 4023110.705 4822855.180 5618559850.300 463086897013685.375
2181.000 7494.000 73113912.000 1.000 1370.000 480.000 366.000 17659.197 16677238.011 3951227.008 2710424.145 6675266703.194 558465986524907.938
2168.000 7473.000 73113922.000 1.000 1380.000 490.000 420.000 21450.000 16783585.224 3868181.695 24433795.100 6070202201.953 3642425688079.101
2168.000 7443.000 73113932.000 1.000 1380.000 490.000 488.000 55623.140 16783585.224 3751075.534 12676754.805 1913044343.035 186747374188755.969
2144.000 7369.000 73113942.000 1.000 1380.000 490.000 540.000 73352.867 16980806.540 3469909.669 9922150.095 676449113.944 269621621748476.875
2126.000 7268.000 73113952.000 1.000 1380.000 490.000 589.000 87230.000 17129478.527 3103831.260 15620432.685 147173349.816 114958633857876.547
2126.000 7146.000 73113962.000 1.000 1380.000 490.000 645.000 109076.759 17129478.527 2688843.537 10061110.345 94386211.337 265077432898816.344
2139.000 6994.000 73113972.000 1.000 1380.000 490.000 679.000 123148.242 17022039.314 2213457.653 12727232.375 565808982.103 185370314226802.812
2148.000 6822.000 73113982.000 1.000 1370.000 500.000 733.000 105347.917 16947856.321 1731248.995 910498.160 35837160.091 646777007686346.000
2158.000 6675.000 73113992.000 1.000 1380.000 500.000 758.000 106621.341 16865620.772 1366021.805 2494391.185 52705256.896 568723188879117.375
2164.000 6526.000 73114002.000 1.000 1380.000 500.000 762.000 110110.000 16816375.443 1039929.537 14578569.005 115530201.247 138385581021990.078
2164.000 6372.000 73114012.000 1.000 1370.000 510.000 782.000 89720.393 16816375.443 749556.576 10982680.995 92950989.934 235918175522965.156
2175.000 6247.000 73114022.000 1.000 1370.000 510.000 791.000 74360.000 16726279.340 548739.237 24538800.000 625075120.886 3252645073672.348
2175.000 6143.000 73114032.000 1.000 1360.000 510.000 796.000 40040.000 16726279.340 405475.211 18915325.000 3519040643.740 55160092821197.922
2175.000 6087.000 73114042.000 1.000 1360.000 510.000 783.000 13585.000 16726279.340 337293.044 7157150.000 7357608359.273 368070329691137.750
2175.000 6068.000 73114052.000 1.000 1350.000 520.000 788.000 3575.000 16726279.340 315584.808 15691098.995 9175054036.772 113448276700201.766
2175.000 6073.000 73114062.000 1.000 1350.000 520.000 788.000 25520.593 16726279.340 321227.502 41879878.040 5452479896.970 241416048566204.344
2182.000 6108.000 73114072.000 1.000 1350.000 520.000 779.000 84093.849 16669071.456 362126.356 29003623.935 233101239.505 7082596651154.071
2194.000 6225.000 73114082.000 1.000 1340.000 520.000 725.000 124658.358 16571228.798 516629.385 30278345.955 639930904.634 15492386124159.352
2228.000 6396.000 73114092.000 1.000 1340.000 520.000 619.000 167005.695 16295571.933 791689.505 9789330.265 4575736796.215 274001108310944.094
2274.000 6625.000 73114102.000 1.000 1340.000 520.000 518.000 180697.066 15926304.411 1251644.869 5986540.560 6615473910.590 414357312852807.000
2336.000 6870.000 73114112.000 1.000 1340.000 520.000 468.000 189069.850 15435292.011 1859866.853 37178963.250 8047587634.042 117433073167375.953
2406.000 7125.000 73114122.000 1.000 1340.000 520.000 440.000 137071.300 14890163.172 2620414.224 19995992.445 1422028837.101 40275735085141.688
2482.000 7301.000 73114132.000 1.000 1340.000 520.000 418.000 109104.877 14309405.004 3221197.037 15044165.565 94933349.130 127648047336770.312
2555.000 7435.000 73114142.000 1.000 1340.000 520.000 423.000 88064.086 13762448.501 3720151.224 22375715.505 127631616.695 15733864747652.086
2616.000 7542.000 73114152.000 1.000 1340.000 520.000 428.000 56769.379 13313576.656 4144356.866 12245917.970 1814088973.385 198708242889079.281
2668.000 7602.000 73114162.000 1.000 1340.000 520.000 442.000 39642.221 12936807.804 4392249.189 11754956.785 3566392567.657 212790847561042.406
2711.000 7637.000 73114172.000 1.000 1350.000 520.000 466.000 23201.722 12629333.946 4540178.044 8019538.670 5800312146.400 335723916229360.188
2738.000 7655.000 73114182.000 1.000 1350.000 520.000 483.000 11985.584 12438158.966 4617209.740 15195397.360 7634551111.452 124253641338667.109
2754.000 7650.000 73114192.000 1.000 1340.000 510.000 530.000 33237.888 12325558.088 4595747.047 11601926.765 4372332377.694 217278871381077.219
2769.000 7606.000 73114202.000 1.000 1350.000 510.000 574.000 49464.359 12220459.766 4409031.344 27513658.315 2489724916.744 1372058983552.863
2774.000 7537.000 73114212.000 1.000 1350.000 510.000 613.000 87945.000 12185526.991 4124024.173 13032364.345 130336526.423 177154629380336.781
2774.000 7414.000 73114222.000 1.000 1350.000 510.000 659.000 106172.083 12185526.991 3639583.911 8725196.480 46384008.483 310362657064684.250
2753.000 7267.000 73114232.000 1.000 1360.000 500.000 673.000 118375.155 12332580.643 3100308.721 1309922.900 361518986.236 626620358864417.375
2724.000 7104.000 73114242.000 1.000 1360.000 500.000 696.000 120207.215 12537104.733 2552866.911 9264408.725 434543734.945 291654681217379.250
2687.000 6940.000 73114252.000 1.000 1360.000 500.000 699.000 107250.000 12800491.262 2055694.563 7723306.305 62228394.818 346667265079077.438
2645.000 6796.000 73114262.000 1.000 1370.000 500.000 702.000 96448.173 13102788.566 1663504.989 10276356.090 8487488.033 258114846118544.062
2609.000 6666.000 73114272.000 1.000 1360.000 500.000 667.000 82075.647 13364708.540 1345064.956 8539716.185 298800795.962 316932314496117.875
2573.000 6557.000 73114282.000 1.000 1360.000 500.000 589.000 70131.988 13629220.514 1104116.237 7709616.915 854364510.457 347177218059818.875
2534.000 6467.000 73114292.000 1.000 1360.000 500.000 465.000 59349.307 13918700.153 923077.753 4065592.245 1600975778.534 496252113836476.625
2503.000 6390.000 73114302.000 1.000 1350.000 510.000 203.000 65035.450 14150969.353 781048.273 3128821.124 1178277871.485 538866024010474.688
1845.000 5762.000 73114402.000 0.000 1280.000 540.000 132.000 108795.186 19534432.437 65417.963 42946408.505 88994386.782 275696117052138.406
1733.000 5659.000 73114412.000 1.000 1280.000 540.000 244.000 48730.279 20537006.579 23338.476 3153941.505 2563520780.204 537700391719425.875
1670.000 5633.000 73114422.000 1.000 1260.000 540.000 296.000 53141.386 21111979.533 16070.469 117112.710 2136299157.495 687760925692462.750
1602.000 5603.000 73114432.000 1.000 1250.000 540.000 341.000 52977.592 21741493.262 9364.308 0.000 2151467141.452 693917248718329.375
1539.000 5564.000 73114442.000 1.000 1240.000 540.000 377.000 52977.592 22332972.217 3337.298 4118768.940 2151467141.452 493885737241771.625
1476.000 5525.000 73114452.000 1.000 1230.000 530.000 423.000 47217.076 22932389.172 352.289 5531514.560 2719041201.725 433089169384819.250
1420.000 5490.000 73114462.000 1.000 1220.000 540.000 450.000 39480.692 23471868.243 263.434 5526620.385 3585711450.877 433292896678503.375
1375.000 5458.000 73114472.000 1.000 1210.000 530.000 491.000 31751.153 23909923.211 2326.195 15748662.930 4571159342.282 112225339174506.828
1339.000 5432.000 73114482.000 1.000 1190.000 530.000 512.000 9725.051 24263283.185 5510.189 4397286.465 8034693414.669 481584018449318.250
1328.000 5424.000 73114492.000 1.000 1180.000 530.000 520.000 3575.000 24371771.288 6761.879 5230622.540 9175054036.772 445703309406391.625
1333.000 5424.000 73114502.000 1.000 1180.000 530.000 519.000 10890.556 24322428.514 6761.879 2437752.460 7827108352.060 571427828153503.875
1347.000 5430.000 73114512.000 1.000 1170.000 530.000 562.000 14300.000 24184534.746 5811.111 8207979.780 7235459185.881 328853899885100.938
1367.000 5430.000 73114522.000 1.000 1160.000 520.000 592.000 25779.692 23988223.650 5811.111 12432134.000 5414282817.706 193492971311808.031
1397.000 5450.000 73114532.000 1.000 1160.000 520.000 608.000 43167.292 23695257.004 3161.885 375068638.945 3157789279.398 121610053127185088.000
1451.000 5477.000 73114542.000 1.000 1160.000 520.000 627.000 567738.815 23172453.043 854.431 3560292078.200 219377306984.083 12488800970522159104.000
1519.000 5518.000 73114543.000 1.000 1150.000 510.000 641.000 69795.867 22522403.314 138.518 5709152.735 874126794.984 425727141581276.312
1604.000 5566.000 73114553.000 1.000 1150.000 510.000 658.000 77780.696 21722846.153 3572.376 2462052.450 465731203.691 570266657668406.625
1699.000 5619.000 73114563.000 1.000 1150.000 510.000 669.000 81224.126 20846323.443 12716.927 9617194.730 328964421.681 279729450688556.094
1800.000 5671.000 73114573.000 1.000 1160.000 520.000 684.000 94674.748 19934237.404 27148.940 16037720.270 21965666.549 106184550954729.641
1917.000 5733.000 73114583.000 1.000 1160.000 520.000 699.000 117105.126 18903168.488 51424.340 11677350.685 314836179.432 215061005312781.094
2066.000 5801.000 73114593.000 1.000 1160.000 520.000 694.000 133437.085 17629731.817 86888.973 2334105.345 1161145331.398 576393847540125.750
2236.000 5878.000 73114603.000 1.000 1170.000 530.000 697.000 136701.568 16231047.495 138212.453 2360132.775 1394280501.060 575144781281921.750
2411.000 5955.000 73114613.000 1.000 1170.000 530.000 699.000 133400.683 14851600.398 201393.934 12917235.045 1158665817.786 180232613381411.875
2588.000 6014.000 73114623.000 1.000 1180.000 530.000 697.000 115334.620 13518692.191 257829.718 11442606.175 255140486.739 222001147252340.938
2742.000 6062.000 73114633.000 1.000 1210.000 530.000 703.000 99330.975 12409960.746 308879.576 15712393.840 931.920 112995098434129.812
2880.000 6078.000 73114643.000 1.000 1220.000 540.000 707.000 77355.599 11456718.179 326920.195 5279676.545 484259783.243 443634490145655.875
2987.000 6062.000 73114653.000 1.000 1230.000 530.000 713.000 69971.436 10743824.811 308879.576 6734818.090 863776001.385 384453703706029.875
3078.000 6026.000 73114663.000 1.000 1240.000 540.000 722.000 79390.762 10155550.321 270160.182 8953375.145 398830471.029 302375024090286.938
3158.000 5949.000 73114673.000 1.000 1240.000 540.000 731.000 91912.965 9652065.933 196044.702 9111670.425 55480708.991 296894909147350.375
3209.000 5831.000 73114683.000 1.000 1260.000 540.000 728.000 104656.560 9337775.637 105475.134 16679834.600 28037635.278 93363413462558.453
3229.000 5686.000 73114693.000 1.000 1260.000 540.000 757.000 127985.000 9215944.540 32317.021 20779989.945 819304616.427 30939394381739.227
3229.000 5507.000 73114703.000 1.000 1260.000 540.000 759.000 157047.923 9215944.540 0.592 16174772.900 3327723124.804 103378792377687.688
3195.000 5290.000 73114713.000 1.000 1260.000 540.000 774.000 179669.983 9423533.404 46755.692 2805598.510 6449452060.685 553976745395976.500
3131.000 5047.000 73114723.000 1.000 1260.000 540.000 785.000 175746.069 9820560.914 210892.785 2667182.375 5834602018.859 560511625443359.188
3047.000 4816.000 73114733.000 1.000 1260.000 540.000 812.000 179476.394 10354091.521 476418.344 7104913.530 6418395860.473 370077388315477.312
2942.000 4588.000 73114743.000 1.000 1250.000 540.000 828.000 169539.452 11040849.779 843147.518 3646738.095 4924944613.909 515088943241606.688
2830.000 4379.000 73114753.000 1.000 1240.000 540.000 866.000 164439.119 11797695.921 1270648.927 10411649.105 4235096185.905 253785927875317.656
2713.000 4181.000 73114763.000 1.000 1240.000 540.000 873.000 149877.372 12615122.837 1756236.263 7014400.250 2551853084.214 373568060512724.500
2585.000 4015.000 73114773.000 1.000 1230.000 550.000 884.000 140067.022 13540761.856 2223768.837 6214586.950 1656939328.138 405125198946367.875
2459.000 3865.000 73114783.000 1.000 1210.000 550.000 887.000 131375.292 14483941.766 2693638.031 26246680.460 1024882726.309 9144836782.392
2340.000 3725.000 73114793.000 1.000 1200.000 550.000 893.000 94666.648 15403877.791 3172782.611 15326630.605 22041657.580 121345172704530.766
2227.000 3656.000 73114803.000 1.000 1180.000 560.000 897.000 73230.801 16303646.488 3423353.440 3933764.120 682813554.223 502142888119310.688
2126.000 3639.000 73114813.000 1.000 1170.000 560.000 896.000 67729.033 17129478.527 3486550.282 440540.815 1000613118.607 670901600288245.375
2033.000 3657.000 73114823.000 1.000 1150.000 550.000 897.000 68345.174 17907940.127 3419653.979 16651825.190 962012625.716 93905478409375.375
1962.000 3721.000 73114833.000 1.000 1160.000 560.000 887.000 91634.440 18513893.521 3187048.456 16010143.435 59707492.910 106753647328372.047
1917.000 3841.000 73114843.000 1.000 1140.000 570.000 876.000 114026.249 18903168.488 2772993.102 21289751.340 215054793.646 25528339917826.758
1889.000 3998.000 73114853.000 1.000 1140.000 570.000 851.000 143802.125 19147428.024 2274759.679 28908995.830 1974968939.513 6587880770115.289
1896.000 4199.000 73114863.000 1.000 1130.000 570.000 817.000 184234.287 19086216.140 1708851.960 20367721.660 7203389570.412 35695695077839.820
1933.000 4454.000 73114873.000 1.000 1130.000 570.000 780.000 212720.611 18764295.611 1107189.331 1958628.815 12850287508.803 594563864239604.125
1990.000 4746.000 73114883.000 1.000 1130.000 570.000 727.000 209981.270 18273721.985 577950.634 14659089.445 12236732989.944 136497621506262.734
2072.000 5028.000 73114893.000 1.000 1130.000 570.000 666.000 189479.047 17579382.488 228704.550 9992867.170 8121171849.675 267304251421440.750
2154.000 5280.000 73114903.000 1.000 1130.000 570.000 603.000 175503.009 16898490.991 51180.305 10303491.770 5797529031.493 257243661344126.000
2237.000 5511.000 73114913.000 1.000 1130.000 570.000 546.000 161092.531 16222990.940 22.747 114643.815 3810719895.399 687890426300387.625
2316.000 5722.000 73114923.000 1.000 1140.000 570.000 489.000 160932.190 15592843.108 46556.414 4035319.145 3790949574.913 497601800851104.688
2397.000 5932.000 73114933.000 1.000 1140.000 570.000 465.000 155288.387 14959702.166 181279.544 2409417.725 3127816424.129 572783289566083.500
2484.000 6131.000 73114943.000 1.000 1160.000 560.000 417.000 151918.572 14294277.895 390336.747 18133509.680 2762245567.821 67384387917289.570
2575.000 6323.000 73114953.000 1.000 1170.000 560.000 420.000 126557.020 13614457.404 667112.179 38574383.705 739596179.023 149623649143035.062
2644.000 6486.000 73114963.000 1.000 1180.000 560.000 436.000 72606.833 13110029.121 959947.989 27626662.635 715812333.236 1649564002945.665
2698.000 6572.000 73114973.000 1.000 1210.000 550.000 460.000 33968.144 12721901.159 1135864.318 16687317.075 4276291319.245 93218871002222.266
2729.000 6608.000 73114983.000 1.000 1230.000 550.000 472.000 10629.239 12501721.959 1213895.711 1090919.115 7873414563.221 637632696173011.750
2743.000 6613.000 73114993.000 1.000 1240.000 540.000 502.000 12155.000 12402916.191 1224938.405 8607929.330 7604974056.059 314508225825499.000
2743.000 6596.000 73115003.000 1.000 1250.000 540.000 532.000 24194.062 12402916.191 1187597.247 23755509.635 5650144092.165 6691531471965.841
2754.000 6564.000 73115013.000 1.000 1270.000 530.000 566.000 57418.551 12325558.088 1118876.008 22848861.035 1759211169.843 12204179382638.275
2761.000 6484.000 73115023.000 1.000 1280.000 530.000 613.000 89375.000 12276456.204 956032.911 14825525.000 99730229.638 132636316005307.422
2761.000 6359.000 73115033.000 1.000 1280.000 530.000 636.000 110110.000 12276456.204 727215.573 15936361.870 115530201.247 108283737752907.344
2761.000 6205.000 73115043.000 1.000 1290.000 520.000 664.000 132398.618 12276456.204 488278.611 11809791.565 1091451008.979 211194065904192.406
2753.000 6020.000 73115053.000 1.000 1300.000 520.000 687.000 148915.809 12332580.643 263958.950 8264178.065 2455629305.324 326818821717522.875
2730.000 5813.000 73115063.000 1.000 1300.000 520.000 702.000 160474.100 12494651.404 94107.437 1066740.675 3734749588.771 638854359205308.875
2697.000 5591.000 73115073.000 1.000 1320.000 510.000 739.000 161966.045 12729035.714 7185.844 12181373.490 3919328757.588 200532097349698.719
2632.000 5374.000 73115083.000 1.000 1320.000 510.000 788.000 179002.931 13197071.779 17484.944 8014128.980 6342757153.816 335922186510040.625
2543.000 5140.000 73115093.000 1.000 1320.000 510.000 809.000 190211.503 13851627.159 134124.885 1174837.235 8253722614.002 633401640074025.125
2437.000 4896.000 73115103.000 1.000 1320.000 510.000 818.000 191854.632 14651879.972 372381.440 11691410.445 8554979028.275 214648831398183.469
2317.000 4656.000 73115113.000 1.000 1300.000 520.000 836.000 175503.009 15584946.553 722892.150 6922326.125 5797529031.493 377135738748100.438
2182.000 4451.000 73115123.000 1.000 1290.000 520.000 843.000 165821.434 16669071.456 1113511.714 501527.455 4416922511.921 667745996022986.250
2037.000 4270.000 73115133.000 1.000 1280.000 530.000 849.000 166522.871 17874101.908 1528266.208 26832005.200 4510649435.908 239802270385.202
1888.000 4091.000 73115143.000 1.000 1270.000 530.000 851.000 128995.591 19156180.579 2002877.779 17470543.805 878179208.778 78708219449023.062
1745.000 3981.000 73115153.000 1.000 1270.000 530.000 848.000 104561.264 20428387.921 2326328.521 9252651.980 27037520.982 292056380478119.938
1614.000 3916.000 73115163.000 1.000 1250.000 540.000 837.000 91620.492 21629730.604 2528833.505 2106445.770 59923241.588 587377071348954.250
1486.000 3910.000 73115173.000 1.000 1240.000 540.000 817.000 88674.414 22836713.624 2547952.273 11488330.425 114213857.883 220640682476444.969
1381.000 3976.000 73115183.000 1.000 1220.000 540.000 784.000 104742.009 23851281.882 2341605.827 31681178.815 28949851.568 28503529834071.191
1289.000 4090.000 73115193.000 1.000 1220.000 540.000 763.000 149051.350 24758360.927 2005709.240 11695737.625 2469080957.236 214522055971386.594
1218.000 4286.000 73115203.000 1.000 1190.000 530.000 740.000 132693.675 25469962.321 1488962.827 6799758.680 1111033732.064 381911276917045.250
1177.000 4467.000 73115213.000 1.000 1180.000 540.000 727.000 123183.523 25885479.069 1080000.334 46588175.920 567488666.773 409895123294417.000
1156.000 4638.000 73115223.000 1.000 1170.000 530.000 720.000 58025.235 26099606.721 753824.453 9280868.025 1708687000.297 291092771554652.125
1151.000 4719.000 73115233.000 1.000 1170.000 530.000 730.000 45045.000 26150719.495 619732.089 6645925.000 2950282429.991 387947546613526.438
1151.000 4782.000 73115243.000 1.000 1160.000 520.000 731.000 35750.000 26150719.495 524510.027 18013103.680 4046423234.097 69375662928047.234
1151.000 4832.000 73115253.000 1.000 1160.000 520.000 733.000 10556.848 26150719.495 454586.963 1392182.220 7886266638.234 622508831326570.500
1158.000 4845.000 73115263.000 1.000 1150.000 510.000 731.000 8609.740 26079175.611 437225.966 2534860.900 8235882373.729 566794589794225.125
1167.000 4853.000 73115273.000 1.000 1150.000 510.000 720.000 12155.000 25987334.617 426710.276 6064017.960 7604974056.059 411209091557360.438
1184.000 4853.000 73115283.000 1.000 1160.000 500.000 727.000 20636.144 25814299.185 426710.276 10590783.060 6197682050.891 248110572587833.312
1212.000 4846.000 73115293.000 1.000 1160.000 500.000 746.000 35448.428 25530559.650 435904.505 13142520.820 4084881075.755 174234410636016.875
1249.000 4813.000 73115303.000 1.000 1150.000 490.000 762.000 53829.576 25158023.121 480568.727 11100678.160 2073156319.198 232307313710231.750
1307.000 4765.000 73115313.000 1.000 1160.000 490.000 791.000 69355.000 24579556.940 549422.869 8836386.845 900390184.636 306457313997032.000
1379.000 4700.000 73115323.000 1.000 1160.000 490.000 823.000 81713.583 23870820.991 650007.853 8662235.725 311449058.181 312584994544301.125
1473.000 4635.000 73115333.000 1.000 1160.000 490.000 827.000 93828.598 22961130.837 759042.837 489072.155 30613030.796 668389860532729.375
1587.000 4570.000 73115343.000 1.000 1160.000 490.000 840.000 94512.615 21881601.585 876527.821 3935680.320 23511708.752 502057013283351.938
1715.000 4537.000 73115353.000 1.000 1160.000 490.000 851.000 89008.167 20700474.566 939408.044 2889157.700 107191553.337 550050310589885.500
1839.000 4526.000 73115363.000 1.000 1170.000 500.000 857.000 93048.947 19587505.766 960852.118 5581727.580 39848355.332 431001745047293.875
1969.000 4532.000 73115373.000 1.000 1180.000 510.000 863.000 100855.559 18453703.637 949125.350 3151291.715 2232205.206 537823287349951.812
2108.000 4556.000 73115383.000 1.000 1180.000 510.000 858.000 105262.960 17278798.514 902938.279 7684562.600 34827202.128 348111504457119.562
2251.000 4591.000 73115393.000 1.000 1170.000 520.000 857.000 94515.320 16110409.172 837647.134 3643464.110 23485483.588 515237563878657.875
2376.000 4634.000 73115403.000 1.000 1170.000 520.000 839.000 99611.074 15122589.817 760786.298 7053958.340 62285.997 372040475039611.188
2504.000 4689.000 73115413.000 1.000 1180.000 530.000 829.000 109476.750 14143446.798 667865.927 13660801.440 102318234.564 160820636529861.969
2644.000 4751.000 73115423.000 1.000 1170.000 530.000 787.000 128582.766 13110029.121 570373.327 3626350.585 853882247.983 516014771253809.625
2790.000 4856.000 73115433.000 1.000 1180.000 540.000 770.000 123510.947 12074078.114 422799.892 3164669.365 583195675.813 537202983684031.375
2918.000 4972.000 73115443.000 1.000 1180.000 540.000 751.000 127937.058 11200919.095 285402.382 1376031.800 816562379.416 623315002218966.125
3047.000 5096.000 73115453.000 1.000 1190.000 540.000 730.000 126012.538 10354091.521 168289.182 8402074.395 710277700.014 321852021269387.625
3177.000 5215.000 73115463.000 1.000 1190.000 540.000 725.000 114261.385 9534369.391 84815.289 18286440.315 222006502.311 64897021880643.945
3290.000 5328.000 73115473.000 1.000 1200.000 550.000 727.000 88685.944 8849300.695 31766.163 11504116.195 113967546.566 220171968685083.531
3391.000 5400.000 73115483.000 1.000 1200.000 550.000 730.000 72596.271 8258596.656 11284.950 13289383.965 716377610.428 170378854579115.312
3481.000 5447.000 73115493.000 1.000 1200.000 550.000 748.000 54009.720 7749416.721 3508.269 4269629.650 2056784164.370 487203178101100.312
3556.000 5456.000 73115503.000 1.000 1200.000 550.000 763.000 48038.210 7337475.108 2523.118 4296690.970 2634080339.961 486009278732434.500
3621.000 5439.000 73115513.000 1.000 1200.000 550.000 794.000 54047.568 6989559.043 4519.960 6995527.110 2053352648.323 374297973367403.438
3688.000 5404.000 73115523.000 1.000 1210.000 550.000 818.000 63831.522 6639781.869 10451.105 429359745.100 1262379505.276 162423053720038784.000
3755.000 5345.000 73115533.000 1.000 1200.000 540.000 846.000 664334.662 6298982.695 25995.321 4246884055.700 319194671099.389 17812972634793635840.000
3807.000 5268.000 73115534.000 1.000 1200.000 540.000 860.000 70364.864 6040669.843 56753.840 462799.480 840805036.910 669749018170087.500
3849.000 5179.000 73115544.000 1.000 1220.000 540.000 887.000 71012.136 5835980.540 107079.895 553788.950 803686573.727 665047771525376.500
3891.000 5089.000 73115554.000 1.000 1220.000 540.000 909.000 70237.606 5634819.237 174081.411 1214232.305 848201339.921 631420243413878.375
3928.000 4998.000 73115564.000 1.000 1220.000 540.000 897.000 68539.379 5460528.708 258298.389 11981528.845 950003289.195 206232009531518.281
3961.000 4908.000 73115574.000 1.000 1230.000 530.000 906.000 51781.996 5307390.398 357879.905 6308054.610 2263809426.658 401371352968858.125
3983.000 4839.000 73115584.000 1.000 1230.000 530.000 906.000 42959.542 5206508.191 445196.734 15785151.525 3181181133.870 111453576062733.266
4002.000 4782.000 73115594.000 1.000 1230.000 530.000 906.000 20882.407 5120161.650 524510.027 7262546.005 6158968410.499 364037359760155.438
4020.000 4759.000 73115604.000 1.000 1230.000 530.000 906.000 10725.000 5039025.662 558353.637 5524796.420 7856429552.845 433368834180685.812
4035.000 4759.000 73115614.000 1.000 1230.000 530.000 897.000 18451.988 4971907.340 558353.637 39403409.760 6546349516.007 170592350451452.344
4050.000 4780.000 73115624.000 1.000 1230.000 530.000 872.000 73561.652 4905239.017 527410.950 21657860.510 665632279.248 21944058592066.059
4087.000 4876.000 73115634.000 1.000 1220.000 530.000 774.000 103852.366 4742714.488 397190.666 3752959.925 20167856.120 510278696148689.562
4138.000 5012.000 73115644.000 1.000 1220.000 530.000 583.000 109101.261 4523182.191 244263.931 1990266.427 94862898.120 593021982346121.375
5970.000 7825.000 73115864.000 0.000 1390.000 470.000 65.000 47862.294 86893.727 5376691.321 19680805.430 2652168463.002 44375631145015.469
5986.000 7760.000 73115874.000 1.000 1400.000 470.000 106.000 20336.692 77716.850 5079476.305 6361134.780 6244920654.422 399247327205003.625
5958.000 7755.000 73115884.000 1.000 1420.000 470.000 91.000 11440.000 94112.385 5056963.611 8179600.000 7730190579.452 329884001850110.375
5958.000 7771.000 73115894.000 1.000 1420.000 470.000 98.000 0.000 94112.385 5129180.231 3067350.000 9872708153.736 541723721105247.250
5958.000 7771.000 73115904.000 1.000 1420.000 470.000 137.000 4290.000 94112.385 5129180.231 3067350.000 9038590563.380 541723721105247.250
5958.000 7777.000 73115914.000 1.000 1430.000 480.000 205.000 0.000 94112.385 5156393.463 2556125.000 9872708153.736 565782554037636.000
5958.000 7777.000 73115924.000 1.000 1420.000 480.000 216.000 3575.000 94112.385 5156393.463 2556125.000 9175054036.772 565782554037636.000
5958.000 7782.000 73115934.000 1.000 1420.000 480.000 239.000 0.000 94112.385 5179126.156 0.000 9872708153.736 693917248718329.375
5958.000 7782.000 73115944.000 1.000 1420.000 480.000 252.000 0.000 94112.385 5179126.156 4089800.000 9872708153.736 495174161244219.875
5958.000 7782.000 73115954.000 1.000 1420.000 480.000 306.000 5720.000 94112.385 5179126.156 0.000 8768730966.594 693917248718329.375
5958.000 7774.000 73115964.000 1.000 1420.000 480.000 367.000 5720.000 94112.385 5142777.847 3229828.030 8768730966.594 534186781209692.688
5958.000 7766.000 73115974.000 1.000 1420.000 480.000 415.000 10237.242 94112.385 5106557.537 859971.970 7943133786.960 649349505605416.000
5952.000 7753.000 73115984.000 1.000 1420.000 480.000 436.000 11440.000 97829.714 5047972.534 2006485.910 7730190579.452 592232290333451.250
5952.000 7737.000 73115994.000 1.000 1430.000 490.000 448.000 14246.274 97829.714 4976331.914 3105764.090 7244602100.917 539937024000332.688
5946.000 7718.000 73116004.000 1.000 1430.000 490.000 453.000 18590.000 101619.043 4891923.679 2044900.000 6524035595.524 590364088971274.625
5946.000 7692.000 73116014.000 1.000 1430.000 490.000 465.000 21450.000 101619.043 4777587.673 3253250.000 6070202201.953 533104650121878.625
5946.000 7659.000 73116025.000 1.000 1430.000 490.000 489.000 26455.000 101619.043 4634415.895 14631320.275 5315358088.203 137147259258557.594
5946.000 7622.000 73116035.000 1.000 1430.000 490.000 521.000 46918.385 101619.043 4476479.963 9326208.320 2750280559.754 289547685754074.375
5937.000 7557.000 73116045.000 1.000 1430.000 490.000 567.000 59962.033 107438.037 4205654.947 19910072.325 1552318186.841 41373669929268.445
5925.000 7474.000 73116055.000 1.000 1430.000 490.000 622.000 87808.288 115448.695 3872116.234 8578297.585 133476762.339 315560105103964.562
5904.000 7353.000 73116065.000 1.000 1430.000 490.000 661.000 99805.907 130160.346 3410557.050 5564125.710 197495.473 431732904987199.250
5883.000 7215.000 73116075.000 1.000 1430.000 490.000 673.000 107587.901 145753.998 2919892.708 16126027.060 67673634.377 104372418720200.828
5862.000 7066.000 73116085.000 1.000 1430.000 490.000 699.000 130141.785 162229.650 2432880.440 1801184.385 947425798.624 602266802275680.625
5829.000 6887.000 73116095.000 1.000 1430.000 490.000 690.000 132660.924 189901.959 1906524.011 1074012.225 1108851480.721 638486826961587.000
5784.000 6707.000 73116105.000 1.000 1420.000 490.000 710.000 134163.039 231146.927 1441847.044 1085021.795 1211146951.630 637930562005767.250
5731.000 6527.000 73116115.000 1.000 1420.000 490.000 720.000 135680.552 284918.333 1041970.076 6374735.510 1319073365.839 398703995070842.438
5668.000 6348.000 73116125.000 1.000 1420.000 490.000 742.000 144596.266 356143.288 708575.647 909834.640 2046183840.428 646810757156994.625
5591.000 6161.000 73116135.000 1.000 1420.000 490.000 765.000 145868.762 453976.011 428722.908 4076300.800 2162925198.052 495775125614305.125
5505.000 5976.000 73116145.000 1.000 1410.000 500.000 784.000 151569.882 577261.727 220683.247 8883037.020 2725714903.321 304826181562398.188
5398.000 5793.000 73116155.000 1.000 1400.000 500.000 815.000 139146.054 751303.095 82236.663 6432887.890 1582810548.195 396385052915978.438
5266.000 5650.000 73116165.000 1.000 1380.000 500.000 832.000 148143.100 997556.333 20669.627 5501280.070 2379644267.083 434348491028026.250
5118.000 5505.000 73116175.000 1.000 1370.000 510.000 822.000 155837.198 1315098.450 1.514 2423521.100 3189504196.601 572108419387479.000
4958.000 5357.000 73116185.000 1.000 1370.000 510.000 822.000 152447.658 1707667.224 22269.785 1422737.745 2818139919.299 620985036515410.250
4786.000 5231.000 73116195.000 1.000 1360.000 510.000 822.000 150457.815 2186782.656 75751.908 12440026.885 2610833164.119 193273450784653.812
4606.000 5122.000 73116205.000 1.000 1340.000 510.000 833.000 133059.176 2751542.527 147633.189 19730323.470 1135533207.900 43718353970921.539
4432.000 5056.000 73116215.000 1.000 1330.000 520.000 837.000 105464.318 3359073.069 202707.634 10318588.280 37244358.582 256759628916320.062
4286.000 5035.000 73116225.000 1.000 1330.000 520.000 840.000 91032.726 3915560.075 222058.321 17897596.145 69368515.864 71313176891827.609
4159.000 5044.000 73116235.000 1.000 1300.000 520.000 846.000 66001.123 4434298.540 213657.169 13554684.000 1112914911.883 163523355697366.781
4074.000 5080.000 73116245.000 1.000 1290.000 520.000 845.000 47043.523 4799505.701 181672.563 4051249.345 2737170965.630 496891344999615.438
4029.000 5128.000 73116255.000 1.000 1280.000 520.000 846.000 41377.440 4998700.669 143058.421 7734555.400 3362151489.227 346248497758723.938
4011.000 5183.000 73116265.000 1.000 1270.000 520.000 839.000 52195.000 5079512.656 104478.050 12900463.290 2224678946.063 180683218778991.281
4011.000 5256.000 73116275.000 1.000 1270.000 520.000 837.000 70237.606 5079512.656 62615.376 10907317.135 848201339.921 238238976958669.188
4048.000 5347.000 73116285.000 1.000 1240.000 520.000 834.000 85492.595 4914102.127 25354.398 16634469.280 192346591.709 94242153970183.062
4107.000 5451.000 73116295.000 1.000 1240.000 520.000 834.000 108757.587 4656003.391 3050.424 15602343.900 88286406.326 115346852496553.234
4218.000 5555.000 73116305.000 1.000 1230.000 520.000 833.000 130579.047 4189297.804 2378.450 16958762.535 974535092.565 88050946136948.578
4366.000 5662.000 73116315.000 1.000 1220.000 510.000 833.000 154297.596 3605355.688 24264.092 36283856.895 3017974383.041 98834372560878.328
4539.000 5791.000 73116325.000 1.000 1220.000 510.000 825.000 205044.249 2978307.701 81093.585 13050328.720 11168842934.715 176676742421490.812
4787.000 5935.000 73116335.000 1.000 1230.000 510.000 834.000 223296.457 2183826.101 183843.160 8069247.615 15359872978.500 333904776033471.250
5054.000 6097.000 73116345.000 1.000 1230.000 510.000 837.000 234582.118 1465981.959 349008.431 13625405.365 18284614890.658 161719640604478.062
5334.000 6268.000 73116355.000 1.000 1240.000 500.000 836.000 253638.629 866346.604 580292.550 24145984.005 23801431800.413 4823843922792.242
5642.000 6444.000 73116365.000 1.000 1250.000 510.000 833.000 219868.022 387851.714 879411.363 20699944.980 14521821272.714 31836272862317.785
5907.000 6600.000 73116375.000 1.000 1260.000 500.000 837.000 190917.050 128004.682 1196331.402 12962587.495 8382418301.357 179016950226484.312
6144.000 6723.000 73116385.000 1.000 1260.000 500.000 837.000 172787.557 14587.185 1480527.663 24991969.860 5391385498.149 1823416063001.073
6364.000 6823.000 73116395.000 1.000 1280.000 500.000 836.000 137833.753 9845.121 1733881.534 22888105.955 1480114068.339 11931519366716.340
6535.000 6912.000 73116405.000 1.000 1280.000 500.000 834.000 105822.416 73020.243 1976187.479 24384841.195 41743404.901 3831680598985.196
6672.000 6968.000 73116415.000 1.000 1300.000 510.000 833.000 71717.743 165830.230 2136769.647 24279891.350 764177432.249 4253566975388.737
6766.000 7003.000 73116425.000 1.000 1320.000 500.000 828.000 37759.853 251224.075 2240318.502 15962463.660 3794763205.422 107741191357653.047
6816.000 7020.000 73116435.000 1.000 1320.000 500.000 821.000 15434.729 303846.333 2291497.660 6434806.235 7043703288.733 396308670318763.938
6837.000 7025.000 73116445.000 1.000 1330.000 500.000 821.000 6435.000 327438.682 2306660.353 14966274.895 8635334843.201 129414154232633.234
6828.000 7025.000 73116455.000 1.000 1350.000 500.000 832.000 27366.853 317219.675 2306660.353 12962842.750 5183229538.281 179010119809962.844
6792.000 7012.000 73116465.000 1.000 1350.000 500.000 817.000 45496.703 277963.650 2267341.350 11426289.875 2901416611.448 222487629519656.031
6737.000 6980.000 73116475.000 1.000 1370.000 500.000 799.000 61477.528 222994.166 2171996.111 6904674.205 1435195514.262 377821650310131.062
6665.000 6933.000 73116485.000 1.000 1370.000 500.000 787.000 71134.415 160178.114 2035670.792 1513888.090 796768461.539 616450489848288.750
6588.000 6870.000 73116495.000 1.000 1380.000 490.000 783.000 73251.741 104472.837 1859866.853 4652750.245 681719638.933 470436963323180.438
6508.000 6806.000 73116505.000 1.000 1380.000 490.000 784.000 66744.398 59157.224 1689400.376 2151475.040 1063875497.652 585196452516974.500
6441.000 6741.000 73116515.000 1.000 1380.000 490.000 783.000 63735.342 31054.398 1524655.360 9757381.205 1269223302.893 275059833281333.344
6380.000 6676.000 73116525.000 1.000 1380.000 490.000 784.000 77382.029 13276.243 1368360.344 7488068.445 483097249.736 355482390675500.000
6317.000 6588.000 73116535.000 1.000 1380.000 490.000 790.000 87854.852 2727.198 1170224.937 21115031.795 132403002.797 27324428023047.883
6250.000 6485.000 73116545.000 1.000 1380.000 490.000 796.000 117386.365 218.372 957989.450 8726076.645 324895672.737 310331645907516.375
6173.000 6340.000 73116555.000 1.000 1370.000 500.000 808.000 129590.668 8423.095 695171.337 5419293.165 913802454.530 437772595814982.438
6098.000 6175.000 73116565.000 1.000 1370.000 500.000 827.000 137170.099 27814.708 447252.450 18160475.905 1429489978.935 66942394430302.766
6024.000 5998.000 73116575.000 1.000 1370.000 500.000 819.000 162569.366 57973.766 241837.098 3317689.375 3995234024.342 530133113479448.875
5953.000 5782.000 73116585.000 1.000 1360.000 500.000 839.000 157929.241 97205.159 76048.737 2171033.150 3430180007.930 584250581049568.000
5891.000 5570.000 73116595.000 1.000 1350.000 510.000 867.000 154892.831 139709.559 4066.531 21594735.305 3083728459.126 22539456938679.926
5834.000 5361.000 73116605.000 1.000 1350.000 510.000 891.000 185095.258 185569.185 21091.940 5753894.575 7350276853.982 423882812651970.000
5784.000 5107.000 73116615.000 1.000 1350.000 510.000 906.000 193142.663 231146.927 159385.108 4131083.385 8794906088.626 493338547761316.812
5743.000 4840.000 73116625.000 1.000 1340.000 510.000 926.000 198920.402 272251.675 443863.273 24872160.170 9911974495.023 2161337876290.096
5708.000 4564.000 73116635.000 1.000 1330.000 520.000 950.000 164134.164 310001.095 887798.589 7559890.195 4195497694.300 352779259921751.000
5692.000 4335.000 73116645.000 1.000 1310.000 520.000 944.000 174707.437 328073.972 1371781.224 4488752.125 5677009864.879 477577952458232.688
5679.000 4091.000 73116655.000 1.000 1290.000 530.000 956.000 180985.412 343135.185 2002877.779 20470450.715 6662462622.865 34478720893135.168
5671.000 3838.000 73116665.000 1.000 1280.000 540.000 962.000 152355.411 352571.624 2782993.485 25604443.865 2808354351.611 544445104976.415
5665.000 3625.000 73116675.000 1.000 1250.000 540.000 980.000 116545.000 359732.953 3539028.740 16870425.000 295272590.712 89716588403252.672
5665.000 3462.000 73116685.000 1.000 1240.000 540.000 989.000 92950.000 359732.953 4178878.931 5142078.370 41107362.674 449449783003937.812
5665.000 3332.000 73116695.000 1.000 1230.000 550.000 992.000 85758.282 359732.953 4727278.898 15497606.410 185047604.505 117607576433829.016
5680.000 3213.000 73116705.000 1.000 1200.000 550.000 992.000 64083.308 341964.630 5258906.792 10563568.015 1244550998.190 248968670226500.531
5697.000 3125.000 73116715.000 1.000 1180.000 560.000 994.000 49309.087 322371.198 5670259.385 19089643.430 2505244284.629 52601159320352.344
5717.000 3059.000 73116725.000 1.000 1160.000 550.000 988.000 22610.285 300060.101 5988937.831 13099003.775 5890749368.173 175385135930362.219
5735.000 3033.000 73116735.000 1.000 1150.000 550.000 985.000 4290.000 280664.114 6116869.824 0.000 9038590563.380 693917248718329.375
5741.000 3033.000 73116745.000 1.000 1130.000 560.000 982.000 4290.000 274342.785 6116869.824 25165973.690 9038590563.380 1383764996747.816
5741.000 3039.000 73116755.000 1.000 1130.000 560.000 979.000 39487.166 274342.785 6087227.056 9597326.310 3584936156.057 280394448636370.562
5736.000 3094.000 73116765.000 1.000 1120.000 560.000 968.000 52910.000 279605.559 5818856.685 6374795.570 2157742072.670 398701596569510.062
5736.000 3168.000 73116775.000 1.000 1100.000 550.000 959.000 61825.798 279605.559 5467322.550 8099642.980 1408929102.746 332794867164678.500
5727.000 3254.000 73116785.000 1.000 1100.000 550.000 947.000 73153.970 289204.553 5072542.879 11698157.900 686834753.060 214451164367564.500
5719.000 3356.000 73116795.000 1.000 1080.000 560.000 944.000 89515.030 297872.991 4623491.827 7715991.140 96953018.184 346939720745877.688
5726.000 3481.000 73116805.000 1.000 1070.000 550.000 897.000 100306.626 290281.108 4101559.166 26186689.815 893258.671 24217361854.379
5735.000 3621.000 73116815.000 1.000 1070.000 550.000 867.000 136931.367 280664.114 3554094.585 9689629.950 1411494728.123 277311722871824.812
5749.000 3812.000 73116825.000 1.000 1070.000 550.000 828.000 150483.297 266026.346 2870417.479 6959915.820 2613437885.928 375677169259402.000
5763.000 4022.000 73116835.000 1.000 1070.000 550.000 796.000 160217.445 251780.579 2202940.608 8649751.825 3703445753.072 313026582928071.812
5769.000 4246.000 73116845.000 1.000 1090.000 550.000 754.000 172315.000 245795.250 1588181.279 4925391.185 5322212816.074 458684372976536.250
5769.000 4487.000 73116855.000 1.000 1090.000 550.000 725.000 165426.341 245795.250 1038831.108 2936552.190 4364562902.867 547829456528579.125
5782.000 4718.000 73116865.000 1.000 1100.000 540.000 711.000 161319.275 233074.037 621307.550 20293918.645 3838765588.951 36583027095764.656
5809.000 4942.000 73116875.000 1.000 1100.000 540.000 710.000 132936.172 207733.056 318356.221 4602982.670 1127258440.590 472598313628765.125
5847.000 5124.000 73116885.000 1.000 1120.000 540.000 703.000 126498.434 174537.972 146100.266 3284391.825 736413058.151 531667549059331.188
5896.000 5294.000 73116895.000 1.000 1140.000 550.000 696.000 121904.879 135996.785 45041.847 7087993.770 508203829.766 370728658825893.750
5946.000 5457.000 73116905.000 1.000 1140.000 550.000 700.000 131818.157 101619.043 2423.656 7955868.635 1053434429.604 338061192971863.188
6004.000 5632.000 73116915.000 1.000 1150.000 540.000 696.000 120691.068 68004.862 15817.931 7789859.220 454950369.854 344193396548775.750
6066.000 5789.000 73116925.000 1.000 1170.000 540.000 694.000 109796.160 39512.462 79958.508 5788001.505 108882079.801 422479560708615.812
6141.000 5923.000 73116935.000 1.000 1180.000 540.000 697.000 101701.053 15320.850 173696.695 32788304.120 5473497.138 41550851798259.617
6207.000 6049.000 73116945.000 1.000 1190.000 530.000 700.000 55843.285 3338.230 294598.573 5711589.455 1893835243.287 425626593069325.250
6267.000 6099.000 73116955.000 1.000 1210.000 530.000 690.000 63831.522 4.940 351375.508 653854.630 1262379505.276 659896693055689.625
6334.000 6158.000 73116965.000 1.000 1220.000 530.000 694.000 64746.004 4791.766 424803.292 9684542.725 1198232727.582 277481180603060.406
6396.000 6224.000 73116975.000 1.000 1240.000 520.000 699.000 51201.189 17219.366 515192.847 6193842.655 2319415784.145 405960700084056.812
6454.000 6266.000 73116985.000 1.000 1260.000 510.000 703.000 59863.906 35805.185 577249.473 410186.205 1560060119.211 672474997839795.000
6527.000 6307.000 73116995.000 1.000 1260.000 510.000 705.000 60437.593 68760.682 641231.560 2263163.760 1515070720.845 579805240303368.875
6603.000 6344.000 73117005.000 1.000 1270.000 510.000 708.000 63602.857 114394.514 701857.492 3865342.195 1278680718.882 505214041247088.562
6686.000 6376.000 73117015.000 1.000 1280.000 500.000 708.000 58196.784 177428.462 756498.731 8239805.860 1694534038.694 327700623553101.750
6767.000 6384.000 73117025.000 1.000 1280.000 500.000 714.000 46672.580 252227.521 770479.040 942167.655 2776122540.784 645167185424450.875
6832.000 6378.000 73117035.000 1.000 1300.000 510.000 719.000 47990.297 321741.456 759981.808 6392777.105 2639000741.432 397983826818306.812
6888.000 6341.000 73117045.000 1.000 1300.000 510.000 733.000 56931.244 388406.385 696839.876 9292383.815 1800326825.564 290699952223038.000
6922.000 6269.000 73117055.000 1.000 1320.000 500.000 736.000 69927.585 431941.521 581817.089 18500203.865 866355491.896 61498614516334.117
6949.000 6175.000 73117065.000 1.000 1320.000 500.000 755.000 95801.996 468160.540 447252.450 15300380.095 12670085.616 121924196150783.969
6972.000 6043.000 73117075.000 1.000 1320.000 500.000 757.000 117201.129 500163.779 288121.340 10117830.580 318252278.206 263233703244947.656
6997.000 5881.000 73117085.000 1.000 1340.000 500.000 777.000 131351.941 536149.908 140452.069 4377801.285 1023388163.575 482439603553850.750
7022.000 5699.000 73117095.000 1.000 1330.000 510.000 787.000 125229.142 573386.037 37160.024 30403090.575 669134779.894 16489946187951.885
7042.000 5525.000 73117105.000 1.000 1330.000 510.000 803.000 167750.947 604074.940 352.289 19622497.895 4677116136.447 45155862630431.984
7059.000 5291.000 73117115.000 1.000 1330.000 510.000 814.000 195195.000 630789.508 46324.231 24538800.000 9184059267.505 3252645073672.348
7059.000 5018.000 73117125.000 1.000 1330.000 520.000 821.000 229515.000 630789.508 238369.163 16315867.425 16939932944.651 100529532661562.688
7059.000 4697.000 73117135.000 1.000 1330.000 520.000 818.000 206695.605 630789.508 654854.237 10779057.575 11520609586.833 242214798029461.625
7052.000 4408.000 73117145.000 1.000 1310.000 520.000 827.000 191620.000 619719.391 1206110.550 7668375.000 8511630384.469 348715814769999.062
7052.000 4140.000 73117155.000 1.000 1300.000 530.000 828.000 180895.000 619719.391 1866586.176 21982675.000 6647711235.360 19006409485615.789
7052.000 3887.000 73117165.000 1.000 1300.000 540.000 831.000 150150.000 619719.391 2621907.882 14774699.225 2579471491.250 133809598219489.031
7052.000 3677.000 73117175.000 1.000 1290.000 550.000 840.000 129486.085 619719.391 3346084.753 22033500.775 907490478.476 18565829181325.410
7058.000 3496.000 73117185.000 1.000 1270.000 550.000 851.000 98670.000 629202.062 4041027.247 12399593.635 478175.531 194399314537096.219
7058.000 3358.000 73117195.000 1.000 1260.000 560.000 854.000 81327.911 629202.062 4614894.905 8476377.195 325210417.793 319191522833002.688
7045.000 3245.000 73117205.000 1.000 1230.000 560.000 855.000 69472.838 608747.275 5113164.031 24229682.620 893332257.977 4463190643867.791
7030.000 3149.000 73117215.000 1.000 1220.000 570.000 858.000 35585.170 585565.598 5556536.314 14278073.810 4067420570.898 145545773131742.469
7011.000 3103.000 73117225.000 1.000 1200.000 570.000 863.000 15615.836 556848.140 5775517.534 6012141.850 7013336636.188 413315700411727.438
6990.000 3097.000 73117235.000 1.000 1190.000 580.000 855.000 24024.426 525947.791 5804392.302 26038438.140 5675675076.368 92337560312.710
6963.000 3117.000 73117245.000 1.000 1180.000 590.000 842.000 60441.822 487514.772 5708423.076 26799529.185 1514741520.304 209050206155.410
6924.000 3192.000 73117255.000 1.000 1170.000 590.000 827.000 97923.681 434574.411 5355663.479 20552228.840 2067330.299 33525029416887.039
6878.000 3321.000 73117265.000 1.000 1170.000 590.000 790.000 126668.057 376041.933 4775232.973 12244503.700 745647925.620 198748117095405.719
6811.000 3485.000 73117275.000 1.000 1150.000 600.000 759.000 143793.237 298359.108 4085373.321 3607396.650 1974179042.001 516876244107772.625
6737.000 3672.000 73117285.000 1.000 1150.000 600.000 720.000 148838.547 222994.166 3364402.060 865849.985 2447977945.064 649049969036706.250
6659.000 3865.000 73117295.000 1.000 1150.000 600.000 666.000 150049.526 155411.443 2693638.031 13950789.710 2569275739.254 153549752791987.000
6584.000 4061.000 73117305.000 1.000 1150.000 600.000 616.000 130537.932 101903.056 2088691.618 465066.745 971969764.313 669631671897821.000
6508.000 4227.000 73117315.000 1.000 1140.000 590.000 559.000 131188.375 59157.224 1636431.044 756738.125 1012949821.242 654621442115195.375
6432.000 4394.000 73117325.000 1.000 1140.000 590.000 537.000 130130.000 27963.391 1237057.008 8170361.485 946700446.249 330219680121191.188
6362.000 4562.000 73117335.000 1.000 1140.000 590.000 537.000 118702.921 9452.230 891571.511 5310144.125 374090474.521 442351963534328.562
6293.000 4713.000 73117345.000 1.000 1160.000 580.000 546.000 111276.146 796.514 629214.856 14757743.715 141958732.768 134202155158630.672
6223.000 4852.000 73117355.000 1.000 1150.000 580.000 540.000 90635.945 1745.353 428017.737 20448750.465 76135351.462 34734033383822.094
6160.000 4962.000 73117365.000 1.000 1160.000 570.000 551.000 62036.294 10978.308 296186.995 13120981.445 1393171180.057 174803504960058.000
6122.000 5040.000 73117375.000 1.000 1180.000 570.000 561.000 43685.271 20385.391 217371.014 8275330.635 3099842739.853 326415710853667.125
6100.000 5097.000 73117385.000 1.000 1180.000 560.000 583.000 32111.382 27151.598 167469.721 2787293.080 4522578690.127 554838779701013.875
6091.000 5141.000 73117395.000 1.000 1200.000 550.000 613.000 28213.070 30198.591 133393.424 2097812.145 5062099429.076 587795632599519.375
6085.000 5180.000 73117405.000 1.000 1210.000 550.000 624.000 25279.067 32319.921 106426.434 4244405.165 5488207230.733 488317358319135.062
6080.000 5215.000 73117415.000 1.000 1200.000 540.000 641.000 31215.298 34142.695 84815.289 3868559.695 4643905170.390 505069412317361.375
6095.000 5256.000 73117425.000 1.000 1220.000 540.000 659.000 36625.871 28824.372 62615.376 3148978.690 3935759443.716 537930575506010.125
6127.000 5296.000 73117435.000 1.000 1230.000 530.000 675.000 41030.037 18982.617 44196.924 4081375.155 3402559852.513 495549180102289.750
6170.000 5334.000 73117445.000 1.000 1230.000 520.000 687.000 46738.254 8982.759 29663.395 8468294.835 2769206269.282 319480385944328.688
6227.000 5366.000 73117455.000 1.000 1230.000 520.000 700.000 58582.023 1427.133 19664.634 6639851.790 1662965937.899 388186824051165.750
6304.000 5394.000 73117465.000 1.000 1240.000 520.000 717.000 67868.529 1538.411 12595.718 17191771.740 991807371.846 83732333976195.344
6393.000 5427.000 73117475.000 1.000 1240.000 520.000 721.000 91912.965 16441.030 6277.495 2184765.440 55480708.991 583586915683326.500
6511.000 5478.000 73117485.000 1.000 1240.000 520.000 734.000 94968.581 60625.559 796.969 1620483.865 19297758.186 611168642948368.750
6630.000 5537.000 73117495.000 1.000 1260.000 510.000 751.000 92702.170 133387.533 946.753 15433792.660 44346707.649 118995730921082.141
6753.000 5578.000 73117505.000 1.000 1260.000 510.000 758.000 71116.446 238361.288 5150.840 8416583.890 797783209.490 321331624303331.625
6851.000 5595.000 73117515.000 1.000 1260.000 510.000 756.000 59345.000 343656.914 7879.998 16045332.875 1601320462.135 106027719377584.578
6934.000 5595.000 73117525.000 1.000 1270.000 520.000 770.000 36903.975 447858.862 7879.998 5498691.770 3900942725.497 434456383398199.688
6976.000 5565.000 73117535.000 1.000 1270.000 520.000 784.000 44594.453 505837.559 3453.837 9637641.585 2999429696.979 279045916785673.125
6989.000 5504.000 73117545.000 1.000 1270.000 520.000 796.000 58073.672 524498.346 4.976 25689317.940 1704684936.875 426397454998.149
6983.000 5423.000 73117555.000 1.000 1280.000 530.000 783.000 94002.788 515843.675 6927.340 15109519.425 28715819.727 126175563882098.594
6934.000 5301.000 73117565.000 1.000 1280.000 530.000 790.000 115134.983 447858.862 42119.618 15291676.400 248802691.104 122116483069632.453
6835.000 5174.000 73117575.000 1.000 1280.000 530.000 788.000 136521.943 325153.791 110377.202 17702899.500 1380898347.624 74639398236043.016
6702.000 5037.000 73117585.000 1.000 1280.000 530.000 800.000 161281.243 191163.585 220177.398 4460121.380 3834054279.367 478830139411978.625
6543.000 4877.000 73117595.000 1.000 1280.000 530.000 834.000 167519.175 77407.804 395931.205 20172575.995 4645468337.986 38065606586555.039
6385.000 4704.000 73117605.000 1.000 1280.000 530.000 882.000 139305.782 14453.469 643574.008 31397712.060 1595545474.953 25557099088286.383
6227.000 4590.000 73117615.000 1.000 1270.000 530.000 908.000 95392.898 1427.133 839478.595 27368674.905 15749820.666 1053426765736.164
6125.000 4504.000 73117625.000 1.000 1270.000 530.000 934.000 57115.031 19537.727 1004466.266 35776377.780 1784764343.434 89001651859534.781
6080.000 4438.000 73117635.000 1.000 1270.000 530.000 941.000 7078.139 34142.695 1141116.711 17485254.215 8516219155.356 78447421235359.891
6073.000 4431.000 73117645.000 1.000 1270.000 530.000 976.000 31533.040 36778.579 1156120.940 41248529.465 4600700307.829 222195405570853.812
6110.000 4455.000 73117655.000 1.000 1250.000 540.000 977.000 89223.291 23956.050 1105085.869 39852985.315 102783329.835 182538371787394.156
6226.000 4501.000 73117665.000 1.000 1250.000 540.000 978.000 144961.732 1503.688 1010488.650 30542838.040 2079380942.073 17644443376034.793
6395.000 4613.000 73117675.000 1.000 1250.000 540.000 991.000 187678.988 16957.921 797860.985 18870834.840 7799978267.549 55822927617384.938
6609.000 4765.000 73117685.000 1.000 1250.000 540.000 930.000 214071.764 118489.185 549422.869 2399912.515 13158444122.631 573238354231953.250
6849.000 4944.000 73117695.000 1.000 1250.000 540.000 802.000 210715.243 341316.024 316103.298 112124161.435 12399655551.719 7358526190029000.000
7105.000 5090.000 73117705.000 1.000 1250.000 540.000 456.000 53898.234 705973.985 173247.950 676875.911 2066908771.117 658714460777450.875
8616.000 6476.000 73117977.000 0.000 1420.000 500.000 180.000 79647.919 5528247.624 940452.602 51324787.085 388625369.388 624124206272539.875
8544.000 6561.000 73117987.000 1.000 1420.000 500.000 206.000 7865.000 5194855.572 1112538.392 511225.000 8371609946.416 667244905779690.750
8533.000 6561.000 73117997.000 1.000 1410.000 500.000 249.000 7150.000 5144833.675 1112538.392 1022450.000 8502961169.808 641095264842302.000
8523.000 6561.000 73118007.000 1.000 1410.000 500.000 269.000 5720.000 5099569.224 1112538.392 5623475.000 8768730966.594 429270086462053.812
8515.000 6561.000 73118017.000 1.000 1410.000 500.000 309.000 13585.000 5063501.662 1112538.392 4089800.000 7357608359.273 495174161244219.875
8515.000 6542.000 73118027.000 1.000 1410.000 500.000 389.000 19305.000 5063501.662 1072818.156 5112250.000 6409043572.131 450715409388192.500
8515.000 6515.000 73118037.000 1.000 1400.000 500.000 427.000 26455.000 5063501.662 1017615.611 12619426.820 5315358088.203 188317498069897.500
8515.000 6478.000 73118047.000 1.000 1400.000 500.000 466.000 44104.548 5063501.662 944335.679 6174806.495 3053331006.533 406728161321446.500
8536.000 6420.000 73118057.000 1.000 1400.000 500.000 501.000 52740.641 5158452.011 834974.434 12029245.085 2173504715.121 204863801496611.250
8556.000 6349.000 73118067.000 1.000 1380.000 500.000 544.000 69564.760 5249700.914 710260.185 14555743.345 887845856.018 138923132296216.797
8577.000 6254.000 73118077.000 1.000 1380.000 500.000 584.000 89922.443 5346373.262 559159.008 8703299.605 89095841.839 311134655963619.750
8598.000 6130.000 73118087.000 1.000 1380.000 500.000 630.000 102094.890 5443927.611 389088.208 21267386.140 7471407.922 25754843049624.324
8613.000 5988.000 73118097.000 1.000 1380.000 500.000 667.000 131839.486 5514149.288 232101.711 1733507.490 1054819420.503 605593116678831.375
8625.000 5804.000 73118107.000 1.000 1370.000 510.000 717.000 129415.000 5570650.630 88666.589 568045.335 903212719.641 664312672626213.250
8625.000 5623.000 73118117.000 1.000 1370.000 510.000 751.000 128620.531 5570650.630 13635.082 26879365.370 856090756.220 288429437179.208
8599.000 5445.000 73118127.000 1.000 1360.000 510.000 784.000 166214.049 5448595.056 3749.192 5241488.395 4469262990.571 445244634423264.312
8559.000 5216.000 73118137.000 1.000 1360.000 510.000 832.000 173544.802 5263457.250 84233.827 5972754.645 5503161943.611 414918748693962.750
8491.000 4983.000 73118147.000 1.000 1350.000 520.000 857.000 181898.305 4956066.979 273770.308 10389135.900 6812323787.958 254503735148221.125
8396.000 4747.000 73118157.000 1.000 1350.000 520.000 866.000 167368.045 4542109.688 576431.173 4193525.765 4624889840.135 490568603219417.125
8283.000 4542.000 73118167.000 1.000 1340.000 520.000 893.000 161502.974 4073222.385 929740.737 3679876.200 3861562496.021 513585864945614.438
8169.000 4347.000 73118177.000 1.000 1330.000 530.000 897.000 156356.294 3626063.637 1343815.689 20057279.385 3248406272.653 39501598518048.016
8059.000 4158.000 73118187.000 1.000 1310.000 540.000 909.000 128304.155 3219234.669 1817725.873 18487651.325 837677141.111 61695648761886.875
7959.000 4009.000 73118197.000 1.000 1310.000 540.000 909.000 102447.300 2870390.153 2241699.605 19437468.765 9522146.997 47676820051419.992
7866.000 3900.000 73118207.000 1.000 1300.000 540.000 906.000 75262.029 2563913.753 2579976.885 29784775.735 580784616.836 11850576533299.064
7800.000 3818.000 73118217.000 1.000 1300.000 540.000 909.000 33605.000 2356908.372 2850122.711 8534688.305 4323917604.275 317111358377425.750
7753.000 3818.000 73118227.000 1.000 1290.000 550.000 888.000 45541.627 2214806.450 2850122.711 17026561.695 2896578985.120 86783149713193.656
7729.000 3877.000 73118237.000 1.000 1270.000 550.000 834.000 69355.000 2143947.766 2654392.495 38592671.260 900390184.636 150071373051910.125
7729.000 3974.000 73118247.000 1.000 1260.000 560.000 731.000 123330.764 2143947.766 2347730.750 16670882.800 574525502.964 93536486675739.312
7742.000 4146.000 73118257.000 1.000 1250.000 550.000 516.000 146646.684 2182186.553 1850227.408 10461418.500 2235888401.538 252202686248195.688
7792.000 4366.000 73118268.000 1.000 1250.000 550.000 42.000 130552.194 2332408.811 1300125.924 5581138.261 972859244.197 431026214604872.375
8211.000 5955.000 73118358.000 0.000 1270.000 530.000 130.000 200804.284 3787782.333 201393.934 87254400.090 10290637944.308 3710282828777771.000
8304.000 6220.000 73118368.000 1.000 1280.000 530.000 160.000 78770.158 4158428.733 509466.692 8623069.455 424003463.070 313971453595854.375
8320.000 6329.000 73118378.000 1.000 1290.000 520.000 196.000 66709.921 4223939.856 676949.411 6376383.585 1066125766.130 398638181669305.125
8348.000 6418.000 73118388.000 1.000 1300.000 520.000 222.000 75627.940 4339816.321 831323.356 6969798.550 563281982.893 375294165008674.750
8376.000 6520.000 73118398.000 1.000 1300.000 520.000 223.000 85375.910 4457260.785 1027728.305 5503896.970 195596794.012 434239420098454.875
8429.000 6627.000 73118408.000 1.000 1320.000 510.000 254.000 93073.668 4683859.379 1256123.947 16177631.470 39536861.097 103320671321199.828
8497.000 6738.000 73118418.000 1.000 1330.000 510.000 285.000 115699.726 4982817.650 1517255.744 15348253.635 266937551.300 120869255566823.000
8596.000 6866.000 73118428.000 1.000 1340.000 500.000 332.000 94233.637 5434598.721 1848972.698 9175931.050 26295003.279 294684535354470.375
8683.000 6965.000 73118438.000 1.000 1350.000 500.000 369.000 81400.167 5847800.450 2128008.031 1908305.685 322609568.366 597020522882735.250
8763.000 7046.000 73118448.000 1.000 1350.000 500.000 417.000 78731.208 6241116.062 2370889.666 11105034.655 425609045.899 232174532511316.812
8854.000 7108.000 73118458.000 1.000 1370.000 500.000 440.000 63199.691 6704073.572 2565665.066 13192281.245 1307676601.746 172923232586470.500
8936.000 7141.000 73118468.000 1.000 1380.000 490.000 448.000 44748.948 7135430.075 2672470.844 6434247.820 2982531095.098 396330903927015.875
8997.000 7155.000 73118478.000 1.000 1380.000 490.000 468.000 35750.000 7465040.230 2718440.385 631495.150 4046423234.097 661045953969939.875
9047.000 7155.000 73118488.000 1.000 1410.000 490.000 477.000 34866.790 7740762.488 2718440.385 2883892.440 4159567924.022 550297312192728.688
9094.000 7142.000 73118498.000 1.000 1410.000 490.000 497.000 38900.206 8004500.411 2675741.382 3308158.425 3655568359.053 530572097317192.125
9138.000 7110.000 73118508.000 1.000 1410.000 490.000 515.000 43527.001 8255407.998 2572076.144 9804940.860 3117491543.525 273484548304347.844
9179.000 7065.000 73118518.000 1.000 1430.000 490.000 537.000 57240.205 8492693.250 2429761.902 15828439.055 1774203692.349 110541463322504.359
9207.000 6990.000 73118528.000 1.000 1430.000 490.000 567.000 79377.882 8656673.714 2201571.498 10796191.120 399345083.195 241681784247127.125
9222.000 6880.000 73118538.000 1.000 1430.000 490.000 613.000 94477.450 8745165.391 1887242.240 10832937.115 23853967.578 240540619368152.906
9228.000 6748.000 73118548.000 1.000 1430.000 490.000 647.000 109628.411 8780688.062 1541991.131 21015759.765 105409412.764 28372127817862.695
9218.000 6595.000 73118558.000 1.000 1430.000 490.000 681.000 139021.082 8721523.611 1185418.708 14350647.740 1572882256.224 143799942172182.562
9205.000 6401.000 73118568.000 1.000 1430.000 490.000 713.000 159091.918 8644908.824 800612.198 3454787.765 3567722551.024 523838632858678.312
9190.000 6179.000 73118578.000 1.000 1430.000 490.000 737.000 163923.789 8556927.146 452618.605 10702945.110 4168288854.561 244589706010750.844
9179.000 5950.000 73118588.000 1.000 1420.000 490.000 750.000 178892.943 8492693.250 196931.240 7302585.290 6325250048.273 362511082759914.812
9169.000 5700.000 73118598.000 1.000 1420.000 490.000 785.000 189106.349 8434508.798 37546.563 26659296.950 8054137496.179 100481297067.037
9153.000 5436.000 73118608.000 1.000 1420.000 500.000 784.000 226392.079 8341829.675 4932.344 16638341.005 16136767398.295 94166996788183.562
9133.000 5120.000 73118618.000 1.000 1420.000 500.000 814.000 203121.672 8226700.772 149174.111 11291045.480 10766172801.111 226540536557813.625
9126.000 4836.000 73118628.000 1.000 1410.000 510.000 829.000 187330.000 8186594.656 449209.118 30162275.000 7738456574.825 14592139477396.775
9126.000 4574.000 73118638.000 1.000 1400.000 520.000 836.000 145145.000 8186594.656 869053.976 11722680.255 2096128655.000 213733547564660.594
9126.000 4371.000 73118648.000 1.000 1390.000 520.000 851.000 128749.643 8186594.656 1288748.618 8138757.770 863662809.537 331369281022829.875
9121.000 4191.000 73118658.000 1.000 1360.000 520.000 863.000 117366.765 8158007.430 1729831.650 27450590.310 324189482.282 1228287240506.941
9114.000 4027.000 73118668.000 1.000 1350.000 530.000 860.000 78974.331 8118069.314 2188123.302 24585711.150 415636756.575 3085636357836.619
9104.000 3917.000 73118678.000 1.000 1340.000 540.000 869.000 44588.721 8061184.862 2525654.044 15002766.350 3000057579.289 128585229778383.047
9087.000 3857.000 73118688.000 1.000 1340.000 550.000 875.000 23605.831 7964940.295 2719961.721 3381441.635 5738921745.110 527201434743889.125
9068.000 3830.000 73118698.000 1.000 1320.000 550.000 882.000 18876.542 7858056.837 2809749.176 21401634.540 6477828846.176 24410265107528.594
9047.000 3846.000 73118708.000 1.000 1310.000 560.000 876.000 48808.898 7740762.488 2756365.795 15516302.945 2555565808.851 117202409267434.797
9011.000 3904.000 73118718.000 1.000 1310.000 560.000 876.000 70510.021 7541738.462 2567143.040 8502768.560 832407977.392 318249206677210.875
8961.000 3989.000 73118728.000 1.000 1300.000 560.000 873.000 82402.005 7269616.204 2301988.831 6752596.565 287624551.131 383756837202736.250
8902.000 4088.000 73118738.000 1.000 1300.000 560.000 867.000 91846.196 6954942.940 2011378.163 3345344.860 56479829.874 528860364254430.250
8828.000 4193.000 73118748.000 1.000 1280.000 570.000 866.000 96525.000 6570109.998 1724574.727 4296856.850 8045745.710 486001964905679.938
8747.000 4301.000 73118758.000 1.000 1280.000 570.000 846.000 102534.590 6161428.940 1452580.908 1504983.480 10068485.091 616892743952387.125
8660.000 4415.000 73118768.000 1.000 1270.000 570.000 818.000 104639.462 5737091.211 1190784.321 2226865.355 27856857.829 581554627016782.625
8567.000 4528.000 73118778.000 1.000 1260.000 570.000 805.000 101524.965 5300228.811 956935.195 8512559.770 4680570.540 317899961169543.438
8476.000 4637.000 73118788.000 1.000 1260.000 570.000 784.000 113430.643 4889505.301 755561.914 4948574.345 197940717.994 457691886765984.625
8388.000 4769.000 73118798.000 1.000 1260.000 570.000 790.000 120351.726 4508074.127 543509.024 5203549.780 440589487.929 446847145587592.125
8306.000 4916.000 73118808.000 1.000 1260.000 570.000 793.000 113074.034 4166589.624 348372.214 24580661.105 188033523.633 3103403658179.621
8253.000 5065.000 73118818.000 1.000 1260.000 570.000 793.000 78695.487 3953029.030 194684.482 17414173.205 427084191.380 79711610559040.656
8220.000 5170.000 73118828.000 1.000 1250.000 560.000 794.000 54340.000 3822895.340 113051.047 4750138.965 2026935675.884 466221811137463.438
8220.000 5246.000 73118838.000 1.000 1260.000 560.000 796.000 47696.449 3822895.340 67719.989 3637771.995 2669277739.992 515496005150931.125
8235.000 5311.000 73118848.000 1.000 1260.000 560.000 796.000 52784.242 3881777.017 38115.005 5734437.280 2169441183.815 424684380948287.875
8270.000 5376.000 73118858.000 1.000 1260.000 560.000 784.000 60804.434 4020917.598 16960.021 18179921.045 1486647521.488 66624578759906.719
8326.000 5440.000 73118868.000 1.000 1260.000 540.000 785.000 86230.897 4248638.527 4386.498 12530684.595 172412797.450 190760971466270.531
8422.000 5513.000 73118878.000 1.000 1260.000 540.000 791.000 103756.330 4653609.262 45.824 13173886.440 19314509.875 173407355351594.938
8545.000 5590.000 73118888.000 1.000 1260.000 540.000 800.000 122181.346 5199415.017 7017.305 1630720.520 520745263.180 610662610145672.875
8696.000 5670.000 73118898.000 1.000 1260.000 540.000 809.000 119900.618 5910843.237 26820.402 3244772.245 421855270.756 533496208766668.562
8851.000 5734.000 73118908.000 1.000 1270.000 530.000 814.000 124438.761 6688547.237 51878.879 14058753.280 628868900.266 150885743582303.531
9014.000 5795.000 73118918.000 1.000 1270.000 530.000 823.000 104776.169 7558224.798 83387.740 13461548.100 29318614.686 165914003938332.094
9149.000 5852.000 73118928.000 1.000 1280.000 540.000 827.000 85948.829 8318739.895 119556.447 11215313.395 179899807.000 228825999058161.969
9264.000 5887.000 73118938.000 1.000 1290.000 530.000 830.000 70263.076 8995336.088 144985.302 19053374.340 846718417.361 53128569935089.828
9360.000 5908.000 73118948.000 1.000 1300.000 530.000 827.000 43615.000 9580402.824 161418.614 5147357.930 3107672526.776 449225955097386.250
9421.000 5908.000 73118958.000 1.000 1300.000 530.000 827.000 36415.898 9961740.979 161418.614 4742454.145 3962149109.829 466553734075715.125
9458.000 5873.000 73118968.000 1.000 1300.000 530.000 829.000 43048.701 10196670.450 134519.760 29210205.310 3171131598.428 8224828671508.010
9453.000 5813.000 73118978.000 1.000 1310.000 520.000 817.000 83902.135 10164763.224 94107.437 28864643.665 238992039.560 6362171657948.224
9390.000 5714.000 73118988.000 1.000 1330.000 530.000 817.000 124272.266 9767016.179 43168.105 21831150.055 620546144.501 20350555929009.016
9287.000 5574.000 73118998.000 1.000 1330.000 530.000 830.000 154805.343 9133829.327 4592.685 18590438.295 3074019463.519 60091500976936.531
9148.000 5408.000 73119008.000 1.000 1330.000 530.000 829.000 180805.956 8312972.450 9649.260 3475429.815 6633199026.669 522894168233361.500
8987.000 5213.000 73119018.000 1.000 1330.000 530.000 830.000 175945.215 7410495.779 85984.211 16544498.685 5865065039.799 95997088927682.359
8812.000 5040.000 73119028.000 1.000 1330.000 530.000 822.000 152806.056 6488342.875 217371.014 32999791.110 2856320312.434 44322066713881.391
8667.000 4883.000 73119038.000 1.000 1330.000 530.000 834.000 106652.502 5770673.327 388416.437 28403038.950 53158675.567 4246607514807.235
8572.000 4768.000 73119048.000 1.000 1330.000 530.000 858.000 66927.972 5323276.037 544984.485 17479678.645 1051933892.429 78546218581350.688
8511.000 4697.000 73119058.000 1.000 1310.000 540.000 873.000 42480.869 5045515.882 654854.237 25772796.335 3235406452.866 324344789463.063
8468.000 4656.000 73119068.000 1.000 1310.000 540.000 888.000 6435.000 4854189.740 722892.150 7710903.200 8635334843.201 347129285809413.688
8468.000 4647.000 73119078.000 1.000 1310.000 540.000 908.000 17219.480 4854189.740 738277.302 27714083.540 6747311839.458 1881765114321.330
8486.000 4663.000 73119088.000 1.000 1300.000 540.000 897.000 55980.436 4933829.753 711037.921 38908187.890 1881916919.622 157901309765741.531
8557.000 4696.000 73119098.000 1.000 1300.000 540.000 897.000 110397.482 5254284.359 656473.698 22595136.850 121792846.337 14041299870940.543
8681.000 4788.000 73119108.000 1.000 1290.000 550.000 900.000 141999.072 5838131.559 515855.260 11687092.560 1817962343.733 214775371833391.938
8840.000 4907.000 73119118.000 1.000 1290.000 550.000 866.000 158344.656 6631771.340 359077.366 2787095.740 3479012411.836 554848076433679.875
9014.000 5044.000 73119128.000 1.000 1260.000 540.000 790.000 154446.620 7558224.798 213657.169 1940201.120 3034370184.027 595462873866085.000
9188.000 5172.000 73119138.000 1.000 1260.000 540.000 638.000 157160.188 8545230.256 111710.124 33493971.940 3340688060.257 51146281377474.914
9363.000 5305.000 73119148.000 1.000 1250.000 550.000 400.000 110315.472 9598983.159 40493.773 7105906.530 119989450.598 370039183833924.375
10171.000 6815.000 73119259.000 0.000 1330.000 520.000 244.000 0.000 15258574.850 1712877.224 20816338.400 9872708153.736 30536352176920.051
10171.000 6815.000 73119269.000 1.000 1340.000 510.000 292.000 29113.760 15258574.850 1712877.224 18260213.400 4934745308.444 65320270903463.500
10134.000 6832.000 73119279.000 1.000 1350.000 510.000 289.000 3575.000 14970883.379 1757664.382 9734557.690 9175054036.772 275817406895339.812
10134.000 6827.000 73119289.000 1.000 1360.000 510.000 292.000 17189.766 14970883.379 1744431.689 6624642.310 6752194258.485 388786383640261.312
10127.000 6804.000 73119299.000 1.000 1370.000 510.000 315.000 26455.000 14916763.262 1684205.298 5377277.620 5315358088.203 439532544956106.875
10115.000 6769.000 73119309.000 1.000 1370.000 510.000 387.000 33975.668 14824213.921 1594586.444 7604724.270 4275307336.599 351097085260298.500
10108.000 6722.000 73119319.000 1.000 1380.000 500.000 428.000 44611.646 14770359.804 1478095.124 5038458.425 2997546772.818 453854053581393.125
10101.000 6660.000 73119329.000 1.000 1380.000 500.000 469.000 51658.441 14716603.688 1331183.724 9585689.685 2275582064.316 280784294218128.625
10095.000 6588.000 73119339.000 1.000 1380.000 500.000 509.000 65065.000 14670605.017 1170224.937 19986913.375 1176250074.992 40391054820959.016
10095.000 6497.000 73119349.000 1.000 1410.000 500.000 561.000 93018.725 14670605.017 981623.914 13610535.510 40230824.798 162098058746241.688
10090.000 6367.000 73119359.000 1.000 1410.000 500.000 606.000 112054.439 14632327.791 740923.882 17278495.520 161110640.228 82152716612437.281
10075.000 6211.000 73119369.000 1.000 1410.000 500.000 644.000 136220.167 14517796.114 496699.844 8014151.145 1358561158.117 335921374022307.250
10051.000 6022.000 73119379.000 1.000 1400.000 510.000 685.000 147428.770 14335481.430 266018.027 5382811.720 2310462217.166 439300530420943.188
10021.000 5818.000 73119389.000 1.000 1400.000 510.000 724.000 154957.178 14109208.075 97200.131 10321714.975 3090879148.469 256659436117003.281
9981.000 5605.000 73119399.000 1.000 1400.000 520.000 751.000 169393.143 13810310.269 9755.385 16790577.375 4904430688.968 91235578945786.453
9933.000 5373.000 73119409.000 1.000 1390.000 520.000 802.000 192876.468 13455856.901 17750.405 10700726.465 8745048796.297 244659107326575.531
9873.000 5110.000 73119419.000 1.000 1370.000 530.000 818.000 207842.519 13019270.191 156998.724 10848625.645 11768130968.518 240054227002791.781
9811.000 4826.000 73119429.000 1.000 1370.000 530.000 845.000 192669.616 12575694.591 462713.731 7436502.645 8706404068.707 357429517712761.750
9748.000 4564.000 73119439.000 1.000 1350.000 530.000 864.000 182268.913 12132839.546 887798.589 4843869.745 6873638736.944 462182894699296.000
9689.000 4316.000 73119449.000 1.000 1340.000 540.000 885.000 175494.270 11725300.282 1416648.989 4971273.450 5796198306.611 456721164752262.000
9629.000 4078.000 73119459.000 1.000 1340.000 540.000 900.000 168541.440 11317993.572 2039842.776 13760215.755 4785863770.134 158309072941522.625
9562.000 3852.000 73119469.000 1.000 1330.000 540.000 894.000 149296.383 10871676.746 2736479.027 7446803.650 2493492303.275 357040126209822.312
9490.000 3656.000 73119479.000 1.000 1310.000 550.000 909.000 138881.273 10402060.695 3423353.440 14867466.900 1561812270.444 131672003514198.016
9410.000 3479.000 73119489.000 1.000 1300.000 550.000 918.000 118087.613 9892425.082 4109664.089 15995290.025 350667219.230 107060803737780.109
9324.000 3338.000 73119499.000 1.000 1270.000 550.000 923.000 95716.578 9358842.798 4701224.131 15287160.460 13285473.682 122216311451816.719
9235.000 3238.000 73119509.000 1.000 1260.000 560.000 923.000 74335.934 8822222.179 5144870.260 15243626.255 626279072.371 123180760893217.500
9160.000 3166.000 73119519.000 1.000 1250.000 560.000 918.000 53016.177 8382313.791 5476679.473 3779435.660 2147889183.890 509083257868075.500
9087.000 3153.000 73119529.000 1.000 1230.000 560.000 897.000 58302.101 7964940.295 5537694.469 12926611.555 1685874441.075 179980940618097.344
9019.000 3198.000 73119539.000 1.000 1220.000 570.000 885.000 76381.278 7585742.024 5327928.711 29430661.975 528090712.214 9537923480709.932
8953.000 3282.000 73119549.000 1.000 1200.000 570.000 846.000 117543.043 7226540.643 4947201.963 30426611.930 330568419.586 16681529607396.162
8888.000 3433.000 73119559.000 1.000 1200.000 570.000 776.000 160097.745 6881296.708 4298285.308 9900025.850 3688891168.497 270348678472223.500
8852.000 3654.000 73119569.000 1.000 1190.000 580.000 671.000 173943.935 6693720.682 3430758.363 18527185.300 5562539256.624 61076160008847.766
8834.000 3921.000 73119580.000 1.000 1190.000 580.000 570.000 202447.297 6600904.669 2512956.198 27197583.985 10626681053.966 731495128964.146
8843.000 4204.000 73119590.000 1.000 1180.000 570.000 391.000 164408.718 6647231.675 1695804.653 8742918.073 4231140260.880 309738564520170.250
9173.000 6247.000 73119680.000 0.000 1270.000 530.000 61.000 274459.435 8457758.579 548739.237 112977849.270 30659286010.396 7505716820552990.000
9335.000 6595.000 73119690.000 1.000 1280.000 530.000 66.000 116448.457 9426266.695 1185418.708 1244477.520 291964018.439 629901150016508.125
9429.000 6728.000 73119700.000 1.000 1290.000 520.000 93.000 114707.929 10012304.540 1492720.356 5039874.840 235512810.231 453793705400317.000
9532.000 6851.000 73119710.000 1.000 1300.000 520.000 180.000 107659.153 10674743.391 1808404.618 122325.060 68851005.935 687487563056248.875
9628.000 6967.000 73119720.000 1.000 1320.000 510.000 280.000 107488.069 11311266.127 2133847.108 12746680.375 66041085.150 184841120427212.406
9726.000 7081.000 73119730.000 1.000 1330.000 510.000 376.000 89660.544 11980061.753 2479898.521 3376347.260 94108593.347 527435403234929.500
9820.000 7164.000 73119740.000 1.000 1350.000 500.000 444.000 94382.708 12639607.598 2748199.234 12829144.185 24788393.404 182605626019159.281
9936.000 7227.000 73119750.000 1.000 1350.000 500.000 468.000 112325.567 13477875.237 2961047.173 922142.650 168066971.664 646184862344148.750
10070.000 7309.000 73119760.000 1.000 1360.000 490.000 472.000 113615.277 14479718.888 3249977.347 1207388.325 203170091.129 631764242363987.125
10209.000 7386.000 73119770.000 1.000 1380.000 490.000 478.000 111926.622 15556891.766 3533532.827 2948550.605 157882231.251 547267936520951.812
10350.000 7454.000 73119780.000 1.000 1380.000 490.000 481.000 116050.469 16689043.533 3793805.460 1757819.635 278521607.091 604397122253190.125
10500.000 7516.000 73119790.000 1.000 1390.000 480.000 485.000 118508.958 17937110.308 4039172.860 8355795.305 366625057.004 323514678496623.688
10656.000 7572.000 73119800.000 1.000 1410.000 490.000 488.000 106822.531 19282835.753 4267403.027 10989254.705 55666948.179 235716279254888.469
10801.000 7608.000 73119810.000 1.000 1410.000 490.000 496.000 91452.944 20577315.301 4417434.421 7903882.415 62545295.533 339975578616990.812
10927.000 7630.000 73119820.000 1.000 1420.000 480.000 527.000 80398.563 21736319.391 4510396.273 18160503.790 359593069.648 66941938130243.086
11039.000 7620.000 73119830.000 1.000 1420.000 480.000 574.000 54999.257 22793201.250 4468020.885 562284.580 1968008814.497 664609664250222.375
11108.000 7586.000 73119840.000 1.000 1430.000 490.000 605.000 54212.845 23456804.966 4325440.569 5051319.130 2038401262.547 453306253901336.625
11165.000 7536.000 73119850.000 1.000 1430.000 490.000 619.000 61277.627 24012181.340 4119963.634 4720573.000 1450381563.394 467499471976718.938
11213.000 7465.000 73119860.000 1.000 1430.000 490.000 628.000 67879.827 24484906.708 3836777.385 2404050.220 991095884.265 573040238204432.750
11251.000 7378.000 73119870.000 1.000 1430.000 490.000 639.000 71242.135 24862415.624 3503520.518 6886822.085 790698821.434 378515974989641.938
11269.000 7280.000 73119880.000 1.000 1430.000 490.000 640.000 80874.054 25042243.637 3146257.724 11793686.190 341785747.329 211662428576485.812
11274.000 7167.000 73119890.000 1.000 1420.000 490.000 655.000 97368.720 25092310.862 2758154.850 7907418.805 3971181.584 339845180187556.125
11267.000 7031.000 73119900.000 1.000 1430.000 500.000 679.000 108428.047 25022230.746 2324921.585 1863749.030 82202231.481 599199903099099.125
11253.000 6880.000 73119910.000 1.000 1430.000 500.000 717.000 111034.689 24882364.514 1887242.240 4057402.635 136263286.039 496617056152433.812
11233.000 6726.000 73119920.000 1.000 1420.000 500.000 737.000 116709.378 24683235.611 1487837.279 19531327.530 300948788.784 46389469946462.484
11213.000 6564.000 73119930.000 1.000 1420.000 500.000 752.000 144025.920 24484906.708 1118876.008 10781379.180 1994910201.997 242142539974198.125
11189.000 6364.000 73119940.000 1.000 1420.000 500.000 756.000 159104.772 24247968.024 735768.266 393322.215 3569258265.775 673349920356312.625
11163.000 6143.000 73119950.000 1.000 1420.000 500.000 768.000 159654.873 23992584.450 405475.211 0.000 3635290541.615 693917248718329.375
11139.000 5921.000 73119960.000 1.000 1410.000 510.000 791.000 159654.873 23758045.766 172033.618 5022561.115 3635290541.615 454531654142605.812
11115.000 5699.000 73119970.000 1.000 1410.000 510.000 811.000 152630.312 23524659.082 37160.024 3931300.230 2837566079.122 502253318569846.000
11090.000 5487.000 73119980.000 1.000 1400.000 520.000 825.000 147131.990 23282772.953 369.818 26250085.290 2282019488.161 8505231125.268
11063.000 5283.000 73119990.000 1.000 1400.000 520.000 849.000 183845.396 23022939.933 49831.921 2251055.950 7137528282.449 580388478335909.375
11030.000 5028.000 73120000.000 1.000 1390.000 520.000 867.000 180697.066 22707346.243 228704.550 1735133.400 6615473910.590 605513095929163.375
10993.000 4778.000 73120010.000 1.000 1370.000 530.000 873.000 178270.306 22356088.772 530319.873 692182.205 6226599289.911 657929009728031.375
10959.000 4531.000 73120020.000 1.000 1360.000 540.000 891.000 179238.393 22035725.637 951074.811 8907357.030 6380317656.305 303977553682129.500
10930.000 4282.000 73120030.000 1.000 1350.000 540.000 908.000 166780.551 21764301.727 1498740.673 5756143.965 4545328117.826 423790194964228.688
10919.000 4049.000 73120040.000 1.000 1340.000 550.000 906.000 158730.000 21661787.830 2123521.153 2596655.490 3524618510.537 563856065364651.750
10919.000 3827.000 73120050.000 1.000 1320.000 550.000 914.000 162361.686 21661787.830 2819815.560 23386159.225 3969023137.089 8738822083281.448
10925.000 3600.000 73120060.000 1.000 1320.000 550.000 938.000 129653.771 21717674.501 3633715.273 15704086.255 917621538.596 113171785299228.297
10936.000 3419.000 73120070.000 1.000 1300.000 550.000 935.000 107690.014 21820320.398 4356531.766 209029.535 69364105.928 682948300820846.000
10958.000 3270.000 73120080.000 1.000 1290.000 560.000 953.000 107397.665 22026338.191 5000727.498 12804461.670 64579909.774 183273313037128.438
10977.000 3121.000 73120090.000 1.000 1270.000 560.000 976.000 89489.327 22205041.650 5689325.231 8656718.070 97459846.587 312780130079333.250
10994.000 2997.000 73120100.000 1.000 1260.000 570.000 982.000 77382.029 22365546.217 6296238.431 453969.945 483097249.736 670206104202720.500
11001.000 2889.000 73120110.000 1.000 1240.000 570.000 992.000 78016.952 22431804.333 6849896.250 786259.760 455589830.608 653111657866949.125
10996.000 2780.000 73120120.000 1.000 1230.000 560.000 988.000 79116.616 22384467.108 7432333.531 2988783.655 409855424.239 545387150708832.000
10984.000 2670.000 73120130.000 1.000 1220.000 570.000 1011.000 83296.733 22271061.766 8044204.273 4509344.125 258076814.994 476678359598239.500
10960.000 2556.000 73120140.000 1.000 1200.000 570.000 1023.000 89603.508 22045115.082 8703860.860 13714089.675 95218454.175 159471925845173.844
10936.000 2433.000 73120150.000 1.000 1190.000 560.000 1023.000 70422.963 21820320.398 9444746.598 11217819.470 837439061.018 228750186567051.156
10910.000 2338.000 73120160.000 1.000 1190.000 580.000 1023.000 54733.705 21578092.824 10037685.421 18450508.505 1991640298.328 62280516630759.008
10884.000 2266.000 73120170.000 1.000 1190.000 580.000 1023.000 28928.798 21337217.250 10499094.634 6871551.830 4960765845.235 379110388666065.250
10858.000 2235.000 73120180.000 1.000 1170.000 580.000 1023.000 19318.236 21097693.675 10700949.934 13258899.225 6406924491.592 171175613956446.188
10837.000 2252.000 73120190.000 1.000 1170.000 580.000 1023.000 37862.151 20905219.327 10590017.092 27175349.500 3782170219.248 693956308083.182
10804.000 2300.000 73120201.000 1.000 1160.000 580.000 1023.000 79670.381 20604541.637 10279914.950 33204232.490 387740260.910 47085992610649.352
10764.000 2404.000 73120211.000 1.000 1160.000 580.000 1020.000 126109.867 20243003.830 9623834.976 22677922.410 715475010.241 13427729813624.717
10717.000 2574.000 73120221.000 1.000 1160.000 580.000 987.000 157827.241 19822285.908 8597976.556 28127466.510 3418242593.250 3186786978587.251
10667.000 2789.000 73120231.000 1.000 1170.000 590.000 977.000 197166.355 19379563.650 7383342.379 4257152.185 9565789197.471 487754155958819.688
10616.000 3060.000 73120241.000 1.000 1170.000 590.000 944.000 203120.414 18933137.946 5984044.369 3700425.300 10765911742.107 512654902011315.625
10568.000 3340.000 73120251.000 1.000 1170.000 590.000 902.000 208295.834 18517724.579 4692555.208 6961844.175 11866688607.113 375602420707968.188
10518.000 3627.000 73120261.000 1.000 1190.000 600.000 825.000 198558.989 18089902.321 3531507.818 681847.595 9840141353.197 658459284648015.250
10462.000 3899.000 73120271.000 1.000 1190.000 600.000 745.000 197605.356 17616677.391 2583190.347 59896518.825 9651854775.566 1125884990271339.875
10403.000 4169.000 73120281.000 1.000 1210.000 590.000 537.000 113834.001 17124886.127 1788185.798 2524199.982 209453216.521 567302321955495.875
10065.000 5397.000 73120361.000 0.000 1280.000 570.000 219.000 85591.204 14441691.662 11931.334 26945635.860 189621117.270 364003179369.050
10052.000 5516.000 73120371.000 1.000 1300.000 560.000 242.000 47905.000 14343054.875 95.440 1493484.850 2647771636.419 617464066605866.000
10052.000 5583.000 73120381.000 1.000 1310.000 560.000 306.000 49993.790 14343054.875 5893.534 6601251.085 2437171024.902 389709371550386.625
10072.000 5650.000 73120391.000 1.000 1320.000 550.000 351.000 40761.271 14494943.779 20669.627 6344591.110 3433987116.920 399908724806344.812
10107.000 5695.000 73120401.000 1.000 1320.000 550.000 417.000 31887.717 14762674.359 35633.869 5479852.235 4552711712.505 435242106442707.875
10140.000 5725.000 73120411.000 1.000 1320.000 550.000 474.000 39551.846 15017350.050 47860.031 3420502.800 3577194995.406 525409204053315.750
10182.000 5761.000 73120421.000 1.000 1340.000 550.000 522.000 44335.766 15344632.746 64907.424 2163829.525 3027831663.345 584598874557211.375
10231.000 5799.000 73120431.000 1.000 1340.000 550.000 567.000 41309.431 15730921.559 85713.895 757408.795 3370042990.647 654587123615222.000
10284.000 5822.000 73120441.000 1.000 1340.000 550.000 591.000 40250.118 16154150.153 99710.285 8819670.145 3494155762.443 307042875946210.250
10339.000 5834.000 73120451.000 1.000 1350.000 540.000 636.000 52585.321 16599289.637 107432.750 6571454.175 2188011143.801 390886704464185.812
10411.000 5849.000 73120461.000 1.000 1350.000 540.000 670.000 61776.166 17191161.688 117490.831 13625604.850 1412657510.240 161714566981189.188
10494.000 5873.000 73120471.000 1.000 1360.000 540.000 691.000 80832.956 17886323.637 134519.760 5900691.940 343307030.681 417859712114754.375
10603.000 5903.000 73120481.000 1.000 1360.000 540.000 705.000 89085.672 18820175.159 157425.921 2035431.970 105592689.846 590824275811428.375
10721.000 5943.000 73120491.000 1.000 1370.000 530.000 711.000 91932.430 19857919.688 190767.469 12365576.080 55191116.317 195349065911502.281
10845.000 5977.000 73120501.000 1.000 1370.000 530.000 717.000 74637.918 20978438.888 221623.785 15411313.060 611255624.228 119486674425826.172
10949.000 5986.000 73120511.000 1.000 1370.000 530.000 719.000 53083.634 21941941.185 230178.634 5865501.785 2141641101.110 419299637814383.312
11023.000 5980.000 73120521.000 1.000 1390.000 520.000 725.000 44880.135 22640682.127 224457.402 796421.340 2968219390.786 652592381444953.125
11077.000 5948.000 73120531.000 1.000 1390.000 520.000 721.000 45994.011 23157486.166 195160.163 13365314.105 2848089135.402 168402399099460.219
11090.000 5885.000 73120541.000 1.000 1390.000 520.000 728.000 64686.758 23282772.953 143466.224 17414442.760 1202337897.304 79706797384358.156
11054.000 5802.000 73120551.000 1.000 1400.000 520.000 731.000 89042.622 22936652.927 87479.511 33937004.530 106479292.144 57679398674928.062
10984.000 5699.000 73120561.000 1.000 1400.000 520.000 736.000 136506.964 22271061.766 37160.024 20007051.350 1379785319.514 40135490758547.023
10849.000 5564.000 73120571.000 1.000 1400.000 520.000 748.000 164488.854 21015096.669 3337.298 15235214.280 4241571930.002 123367555339790.562
10679.000 5409.000 73120581.000 1.000 1400.000 520.000 749.000 185796.846 19485360.991 9453.798 496698.345 7471068627.990 667995595297388.750
10486.000 5235.000 73120591.000 1.000 1400.000 520.000 754.000 185102.163 17818720.075 73566.063 27988002.185 7351460884.826 2708305730117.608
10275.000 5085.000 73120601.000 1.000 1400.000 520.000 799.000 145958.104 16081885.146 177435.256 27312483.770 2171243283.224 941238890369.030
10121.000 4951.000 73120611.000 1.000 1400.000 520.000 849.000 107758.826 14870452.591 308281.069 32170274.565 70515044.104 33965181461589.633
10004.000 4856.000 73120621.000 1.000 1400.000 520.000 864.000 62765.435 13981785.508 422799.892 22100505.570 1339272147.138 17992897186860.656
9945.000 4791.000 73120631.000 1.000 1400.000 530.000 908.000 31855.637 13544038.243 511554.876 4548661.975 4557041859.701 474963055007686.062
9952.000 4747.000 73120641.000 1.000 1400.000 530.000 933.000 38217.402 13595610.359 576431.173 39839872.930 3738601010.372 182184229345750.969
10003.000 4731.000 73120651.000 1.000 1390.000 540.000 976.000 93937.504 13974308.062 600982.553 39311942.670 29419758.346 168211394940865.344
10133.000 4750.000 73120661.000 1.000 1390.000 540.000 979.000 148919.242 14963145.933 571884.789 28381532.465 2455969556.979 4158431932486.821
10337.000 4792.000 73120671.000 1.000 1370.000 540.000 982.000 188613.693 16582996.746 510125.414 10719204.210 7965953531.793 244081406402985.000
10589.000 4870.000 73120681.000 1.000 1370.000 540.000 980.000 203605.587 18698900.927 404789.434 145577994.705 10866829179.809 14217148721701712.000
10862.000 4951.000 73120691.000 1.000 1370.000 540.000 840.000 0.000 21134455.456 308281.069 0.000 9872708153.736 693917248718329.375
