1642.000 5163.000 67632139.000 0.000 1440.000 580.000 575.000 35360.154 25333965.082 304548.732 1211594.136 6573008566.464 161783011431028.062
1581.000 5140.000 67632149.000 1.000 1420.000 580.000 554.000 33126.389 25951746.939 279692.202 2618635.603 6940199215.534 127969344470022.078
1542.000 5187.000 67632159.000 1.000 1420.000 580.000 491.000 28298.521 26350622.224 331613.980 11994746.962 7767906209.169 3749034101172.085
1531.000 5238.000 67632169.000 1.000 1410.000 590.000 389.000 6184.312 26463675.510 392952.633 470200.051 12155048182.043 181192845187881.719
1538.000 5229.000 67632179.000 1.000 1390.000 600.000 389.000 7051.200 26391704.510 381750.165 2132479.771 11964650985.428 139204825337009.297
1551.000 5229.000 67632189.000 1.000 1390.000 600.000 425.000 10982.763 26258304.082 381750.165 20543619.672 11120015491.708 43726881428097.172
1568.000 5240.000 67632199.000 1.000 1380.000 600.000 473.000 48858.168 26084367.367 395464.070 16691328.355 4566526461.925 7619472112402.832
1651.000 5275.000 67632209.000 1.000 1390.000 610.000 504.000 79631.266 25243446.939 440709.224 17967180.077 1354459415.339 16290836593466.789
1776.000 5352.000 67632219.000 1.000 1380.000 610.000 515.000 112756.598 24003000.510 548872.563 16121370.638 13525102.652 4797770734252.153
1956.000 5456.000 67632229.000 1.000 1380.000 610.000 517.000 142478.889 22271657.653 713787.305 11569122.427 678323373.474 5578414771671.311
2195.000 5565.000 67632239.000 1.000 1400.000 620.000 515.000 163808.392 20072960.082 909847.642 435834.130 2244309608.234 182119211039113.156
2473.000 5683.000 67632249.000 1.000 1410.000 630.000 520.000 164611.921 17659205.224 1148882.446 2838909.667 2321088265.697 123034228921830.594
2750.000 5807.000 67632259.000 1.000 1410.000 630.000 561.000 159377.943 15407867.939 1430079.563 4808971.013 1844161020.478 83211216260741.516
3005.000 5953.000 67632269.000 1.000 1430.000 630.000 600.000 150511.846 13470997.224 1800586.490 5324631.778 1161282749.111 74069388506175.641
3244.000 6094.000 67632279.000 1.000 1450.000 640.000 622.000 140695.047 11773721.653 2198871.824 9732589.114 588586413.441 17626563492358.629
3475.000 6212.000 67632289.000 1.000 1450.000 640.000 644.000 122751.483 10241828.653 2562750.629 7374247.474 39907469.847 42990862389796.648
3676.000 6316.000 67632299.000 1.000 1460.000 640.000 641.000 109155.894 8995714.796 2906545.371 19454606.851 52974423.352 30510351677845.000
3856.000 6406.000 67632309.000 1.000 1460.000 640.000 647.000 73288.256 7948371.939 3221520.053 17602541.914 1861576545.062 13480299147828.699
3975.000 6470.000 67632319.000 1.000 1480.000 630.000 647.000 40835.192 7291542.939 3455358.048 16853448.461 5715217126.862 8540767985863.253
4033.000 6518.000 67632329.000 1.000 1480.000 630.000 658.000 9763.200 6981673.796 3636112.545 6604003.133 11378712282.143 53684725192909.109
4051.000 6518.000 67632339.000 1.000 1480.000 630.000 616.000 21938.722 6886875.510 3636112.545 22521575.107 8929404257.487 73798165795375.547
4011.000 6524.000 67632349.000 1.000 1490.000 630.000 501.000 63460.800 7098418.367 3659030.857 32882433.734 2806186094.047 359157248976289.750
3894.000 6524.000 67632359.000 1.000 1490.000 630.000 94.000 124084.756 7735550.224 3659030.857 3536937.672 58530286.950 108036307687198.625
2549.000 6896.000 67632420.000 0.000 1510.000 600.000 520.000 163862.263 17026233.796 5220582.207 53378350.954 2249416695.442 1556094347375625.000
2247.000 6904.000 67632430.000 1.000 1520.000 590.000 539.000 65450.849 19609714.367 5257203.956 857589.725 2599306878.349 170913774487577.469
2128.000 6924.000 67632440.000 1.000 1520.000 590.000 600.000 67031.951 20677807.367 5349318.330 2066734.382 2440586856.586 140760542980535.781
2005.000 6912.000 67632450.000 1.000 1530.000 590.000 611.000 63221.600 21811568.653 5293953.705 21221624.554 2831585807.764 53153363499918.008
1986.000 6797.000 67632460.000 1.000 1540.000 580.000 668.000 102347.014 21989400.510 4777981.057 26266019.405 198450135.454 152152969540588.844
2032.000 6614.000 67632470.000 1.000 1540.000 580.000 702.000 150772.566 21560102.224 4011445.538 9291206.232 1179120147.218 21527586222478.840
2122.000 6351.000 67632480.000 1.000 1540.000 580.000 711.000 167902.371 20732410.796 3027110.525 3305350.886 2648967781.292 112904190112020.922
2254.000 6071.000 67632490.000 1.000 1540.000 580.000 716.000 173996.307 19547767.367 2131189.295 29397840.802 3313390743.853 239223497703791.188
2389.000 5780.000 67632500.000 1.000 1560.000 590.000 725.000 119796.748 18372245.224 1366232.158 9736691.285 11306412.532 17592135209801.754
2530.000 5610.000 67632510.000 1.000 1560.000 590.000 720.000 101845.621 17183393.653 997719.982 10857161.678 212828010.492 9448415788925.801
2671.000 5486.000 67632520.000 1.000 1550.000 600.000 722.000 81828.730 16034304.082 765378.866 10689588.826 1197541811.401 10506676546879.648
2789.000 5392.000 67632530.000 1.000 1550.000 600.000 737.000 62120.786 15103216.653 609741.310 10092391.781 2949952052.961 14734830337370.262
2890.000 5338.000 67632540.000 1.000 1540.000 600.000 742.000 43513.869 14328387.939 528324.501 1796393.544 5317381537.279 147248412342250.875
2970.000 5332.000 67632550.000 1.000 1530.000 610.000 739.000 46825.804 13729142.224 519638.189 9343188.221 4845335346.063 21047918052646.324
3052.000 5359.000 67632560.000 1.000 1530.000 610.000 705.000 64051.446 13128199.367 559293.593 19525822.344 2743957847.513 31302157629041.074
3136.000 5442.000 67632570.000 1.000 1520.000 620.000 539.000 100050.381 12526543.367 690327.244 54267326.654 268431067.266 1627020117183131.250
3236.000 5597.000 67632580.000 1.000 1510.000 630.000 91.000 0.000 11828686.224 971918.640 120826844.566 13556933889.811 11426723889076006.000
3236.000 5597.000 67632600.000 0.000 1480.000 630.000 55.000 445526.713 11828686.224 971918.640 168787015.200 108301851134.564 23980388780758300.000
3522.000 6367.000 67632610.000 1.000 1480.000 630.000 353.000 134341.213 9943210.796 3083042.024 9267541.320 320659428.964 21747746362997.465
3606.000 6600.000 67632620.000 1.000 1460.000 640.000 488.000 117255.038 9420514.796 3955561.477 34653900.202 673697.757 429439039359118.125
3683.000 6802.000 67632630.000 1.000 1460.000 640.000 568.000 53365.104 8953773.796 4799864.651 21111612.816 3977716807.071 51561355155089.000
3727.000 6890.000 67632640.000 1.000 1450.000 640.000 563.000 14442.514 8692388.653 5193199.895 2034073.224 10402313613.793 141536610335739.094
3749.000 6905.000 67632650.000 1.000 1450.000 640.000 572.000 18192.649 8563148.082 5261790.675 7035242.050 9651411590.549 47551329102035.922
3755.000 6872.000 67632660.000 1.000 1450.000 640.000 586.000 31163.228 8528068.653 5111484.958 21339379.051 7271146692.543 54884239813426.539
3785.000 6823.000 67632670.000 1.000 1460.000 630.000 603.000 70505.741 8353751.510 4892321.743 16844203.795 2109427669.449 8486819130642.541
3801.000 6694.000 67632680.000 1.000 1440.000 620.000 625.000 101560.689 8261518.367 4338303.033 24576455.880 221222729.541 113325960301921.141
3757.000 6512.000 67632690.000 1.000 1460.000 620.000 641.000 146871.264 8516391.510 3613266.233 13320274.930 926411999.845 372971950162.997
3678.000 6253.000 67632700.000 1.000 1460.000 620.000 658.000 171429.293 8983721.653 2695702.095 10332118.478 3024455077.290 12951870653881.342
3562.000 5959.000 67632710.000 1.000 1460.000 620.000 671.000 190478.184 9692547.939 1816724.802 6541742.664 5482504596.696 54600964739802.656
3413.000 5641.000 67632720.000 1.000 1470.000 610.000 679.000 178417.449 10642508.082 1060610.262 12221385.005 3841917321.999 2922746589169.594
3242.000 5360.000 67632730.000 1.000 1470.000 610.000 700.000 200949.501 11787450.796 560790.312 5405558.942 7142828147.540 72682961510930.688
3026.000 5059.000 67632740.000 1.000 1470.000 610.000 713.000 210915.502 13317286.224 200577.989 10003466.386 8926707533.916 15425435651160.191
2798.000 4744.000 67632750.000 1.000 1470.000 610.000 730.000 192472.533 15033344.510 17651.604 3086225.626 5781820927.791 117608897519006.047
2562.000 4479.000 67632760.000 1.000 1470.000 610.000 721.000 186782.589 16919119.367 17461.154 5736895.373 4948889212.872 67143174055996.688
2347.000 4210.000 67632770.000 1.000 1470.000 610.000 725.000 176205.717 18734057.224 160913.829 4128154.872 3572628618.079 96095561353089.672
2147.000 3954.000 67632780.000 1.000 1440.000 610.000 720.000 168594.812 20505371.510 431833.846 17905212.504 2720724534.241 15794450671048.455
1957.000 3708.000 67632790.000 1.000 1440.000 610.000 720.000 135583.727 22262220.082 815663.051 14248998.245 366702581.745 101129736777.590
1790.000 3522.000 67632800.000 1.000 1430.000 620.000 722.000 109313.450 23866016.510 1186227.376 9253774.123 50705750.854 21876341110726.480
1646.000 3381.000 67632810.000 1.000 1410.000 630.000 727.000 92252.657 25293714.796 1513246.042 22785217.848 584749298.117 78397364507690.672
1518.000 3269.000 67632820.000 1.000 1410.000 630.000 730.000 50244.512 26597595.939 1801341.549 19552730.808 4381081028.099 31603978425611.117
1452.000 3204.000 67632830.000 1.000 1400.000 630.000 728.000 14195.967 27282713.653 1980044.835 2689885.267 10452665910.840 126362418195403.484
1434.000 3185.000 67632840.000 1.000 1380.000 640.000 727.000 9236.739 27471075.939 2033877.180 21362979.960 11491305735.546 55234486284570.336
1447.000 3196.000 67632850.000 1.000 1370.000 650.000 730.000 48622.764 27334971.510 2002623.086 28322482.901 4598397235.601 207115090225272.281
1517.000 3252.000 67632860.000 1.000 1370.000 650.000 733.000 100839.731 26607911.510 1847263.332 18538501.930 243188931.331 21229173326392.016
1659.000 3372.000 67632870.000 1.000 1350.000 650.000 737.000 135018.385 25163122.367 1535469.574 19169418.355 345370182.752 27441139749641.004
1848.000 3534.000 67632880.000 1.000 1350.000 650.000 740.000 170360.233 23302687.367 1160232.000 8872879.690 2908011958.961 25584472068436.000
2091.000 3733.000 67632890.000 1.000 1330.000 660.000 736.000 186718.787 21015675.510 771131.018 5813330.923 4939916553.743 65896376308636.305
2363.000 3944.000 67632900.000 1.000 1330.000 660.000 739.000 197436.580 18595808.082 445076.659 2147152.776 6561377940.761 138858801457661.719
2653.000 4164.000 67632910.000 1.000 1330.000 660.000 740.000 193477.965 16178782.367 199934.769 16870625.184 5935734473.104 8641459571226.122
2947.000 4366.000 67632920.000 1.000 1330.000 660.000 751.000 162374.305 13900114.367 60093.943 10733056.762 2110488922.985 10226772038148.281
3210.000 4509.000 67632930.000 1.000 1330.000 660.000 748.000 142586.221 12008205.082 10432.714 16507376.650 683925740.648 6637772163505.555
3451.000 4614.000 67632940.000 1.000 1330.000 660.000 748.000 112152.267 10396018.367 8.176 10279858.238 18335353.285 13330757484504.506
3656.000 4641.000 67632950.000 1.000 1330.000 660.000 754.000 93199.726 9116086.224 891.580 5993400.672 539842969.163 63005312037309.945
3807.000 4559.000 67632960.000 1.000 1330.000 660.000 767.000 104249.506 8227062.939 2718.648 31275932.803 148467914.844 300847067722707.062
3922.000 4405.000 67632970.000 1.000 1330.000 660.000 779.000 161911.624 7580582.224 42493.971 7641661.522 2068191812.803 39555642956193.359
3984.000 4113.000 67632980.000 1.000 1320.000 650.000 779.000 176000.233 7243018.796 248144.116 5499184.234 3548106680.297 71095335406882.750
4015.000 3790.000 67632990.000 1.000 1320.000 650.000 782.000 186138.847 7077120.082 674271.982 28834643.016 4858731251.968 222118896320874.625
4026.000 3447.000 67633000.000 1.000 1320.000 650.000 793.000 132977.632 7018714.796 1355223.475 9462944.717 273683585.077 19963421725802.934
4035.000 3202.000 67633010.000 1.000 1320.000 650.000 808.000 115531.200 6971108.653 1985677.398 6361557.926 815494.003 57296290190846.625
4035.000 2989.000 67633020.000 1.000 1320.000 650.000 833.000 103802.664 6971108.653 2631340.319 1266348.874 159556890.752 160393115221124.062
4023.000 2798.000 67633030.000 1.000 1320.000 650.000 860.000 101467.950 7034619.510 3287479.051 191529.034 223990047.866 188772766341100.750
4003.000 2612.000 67633040.000 1.000 1320.000 650.000 897.000 101821.064 7141110.939 3996563.376 600107.563 213545119.319 177712405887244.344
3957.000 2430.000 67633050.000 1.000 1320.000 650.000 905.000 102927.457 7389077.224 4757374.576 4120671.379 182433377.885 96242336240279.359
3894.000 2251.000 67633060.000 1.000 1320.000 650.000 902.000 110524.565 7735550.224 5570263.932 16769552.741 34924342.120 8057442834154.100
3823.000 2060.000 67633070.000 1.000 1320.000 650.000 899.000 79607.248 8135533.796 6508318.664 8387676.312 1356227860.202 30728318051846.883
3753.000 1931.000 67633080.000 1.000 1300.000 660.000 899.000 64143.243 8539753.796 7183153.954 6632711.822 2734349106.224 53264853051685.938
3674.000 1843.000 67633090.000 1.000 1300.000 660.000 897.000 51914.792 9007715.939 7662602.710 5884878.907 4162760082.005 64739891250027.477
3589.000 1799.000 67633100.000 1.000 1300.000 660.000 873.000 41065.089 9525159.510 7908135.088 3870199.195 5680509987.568 101219496028499.406
3515.000 1815.000 67633110.000 1.000 1300.000 660.000 822.000 48200.412 9987405.796 7818402.587 18514115.083 4655856247.805 21005042629925.664
3446.000 1871.000 67633120.000 1.000 1300.000 660.000 743.000 82334.105 10428286.224 7508370.833 51356430.744 1162819688.917 1400663672889291.250
3385.000 2010.000 67633130.000 1.000 1280.000 660.000 521.000 177017.790 10825980.082 6765932.730 1545740.520 3670365674.444 153394385485629.938
2865.000 4934.000 67633221.000 0.000 1320.000 650.000 492.000 202951.121 14518277.224 104238.154 55367813.947 7485169475.323 1717010443038652.750
2927.000 5303.000 67633231.000 1.000 1320.000 650.000 522.000 100871.818 14049645.796 478669.347 36472612.963 242189198.432 508124800743880.125
2908.000 5488.000 67633241.000 1.000 1330.000 650.000 544.000 33628.800 14192441.653 768882.303 11378449.301 6856742063.789 6515460063804.726
2908.000 5550.000 67633251.000 1.000 1350.000 640.000 544.000 12650.833 14192441.653 881456.862 32026859.026 10770997035.181 327460503853391.188
2920.000 5530.000 67633261.000 1.000 1350.000 640.000 559.000 71697.402 14102170.796 844302.488 40250526.595 2001385306.453 692718047368859.125
2927.000 5398.000 67633271.000 1.000 1370.000 630.000 589.000 145905.600 14049645.796 619147.622 26610472.694 868560643.764 160769301039696.562
2927.000 5129.000 67633281.000 1.000 1380.000 630.000 653.000 194966.206 14049645.796 268178.297 17338959.922 6167268574.022 11614264271355.943
2909.000 4770.000 67633291.000 1.000 1380.000 630.000 710.000 226933.315 14184908.082 25236.290 777361.714 12210044014.297 173017916699119.250
2891.000 4352.000 67633301.000 1.000 1380.000 630.000 740.000 228366.504 14320818.367 67153.881 592179.302 12528830142.354 177923850162920.312
2896.000 3931.000 67633311.000 1.000 1400.000 620.000 773.000 229458.280 14283000.510 462591.316 27667108.032 12774432020.681 188680959878992.312
2902.000 3508.000 67633321.000 1.000 1400.000 620.000 797.000 178449.600 14237685.082 1216919.314 14121492.480 3845903999.537 36291490151.356
2902.000 3179.000 67633331.000 1.000 1400.000 620.000 811.000 152414.400 14237685.082 2051026.868 9035450.530 1294571405.159 23966299114608.238
2902.000 2898.000 67633341.000 1.000 1410.000 630.000 815.000 135756.121 14237685.082 2934850.919 23275575.110 373334812.324 87321285361442.734
2890.000 2648.000 67633351.000 1.000 1400.000 630.000 826.000 92843.925 14328387.939 3853921.248 13533257.510 556503295.174 158190517146.571
2870.000 2478.000 67633361.000 1.000 1400.000 630.000 827.000 67893.229 14480199.367 4550289.073 7698223.536 2356230434.877 38847368134441.523
2842.000 2356.000 67633371.000 1.000 1380.000 640.000 829.000 53700.339 14694079.367 5085659.393 8638560.720 3935543221.225 28009799480932.121
2803.000 2265.000 67633381.000 1.000 1380.000 640.000 824.000 37773.789 14994596.653 5504375.993 897063.427 6187467663.143 169883221708744.219
2744.000 2228.000 67633391.000 1.000 1370.000 650.000 783.000 39427.667 15455007.367 5679359.402 11066993.458 5930013373.451 8202471753608.001
2672.000 2238.000 67633401.000 1.000 1370.000 650.000 733.000 59831.416 16026296.510 5631796.589 15698905.042 3203880484.679 3125526335866.635
2570.000 2280.000 67633411.000 1.000 1350.000 650.000 668.000 88774.825 16853370.796 5434216.774 9789810.686 765043629.021 17149359692183.711
2432.000 2368.000 67633421.000 1.000 1350.000 650.000 609.000 106823.886 18005473.653 5031680.018 16581403.402 92359039.818 7024695309444.480
2270.000 2480.000 67633431.000 1.000 1330.000 660.000 574.000 137394.320 19406542.224 4541760.510 7264827.494 439324657.401 44437712224347.195
2052.000 2609.000 67633441.000 1.000 1330.000 660.000 572.000 150788.176 21374770.796 4008567.220 2659793.458 1180192433.207 127039854018881.203
1813.000 2751.000 67633451.000 1.000 1310.000 670.000 583.000 145884.427 23641822.367 3460123.273 7625551.699 867313098.149 39758542394760.312
1561.000 2845.000 67633461.000 1.000 1310.000 670.000 613.000 131825.519 26155918.367 3119252.829 16458869.275 236891251.748 6390177546999.053
1326.000 2907.000 67633471.000 1.000 1310.000 670.000 662.000 101480.996 28614857.653 2904095.387 8805548.866 223599717.441 26270138874049.156
1139.000 2913.000 67633481.000 1.000 1300.000 660.000 721.000 85246.577 30650459.510 2883681.699 15709143.384 972670764.142 3161832213036.090
984.000 2887.000 67633491.000 1.000 1300.000 660.000 734.000 56284.292 32390733.082 2972661.013 7436418.446 3618017094.434 42179449603926.109
892.000 2839.000 67633501.000 1.000 1280.000 650.000 739.000 42574.081 33446393.653 3140482.516 7678352.712 5455324131.287 39095463364168.164
848.000 2774.000 67633511.000 1.000 1280.000 650.000 739.000 28417.826 33957258.796 3375085.802 1437112.666 7746890377.256 156096951472463.594
836.000 2723.000 67633521.000 1.000 1280.000 650.000 740.000 25768.282 34097257.653 3565075.149 9197777.290 8220317221.337 22403295221980.246
860.000 2682.000 67633531.000 1.000 1270.000 640.000 755.000 42725.836 33817547.939 3721583.684 8060387.270 5432929861.865 34463967314488.637
934.000 2655.000 67633541.000 1.000 1270.000 640.000 757.000 57586.432 32962361.653 3826486.279 22403591.717 3463065338.034 71784992986811.250
1040.000 2661.000 67633551.000 1.000 1270.000 640.000 784.000 98890.989 31756445.082 3803048.591 31584479.755 307765903.568 311645727891480.125
1220.000 2690.000 67633561.000 1.000 1250.000 640.000 793.000 157121.962 29760142.224 3690781.433 24969721.373 1655490146.556 121853607434463.656
1485.000 2807.000 67633571.000 1.000 1270.000 630.000 796.000 203157.584 26939065.796 3254923.519 30678602.328 7520937168.980 280482544646525.500
1806.000 3000.000 67633581.000 1.000 1270.000 630.000 783.000 259718.429 23709943.367 2595774.224 15528249.187 20530356792.515 2551239386088.854
2218.000 3244.000 67633591.000 1.000 1270.000 630.000 793.000 288347.207 19867395.939 1869073.582 5435985.955 29554065793.292 72165080557945.672
2680.000 3507.000 67633601.000 1.000 1270.000 630.000 796.000 298369.305 15962307.939 1219126.596 5055802.066 33100365305.472 78768947107941.891
3174.000 3749.000 67633611.000 1.000 1270.000 630.000 793.000 307690.474 12259001.653 743286.516 25516814.760 36578944341.055 134231353326592.062
3693.000 3978.000 67633621.000 1.000 1270.000 630.000 794.000 260646.199 8894028.082 400867.095 15752054.818 20797087080.633 3316279893872.322
4153.000 4117.000 67633631.000 1.000 1270.000 630.000 797.000 231604.800 6361925.224 244174.991 15933618.878 13264256263.138 4010525526925.204
4573.000 4194.000 67633641.000 1.000 1290.000 640.000 800.000 202228.659 4419605.224 174006.330 24624453.398 7360681119.112 114350176018435.312
4944.000 4231.000 67633651.000 1.000 1290.000 640.000 814.000 156829.593 2997350.224 144506.921 16374391.560 1631783973.133 5970214970500.817
5233.000 4240.000 67633661.000 1.000 1290.000 640.000 811.000 126640.818 2080188.082 137745.389 17613825.461 104174090.232 13563282740919.359
5466.000 4225.000 67633671.000 1.000 1300.000 650.000 812.000 94166.951 1462371.939 149104.609 15255235.944 495832474.088 1753629372683.281
5637.000 4195.000 67633681.000 1.000 1300.000 650.000 812.000 66041.516 1078037.224 173173.048 10247703.139 2539427344.284 13566596391596.512
5753.000 4158.000 67633691.000 1.000 1320.000 650.000 821.000 47148.258 850610.939 205336.457 14039312.371 4800548280.845 11733903951.240
5833.000 4124.000 67633701.000 1.000 1330.000 650.000 829.000 21264.570 709445.224 237306.022 3002167.728 9057267432.834 119439139314106.219
5857.000 4093.000 67633711.000 1.000 1330.000 650.000 830.000 15729.600 669591.510 268469.743 1261117.968 10141425940.674 160525637669901.781
5857.000 4064.000 67633721.000 1.000 1350.000 650.000 824.000 18054.670 669591.510 299362.901 5287097.155 9678541183.672 74716870118454.969
5839.000 4036.000 67633731.000 1.000 1350.000 650.000 644.000 27802.268 699373.796 330786.778 960971.818 7855627713.144 168221351538852.469
6845.000 7757.000 67634483.000 0.000 1540.000 530.000 589.000 161034.349 28802.939 9896430.991 54185406.355 1989169092.529 1620418098473028.250
7068.000 7953.000 67634493.000 1.000 1560.000 530.000 605.000 61135.001 154224.510 11168023.853 23576722.642 3058006615.461 93040173151109.453
7120.000 8053.000 67634503.000 1.000 1570.000 540.000 609.000 17667.592 197770.796 11846395.721 8111913.101 9754852152.913 33861646937341.824
7130.000 8084.000 67634513.000 1.000 1580.000 540.000 583.000 2712.000 206765.082 12060752.000 7181627.131 12932749477.725 45553888676428.562
7130.000 8079.000 67634523.000 1.000 1590.000 550.000 566.000 15952.463 206765.082 12026048.407 10764436.229 10096588929.073 10027057876713.266
7139.000 8051.000 67634533.000 1.000 1580.000 560.000 570.000 35798.400 215030.939 11832632.284 22654255.910 6502139832.041 76095381656978.859
7139.000 7985.000 67634543.000 1.000 1600.000 560.000 592.000 77565.096 215030.939 11382926.851 15438146.242 1510810904.586 2271522273779.684
7098.000 7848.000 67634553.000 1.000 1600.000 560.000 633.000 106027.755 178687.367 10477258.391 39242702.376 108295077.118 640682822636614.500
7032.000 7664.000 67634563.000 1.000 1600.000 550.000 673.000 178377.870 127245.082 9319950.154 29597133.206 3837012422.198 245428067232251.531
6909.000 7359.000 67634573.000 1.000 1620.000 560.000 681.000 232944.856 54622.367 7550730.956 19561232.386 13574721994.187 31699638051566.426
6727.000 6970.000 67634583.000 1.000 1620.000 560.000 696.000 269009.075 2674.367 5564217.389 2997014.386 23279078119.110 119551805780702.359
6506.000 6526.000 67634593.000 1.000 1630.000 550.000 702.000 263483.606 28657.653 3666686.295 10927526.688 21623513962.920 9020787211386.982
6280.000 6096.000 67634603.000 1.000 1640.000 550.000 700.000 243336.986 156250.796 2204807.262 5587379.558 16104305148.968 69615822275879.523
6015.000 5734.000 67634613.000 1.000 1630.000 560.000 699.000 233035.770 435977.224 1260813.099 234060.787 13595915150.544 187605848636716.906
5725.000 5417.000 67634623.000 1.000 1630.000 560.000 714.000 232604.242 903042.939 649409.277 13041772.056 13495467722.981 790707173710.841
5434.000 5102.000 67634633.000 1.000 1610.000 570.000 713.000 208559.677 1540790.224 240942.892 7509460.742 8487094840.536 41236028058460.266
5141.000 4853.000 67634643.000 1.000 1610.000 570.000 713.000 194714.801 2354032.653 58495.941 22056482.837 6127845124.224 66023646438045.406
4847.000 4647.000 67634653.000 1.000 1590.000 570.000 719.000 154050.194 3342628.653 1285.892 21968226.221 1414959463.746 64597178529270.359
4586.000 4535.000 67634663.000 1.000 1580.000 580.000 721.000 113548.302 4365114.796 5797.400 12457573.085 8328678.924 2170955121722.631
4382.000 4488.000 67634673.000 1.000 1560.000 590.000 719.000 90580.800 5259159.367 15163.622 6123781.157 668400725.191 60952497817627.852
4215.000 4488.000 67634683.000 1.000 1530.000 590.000 713.000 79290.643 6053005.796 15163.622 2643140.693 1379647323.007 127415524482218.297
4078.000 4539.000 67634693.000 1.000 1510.000 600.000 708.000 74417.596 6745893.082 5204.275 7034615.578 1765398966.796 47559969479551.570
4008.000 4657.000 67634703.000 1.000 1490.000 590.000 705.000 87387.020 7114413.082 2103.079 24347543.554 843741400.220 108504604088230.062
3982.000 4816.000 67634713.000 1.000 1460.000 600.000 707.000 132275.559 7253787.939 41967.349 17347097.549 250947163.792 11669796081046.762
4054.000 5049.000 67634723.000 1.000 1450.000 600.000 705.000 164257.671 6871138.796 191720.802 15131152.723 2287079876.777 1440392421841.885
4232.000 5294.000 67634733.000 1.000 1440.000 600.000 702.000 192154.339 5969645.082 466296.879 13662184.363 5733532322.503 72256053854.932
4481.000 5546.000 67634743.000 1.000 1410.000 600.000 700.000 217342.732 4814889.796 873961.987 1199817.005 10182522331.689 162082746096251.375
4807.000 5779.000 67634753.000 1.000 1410.000 600.000 699.000 219554.784 3490491.510 1363895.440 11646244.114 10633845137.570 5220060222409.181
5138.000 6012.000 67634763.000 1.000 1380.000 600.000 708.000 241026.473 2363247.367 1962406.892 6716484.960 15523222763.205 52049071790242.453
5517.000 6244.000 67634773.000 1.000 1380.000 600.000 708.000 253409.373 1341625.796 2666229.626 15611582.981 18762185124.653 2824395372580.563
5927.000 6468.000 67634783.000 1.000 1360.000 600.000 711.000 224626.956 559931.510 3447926.611 2139297.197 11705662266.492 139044000884080.141
6299.000 6650.000 67634793.000 1.000 1360.000 600.000 710.000 220682.824 141590.939 4156947.411 21871968.120 10867765792.778 63059145810241.875
6676.000 6803.000 67634803.000 1.000 1390.000 600.000 707.000 180358.399 0.510 4804247.369 16074348.355 4086297200.490 4593988359994.148
6988.000 6918.000 67634813.000 1.000 1390.000 600.000 711.000 150722.801 97790.224 5321600.018 15817609.824 1175704930.889 3559337284430.103
7255.000 6995.000 67634823.000 1.000 1410.000 590.000 714.000 121560.541 336068.653 5682785.356 21776343.542 26278889.498 61549584358684.109
7473.000 7047.000 67634833.000 1.000 1430.000 590.000 716.000 81412.415 636348.082 5933410.727 14113890.202 1226528721.254 33452767373.883
7621.000 7072.000 67634843.000 1.000 1460.000 580.000 711.000 55391.231 894375.510 6055828.695 14024601.941 3726249810.426 8763340589.899
7723.000 7077.000 67634853.000 1.000 1460.000 580.000 708.000 29534.664 1097705.224 6080462.288 9297971.587 7551537537.033 21464852434365.395
7777.000 7070.000 67634863.000 1.000 1490.000 580.000 699.000 12392.386 1213774.367 6045989.257 3110915.131 10824708854.063 117074003400458.672
7786.000 7049.000 67634873.000 1.000 1500.000 570.000 699.000 18127.849 1233686.224 5943158.165 24153344.827 9664147900.698 104496554052976.688
7765.000 7023.000 67634883.000 1.000 1510.000 580.000 669.000 62658.352 1187477.224 5817065.479 15924653.549 2891846890.142 3974697436641.358
7678.000 6947.000 67634893.000 1.000 1540.000 570.000 637.000 92017.964 1005435.939 5456238.859 7819723.306 596154878.756 37347571133187.719
7548.000 6838.000 67634903.000 1.000 1540.000 570.000 633.000 106434.858 761630.224 4958902.523 10845583.608 99987781.692 9519727821645.781
7389.000 6723.000 67634913.000 1.000 1550.000 580.000 633.000 126430.403 509388.082 4459949.875 11112651.062 99923133.458 7943030001232.873
7191.000 6600.000 67634923.000 1.000 1560.000 570.000 633.000 146918.329 265961.224 3955561.477 10909601.995 929279251.363 9128780793832.918
6996.000 6412.000 67634933.000 1.000 1560.000 570.000 634.000 167031.902 102857.653 3243094.365 39933567.019 2560122684.827 676134051931078.375
6789.000 6184.000 67634943.000 1.000 1560.000 570.000 647.000 240655.735 12930.939 2473886.505 23260613.006 15430978064.553 87041879894303.328
6572.000 5797.000 67634953.000 1.000 1560.000 570.000 697.000 283540.346 10667.939 1406262.376 15611732.141 27924448300.962 2824896749558.548
6382.000 5310.000 67634963.000 1.000 1550.000 580.000 733.000 312323.038 86016.510 488404.378 10990883.347 38372418413.610 8644222574069.910
6225.000 4756.000 67634973.000 1.000 1550.000 580.000 750.000 292059.610 202757.224 20984.229 15631712.530 30844268105.722 2892459760042.997
6089.000 4235.000 67634983.000 1.000 1540.000 580.000 771.000 263240.081 343730.939 141481.796 8606274.902 21551952877.077 28352582621959.348
6005.000 3757.000 67634993.000 1.000 1530.000 590.000 788.000 247373.055 449282.939 729556.266 27472168.387 17144971423.194 183363533096370.812
5925.000 3308.000 67635003.000 1.000 1520.000 590.000 824.000 196723.777 562928.653 1698175.578 18364740.835 6446408617.033 19658153338846.191
5861.000 2951.000 67635013.000 1.000 1500.000 600.000 842.000 162865.479 663061.224 2756067.009 12396453.283 2155859298.915 2354800557404.530
5805.000 2656.000 67635023.000 1.000 1480.000 610.000 866.000 140010.661 757397.224 3822574.998 21652928.558 555847293.990 59628347061955.320
5759.000 2402.000 67635033.000 1.000 1460.000 620.000 866.000 100090.070 839579.510 4880302.453 5714140.066 267132123.963 67516610102373.188
5745.000 2218.000 67635043.000 1.000 1430.000 630.000 882.000 89555.151 865431.510 5727122.215 2936115.883 722485805.322 120887239807444.094
5751.000 2053.000 67635053.000 1.000 1410.000 640.000 888.000 84141.958 854304.082 6544083.633 10372887.974 1042791933.118 12660084512633.727
5782.000 1901.000 67635063.000 1.000 1380.000 640.000 885.000 65017.902 797959.367 7344862.393 10215673.334 2643640539.939 13803572170194.842
5822.000 1788.000 67635073.000 1.000 1380.000 640.000 885.000 46183.696 728096.510 7970123.182 6940736.443 4935139925.067 48863633956781.242
5869.000 1717.000 67635083.000 1.000 1370.000 650.000 885.000 33387.353 650096.653 8376050.156 5458796.587 6896786613.998 71778048096014.656
5914.000 1675.000 67635093.000 1.000 1330.000 650.000 885.000 23323.200 579555.939 8620921.971 8898352.421 8669667085.715 25327433201351.508
5957.000 1675.000 67635103.000 1.000 1320.000 650.000 885.000 39728.717 515934.367 8620921.971 9442612.310 5883738342.696 20145527331440.406
5996.000 1737.000 67635113.000 1.000 1320.000 650.000 879.000 57137.663 461429.082 8260684.530 19724163.922 3516084881.888 33560873069528.043
6032.000 1836.000 67635123.000 1.000 1300.000 660.000 860.000 93502.272 413816.510 7701405.679 21470810.707 525875480.425 56848907979865.133
6066.000 2005.000 67635133.000 1.000 1300.000 660.000 834.000 133087.100 371229.082 6791969.136 14626325.856 277317510.844 483493030358.454
6100.000 2248.000 67635143.000 1.000 1300.000 660.000 779.000 160053.040 330953.653 5584433.776 24076373.386 1902599097.025 102928819773511.328
6135.000 2541.000 67635153.000 1.000 1300.000 660.000 696.000 204441.634 291908.653 4285482.349 718856.822 7745300154.962 174560442635390.094
6173.000 2916.000 67635163.000 1.000 1300.000 660.000 613.000 203116.308 252290.939 2873501.855 515001.206 7513779687.777 179988734526954.344
6216.000 3288.000 67635173.000 1.000 1280.000 650.000 570.000 202166.822 210943.367 1750701.204 19139855.928 7350074404.825 27132292329232.734
6261.000 3658.000 67635183.000 1.000 1300.000 650.000 557.000 166879.477 171632.653 908477.116 8449017.413 2544721223.101 30052014947972.340
6293.000 3964.000 67635193.000 1.000 1300.000 650.000 559.000 151302.380 146142.367 418791.033 5542751.429 1215786694.308 70362533322869.945
6316.000 4242.000 67635203.000 1.000 1300.000 650.000 562.000 141083.443 129086.224 136264.826 3614830.224 607582860.196 106423136534684.438
6340.000 4501.000 67635213.000 1.000 1300.000 650.000 569.000 134418.933 112416.510 12130.965 4854966.533 323448928.147 82374187906377.344
6370.000 4747.000 67635223.000 1.000 1320.000 640.000 591.000 125468.036 93199.367 18457.760 2492632.829 81609342.505 130835997042769.094
6435.000 4969.000 67635233.000 1.000 1320.000 640.000 613.000 120872.474 57737.224 128063.308 9397190.107 19697858.318 20555334442716.461
6520.000 5175.000 67635243.000 1.000 1320.000 640.000 628.000 103547.271 24113.653 317937.356 157408.819 166074152.124 189711517201576.656
6643.000 5321.000 67635253.000 1.000 1320.000 640.000 647.000 103257.063 1042.367 503900.284 141225.230 173638179.908 190157591038829.094
6783.000 5450.000 67635263.000 1.000 1330.000 630.000 658.000 103517.434 11602.367 703684.993 33113843.813 166844059.780 367981910142918.812
6933.000 5568.000 67635273.000 1.000 1350.000 630.000 668.000 42466.837 66416.653 915579.798 25437244.680 5471177751.862 132393914594857.188
7004.000 5535.000 67635283.000 1.000 1370.000 630.000 730.000 89364.412 108053.082 853516.081 22239711.523 732775970.497 69034866224661.375
7057.000 5379.000 67635293.000 1.000 1370.000 630.000 776.000 130366.830 145705.796 589607.967 46868801.899 194116867.215 1084899503745052.750
7097.000 5142.000 67635303.000 1.000 1380.000 630.000 783.000 216776.863 177842.939 281811.640 3909300.269 10068640572.491 100434249531561.469
7120.000 4743.000 67635313.000 1.000 1380.000 630.000 800.000 223984.275 197770.796 17386.886 2703509.270 11567008508.618 126056306140766.031
7148.000 4331.000 67635323.000 1.000 1400.000 630.000 808.000 228968.621 223458.796 78478.789 19807499.885 12663985316.732 34533377536654.402
7179.000 3910.000 67635333.000 1.000 1410.000 630.000 809.000 192450.369 253728.082 491598.224 21875326.661 5778450793.895 63112497296437.211
7203.000 3556.000 67635343.000 1.000 1410.000 630.000 827.000 152119.752 278482.367 1113321.811 14473062.600 1273455262.399 293843543843.372
7219.000 3276.000 67635353.000 1.000 1400.000 630.000 857.000 125436.377 295625.224 1782600.580 3925200.182 81038343.350 100115814373766.766
7230.000 3045.000 67635363.000 1.000 1410.000 640.000 863.000 118199.651 307707.939 2452796.565 13658504.722 3116651.050 74247804395.524
7210.000 2828.000 67635373.000 1.000 1410.000 640.000 876.000 93018.042 285919.367 3179590.611 8271756.754 548318659.690 32026912161243.781
7171.000 2661.000 67635383.000 1.000 1400.000 650.000 896.000 77767.753 245732.653 3803048.591 14581465.037 1495097763.351 423118781948.439
7120.000 2527.000 67635393.000 1.000 1400.000 650.000 906.000 50884.521 197770.796 4343642.288 6299358.749 4296766587.319 58241783722782.430
7065.000 2451.000 67635403.000 1.000 1380.000 650.000 903.000 39270.659 151877.224 4666207.668 1798844.107 5954219323.209 147188945165118.062
7004.000 2412.000 67635413.000 1.000 1380.000 650.000 899.000 35954.206 108053.082 4836219.640 6547818.629 6477037009.974 54511208050190.867
6939.000 2399.000 67635423.000 1.000 1370.000 660.000 891.000 48026.143 69545.224 4893566.297 11856491.371 4679668701.896 4303541346405.671
6855.000 2427.000 67635433.000 1.000 1350.000 670.000 860.000 69885.456 32297.224 4770470.420 9736910.414 2166789949.700 17590297073192.678
6754.000 2507.000 67635443.000 1.000 1350.000 670.000 832.000 87836.987 6195.939 4427407.914 17907885.994 817803283.279 15815707910985.398
6641.000 2623.000 67635453.000 1.000 1330.000 670.000 783.000 120853.001 1175.510 3952703.281 10430424.682 19525386.330 12253952119970.457
6523.000 2812.000 67635463.000 1.000 1330.000 670.000 782.000 140083.135 23190.939 3236907.112 6782651.794 559269900.518 51098728027970.000
6398.000 3038.000 67635473.000 1.000 1310.000 680.000 779.000 152588.024 76887.367 2474771.534 5045961.302 1307095586.598 78943721193153.812
6269.000 3288.000 67635483.000 1.000 1310.000 680.000 779.000 143284.998 165068.082 1750701.204 12325753.613 720962825.723 2576781370153.002
6178.000 3536.000 67635493.000 1.000 1310.000 680.000 773.000 120560.526 247293.082 1155927.437 6552477.302 17026177.842 54442438198404.680
6140.000 3755.000 67635503.000 1.000 1300.000 670.000 765.000 108480.000 286530.796 732976.829 5251932.821 63270046.386 75326020064462.141
6140.000 3955.000 67635513.000 1.000 1300.000 670.000 761.000 98797.233 286530.796 430520.565 3272060.544 311064265.162 113612760627441.125
6183.000 4132.000 67635523.000 1.000 1300.000 670.000 748.000 92764.673 242345.224 229575.771 1891643.866 560248736.463 144945836674174.750
6246.000 4291.000 67635533.000 1.000 1310.000 670.000 746.000 89277.129 184286.224 102490.042 9571984.474 737509061.647 19000922419566.398
6322.000 4437.000 67635543.000 1.000 1300.000 660.000 745.000 71629.665 124810.796 30324.969 11880236.558 2007450574.103 4205586501360.900
6398.000 4545.000 67635553.000 1.000 1300.000 660.000 742.000 49726.574 76887.367 4374.587 11426466.888 4449913645.872 6272632136719.146
6469.000 4603.000 67635563.000 1.000 1320.000 650.000 737.000 28660.079 42553.796 66.270 5383685.578 7704304579.667 73056399634658.391
6515.000 4629.000 67635573.000 1.000 1320.000 650.000 728.000 18734.405 25691.510 318.956 10840140.624 9545259139.708 9553345074534.680
6547.000 4616.000 67635583.000 1.000 1320.000 650.000 731.000 38719.915 16457.224 23.613 11152128.019 6039517408.454 7722069602419.479
6561.000 4546.000 67635593.000 1.000 1320.000 650.000 739.000 59280.623 13061.224 4243.305 18607027.661 3266536743.870 21865335454599.789
6553.000 4437.000 67635603.000 1.000 1330.000 650.000 743.000 93585.615 14953.796 30324.969 622803.749 522059987.284 177107800664612.094
6530.000 4266.000 67635613.000 1.000 1320.000 640.000 757.000 94733.852 21107.939 119122.075 372593.002 470907146.018 183830108140874.094
6506.000 4093.000 67635623.000 1.000 1320.000 640.000 757.000 95420.786 28657.653 268469.743 11412506.054 441565545.970 6342757482798.458
6488.000 3918.000 67635633.000 1.000 1330.000 630.000 770.000 74380.030 35075.939 480443.974 12706357.862 1768557173.029 1499721975334.776
6482.000 3781.000 67635643.000 1.000 1330.000 630.000 779.000 50953.854 37359.367 689133.514 6290287.109 4287681876.069 58380328826017.992
6501.000 3689.000 67635653.000 1.000 1330.000 630.000 785.000 39356.717 30375.510 850343.396 2717139.240 5940945641.065 125750431486922.703
6537.000 3626.000 67635663.000 1.000 1330.000 630.000 794.000 34347.242 19122.939 970502.119 13624651.368 6738276400.695 93842882654.251
6596.000 3603.000 67635673.000 1.000 1320.000 640.000 787.000 59466.437 6286.224 1016347.589 11985744.206 3245331383.708 3783978184089.718
6702.000 3631.000 67635683.000 1.000 1320.000 640.000 784.000 81564.048 713.653 960675.712 21841611.619 1215930782.898 62577946659863.039
6839.000 3693.000 67635693.000 1.000 1320.000 640.000 793.000 121832.506 26802.367 842982.270 24927449.429 29141199.519 120922137017333.797
7017.000 3830.000 67635703.000 1.000 1320.000 640.000 779.000 167790.193 116768.653 610180.730 16955164.733 2637433182.783 9145637502961.004
7253.000 4030.000 67635713.000 1.000 1320.000 640.000 750.000 199049.715 333753.796 337724.466 17152522.397 6825315541.965 10378275978055.580
7528.000 4273.000 67635723.000 1.000 1320.000 640.000 749.000 230673.097 727121.653 114339.105 2371731.869 13050514834.258 133616430623104.156
7840.000 4562.000 67635733.000 1.000 1320.000 640.000 749.000 226300.435 1356559.367 2414.804 13709458.320 12070579251.163 49075941886.678
8152.000 4839.000 67635743.000 1.000 1320.000 640.000 754.000 201024.885 2180685.082 51919.879 25636669.973 7155576026.092 137022961773222.906
8408.000 5107.000 67635753.000 1.000 1320.000 640.000 752.000 153759.638 3002298.796 245876.486 2469172.402 1393184808.381 131373244884862.578
8627.000 5287.000 67635763.000 1.000 1320.000 640.000 752.000 149207.329 3809188.653 456785.848 5312073.590 1074074899.457 74285706723891.703
8819.000 5484.000 67635773.000 1.000 1330.000 650.000 752.000 139413.683 4595510.939 761883.429 24025054.752 528054475.848 101890158862615.219
8970.000 5692.000 67635783.000 1.000 1330.000 650.000 752.000 95119.703 5265713.653 1168256.914 15340886.328 454309788.739 1987809840942.406
9093.000 5817.000 67635793.000 1.000 1330.000 650.000 752.000 66836.358 5845342.367 1454096.749 8489684.395 2459950599.797 29607798253388.055
9165.000 5917.000 67635803.000 1.000 1350.000 650.000 757.000 51184.285 6198677.224 1705268.618 13155800.266 4257557549.606 600917922213.449
9208.000 6001.000 67635813.000 1.000 1370.000 650.000 760.000 26929.491 6414641.653 1931708.987 8722600.718 8011101358.422 27127310840238.996
9231.000 6045.000 67635823.000 1.000 1400.000 650.000 763.000 10848.000 6531675.510 2055952.609 2353582.080 11148455569.468 134036356201962.422
9231.000 6065.000 67635833.000 1.000 1400.000 650.000 754.000 6508.800 6531675.510 2113706.982 2647779.840 12083603912.645 127310814026595.469
9219.000 6065.000 67635843.000 1.000 1430.000 640.000 754.000 11390.400 6470482.367 2113706.982 2647779.840 11034209806.411 127310814026595.469
9198.000 6065.000 67635853.000 1.000 1450.000 640.000 750.000 16272.000 6364087.367 2113706.982 8015443.464 10032475737.297 34993681650927.242
9168.000 6065.000 67635863.000 1.000 1460.000 630.000 750.000 31049.735 6213624.510 2113706.982 6826463.069 7290514900.738 50474291901819.180
9117.000 6039.000 67635873.000 1.000 1490.000 630.000 750.000 43635.397 5961968.653 2038782.297 22649391.125 5299672570.922 76010531689271.938
9051.000 5993.000 67635883.000 1.000 1490.000 630.000 753.000 85393.124 5644018.367 1909535.237 30253918.315 963551321.194 266438014075948.188
8970.000 5858.000 67635893.000 1.000 1500.000 620.000 770.000 141170.997 5265713.653 1554658.215 20862068.136 611906797.301 48039854869990.867
8885.000 5612.000 67635903.000 1.000 1500.000 620.000 809.000 179633.512 4882837.224 1001719.420 44568030.053 3994147088.206 938628270694249.125
8796.000 5293.000 67635913.000 1.000 1500.000 620.000 821.000 261801.709 4497429.082 464932.160 607305.211 21131698989.152 177520555705915.094
8729.000 4815.000 67635923.000 1.000 1510.000 610.000 836.000 262921.372 4217742.367 41558.631 27048735.691 21458477771.449 172075272345274.969
8688.000 4332.000 67635933.000 1.000 1510.000 610.000 833.000 213052.759 4051018.796 77919.508 18668206.042 9335136848.353 22441223170913.512
8663.000 3940.000 67635943.000 1.000 1500.000 620.000 837.000 178634.975 3951008.082 450429.785 36147074.789 3868930555.528 493554457785308.812
8648.000 3611.000 67635953.000 1.000 1480.000 610.000 855.000 111992.138 3891601.653 1000281.338 11819173.709 19732332.954 4459764773776.195
8634.000 3405.000 67635963.000 1.000 1470.000 620.000 867.000 90201.626 3836561.653 1454775.290 7699867.550 688150407.989 38826877329120.570
8624.000 3239.000 67635973.000 1.000 1460.000 630.000 899.000 76005.705 3797487.367 1882769.989 20043255.672 1634467013.577 37359801118665.156
8618.000 3099.000 67635983.000 1.000 1450.000 640.000 893.000 39052.800 3774138.796 2286569.374 10388748.835 5987888350.018 12547466980812.119
8618.000 3027.000 67635993.000 1.000 1430.000 640.000 896.000 19899.502 3774138.796 2509501.629 6791967.514 9318957004.945 50965630990663.000
8629.000 2992.000 67636003.000 1.000 1400.000 650.000 896.000 7377.438 3816999.510 2621616.475 4001522.371 11893387603.644 98594312005426.875
8637.000 2981.000 67636013.000 1.000 1380.000 650.000 896.000 0.000 3848322.939 2657358.569 14121492.480 13556933889.811 36291490151.356
8637.000 2981.000 67636023.000 1.000 1370.000 660.000 896.000 26035.200 3848322.939 2657358.569 7649141.760 8171987710.429 39461607573996.477
8637.000 3029.000 67636033.000 1.000 1350.000 670.000 909.000 40137.600 3848322.939 2503169.066 18914905.834 5821178353.504 24839424765093.551
8637.000 3103.000 67636043.000 1.000 1310.000 670.000 903.000 75010.214 3848322.939 2274488.248 21824388.250 1715950515.448 62305748167280.938
8646.000 3241.000 67636053.000 1.000 1300.000 670.000 863.000 115246.918 3883714.796 1877285.426 14503043.760 1409750.311 327246390971.307
8671.000 3452.000 67636063.000 1.000 1300.000 670.000 832.000 141985.568 3982875.510 1343607.068 24177372.605 652870001.476 104988372369174.344
8709.000 3711.000 67636073.000 1.000 1260.000 670.000 779.000 186560.370 4135993.796 810253.207 5237702.957 4917673117.764 75573226138047.188
8761.000 4051.000 67636083.000 1.000 1280.000 680.000 760.000 196216.902 4350204.082 313757.558 3745773.178 6365272028.328 103738625924827.641
8813.000 4409.000 67636093.000 1.000 1280.000 680.000 743.000 203122.826 4569822.367 40860.846 19531782.235 7514909717.608 31368882340446.211
8864.000 4780.000 67636103.000 1.000 1280.000 680.000 725.000 167112.903 4790470.224 28513.477 7626123.931 2568326167.283 39751326375956.977
8890.000 5087.000 67636113.000 1.000 1280.000 680.000 725.000 153052.940 4904959.367 226442.112 3388802.923 1340928672.199 111137692026864.422
8900.000 5369.000 67636123.000 1.000 1280.000 680.000 725.000 146805.147 4949353.653 574350.780 9984840.912 922391562.805 15572086508487.705
8950.000 5635.000 67636133.000 1.000 1300.000 670.000 725.000 128396.517 5174325.082 1048287.949 8137345.694 143095901.975 33566305364731.203
9006.000 5865.000 67636143.000 1.000 1310.000 670.000 730.000 113394.036 5432229.082 1572163.246 4185416.040 9242883.325 94976196704919.516
9091.000 6056.000 67636153.000 1.000 1330.000 660.000 730.000 105677.561 5835675.510 2087618.514 8612228.827 115706295.121 28289212171730.684
9193.000 6222.000 67636163.000 1.000 1370.000 660.000 730.000 89799.558 6338885.224 2594867.815 18917668.819 709406661.639 24866973372843.285
9306.000 6343.000 67636173.000 1.000 1380.000 650.000 731.000 54921.850 6920657.653 2999336.776 10381476.336 3783774992.797 12599041749442.436
9389.000 6401.000 67636183.000 1.000 1400.000 650.000 730.000 35781.960 7364245.224 3203596.459 1397080.291 6504791408.966 157098873166741.906
9453.000 6417.000 67636193.000 1.000 1410.000 640.000 743.000 33206.222 7715696.653 3261127.958 30709551.130 6926904156.376 281520139598663.062
9491.000 6369.000 67636203.000 1.000 1450.000 640.000 776.000 89824.126 7928246.939 3090069.462 22006885.238 708098543.144 65220096412185.672
9514.000 6205.000 67636213.000 1.000 1460.000 630.000 809.000 130397.292 8058298.796 2540387.598 48716799.379 194966623.831 1210052588067529.000
9528.000 5965.000 67636223.000 1.000 1470.000 620.000 833.000 220214.400 8137978.796 1832935.114 12952873.238 10770320143.018 956710884098.096
9528.000 5559.000 67636233.000 1.000 1470.000 620.000 869.000 244095.066 8137978.796 898437.330 9009166.368 16297284690.916 24224340236055.547
9533.000 5109.000 67636243.000 1.000 1470.000 620.000 861.000 260704.886 8166530.939 247863.923 36137783.477 20814017258.444 493141710949000.250
9558.000 4629.000 67636253.000 1.000 1500.000 620.000 873.000 194079.179 8310041.653 318.956 14650860.778 6028735455.046 518215052764.822
9594.000 4273.000 67636263.000 1.000 1500.000 620.000 873.000 167068.005 8518893.082 114339.105 9973148.395 2563777442.526 15664504035910.930
9619.000 3966.000 67636273.000 1.000 1490.000 630.000 876.000 148680.932 8665453.796 416206.470 29748325.037 1039848689.237 250188112188395.281
9627.000 3692.000 67636283.000 1.000 1490.000 630.000 906.000 93835.200 8712617.224 844819.552 15361555.565 510716928.288 2046520053034.063
9627.000 3519.000 67636293.000 1.000 1480.000 630.000 909.000 65513.748 8712617.224 1192771.220 9603498.456 2592897225.124 18727176356103.676
9597.000 3402.000 67636303.000 1.000 1460.000 640.000 918.000 47808.183 8536414.367 1462021.134 7208527.459 4709536669.182 45191492195834.328
9560.000 3322.000 67636313.000 1.000 1450.000 650.000 920.000 34518.125 8321576.510 1661883.640 331152.557 6710251054.321 184955557397293.906
9515.000 3277.000 67636323.000 1.000 1440.000 660.000 911.000 33907.593 8063977.224 1779931.299 6245717.558 6810648631.318 59063400596167.422
9453.000 3269.000 67636333.000 1.000 1400.000 660.000 902.000 45422.559 7715696.653 1801341.549 9470717.309 5042659841.974 19894025564991.699
9371.000 3286.000 67636343.000 1.000 1390.000 670.000 903.000 62883.321 7266875.510 1755997.767 8778411.509 2867701682.519 26549057119804.922
9275.000 3351.000 67636353.000 1.000 1370.000 670.000 885.000 79067.708 6758514.367 1587954.481 6019573.099 1396258241.766 62590505119324.211
9176.000 3458.000 67636363.000 1.000 1350.000 680.000 861.000 90165.741 6253571.939 1329733.380 12608876.650 690034410.936 1747981661071.954
9079.000 3593.000 67636373.000 1.000 1350.000 680.000 842.000 113412.195 5777842.367 1036610.402 5495183.491 9132798.689 71162818382417.828
9001.000 3787.000 67636383.000 1.000 1310.000 680.000 814.000 123543.433 5408946.939 679207.826 4062399.720 50540524.645 97389058818933.781
8935.000 4005.000 67636393.000 1.000 1310.000 680.000 782.000 131033.108 5106308.653 367406.499 97966.118 213126740.572 191352528279829.906
8879.000 4240.000 67636403.000 1.000 1310.000 680.000 768.000 131213.724 4856356.653 137745.389 5564223.418 218432938.445 70002770069809.758
8858.000 4481.000 67636413.000 1.000 1310.000 680.000 765.000 120955.200 4764241.653 16936.591 2768186.131 20439015.432 124608172916250.344
8858.000 4704.000 67636423.000 1.000 1310.000 680.000 763.000 115851.612 4764241.653 8622.857 14815142.347 339463.620 781726743076.261
8897.000 4914.000 67636433.000 1.000 1310.000 680.000 762.000 88537.559 4936014.367 91723.780 4767696.542 778225205.048 83965932795006.281
8959.000 5065.000 67636443.000 1.000 1310.000 680.000 763.000 79747.558 5215350.939 205988.301 1574406.038 1345913154.621 152685148058174.688
9038.000 5189.000 67636453.000 1.000 1330.000 670.000 759.000 76844.892 5582418.796 333921.418 10340667.245 1567317034.537 12890411920339.492
9132.000 5295.000 67636463.000 1.000 1330.000 670.000 759.000 57780.240 6035445.082 467663.598 9371485.229 3440292544.891 20789076689880.777
9214.000 5363.000 67636473.000 1.000 1350.000 670.000 759.000 40502.428 6445070.224 565292.468 6952898.678 5765641146.662 48693747682652.359
9288.000 5373.000 67636483.000 1.000 1350.000 670.000 760.000 27683.662 6826275.939 580429.655 10821913.814 7876666349.546 9666349911517.207
9330.000 5344.000 67636493.000 1.000 1370.000 660.000 762.000 47635.568 7047507.939 537082.813 18634038.096 4733258241.217 22118668682662.844
9342.000 5257.000 67636503.000 1.000 1370.000 660.000 767.000 81990.358 7111365.082 417134.288 14253869.539 1186381493.986 104251697144.605
9335.000 5106.000 67636513.000 1.000 1370.000 660.000 768.000 108269.616 7074080.082 244885.767 5692450.032 66661200.443 67873528035212.891
9288.000 4912.000 67636523.000 1.000 1380.000 650.000 774.000 118764.546 6826275.939 90516.343 6454211.237 5430293.122 55902209082400.188
9226.000 4702.000 67636533.000 1.000 1380.000 650.000 785.000 106865.189 6506143.367 8255.420 16606128.163 91566872.269 7156368337403.802
9153.000 4519.000 67636543.000 1.000 1380.000 650.000 812.000 76249.171 6139068.082 8489.901 9965119.248 1614840338.425 15728124674766.420
9102.000 4388.000 67636553.000 1.000 1380.000 650.000 827.000 57876.901 5888942.224 49791.754 15505752.062 3428962778.286 2479877992678.582
9083.000 4283.000 67636563.000 1.000 1380.000 650.000 830.000 29289.600 5797088.082 107676.292 6541557.706 7594189512.246 54603698174542.984
9083.000 4229.000 67636573.000 1.000 1400.000 660.000 832.000 17229.206 5797088.082 146031.484 5429348.606 9841640172.894 72277893215266.172
9111.000 4214.000 67636583.000 1.000 1400.000 660.000 822.000 27239.067 5932704.082 157720.703 17000250.106 7955780146.994 9420362355407.471
9160.000 4225.000 67636593.000 1.000 1400.000 660.000 819.000 58581.711 6173805.082 149104.609 18774243.072 3346915929.260 23457107826118.285
9224.000 4312.000 67636603.000 1.000 1400.000 660.000 818.000 93194.991 6495944.510 89485.134 14062116.494 540063022.498 17194360665.597
9325.000 4451.000 67636613.000 1.000 1400.000 660.000 824.000 119120.722 7020985.796 25645.031 18290592.043 7217147.571 19006136730387.652
9459.000 4625.000 67636623.000 1.000 1370.000 660.000 808.000 152842.315 7749065.224 192.081 11832747.811 1325547410.692 4402617031581.562
9616.000 4859.000 67636633.000 1.000 1370.000 660.000 794.000 174657.853 8647800.510 61434.253 6432400.790 3389988287.965 56228828518076.250
9793.000 5128.000 67636643.000 1.000 1390.000 670.000 790.000 186516.999 9720142.367 267143.578 5128035.643 4911592118.652 77491991767504.641
9973.000 5421.000 67636653.000 1.000 1390.000 670.000 790.000 177062.656 10874919.510 655872.152 13883829.614 3675803969.876 2224028913.196
10155.000 5692.000 67636663.000 1.000 1390.000 670.000 790.000 151465.625 12108411.510 1168256.914 5916286.037 1227197439.959 64235467192336.430
10289.000 5937.000 67636673.000 1.000 1390.000 670.000 794.000 140558.018 13058930.939 1757902.991 10282575.662 581956324.079 13310921526955.061
10414.000 6164.000 67636683.000 1.000 1400.000 670.000 794.000 121600.467 13977984.510 2411372.132 15524555.986 26689828.407 2539455021644.915
10533.000 6354.000 67636693.000 1.000 1420.000 660.000 794.000 92978.498 14881959.510 3037558.681 11824316.203 550172164.244 4438071221780.081
10626.000 6498.000 67636703.000 1.000 1420.000 660.000 794.000 71178.505 15608143.367 3560238.171 16306332.293 2048082189.938 5642254690518.101
10691.000 6612.000 67636713.000 1.000 1440.000 660.000 794.000 41115.208 16125961.224 4003438.101 13748888.088 5672957645.816 33160824110.304
10736.000 6673.000 67636723.000 1.000 1460.000 660.000 794.000 15766.963 16489400.510 4251263.941 8552000.731 10133902081.211 28933517218986.445
10755.000 6695.000 67636733.000 1.000 1470.000 650.000 788.000 0.000 16644068.653 4342469.752 6868115.592 13556933889.811 49884183956254.547
10755.000 6695.000 67636743.000 1.000 1480.000 650.000 787.000 12662.455 16644068.653 4342469.752 11027235.538 10768584828.575 8431785474983.148
10738.000 6679.000 67636753.000 1.000 1480.000 650.000 790.000 32992.904 16505647.367 4276042.253 12252384.250 6962457732.647 2817714662220.222
10728.000 6619.000 67636763.000 1.000 1500.000 640.000 796.000 55582.108 16424493.082 4031499.132 46838259.355 3702982828.900 1082888427406330.250
10679.000 6529.000 67636773.000 1.000 1530.000 630.000 830.000 141935.831 16029728.082 3678184.451 43087425.043 650330783.146 850097749606974.250
10605.000 6278.000 67636783.000 1.000 1530.000 630.000 867.000 221374.299 15442654.367 2778420.062 28918794.206 11012414499.924 224634298147368.125
10529.000 5877.000 67636793.000 1.000 1530.000 630.000 885.000 274690.660 14851113.796 1602399.870 7444937.923 25045092234.758 42068861492660.719
10455.000 5376.000 67636803.000 1.000 1540.000 630.000 888.000 288416.578 14286240.082 585009.811 33847377.437 29577922153.515 396662519409603.812
10412.000 4846.000 67636813.000 1.000 1540.000 630.000 897.000 226013.596 13963033.653 55158.910 22562536.070 12007633712.814 74503600936784.281
10388.000 4430.000 67636823.000 1.000 1530.000 630.000 900.000 184416.000 13784247.367 32811.938 19122854.400 4621518731.988 26955463994989.688
10388.000 4090.000 67636833.000 1.000 1530.000 630.000 899.000 149160.000 13784247.367 271587.587 17651865.600 1070974905.102 13844920997755.027
10388.000 3815.000 67636843.000 1.000 1510.000 640.000 912.000 116616.000 13784247.367 633839.949 11647011.067 33034.129 5216556226391.795
10388.000 3600.000 67636853.000 1.000 1500.000 650.000 929.000 95142.897 13784247.367 1022405.433 23502305.904 453321587.630 91610102968988.141
10376.000 3425.000 67636863.000 1.000 1490.000 660.000 932.000 51812.687 13695286.224 1406929.664 13496645.510 4175946025.355 188654462792.467
10366.000 3330.000 67636873.000 1.000 1480.000 670.000 933.000 26929.491 13621371.939 1641321.389 9393358.594 8011101358.422 20590091743728.629
10358.000 3281.000 67636883.000 1.000 1460.000 670.000 933.000 9611.352 13562384.510 1769274.174 5213197.325 11411130910.268 75999895612357.250
10353.000 3264.000 67636893.000 1.000 1420.000 680.000 939.000 0.000 13525582.367 1814787.956 17553525.768 13556933889.811 13122771005099.611
10353.000 3264.000 67636903.000 1.000 1410.000 680.000 936.000 32362.695 13525582.367 1814787.956 10561992.480 7068025866.775 11350139068072.416
10367.000 3322.000 67636913.000 1.000 1390.000 690.000 932.000 51835.395 13628754.367 1661883.640 14582703.336 4173011688.236 424731282427.805
10389.000 3415.000 67636923.000 1.000 1370.000 700.000 911.000 78720.910 13791673.796 1430752.477 22706380.550 1422295792.649 77007492906229.328
10419.000 3557.000 67636933.000 1.000 1370.000 700.000 878.000 120583.706 14015396.653 1111212.530 15461259.533 17218009.445 2341727215432.031
10451.000 3777.000 67636943.000 1.000 1330.000 700.000 834.000 149088.978 14256018.367 695790.640 13746966.907 1066331452.376 33864213535.848
10483.000 4050.000 67636953.000 1.000 1310.000 710.000 814.000 174433.681 14498688.082 314878.840 10250825.736 3363934336.672 13543603306043.738
10515.000 4370.000 67636963.000 1.000 1310.000 710.000 799.000 193332.696 14743405.796 58148.818 6766079.304 5913371448.465 51335934176579.789
10547.000 4725.000 67636973.000 1.000 1310.000 710.000 800.000 205807.031 14990171.510 12963.949 6449168.002 7987494508.125 55977648813492.453
10580.000 5103.000 67636983.000 1.000 1310.000 710.000 799.000 217697.090 15246793.653 241925.611 11650853.971 10254163359.089 5199016776704.083
10613.000 5503.000 67636993.000 1.000 1310.000 710.000 788.000 196216.902 15505593.796 795413.084 7244998.435 6365272028.328 44702472844464.586
10665.000 5861.000 67637003.000 1.000 1290.000 700.000 783.000 182859.604 15917820.082 1562148.371 21714572.318 4412328043.818 60584165765053.703
10729.000 6192.000 67637013.000 1.000 1330.000 700.000 777.000 142825.363 16432599.510 2499116.255 16002967.430 696491000.245 4293093681840.146
10802.000 6445.000 67637023.000 1.000 1350.000 690.000 770.000 113321.367 17029770.796 3363040.081 8332872.758 9690022.305 31338907978515.012
10877.000 6640.000 67637033.000 1.000 1370.000 690.000 524.000 97958.401 17654402.939 4116270.224 1386436.776 341356887.852 157365796146649.562
10968.000 6796.000 67637043.000 1.000 1420.000 680.000 613.000 95402.286 18427395.939 4773610.338 28862984.501 442343386.279 222964482921370.125
11069.000 6940.000 67637053.000 1.000 1440.000 670.000 638.000 42188.819 19304725.224 5423585.829 8467525.186 5512383588.694 29849439305854.566
11124.000 6995.000 67637063.000 1.000 1460.000 660.000 671.000 26577.600 19791058.796 5682785.356 7002229.958 8074217021.932 48007704980556.289
11173.000 6995.000 67637073.000 1.000 1490.000 660.000 694.000 39487.316 20229433.796 5682785.356 26794621.291 5920830200.466 165473029928461.844
11231.000 6951.000 67637083.000 1.000 1510.000 640.000 779.000 88887.429 20754532.653 5474941.734 18658421.688 758827185.558 22348617691872.895
11297.000 6801.000 67637093.000 1.000 1540.000 640.000 863.000 123287.174 21360242.939 4795483.932 63172766.616 46962607.564 2424752640621118.500
11341.000 6578.000 67637103.000 1.000 1550.000 630.000 906.000 239756.139 21768889.796 3868535.666 25133527.258 15208289030.197 125496858379974.188
11346.000 6136.000 67637113.000 1.000 1550.000 630.000 930.000 286093.763 21815571.939 2325196.009 16473459.293 28784351346.982 6464154046485.880
11324.000 5609.000 67637123.000 1.000 1580.000 620.000 939.000 316465.185 21610544.510 995723.264 21457357.018 40012376130.782 56646212154945.102
11301.000 5026.000 67637133.000 1.000 1580.000 620.000 935.000 276905.161 21397232.653 172108.273 21480578.246 25750914218.834 56996294385439.414
11278.000 4516.000 67637143.000 1.000 1580.000 620.000 945.000 237302.325 21184978.796 9051.745 14267205.528 14609092263.475 113041402377.856
11257.000 4079.000 67637153.000 1.000 1570.000 630.000 947.000 210998.480 20992105.796 283173.681 25978103.179 8942394150.408 145132954619761.062
11229.000 3691.000 67637163.000 1.000 1560.000 640.000 970.000 163103.747 20736313.796 846658.833 2477235.720 2178042224.096 131188469354155.906
11197.000 3392.000 67637173.000 1.000 1550.000 650.000 1023.000 167670.922 20445900.082 1486303.947 3739905.494 2625196858.299 103858187613014.656
11131.000 3090.000 67637183.000 1.000 1540.000 660.000 1023.000 174566.028 19853389.796 2313868.905 23768305.915 3379303954.566 96772799658617.219
11041.000 2781.000 67637193.000 1.000 1530.000 670.000 1023.000 130745.405 19059461.224 3349414.833 14304830.189 204809241.414 139757066336.507
10934.000 2565.000 67637203.000 1.000 1520.000 680.000 1023.000 104372.193 18136647.367 4186691.598 4302983.410 145493148.290 92698495974393.484
10816.000 2413.000 67637213.000 1.000 1470.000 690.000 1023.000 96438.964 17145514.796 4831822.358 2692759.445 399811344.887 126297808588918.875
10698.000 2280.000 67637223.000 1.000 1430.000 700.000 1023.000 91474.437 16182230.224 5434216.774 2330793.144 622992118.528 134564549118514.859
10549.000 2201.000 67637233.000 1.000 1390.000 710.000 1023.000 95771.622 15005662.367 5808777.998 9141006.451 426944074.615 22943934975574.777
10378.000 2157.000 67637243.000 1.000 1350.000 720.000 1023.000 78918.734 13710093.082 6022806.376 11045528.520 1407413720.600 8325883480314.779
10241.000 2206.000 67637253.000 1.000 1330.000 730.000 996.000 99282.909 12714318.367 5784701.591 13278277.982 294168397.452 426031966787.392
10128.000 2350.000 67637263.000 1.000 1280.000 720.000 986.000 123763.510 11921235.939 5112757.081 23787300.221 53718095.157 97146866449133.797
10032.000 2557.000 67637273.000 1.000 1250.000 730.000 949.000 167619.152 11267530.796 4219493.848 11003683.987 2619894493.109 8569115956641.046
9962.000 2858.000 67637283.000 1.000 1250.000 730.000 930.000 187906.180 10802490.796 3073502.171 8282964.365 5108237197.332 31900184819600.191
9921.000 3202.000 67637293.000 1.000 1220.000 740.000 906.000 203177.132 10534661.224 1985677.398 10435094.203 7524328086.685 12221282005105.691
9900.000 3576.000 67637303.000 1.000 1210.000 730.000 876.000 183938.389 10398782.224 1071516.185 287133.542 4556809178.255 186154797899551.250
9909.000 3915.000 67637313.000 1.000 1210.000 730.000 855.000 183409.013 10456908.082 484611.818 1324312.450 4485619271.923 158928299310266.719
9955.000 4250.000 67637323.000 1.000 1210.000 730.000 840.000 180967.434 10756525.796 130422.576 365696.928 4164532215.867 184017155104061.531
10026.000 4576.000 67637333.000 1.000 1230.000 720.000 836.000 181641.654 11227286.224 1234.866 20826926.582 4252005919.065 47553952031152.727
10118.000 4898.000 67637343.000 1.000 1260.000 720.000 849.000 143243.928 11852281.653 82288.281 13228593.600 718758991.786 493359614071.643
10226.000 5139.000 67637353.000 1.000 1280.000 710.000 858.000 118854.928 12607571.939 278635.484 2461637.923 5859696.185 131546019289546.391
10345.000 5323.000 67637363.000 1.000 1310.000 710.000 858.000 114316.510 13466802.939 506743.721 9885752.568 4484810.280 16363939611438.906
10497.000 5469.000 67637373.000 1.000 1330.000 700.000 858.000 96090.565 14605500.082 735922.648 7138041.494 413865400.000 46144138876605.805
10649.000 5560.000 67637383.000 1.000 1370.000 700.000 857.000 82930.459 15790405.224 900334.048 14632019.429 1122503814.767 491443346867.884
10800.000 5584.000 67637393.000 1.000 1390.000 690.000 852.000 55954.022 17013267.939 946455.297 3660613.666 3657857624.026 105480614123672.219
10901.000 5563.000 67637403.000 1.000 1410.000 680.000 858.000 62702.941 17856661.224 906036.204 17515704.216 2887053251.551 12850181566432.170
10971.000 5471.000 67637413.000 1.000 1410.000 680.000 864.000 94995.906 18453161.224 739358.086 18632213.462 459602467.659 22101509326204.840
10964.000 5296.000 67637423.000 1.000 1420.000 680.000 854.000 129347.332 18393070.224 469032.316 9877316.621 166747762.514 16432261580723.146
10901.000 5066.000 67637433.000 1.000 1420.000 680.000 875.000 147557.724 17856661.224 206897.020 9241155.730 968670816.465 21994538211174.461
10801.000 4813.000 67637443.000 1.000 1440.000 670.000 906.000 130520.195 17021518.367 40747.193 11435426.794 198413929.201 6227831847205.158
10680.000 4605.000 67637453.000 1.000 1440.000 670.000 924.000 109437.181 16037736.510 37.708 17906064.072 48958933.531 15801220038954.953
10585.000 4427.000 67637463.000 1.000 1440.000 670.000 938.000 76424.526 15285865.796 33907.782 21238472.040 1600777779.774 53399305090974.094
10508.000 4309.000 67637473.000 1.000 1460.000 660.000 942.000 37268.051 14689698.796 91288.978 11682455.822 6267286599.550 5055902464574.829
10483.000 4245.000 67637483.000 1.000 1460.000 660.000 948.000 15729.600 14498688.082 134058.982 714706.378 10141425940.674 174670132292894.281
10483.000 4216.000 67637493.000 1.000 1460.000 660.000 937.000 14411.926 14498688.082 156136.141 6610664.890 10408553995.681 53587148370140.367
10508.000 4207.000 67637503.000 1.000 1460.000 660.000 958.000 26599.730 14689698.796 163329.673 9610261.642 8070240456.470 18668686846819.977
10555.000 4221.000 67637513.000 1.000 1440.000 670.000 953.000 44317.764 15052182.939 152209.734 10332855.600 5200787129.799 12946565583624.594
10631.000 4251.000 67637523.000 1.000 1440.000 670.000 953.000 63368.014 15647675.510 129701.295 15076297.642 2816025091.808 1311731369965.439
10726.000 4319.000 67637533.000 1.000 1420.000 660.000 943.000 91163.548 16408286.224 85346.165 11707824.413 638608231.281 4942461781481.176
10866.000 4412.000 67637543.000 1.000 1420.000 660.000 921.000 112748.770 17562086.224 39657.002 6513109.910 13582741.204 55024933532459.336
11043.000 4521.000 67637553.000 1.000 1400.000 670.000 817.000 124756.716 19076928.082 8125.338 67668042.758 69263489.158 2887670922404491.000
11245.000 4631.000 67637563.000 1.000 1400.000 670.000 198.000 0.000 20882288.653 394.393 0.000 13556933889.811 194072460788107.406
