2205.000 6102.000 45630373.000 0.000 1430.000 420.000 151.000 24177.511 16806016.358 2318799.079 629572.460 3535939119.189 130930238176759.688
2245.000 6094.000 45630383.000 1.000 1440.000 420.000 160.000 23115.300 16479655.225 2294498.914 508495.704 3663393537.879 133715733307691.828
2209.000 6109.000 45630393.000 1.000 1430.000 430.000 163.000 23973.231 16773236.245 2340166.724 12327083.064 3560275364.550 65043069013.962
2249.000 6103.000 45630403.000 1.000 1440.000 430.000 168.000 44771.414 16447195.112 2321845.600 10262688.812 1510866022.347 3273779357684.207
2324.000 6112.000 45630413.000 1.000 1440.000 440.000 175.000 62086.563 15844492.988 2349354.286 14219917.337 464605569.581 4613344248084.518
2422.000 6149.000 45630423.000 1.000 1440.000 440.000 176.000 86078.325 15073916.212 2464147.552 7978781.596 5939217.205 16754826882582.148
2556.000 6205.000 45630433.000 1.000 1440.000 440.000 220.000 99540.079 14051358.417 2643096.711 4849124.078 252771998.003 52170624739471.914
2710.000 6272.000 45630443.000 1.000 1440.000 440.000 240.000 107721.493 12920532.055 2865437.598 5350224.071 579856943.416 45182912052725.805
2876.000 6346.000 45630453.000 1.000 1440.000 440.000 241.000 116748.360 11754709.354 3121442.129 289202.038 1096079138.362 138835450410387.000
3056.000 6426.000 45630463.000 1.000 1450.000 440.000 245.000 117236.300 10552844.256 3410523.785 7164307.481 1128625766.817 24085913439028.715
3241.000 6496.000 45630473.000 1.000 1450.000 440.000 247.000 105148.722 9385119.016 3673970.234 5215144.185 462570316.193 47017124950348.258
3409.000 6553.000 45630483.000 1.000 1450.000 440.000 250.000 96349.761 8384002.258 3895729.914 4963407.306 161505639.891 50532767355829.500
3564.000 6602.000 45630493.000 1.000 1450.000 440.000 252.000 87975.529 7510417.868 4091559.428 13478485.792 18785765.744 1978068283778.533
3708.000 6638.000 45630503.000 1.000 1470.000 450.000 250.000 65234.706 6741885.789 4238494.173 9995978.554 338801748.346 4310062837478.912
3813.000 6671.000 45630513.000 1.000 1470.000 450.000 244.000 48369.549 6207642.816 4375461.356 1355885.413 1244094589.855 114836132811551.484
3891.000 6695.000 45630523.000 1.000 1460.000 460.000 182.000 50657.191 5825050.606 4476441.853 2613226.908 1087949736.381 89469289583772.188
2951.000 6712.000 45630633.000 0.000 1450.000 440.000 168.000 99156.425 11246057.230 4548666.704 44591509.487 240719908.187 1057515399012188.375
2803.000 6634.000 45630643.000 1.000 1450.000 440.000 186.000 23921.889 12260601.421 4222040.090 4693584.780 3566404953.886 54441714132450.062
2773.000 6607.000 45630653.000 1.000 1450.000 440.000 187.000 16002.900 12471592.271 4111812.031 25639140.474 4574949647.679 184066008047185.625
2773.000 6580.000 45630663.000 1.000 1450.000 440.000 170.000 59261.109 12471592.271 4003041.972 5129308.185 594392449.145 48201631098659.742
2787.000 6481.000 45630673.000 1.000 1450.000 440.000 176.000 67915.248 12372905.874 3616692.423 3910500.650 247307896.151 66610849221364.352
2806.000 6368.000 45630683.000 1.000 1450.000 440.000 176.000 74513.022 12239601.336 3199663.585 5464164.719 83324985.968 43664116658284.086
2832.000 6245.000 45630693.000 1.000 1460.000 440.000 176.000 65293.915 12058354.600 2774757.539 434431.912 336625585.073 135434099763274.281
2862.000 6139.000 45630703.000 1.000 1460.000 440.000 178.000 66026.886 11850903.750 2432852.345 1915278.637 310266667.301 103159956519803.500
2893.000 6032.000 45630713.000 1.000 1470.000 440.000 178.000 62795.439 11638428.872 2110512.630 1404165.570 434548840.026 113803707795884.953
2928.000 5932.000 45630723.000 1.000 1470.000 450.000 176.000 60426.339 11400847.881 1829960.561 10373197.727 538933210.595 2886091016781.023
2965.000 5837.000 45630733.000 1.000 1470.000 450.000 175.000 42924.740 11152354.833 1581961.094 8741201.241 1657836147.183 11094537713891.303
3007.000 5778.000 45630743.000 1.000 1460.000 460.000 173.000 28176.636 10873599.643 1437026.373 8779976.860 3076326076.930 10837730000920.814
3053.000 5766.000 45630753.000 1.000 1460.000 460.000 137.000 42990.162 10572344.341 1408400.125 20357784.587 1652512913.036 68653436804234.336
3123.000 5785.000 45630763.000 1.000 1450.000 460.000 104.000 77337.698 10122032.358 1453858.018 14278605.899 39735071.349 4868899363504.327
3208.000 5884.000 45630773.000 1.000 1450.000 460.000 39.000 101428.479 9588399.951 1702399.567 9729751.583 316384658.999 5486350804686.025
3641.000 6622.000 45630823.000 0.000 1440.000 460.000 70.000 183508.381 7094307.687 4172869.842 98081248.968 9973439045.319 7397582713592745.000
3771.000 6903.000 45630833.000 1.000 1440.000 460.000 107.000 18026.267 6418694.005 5399862.158 4009595.941 4305329153.617 65003127350684.539
3785.000 6930.000 45630843.000 1.000 1440.000 460.000 125.000 11261.300 6347951.609 5526074.216 12903529.452 5238860647.279 691362008639.468
3785.000 6911.000 45630853.000 1.000 1440.000 460.000 163.000 33032.060 6347951.609 5437106.323 15419244.009 2561292549.416 11203723552584.143
3776.000 6856.000 45630863.000 1.000 1440.000 460.000 205.000 59047.319 6393383.863 5183637.685 11268127.311 604862626.293 646287890590.973
3743.000 6762.000 45630873.000 1.000 1440.000 460.000 221.000 78058.838 6561354.798 4764442.739 18913397.210 31163592.545 46804063979689.234
3691.000 6641.000 45630883.000 1.000 1440.000 460.000 249.000 109969.412 6830456.271 4250855.735 3322420.154 693170846.532 76555981091650.125
3619.000 6470.000 45630893.000 1.000 1450.000 450.000 249.000 115574.980 7211986.310 3574974.696 2156706.684 1019761574.024 98313986214670.922
3549.000 6288.000 45630903.000 1.000 1450.000 450.000 257.000 119213.763 7592858.293 2919861.929 3468216.649 1265401968.230 74025907670443.906
3483.000 6098.000 45630913.000 1.000 1450.000 450.000 259.000 125065.318 7960942.162 2306632.996 4003814.152 1715951414.997 65096391568826.758
3422.000 5896.000 45630923.000 1.000 1450.000 450.000 250.000 118310.106 8308887.890 1733857.816 3140432.211 1201927906.957 79773754118350.297
3364.000 5705.000 45630933.000 1.000 1450.000 450.000 218.000 113011.587 8646623.532 1267336.362 31340580.191 862615281.239 371276346783718.250
3314.000 5521.000 45630943.000 1.000 1450.000 450.000 108.000 60133.942 8943174.948 886912.554 1575488.532 552594661.343 110177753045215.719
2498.000 4346.000 45631084.000 0.000 1380.000 470.000 314.000 97613.929 14489550.060 54400.735 39437149.651 195235085.618 748848808235434.625
2430.000 4196.000 45631094.000 1.000 1380.000 470.000 335.000 31075.799 15011859.985 146872.630 6981345.139 2763129169.992 25915251923365.234
2387.000 4226.000 45631104.000 1.000 1370.000 470.000 335.000 19296.914 15346917.203 124778.251 7924348.028 4140196673.622 17203412046679.459
2355.000 4232.000 45631114.000 1.000 1370.000 470.000 314.000 5927.000 15598662.110 120575.376 16682612.509 6039508395.199 21257308438719.520
2355.000 4222.000 45631124.000 1.000 1370.000 470.000 310.000 34073.807 15598662.110 127620.169 18264252.018 2456933792.355 38343395095805.805
2399.000 4259.000 45631134.000 1.000 1370.000 470.000 309.000 64889.147 15253040.863 102553.434 15803361.618 351642269.884 13922704024643.496
2468.000 4344.000 45631144.000 1.000 1370.000 470.000 314.000 91552.487 14718840.909 55337.694 8572203.504 62587289.925 12248908955446.996
2570.000 4460.000 45631154.000 1.000 1370.000 470.000 325.000 106015.459 13946596.020 14218.094 2532569.167 500604151.002 91001649480009.156
2707.000 4575.000 45631164.000 1.000 1370.000 470.000 335.000 110288.395 12942108.140 17.975 1089665.911 710069053.525 120612708376057.203
2867.000 4670.000 45631174.000 1.000 1370.000 470.000 340.000 112126.873 11816503.609 8237.441 1739495.671 811429346.045 106761630130540.625
3037.000 4753.000 45631184.000 1.000 1370.000 470.000 344.000 109192.006 10676648.794 30192.659 2419230.702 652839901.839 93176874781043.344
3209.000 4819.000 45631194.000 1.000 1380.000 480.000 333.000 105110.294 9582207.922 57485.025 10182999.112 460918816.486 3568504329886.978
3382.000 4858.000 45631204.000 1.000 1380.000 480.000 345.000 87929.597 8541089.023 77707.332 635468.047 18389713.498 130795352718902.828
3529.000 4878.000 45631214.000 1.000 1380.000 480.000 333.000 89001.755 7703478.859 89257.746 7899839.290 28734755.734 17407322490958.244
3679.000 4871.000 45631224.000 1.000 1380.000 480.000 334.000 75673.192 6893324.611 85124.101 5293942.464 63490331.974 45942709736544.672
3804.000 4845.000 45631234.000 1.000 1380.000 480.000 338.000 66741.283 6252571.070 70628.563 2105885.030 285609698.377 99324397109599.250
3910.000 4807.000 45631244.000 1.000 1380.000 480.000 336.000 70294.320 5733698.068 51874.776 2283332.890 178141183.114 95818936398561.734
4005.000 4736.000 45631254.000 1.000 1380.000 480.000 346.000 74146.746 5287765.378 24573.807 3385350.669 90146063.391 75458704214238.859
4076.000 4633.000 45631264.000 1.000 1380.000 480.000 359.000 79858.490 4966275.367 2890.175 25052194.406 14309455.368 168484210144215.625
4131.000 4510.000 45631274.000 1.000 1380.000 480.000 362.000 122126.407 4724163.809 4794.129 149023.746 1481105456.158 142158498705876.250
4160.000 4306.000 45631284.000 1.000 1380.000 480.000 377.000 122377.839 4598940.988 74659.907 3113078.514 1500521462.092 80263127747257.703
4146.000 4100.000 45631294.000 1.000 1380.000 480.000 377.000 127630.207 4659183.384 229670.643 565601.163 1935026219.770 132398310459528.328
4103.000 3889.000 45631304.000 1.000 1380.000 480.000 384.000 128584.486 4846664.602 476430.776 19723670.860 2019892298.023 58547337946419.539
4074.000 3674.000 45631314.000 1.000 1380.000 480.000 389.000 95306.823 4975193.423 819458.826 13170885.753 136085031.692 1207445205126.553
4035.000 3518.000 45631324.000 1.000 1370.000 480.000 394.000 73084.981 5150694.528 1126229.598 3747432.877 111435323.512 69299210902772.531
3988.000 3404.000 45631334.000 1.000 1370.000 480.000 398.000 66762.334 5366237.859 1381188.238 13954515.168 284898618.098 3543684005187.220
3956.000 3296.000 45631344.000 1.000 1370.000 480.000 399.000 43218.357 5515518.765 1646704.003 8823112.974 1634012224.954 10555576444584.475
3925.000 3230.000 45631354.000 1.000 1360.000 490.000 389.000 28332.052 5662087.643 1820447.637 6253608.520 3059110046.680 33854233758489.238
3896.000 3192.000 45631364.000 1.000 1360.000 490.000 399.000 17781.000 5800940.465 1924433.850 9555668.836 4337575701.399 6332162270231.824
3866.000 3192.000 45631374.000 1.000 1360.000 490.000 386.000 33903.269 5946351.314 1924433.850 8995077.766 2473869148.965 9467743587175.809
3820.000 3226.000 45631384.000 1.000 1350.000 500.000 329.000 49079.712 6172810.617 1831257.554 18833348.926 1194501573.151 45715195120338.477
3764.000 3287.000 45631394.000 1.000 1350.000 500.000 213.000 80855.229 6454212.203 1669883.317 28261102.434 7762047.167 262085495219563.406
3701.000 3408.000 45631404.000 1.000 1350.000 500.000 1.000 128537.197 6778285.988 1371802.321 1741205.272 2015643895.175 106726303970928.891
3518.000 4915.000 45631474.000 0.000 1340.000 490.000 10.000 149101.457 7764661.171 112735.012 75725875.124 4285035548.410 4051809753741983.500
3490.000 5165.000 45631484.000 1.000 1350.000 490.000 108.000 21337.200 7921489.964 343115.186 10538798.700 3881797646.499 2350852302878.432
3490.000 5201.000 45631494.000 1.000 1350.000 490.000 107.000 3556.200 7921489.964 386585.931 14013502.450 6413619089.799 3769246790836.278
3484.000 5201.000 45631504.000 1.000 1360.000 480.000 115.000 27199.700 7955300.134 386585.931 26668798.473 3185651284.205 213065134967630.781
3475.000 5156.000 45631514.000 1.000 1360.000 480.000 142.000 72195.142 8006150.389 332652.500 17838317.053 131013939.507 33249862977645.754
3461.000 5035.000 45631524.000 1.000 1370.000 480.000 167.000 102291.847 8085572.785 207717.495 18186681.220 347843870.384 37388743854085.008
3426.000 4866.000 45631534.000 1.000 1380.000 480.000 196.000 132976.310 8285843.776 82231.498 1049135.307 2433945769.597 121504596235346.266
3382.000 4646.000 45631544.000 1.000 1380.000 480.000 230.000 134746.405 8541089.023 4456.944 7149529.691 2611734406.733 24231182928906.516
3333.000 4424.000 45631554.000 1.000 1390.000 470.000 252.000 146809.050 8829896.410 24099.349 3889821.347 3990167915.153 66948827061123.641
3285.000 4181.000 45631564.000 1.000 1390.000 470.000 285.000 153371.934 9117465.770 158594.820 12848421.391 4862364933.401 602756205866.226
3241.000 3926.000 45631574.000 1.000 1390.000 470.000 296.000 131694.152 9385119.016 426722.042 23441726.562 2309079076.755 129269598857093.781
3218.000 3705.000 45631584.000 1.000 1390.000 470.000 312.000 92143.407 9526569.667 764294.968 15580301.936 72286264.253 12307848226299.127
3206.000 3550.000 45631594.000 1.000 1390.000 470.000 305.000 65856.412 9600790.007 1059334.260 7718692.389 316301319.071 18951701915478.812
3211.000 3439.000 45631604.000 1.000 1380.000 480.000 314.000 52833.479 9569829.866 1300146.463 13749738.503 949120237.460 2814646641786.732
3216.000 3350.000 45631614.000 1.000 1380.000 480.000 315.000 29635.000 9538919.724 1511030.121 8874148.592 2916677639.599 10226558302151.234
3216.000 3300.000 45631624.000 1.000 1380.000 480.000 339.000 14662.588 9538919.724 1636454.086 2367236.688 4758059132.806 94183355556253.078
3210.000 3276.000 45631634.000 1.000 1370.000 480.000 336.000 10668.600 9576017.894 1698433.589 17213371.210 5325011161.839 26433208082061.500
3192.000 3276.000 45631644.000 1.000 1370.000 480.000 336.000 39710.900 9687744.404 1698433.589 13630777.094 1929877766.479 2429637520051.606
3125.000 3276.000 45631654.000 1.000 1360.000 490.000 338.000 62708.668 10109310.301 1698433.589 8728473.008 438173997.144 11179491299838.162
3020.000 3289.000 45631664.000 1.000 1360.000 490.000 338.000 77435.297 10788033.275 1664718.358 1782358.549 38514151.471 105877701528154.562
2890.000 3302.000 45631674.000 1.000 1350.000 500.000 338.000 74428.112 11658906.957 1631341.127 3118098.683 84882355.443 80173201871227.797
2765.000 3314.000 45631684.000 1.000 1350.000 500.000 341.000 79688.950 12528160.497 1600831.376 1811217.705 15620865.604 105284630893874.156
2631.000 3325.000 45631694.000 1.000 1340.000 500.000 348.000 82744.826 13494706.293 1573117.103 11903664.111 803619.153 28353011835.529
2492.000 3338.000 45631704.000 1.000 1340.000 500.000 349.000 62661.033 14535264.230 1540675.872 6974983.098 440170515.618 25980066914953.355
2388.000 3357.000 45631714.000 1.000 1340.000 500.000 351.000 50892.882 15339083.175 1493869.765 1968684.463 1072457183.580 102077947426179.547
2305.000 3379.000 45631724.000 1.000 1330.000 510.000 361.000 47571.329 15996113.526 1440575.221 4099264.931 1301040937.804 63565264077440.039
2236.000 3420.000 45631734.000 1.000 1330.000 510.000 368.000 40655.073 16552807.480 1343836.569 4159013.240 1847813482.968 62616113368449.898
2188.000 3469.000 45631744.000 1.000 1330.000 510.000 362.000 33638.010 16945688.840 1232632.084 6947592.060 2500326418.279 26260044960869.668
2174.000 3524.000 45631754.000 1.000 1330.000 510.000 366.000 45359.947 17061147.236 1113530.722 18437440.143 1465460002.719 40518221755163.625
2183.000 3600.000 45631764.000 1.000 1330.000 510.000 367.000 76467.489 16986878.981 958910.295 24375582.903 51463192.320 151376980041169.688
2262.000 3702.000 45631774.000 1.000 1330.000 510.000 377.000 117593.831 16341920.744 769549.406 19553449.198 1152776121.660 55971369316607.273
2420.000 3822.000 45631784.000 1.000 1340.000 500.000 387.000 150584.297 15089450.269 573411.890 15072739.735 4481368318.169 9004153066868.906
2630.000 3965.000 45631794.000 1.000 1340.000 500.000 391.000 176014.936 13502054.321 377290.349 5463952.532 8532893417.203 43666920917012.852
2894.000 4101.000 45631804.000 1.000 1340.000 500.000 396.000 185233.685 11631606.844 228713.164 547731.258 10321017957.300 132809868003789.766
3180.000 4227.000 45631814.000 1.000 1340.000 500.000 389.000 186157.814 9762588.744 124072.772 5282595.223 10509640957.937 46096664082266.227
3480.000 4320.000 45631824.000 1.000 1350.000 500.000 388.000 177245.050 7977880.247 67205.197 18734296.309 8761666867.183 44385557367275.508
3770.000 4393.000 45631834.000 1.000 1350.000 500.000 388.000 145636.654 6423762.033 34685.208 11003496.837 3843427131.890 1141800812227.191
4014.000 4422.000 45631844.000 1.000 1350.000 500.000 389.000 127071.618 5246455.123 24724.308 13964612.405 1886194773.335 3581801400992.437
4228.000 4409.000 45631854.000 1.000 1350.000 500.000 388.000 103510.605 4311911.062 28981.539 12789600.065 394790311.357 514881486897.432
4398.000 4369.000 45631864.000 1.000 1360.000 490.000 399.000 81932.066 3634796.247 44200.711 9637268.216 2921392.248 5928150829031.173
4520.000 4304.000 45631874.000 1.000 1360.000 490.000 369.000 65672.123 3184490.792 75756.866 11755924.153 322890390.401 99934057150.072
4609.000 4238.000 45631884.000 1.000 1360.000 490.000 287.000 45837.596 2874768.271 116444.500 19950635.249 1429118076.093 62072142759616.641
4659.000 4179.000 45631894.000 1.000 1360.000 490.000 70.000 12177.000 2707716.855 160191.779 521904.026 5107142469.246 133405817435227.312
4931.000 5193.000 45632405.000 0.000 1420.000 430.000 100.000 57173.281 1886541.151 376701.765 15710782.471 700554657.485 13240391192006.469
4839.000 5164.000 45632415.000 1.000 1420.000 430.000 107.000 30666.140 2147731.757 341944.665 1993435.615 2806364830.397 101578420290442.031
4800.000 5198.000 45632425.000 1.000 1410.000 440.000 142.000 27302.827 2263562.861 382864.369 10995602.073 3174020618.964 1158735052302.178
4759.000 5219.000 45632435.000 1.000 1400.000 430.000 141.000 8751.111 2388614.023 409293.304 18587234.992 5608536525.588 42447666270468.031
4766.000 5232.000 45632445.000 1.000 1400.000 430.000 153.000 40111.386 2367025.824 426096.073 15946985.867 1894851155.931 15015146286146.717
4822.000 5270.000 45632455.000 1.000 1390.000 440.000 178.000 67017.048 2197848.238 477149.859 18935508.476 276364892.634 47107094688187.555
4910.000 5341.000 45632465.000 1.000 1390.000 440.000 213.000 98964.928 1944669.746 580278.829 17988244.667 234814369.575 35001387297523.059
5048.000 5435.000 45632475.000 1.000 1390.000 440.000 223.000 129314.590 1578827.837 732325.774 10561634.838 2086051787.470 2281346823448.821
5237.000 5544.000 45632485.000 1.000 1380.000 450.000 237.000 147134.119 1139586.484 930762.530 2204304.050 4031341356.511 97372363499209.531
5461.000 5651.000 45632495.000 1.000 1380.000 450.000 242.000 143415.030 711516.140 1148670.245 1101806.185 3572901897.232 120346197515657.000
5679.000 5756.000 45632505.000 1.000 1380.000 450.000 247.000 141556.069 391267.966 1384764.918 11905724.336 3354123471.060 27663440462.783
5894.000 5860.000 45632515.000 1.000 1390.000 450.000 246.000 121468.800 168521.877 1640347.071 9760098.179 1430921717.512 5345110296447.222
6070.000 5965.000 45632525.000 1.000 1390.000 450.000 247.000 105001.619 54996.892 1920331.744 2796299.330 456264335.261 86039506655217.484
6222.000 6056.000 45632535.000 1.000 1390.000 450.000 235.000 100283.719 6808.587 2180821.127 14393099.536 276970973.040 5387281917750.377
6370.000 6138.000 45632545.000 1.000 1400.000 460.000 171.000 75999.765 4288.395 2429733.824 18890494.096 58392660.962 46491212113952.586
6471.000 6217.000 45632555.000 1.000 1400.000 460.000 106.000 44127.833 27717.535 2682258.959 1241216.211 1561312025.686 117306909378901.078
6459.000 6671.000 45632616.000 0.000 1460.000 460.000 24.000 56902.287 23865.874 4375461.356 16373377.211 714973429.864 18501436103979.617
6370.000 6707.000 45632626.000 1.000 1460.000 460.000 53.000 29277.220 4288.395 4527364.101 3724989.106 2955450375.606 69673386120303.531
6324.000 6689.000 45632636.000 1.000 1470.000 460.000 68.000 35562.000 379.698 4451088.728 9426313.839 2311616595.699 6999907329994.774
6276.000 6653.000 45632646.000 1.000 1470.000 460.000 96.000 51466.022 813.057 4300481.983 14795218.629 1035246846.170 7415660251551.626
6222.000 6585.000 45632656.000 1.000 1480.000 450.000 136.000 76428.429 6808.587 4023074.576 10357302.699 52025134.094 2940350202471.334
6170.000 6467.000 45632666.000 1.000 1480.000 450.000 187.000 93903.210 18094.060 3563639.134 7338790.655 105307328.903 22403721657857.961
6119.000 6317.000 45632676.000 1.000 1480.000 450.000 202.000 106285.175 34415.504 3019811.029 14463154.898 512746249.044 5717393933502.748
6065.000 6146.000 45632686.000 1.000 1480.000 450.000 214.000 130687.326 57367.033 2454737.990 10048209.056 2213331001.612 4095922602032.268
6008.000 5933.000 45632696.000 1.000 1480.000 450.000 237.000 147640.606 87920.648 1832667.081 6506218.446 4095914486.686 30978454583630.199
5945.000 5692.000 45632706.000 1.000 1480.000 450.000 244.000 158617.860 129250.432 1238235.593 8652621.040 5621488436.781 11692478252419.982
5867.000 5436.000 45632716.000 1.000 1470.000 460.000 265.000 173216.512 191418.641 734038.295 6758344.728 8023723249.096 28235438605346.574
5780.000 5157.000 45632726.000 1.000 1470.000 460.000 284.000 184619.152 275115.105 333807.020 12596098.926 10196531829.983 274629753479.729
5680.000 4862.000 45632736.000 1.000 1470.000 460.000 281.000 163367.087 390017.938 79953.415 8697154.148 6356205246.352 11389906062241.629
5583.000 4604.000 45632746.000 1.000 1460.000 470.000 289.000 148693.299 520582.685 613.075 5978195.648 4231765946.680 37135032064104.758
5490.000 4371.000 45632756.000 1.000 1460.000 470.000 292.000 138606.922 663433.319 43363.752 9201637.865 3021222451.677 8239252259318.147
5398.000 4156.000 45632766.000 1.000 1460.000 470.000 294.000 123081.972 821767.924 179131.803 8251653.563 1555568652.712 14595410880820.770
5298.000 3974.000 45632776.000 1.000 1450.000 460.000 294.000 109159.830 1013070.757 366315.036 5227660.823 651196696.433 46845630859955.266
5194.000 3822.000 45632786.000 1.000 1440.000 470.000 301.000 100339.751 1233241.702 573411.890 18647220.381 278839131.573 43232896613153.992
5088.000 3690.000 45632796.000 1.000 1440.000 470.000 314.000 68878.269 1479906.704 790747.158 8146320.105 217946318.881 15411336655673.842
4996.000 3619.000 45632806.000 1.000 1420.000 470.000 307.000 55133.845 1712209.310 922060.188 6566078.775 812673512.538 30315693109553.453
4913.000 3577.000 45632816.000 1.000 1400.000 480.000 315.000 44055.595 1936311.661 1004484.319 1378607.753 1567025987.928 114349656553187.812
4842.000 3555.000 45632826.000 1.000 1390.000 480.000 325.000 41729.616 2138947.672 1049066.864 2954473.772 1756587082.701 83130153184128.266
4773.000 3569.000 45632836.000 1.000 1370.000 480.000 329.000 46714.387 2345535.626 1020584.153 91220.679 1363594989.142 143540214598061.531
4709.000 3615.000 45632846.000 1.000 1370.000 480.000 334.000 46868.294 2545665.439 929758.105 12351712.120 1352252063.688 78212223039.473
4667.000 3682.000 45632856.000 1.000 1350.000 490.000 334.000 67708.031 2681452.628 805038.992 7996630.756 253868234.927 16609022754117.324
4640.000 3793.000 45632866.000 1.000 1340.000 480.000 335.000 81199.900 2770607.393 618172.789 7127580.232 5960307.380 24447757919322.844
4640.000 3930.000 45632876.000 1.000 1340.000 480.000 334.000 93225.512 2770607.393 421512.125 1708167.327 91857616.579 107410015080457.234
4672.000 4084.000 45632886.000 1.000 1330.000 480.000 335.000 90343.502 2665102.487 245262.312 6624112.403 44919859.142 29679998314095.988
4719.000 4229.000 45632896.000 1.000 1320.000 480.000 337.000 101519.666 2513855.155 122667.813 2675457.283 319636897.779 88295910281295.234
4796.000 4382.000 45632906.000 1.000 1320.000 480.000 337.000 106033.682 2275614.975 38903.480 4416182.214 501419932.623 58612275375420.523
4878.000 4541.000 45632916.000 1.000 1320.000 480.000 340.000 113484.639 2034942.652 1462.271 8679594.225 890626429.972 11508740152738.244
4997.000 4691.000 45632926.000 1.000 1320.000 480.000 339.000 128128.800 1709593.282 12490.376 9509747.033 1979139962.816 6565384385370.398
5139.000 4854.000 45632936.000 1.000 1320.000 480.000 340.000 144173.590 1358423.260 75493.249 12252751.964 3664161271.092 32654053788.651
5312.000 5025.000 45632946.000 1.000 1320.000 480.000 339.000 123500.818 985084.360 198702.288 10101926.642 1588783241.809 3881376735025.620
5469.000 5162.000 45632956.000 1.000 1320.000 480.000 339.000 106456.906 698083.914 339609.624 10661262.374 520553060.080 1990315058359.444
5614.000 5268.000 45632966.000 1.000 1320.000 480.000 340.000 88469.286 476809.807 474390.818 18143690.318 23309699.136 36864844845476.344
5736.000 5354.000 45632976.000 1.000 1330.000 470.000 337.000 57857.357 323208.352 600253.598 13214458.094 664810379.795 1305101652213.178
5821.000 5402.000 45632986.000 1.000 1330.000 470.000 335.000 35562.000 233785.944 676934.591 4432818.710 2311616595.699 58357818599446.391
5881.000 5402.000 45632996.000 1.000 1340.000 480.000 339.000 28082.974 179364.245 676934.591 9086105.818 3086724707.363 8915848546583.119
5915.000 5369.000 45633006.000 1.000 1350.000 470.000 340.000 43412.999 151721.282 623721.408 14765476.943 1618314115.611 7254561426302.296
5933.000 5298.000 45633016.000 1.000 1350.000 470.000 340.000 68325.226 138022.772 516616.439 10167877.557 234581328.674 3625863693650.166
5941.000 5183.000 45633026.000 1.000 1360.000 480.000 342.000 85480.410 132142.545 364526.559 21436515.776 3382420.946 87693263525938.141
5933.000 5039.000 45633036.000 1.000 1370.000 470.000 334.000 121647.975 138022.772 211379.578 7052569.306 1444509315.107 25195162715597.234
5923.000 4834.000 45633046.000 1.000 1380.000 480.000 336.000 133547.029 145553.055 64902.835 4103185.642 2490584374.509 63502761495702.562
5911.000 4609.000 45633056.000 1.000 1380.000 480.000 349.000 140469.900 154853.395 885.678 10187505.410 3229492724.381 3551499405428.224
5911.000 4372.000 45633066.000 1.000 1380.000 480.000 359.000 157658.200 154853.395 42948.273 2083442.444 5478505323.201 99772233702061.750
5911.000 4106.000 45633076.000 1.000 1380.000 480.000 373.000 154143.028 154853.395 223955.768 1127419.123 4970497306.325 119784893309938.688
5917.000 3846.000 45633086.000 1.000 1370.000 480.000 371.000 152240.853 150167.225 537640.386 9447916.569 4705902228.515 6886063862157.146
5938.000 3590.000 45633096.000 1.000 1370.000 480.000 361.000 136300.383 134332.630 978595.088 12219.696 2772981752.643 145439449967049.719
5968.000 3362.000 45633106.000 1.000 1380.000 490.000 372.000 136321.000 113241.781 1481672.369 4836831.480 2775153523.401 52348352838829.062
5968.000 3132.000 45633116.000 1.000 1370.000 500.000 377.000 128160.326 113241.781 2094502.609 3552439.318 1981945984.189 72583725909545.188
5958.000 2916.000 45633126.000 1.000 1370.000 500.000 379.000 122166.671 120072.064 2766366.138 15315730.732 1484206208.132 10521480020647.465
5951.000 2710.000 45633136.000 1.000 1360.000 500.000 381.000 96326.059 124972.262 3494056.874 17871696.139 160903768.562 33635922746498.195
5938.000 2548.000 45633146.000 1.000 1350.000 510.000 377.000 66173.037 134332.630 4125934.521 11896553.489 305139306.552 30798195989.892
5926.000 2437.000 45633156.000 1.000 1340.000 510.000 377.000 46101.241 143272.970 4589190.724 18204101.266 1409254083.366 37602081708664.898
5915.000 2360.000 45633166.000 1.000 1340.000 510.000 382.000 15387.387 151721.282 4925024.630 2006957.473 4658593101.018 101306040009888.031
5908.000 2335.000 45633176.000 1.000 1330.000 520.000 371.000 12001.260 157223.480 5036611.613 10228790.521 5132291616.846 3397596795764.944
5901.000 2354.000 45633186.000 1.000 1310.000 520.000 337.000 29259.216 162823.678 4951691.506 37200234.654 2957408240.609 631425782760232.500
5895.000 2403.000 45633196.000 1.000 1300.000 530.000 291.000 92023.236 167701.848 4736019.020 37847963.293 70257285.691 664397827904103.125
5886.000 2558.000 45633206.000 1.000 1300.000 530.000 250.000 155880.100 175154.103 4085409.728 25644410.170 5218447970.841 184209024726590.906
5886.000 2821.000 45633216.000 1.000 1290.000 530.000 216.000 199147.200 175154.103 3091406.672 8821737.317 13341618923.502 10564517176440.111
5886.000 3157.000 45633226.000 1.000 1280.000 540.000 195.000 214031.184 175154.103 2022765.626 8796124.972 17001528609.923 10731669307203.420
5895.000 3518.000 45633236.000 1.000 1280.000 540.000 190.000 199190.413 167701.848 1126229.598 5505875.389 13351603506.019 43114617990691.453
5888.000 3854.000 45633246.000 1.000 1280.000 540.000 190.000 189900.932 173484.046 525972.552 17094895.814 11291114902.072 25229003808973.383
5872.000 4174.000 45633256.000 1.000 1280.000 540.000 193.000 161058.523 187068.500 164219.175 27077100.020 5993430430.921 225151597015920.219
5852.000 4445.000 45633266.000 1.000 1280.000 540.000 196.000 115374.197 204769.066 18020.284 17736319.310 1006978397.284 32083973585303.426
5836.000 4639.000 45633276.000 1.000 1280.000 540.000 193.000 85449.582 219505.519 3571.299 8438111.056 3269977.547 13205495074888.291
5829.000 4783.000 45633286.000 1.000 1290.000 530.000 193.000 71212.850 226113.718 41518.280 10848165.577 154465725.019 1497887296843.166
5835.000 4903.000 45633296.000 1.000 1280.000 530.000 193.000 52909.888 220443.548 104820.763 5744170.424 944418090.168 40042030023080.344
5850.000 4991.000 45633306.000 1.000 1290.000 520.000 193.000 43218.357 206583.123 169546.585 3733585.627 1634012224.954 69529948692576.523
5881.000 5057.000 45633316.000 1.000 1290.000 520.000 202.000 36919.073 179364.245 228254.951 1057275.448 2182964073.410 121325206376047.766
5923.000 5103.000 45633326.000 1.000 1300.000 520.000 203.000 38702.902 145553.055 274324.903 722942.269 2019457284.864 128802192654460.875
5973.000 5145.000 45633336.000 1.000 1320.000 510.000 213.000 39922.646 109901.639 320084.772 2176418.701 1911318440.870 97923472039431.625
6037.000 5166.000 45633346.000 1.000 1320.000 510.000 217.000 43594.687 71563.826 344287.707 622933.034 1603729136.456 131082225193126.656
6110.000 5175.000 45633356.000 1.000 1320.000 500.000 218.000 44645.696 37835.759 354930.393 1795811.654 1520655109.501 105601025978751.703
6185.000 5168.000 45633366.000 1.000 1330.000 500.000 206.000 41615.813 14283.635 346638.748 669506.215 1766139378.672 130017950880922.562
6254.000 5155.000 45633376.000 1.000 1340.000 490.000 209.000 40486.226 2551.680 331499.979 102636.081 1862358174.464 143266812997427.812
6319.000 5134.000 45633386.000 1.000 1340.000 490.000 223.000 40659.393 209.840 307759.044 2250516.277 1847442100.853 96462478255891.375
6374.000 5093.000 45633396.000 1.000 1350.000 490.000 233.000 44456.451 4828.282 263949.696 9033761.517 1535450359.517 9231182547117.020
6425.000 5038.000 45633406.000 1.000 1350.000 490.000 249.000 59698.161 14516.837 210461.057 14585823.646 573272663.782 6319069823314.448
6474.000 4950.000 45633416.000 1.000 1360.000 480.000 257.000 84307.278 28725.450 137463.236 9908808.980 443561.226 4679601487233.408
6527.000 4818.000 45633426.000 1.000 1360.000 480.000 274.000 101025.363 49499.948 57006.504 4706752.796 302206547.709 54247568095182.102
6580.000 4656.000 45633436.000 1.000 1360.000 480.000 302.000 108966.569 75892.447 5892.151 15758063.928 641370562.975 13586716097356.801
6626.000 4478.000 45633446.000 1.000 1350.000 490.000 310.000 135553.483 103353.145 10249.467 9939826.156 2694877435.343 4546368444130.731
6667.000 4253.000 45633456.000 1.000 1350.000 490.000 334.000 152323.900 131395.983 106432.310 741234.176 4717303103.781 128387333688472.469
6699.000 3998.000 45633466.000 1.000 1350.000 490.000 333.000 153574.506 155619.077 337839.532 13636161.773 4890656927.301 2446453030366.882
6732.000 3741.000 45633476.000 1.000 1340.000 490.000 338.000 130567.653 182744.142 702645.713 8272780.948 2202085038.895 14434427374310.549
6780.000 3526.000 45633486.000 1.000 1340.000 490.000 361.000 116609.865 226086.783 1109313.763 2900457.464 1086927987.497 84118066301869.766
6838.000 3338.000 45633496.000 1.000 1330.000 500.000 362.000 121503.500 284607.140 1540675.872 911418.498 1433548151.901 124559642778782.125
6883.000 3138.000 45633506.000 1.000 1330.000 500.000 376.000 119965.760 334645.866 2077171.733 561847.002 1319468277.625 132484718658455.859
6925.000 2940.000 45633516.000 1.000 1330.000 510.000 371.000 120913.705 385002.676 2687106.635 22804204.809 1389234106.966 115179197564043.469
6978.000 2743.000 45633526.000 1.000 1330.000 510.000 374.000 82438.583 453583.175 3371776.057 20076726.840 1446465.825 64074889142591.969
7039.000 2618.000 45633536.000 1.000 1320.000 510.000 376.000 48565.246 539469.447 3846460.970 13339697.382 1230327745.606 1606935875943.340
7072.000 2543.000 45633546.000 1.000 1300.000 520.000 376.000 26058.586 589034.513 4146271.918 9121644.702 3315765966.087 8704877478985.158
7085.000 2501.000 45633556.000 1.000 1310.000 520.000 384.000 10668.600 609158.145 4319080.049 2810346.320 5325011161.839 85779111285723.031
7085.000 2483.000 45633566.000 1.000 1300.000 530.000 387.000 5927.000 609158.145 4394220.676 11258104.162 6039508395.199 662503980530.536
7075.000 2483.000 45633576.000 1.000 1290.000 530.000 377.000 24921.608 593648.428 4394220.676 7546457.325 3447999184.107 20480967672265.426
7037.000 2501.000 45633586.000 1.000 1290.000 550.000 363.000 37653.947 536535.504 4319080.049 12282665.533 2114834251.618 44359898106.291
6981.000 2531.000 45633596.000 1.000 1270.000 550.000 334.000 58377.189 457633.090 4195285.670 10890625.420 638273994.740 1395758454872.667
6907.000 2596.000 45633606.000 1.000 1270.000 550.000 281.000 76751.789 362989.186 3933239.515 19288307.224 47465004.616 52074402426655.008
6812.000 2684.000 45633616.000 1.000 1260.000 560.000 221.000 109294.909 257541.877 3591933.336 2122446.253 658108984.801 98994567700928.188
6702.000 2832.000 45633626.000 1.000 1260.000 560.000 148.000 105713.930 157994.992 3052846.399 15997242.272 487202139.528 15407152922461.771
6321.000 3658.000 45633677.000 0.000 1260.000 560.000 13.000 243365.247 271.783 848682.495 101708521.996 25511747526.546 8034697535507761.000
6131.000 4022.000 45633687.000 1.000 1260.000 560.000 63.000 71763.219 30107.164 310516.029 14719705.093 141088192.394 7010090004197.042
6069.000 4126.000 45633697.000 1.000 1250.000 550.000 105.000 46928.218 55466.920 205426.182 14073442.201 1347848486.458 4005580200721.552
6032.000 4196.000 45633707.000 1.000 1260.000 540.000 146.000 23183.588 74263.968 146872.630 7768926.678 3655131805.695 18516849987972.562
6011.000 4229.000 45633717.000 1.000 1260.000 540.000 149.000 10075.900 86150.563 122667.813 693335.718 5411864262.979 129475084936088.391
6011.000 4246.000 45633727.000 1.000 1280.000 540.000 132.000 11245.692 86150.563 111048.665 6849200.896 5241120304.159 27278128080201.859
6029.000 4252.000 45633737.000 1.000 1290.000 530.000 132.000 22801.624 75908.053 107085.789 8816791.828 3701463021.401 10596690382170.070
6063.000 4270.000 45633747.000 1.000 1290.000 530.000 137.000 37677.264 58329.090 95629.162 7346212.445 2112690222.290 22333518262151.566
6123.000 4291.000 45633757.000 1.000 1290.000 520.000 148.000 50071.751 32947.391 83082.097 4055776.161 1126912879.567 64260608377280.461
6204.000 4315.000 45633767.000 1.000 1290.000 520.000 158.000 56914.633 10103.097 69822.593 10029464.326 714313343.219 4172146582464.715
6299.000 4329.000 45633777.000 1.000 1300.000 520.000 168.000 39992.979 30.406 62619.883 61262672.810 1905173663.064 2419717604908439.000
6366.000 4321.000 45633787.000 1.000 1300.000 510.000 187.000 143355.005 3780.508 66687.718 542024926.437 3565729660.834 280850053748384320.000
6387.000 4309.000 45633788.000 1.000 1300.000 510.000 194.000 51904.874 6803.914 73029.469 556759.989 1007199089.800 132601849616683.062
6433.000 4245.000 45633797.000 1.000 1300.000 510.000 214.000 52750.300 16508.611 111716.145 10838830.552 954252279.380 1520824378789.623
6433.000 4156.000 45633807.000 1.000 1320.000 500.000 233.000 71037.512 16508.611 179131.803 12671917.109 158854818.475 359843383411.425
6396.000 4042.000 45633817.000 1.000 1320.000 500.000 249.000 92417.497 8369.659 288626.443 2053372.403 77022088.807 100373853444801.422
6344.000 3895.000 45633827.000 1.000 1320.000 500.000 257.000 95881.935 1559.131 468183.901 13386584.101 149833779.850 1728006115128.352
6281.000 3746.000 45633837.000 1.000 1320.000 500.000 285.000 73296.168 552.916 694288.317 8657506.667 107021219.729 11659090035957.295
6219.000 3639.000 45633847.000 1.000 1320.000 500.000 307.000 58689.273 7312.672 884050.602 17919395.450 622602357.709 34191476445941.121
6158.000 3561.000 45633857.000 1.000 1320.000 500.000 325.000 28455.773 21466.399 1036811.988 15109270.207 3045439529.037 9224720939585.084
6130.000 3522.000 45633867.000 1.000 1300.000 500.000 333.000 2963.500 30455.192 1117755.681 6207903.053 6508903229.899 34388191702312.027
6130.000 3517.000 45633877.000 1.000 1290.000 500.000 341.000 13437.438 30455.192 1128353.077 20423084.717 4928578599.821 69739820311171.094
6145.000 3534.000 45633887.000 1.000 1290.000 500.000 346.000 47895.148 25444.768 1092525.929 19554749.582 1277785529.459 55990828397380.812
6206.000 3587.000 45633897.000 1.000 1290.000 500.000 336.000 80887.808 9705.040 984539.526 13437691.437 7581575.433 1864982988418.945
6302.000 3684.000 45633907.000 1.000 1290.000 500.000 309.000 103559.803 6.321 801454.033 9922258.528 396747794.486 4621593213268.679
6422.000 3811.000 45633917.000 1.000 1290.000 500.000 247.000 120300.580 13802.922 590192.162 52238052.505 1343904710.811 1613307947054449.750
6563.000 3957.000 45633927.000 1.000 1290.000 500.000 78.000 32164.841 66814.929 387182.184 487572.922 2649823162.254 134200054422979.031
7718.000 5737.000 45634318.000 0.000 1360.000 450.000 51.000 0.000 1997942.216 1340409.025 19176881.402 6995862729.099 50478662827974.516
7718.000 5737.000 45634328.000 1.000 1360.000 450.000 76.000 32355.123 1997942.216 1340409.025 13712040.412 2630269292.216 2689576301980.752
7664.000 5745.000 45634338.000 1.000 1370.000 450.000 81.000 9220.248 1848201.746 1358997.190 21463571.345 5538489122.242 88200717557516.875
7653.000 5734.000 45634348.000 1.000 1370.000 450.000 89.000 45433.461 1818414.057 1333471.463 21631452.435 1459836980.070 91382220091608.922
7643.000 5658.000 45634358.000 1.000 1370.000 450.000 108.000 81929.922 1791544.341 1163723.890 14419684.502 2928725.929 5511398849804.749
7635.000 5520.000 45634368.000 1.000 1370.000 450.000 120.000 106258.730 1770192.567 885030.033 12143023.635 511549312.463 5037592289.004
7625.000 5341.000 45634378.000 1.000 1370.000 450.000 144.000 126746.369 1743682.850 580278.829 11705872.416 1858049208.385 134084292490.353
7606.000 5128.000 45634388.000 1.000 1380.000 460.000 170.000 146496.449 1693865.389 301137.920 8657439.099 3950773014.695 11659551467931.268
7582.000 4882.000 45634398.000 1.000 1370.000 460.000 191.000 161103.230 1631970.068 91663.829 9588389.433 6000354615.533 6168558074404.711
7543.000 4613.000 45634408.000 1.000 1370.000 460.000 207.000 144925.755 1533847.173 1139.761 114857.555 3755787602.093 142974394657600.125
7508.000 4371.000 45634418.000 1.000 1370.000 460.000 217.000 145119.542 1448378.164 43363.752 17252131.419 3779577426.904 26833267988313.738
7478.000 4128.000 45634428.000 1.000 1360.000 470.000 218.000 116011.846 1377069.014 203617.223 12395434.413 1047853926.670 104579006877.584
7452.000 3934.000 45634438.000 1.000 1360.000 470.000 218.000 95098.341 1316723.750 416334.208 20181577.841 131264382.495 65764480129234.938
7440.000 3774.000 45634448.000 1.000 1350.000 470.000 220.000 61048.100 1289328.090 648410.896 19321130.950 510451514.840 52549208878499.219
7440.000 3671.000 45634458.000 1.000 1350.000 470.000 220.000 28449.600 1289328.090 824899.264 13349145.020 3046120887.339 1630977725609.808
7440.000 3623.000 45634468.000 1.000 1340.000 480.000 212.000 5927.000 1289328.090 914394.271 3161639.610 6039508395.199 79395371208014.250
7440.000 3613.000 45634478.000 1.000 1340.000 480.000 187.000 11261.300 1289328.090 933619.064 48264521.174 5238860647.279 1309895140724868.500
7440.000 3632.000 45634488.000 1.000 1330.000 480.000 76.000 92692.920 1289328.090 897262.957 9301942.242 81932293.929 7673483899528.789
7283.000 4889.000 45634569.000 0.000 1300.000 500.000 46.000 219815.802 957434.537 95951.474 86933184.303 18543502055.255 5604189782922267.000
7198.000 5250.000 45634579.000 1.000 1300.000 500.000 93.000 73142.638 798316.944 449919.445 8136350.891 110221359.462 15489708876646.459
7188.000 5373.000 45634589.000 1.000 1300.000 500.000 107.000 59415.034 780547.227 630055.491 7677391.868 586910708.232 19312999328196.449
7195.000 5473.000 45634599.000 1.000 1300.000 500.000 129.000 46461.783 792965.029 798807.561 5345104.921 1382314556.689 45251758304638.531
7226.000 5545.000 45634609.000 1.000 1300.000 500.000 131.000 55480.013 849136.151 932693.051 4001119.146 793056625.405 65139886707187.172
7287.000 5616.000 45634619.000 1.000 1320.000 490.000 151.000 62230.678 965278.423 1074872.020 6376330.019 458413624.340 32441199184243.750
7367.000 5684.000 45634629.000 1.000 1320.000 490.000 172.000 72988.785 1128876.158 1220495.428 903415.270 113475523.520 124738348949686.625
7469.000 5753.000 45634639.000 1.000 1320.000 490.000 179.000 74513.022 1356027.269 1377713.356 2894755.098 83324985.968 84222698346784.875
7576.000 5819.000 45634649.000 1.000 1330.000 480.000 186.000 69629.008 1616676.238 1537005.722 6329997.475 196343600.592 32971140063174.398
7677.000 5879.000 45634659.000 1.000 1340.000 480.000 170.000 58949.073 1883717.378 1689376.964 8157753.880 609704793.990 15321695616259.711
7773.000 5905.000 45634669.000 1.000 1340.000 480.000 170.000 45185.358 2156450.659 1757640.502 4472163.322 1478857481.264 57758241601714.133
7849.000 5911.000 45634679.000 1.000 1360.000 480.000 176.000 37639.950 2385436.506 1773585.626 6735768.192 2116121816.768 28475878315361.988
7906.000 5883.000 45634689.000 1.000 1370.000 470.000 190.000 49004.499 2564756.892 1699791.047 7681566.846 1199706187.683 19276321576331.270
7950.000 5813.000 45634699.000 1.000 1370.000 470.000 220.000 61964.794 2707623.646 1522164.598 10304803.111 469869788.496 3123153214753.960
7989.000 5716.000 45634709.000 1.000 1380.000 480.000 235.000 79350.998 2837492.541 1292224.090 11009714.853 18406468.810 1128550944007.474
8021.000 5586.000 45634719.000 1.000 1390.000 470.000 260.000 97926.525 2946323.635 1013566.399 7741841.473 204068393.954 18750685422932.258
8048.000 5423.000 45634729.000 1.000 1390.000 470.000 282.000 110988.515 3039742.870 711931.526 694019.101 747871586.141 129459533366526.016
8077.000 5238.000 45634739.000 1.000 1390.000 470.000 317.000 109817.570 3141706.049 433965.197 6998187.303 685198468.288 25744058689159.652
8106.000 5055.000 45634749.000 1.000 1390.000 470.000 324.000 121624.871 3245351.227 226347.909 4688808.804 1442753635.266 54512215665440.875
8136.000 4852.000 45634759.000 1.000 1390.000 470.000 336.000 129535.802 3354340.378 74398.208 7272157.543 2106307693.344 23038944914688.453
8162.000 4635.000 45634769.000 1.000 1390.000 470.000 364.000 117266.260 3450253.641 3109.216 2654357.756 1130639678.372 88692882695100.078
8189.000 4439.000 45634779.000 1.000 1400.000 480.000 371.000 121744.677 3551286.877 19667.160 1282394.762 1451869314.369 116416609163465.844
8213.000 4235.000 45634789.000 1.000 1390.000 480.000 399.000 123908.326 3642318.197 118500.938 8508197.831 1621435470.630 12701025439881.504
8234.000 4027.000 45634799.000 1.000 1390.000 480.000 405.000 109553.344 3722915.602 304968.633 11328087.807 671435367.733 553476228686.041
8260.000 3844.000 45634809.000 1.000 1390.000 480.000 415.000 90440.660 3823924.866 540577.345 7232134.291 46231648.940 23424761196999.777
8288.000 3694.000 45634819.000 1.000 1380.000 490.000 418.000 78238.645 3934216.073 783649.240 10229786.850 29188400.936 3393924807398.124
8316.000 3565.000 45634829.000 1.000 1380.000 490.000 418.000 60979.008 4046075.280 1028682.071 8766163.394 513578303.711 10928870628259.717
8344.000 3466.000 45634839.000 1.000 1370.000 500.000 414.000 46188.788 4159502.487 1239302.521 5947203.958 1402688713.292 37513710092453.102
8356.000 3389.000 45634849.000 1.000 1360.000 500.000 414.000 36154.700 4208594.147 1416670.428 11834017.119 2254974717.499 56658527509.718
8356.000 3328.000 45634859.000 1.000 1360.000 500.000 425.000 16188.415 4208594.147 1565600.665 2082656.524 4549888197.561 99787934808918.594
8345.000 3303.000 45634869.000 1.000 1350.000 510.000 423.000 19702.261 4163582.458 1628787.648 7925768.730 4088197393.165 17191628774813.754
8313.000 3312.000 45634879.000 1.000 1350.000 510.000 405.000 33074.572 4034015.365 1605896.334 17846938.468 2556991358.869 33349364109716.254
8268.000 3345.000 45634889.000 1.000 1340.000 510.000 361.000 63185.823 3855276.639 1523347.517 13356294.760 418425478.733 1649290672877.825
8205.000 3431.000 45634899.000 1.000 1340.000 510.000 312.000 85720.486 3611846.423 1318454.297 9050587.085 4323122.224 9129223867423.777
8134.000 3557.000 45634909.000 1.000 1330.000 520.000 275.000 100990.584 3347018.434 1044973.905 15837414.604 300998554.830 14177988396010.734
8057.000 3709.000 45634919.000 1.000 1330.000 520.000 244.000 127711.378 3071206.615 757317.051 1776589.208 1942174059.850 105996464263715.688
7972.000 3907.000 45634929.000 1.000 1330.000 520.000 254.000 130708.829 2780509.023 451906.149 1133708.855 2215354726.500 119647255310281.797
7869.000 4102.000 45634939.000 1.000 1330.000 520.000 253.000 128796.042 2447615.940 227757.685 2458840.251 2038953066.247 92413756246663.766
7755.000 4287.000 45634949.000 1.000 1330.000 520.000 254.000 124647.501 2103909.169 85404.014 23008928.131 1681510646.522 119615354939561.125
7643.000 4465.000 45634959.000 1.000 1330.000 520.000 245.000 85826.971 1791544.341 13050.698 14599570.730 4777271.042 6388372985538.171
7555.000 4580.000 45634969.000 1.000 1320.000 510.000 262.000 61194.660 1563714.833 0.578 15084439.041 503850483.488 9074501970761.844
7483.000 4654.000 45634979.000 1.000 1320.000 510.000 279.000 35744.282 1388828.872 5589.110 8398366.965 2294121849.953 13495929679986.426
7437.000 4693.000 45634989.000 1.000 1320.000 510.000 287.000 21574.606 1282524.175 12941.417 3876035.145 3852271286.088 67174620769377.141
7427.000 4728.000 45634999.000 1.000 1320.000 510.000 284.000 28114.230 1259974.458 22129.641 11197598.382 3083252623.846 764661499608.151
7442.000 4773.000 45635009.000 1.000 1330.000 510.000 285.000 47006.753 1293874.033 37543.073 11018552.603 1342088134.486 1109851786708.559
7501.000 4826.000 45635019.000 1.000 1320.000 500.000 276.000 65597.191 1431578.362 60890.670 6218996.618 325588934.063 34258206231271.945
7594.000 4886.000 45635029.000 1.000 1330.000 500.000 276.000 76089.846 1662773.728 94101.911 2819023.448 57024065.991 85618456642622.219
7710.000 4941.000 45635039.000 1.000 1340.000 490.000 279.000 71333.606 1975390.443 130870.550 13122085.206 151478693.475 1102578896265.679
7829.000 4959.000 45635049.000 1.000 1340.000 490.000 274.000 49194.100 2324057.073 144217.922 338444.147 1186607801.840 137677450861051.391
7912.000 4959.000 45635059.000 1.000 1350.000 490.000 276.000 48623.079 2584010.722 144217.922 8951256.492 1226273986.398 9739337370846.373
7971.000 4902.000 45635069.000 1.000 1360.000 480.000 279.000 63725.587 2777175.051 104174.243 12534749.141 396634591.719 214092681783.702
7989.000 4796.000 45635079.000 1.000 1350.000 470.000 282.000 84874.143 2837492.541 46985.049 13592824.735 1519965.783 2312762981735.043
7964.000 4655.000 45635089.000 1.000 1350.000 470.000 289.000 107807.878 2753893.249 5739.630 8061680.767 584024745.207 16083042432168.311
7911.000 4481.000 45635099.000 1.000 1360.000 470.000 301.000 121409.499 2580796.750 9651.029 2060178.377 1426438813.891 100237526079769.141
7817.000 4299.000 45635109.000 1.000 1360.000 470.000 317.000 124885.420 2287613.413 78534.262 15754654.717 1701079572.979 13561594905505.686
7718.000 4113.000 45635119.000 1.000 1360.000 470.000 340.000 98304.258 1997942.216 217379.413 20252142.925 215003097.548 66913958920403.430
7615.000 3983.000 45635129.000 1.000 1360.000 470.000 366.000 64134.960 1717373.134 355501.722 18349778.628 380496288.841 39409906395088.320
7537.000 3908.000 45635139.000 1.000 1360.000 470.000 420.000 33175.320 1519021.343 450562.670 10441981.748 2546812520.826 2657114802552.379
7495.000 3871.000 45635149.000 1.000 1360.000 470.000 433.000 15557.669 1417256.532 501603.404 21630841.361 4635377280.179 91370537457565.297
7478.000 3891.000 45635159.000 1.000 1360.000 470.000 436.000 52053.099 1377069.014 473673.818 20061422.141 997812804.648 63830104964817.148
7490.000 3978.000 45635169.000 1.000 1360.000 470.000 433.000 85900.614 1405376.674 361489.118 29881871.997 5104616.891 317189843733273.375
7552.000 4109.000 45635179.000 1.000 1350.000 470.000 428.000 136317.135 1556220.918 221125.330 14276247.545 2774746324.058 4858497234331.177
7648.000 4318.000 45635189.000 1.000 1350.000 470.000 425.000 160403.937 1804954.199 68246.155 6585969.787 5892506419.145 30097050176499.633
7789.000 4549.000 45635199.000 1.000 1350.000 470.000 415.000 171515.747 2203698.206 914.437 899878.036 7721922991.626 124817373593995.234
7943.000 4794.000 45635209.000 1.000 1340.000 480.000 423.000 169997.478 2684635.844 46122.007 8194556.402 7457393956.120 15034938277670.752
8106.000 5030.000 45635219.000 1.000 1340.000 480.000 397.000 156171.670 3245351.227 203184.892 13837973.752 5260658332.856 3118495043562.058
8254.000 5248.000 45635229.000 1.000 1340.000 480.000 394.000 132824.321 3800495.036 447240.404 7593505.259 2418972104.704 20057341831737.016
8379.000 5434.000 45635239.000 1.000 1340.000 480.000 392.000 120012.603 4303491.495 730615.254 18174661.857 1322873567.679 37241900317880.344
8489.000 5604.000 45635249.000 1.000 1340.000 480.000 389.000 89348.419 4771978.380 1050133.772 7941893.133 32571503.181 17058176227091.432
8567.000 5733.000 45635259.000 1.000 1340.000 480.000 389.000 75948.903 5118842.171 1331162.942 4616186.458 59172572.775 55589865920844.094
8639.000 5839.000 45635269.000 1.000 1350.000 490.000 396.000 68160.500 5449824.131 1586996.136 24973792.643 239654366.000 166455024199283.906
8708.000 5931.000 45635279.000 1.000 1350.000 490.000 386.000 26024.862 5776744.177 1827256.040 2695703.322 3319650940.541 87915832713841.312
8746.000 5953.000 45635289.000 1.000 1350.000 490.000 377.000 21476.687 5960853.101 1887217.495 8914539.912 3864435886.361 9969855033572.236
8769.000 5925.000 45635299.000 1.000 1360.000 480.000 376.000 36517.247 6073690.450 1811070.916 31218572.896 2220673927.883 366589429492690.750
8783.000 5865.000 45635309.000 1.000 1370.000 480.000 382.000 89189.042 6142892.053 1653179.674 27530876.475 30777728.936 238975389041906.969
8771.000 5715.000 45635319.000 1.000 1370.000 480.000 396.000 135638.977 6083552.393 1289951.569 18335193.466 2703761109.346 39226995675047.203
8735.000 5489.000 45635329.000 1.000 1370.000 480.000 391.000 166574.009 5907261.413 827663.892 11935104.475 6877838521.933 18753429624.525
8682.000 5213.000 45635339.000 1.000 1380.000 480.000 402.000 186710.848 5652438.914 401652.179 8442000.946 10623337068.823 13177238978998.197
8626.000 4903.000 45635349.000 1.000 1380.000 480.000 402.000 172467.553 5389296.500 104820.763 6230346.231 7890107827.439 34125475317116.879
8578.000 4616.000 45635359.000 1.000 1390.000 480.000 410.000 161955.749 5168737.859 1351.323 11148933.563 6133156982.582 852139593657.097
8543.000 4345.000 45635369.000 1.000 1390.000 480.000 420.000 143145.333 5010818.850 54868.214 15462925.999 3540733028.401 11498056065732.082
8516.000 4105.000 45635379.000 1.000 1390.000 480.000 417.000 117056.374 4890669.615 224903.247 10687044.824 1116568902.914 1918232792078.257
8502.000 3908.000 45635389.000 1.000 1380.000 490.000 422.000 99025.254 4828944.012 450562.670 19347419.566 236666838.294 52931036704964.203
8497.000 3741.000 45635399.000 1.000 1380.000 490.000 423.000 66382.400 4806994.153 702645.713 11833851.163 297868734.380 56737560236.411
8497.000 3629.000 45635409.000 1.000 1380.000 490.000 420.000 46416.395 4806994.153 902955.395 8110191.484 1385691622.242 15696304177236.566
8490.000 3551.000 45635419.000 1.000 1360.000 490.000 422.000 32732.927 4776348.352 1057276.781 14507856.332 2591659802.036 5933163998531.483
8485.000 3496.000 45635429.000 1.000 1350.000 500.000 422.000 8255.356 4754518.493 1173408.142 6736927.514 5683036644.199 28463506727071.977
8480.000 3483.000 45635439.000 1.000 1350.000 500.000 399.000 19621.861 4732738.635 1201741.373 9922474.271 4098485250.628 4620665655910.223
8466.000 3513.000 45635449.000 1.000 1340.000 500.000 354.000 36363.002 4672021.031 1136866.994 28223564.964 2235235010.516 260871511963677.594
8446.000 3571.000 45635459.000 1.000 1330.000 510.000 324.000 83981.637 4585961.598 1016547.195 30381330.211 115846.920 335229828373782.375
8432.000 3712.000 45635469.000 1.000 1330.000 510.000 304.000 135240.841 4526195.994 752104.613 20342723.488 2662515306.718 68404079031954.211
8423.000 3940.000 45635479.000 1.000 1320.000 510.000 276.000 169562.966 4487982.249 408627.332 17668325.952 7382537143.039 31318330978695.418
8430.000 4226.000 45635489.000 1.000 1320.000 510.000 274.000 199372.863 4517690.051 124778.251 684453.516 13393800674.815 129677299865129.875
8446.000 4562.000 45635499.000 1.000 1300.000 520.000 270.000 198218.057 4585961.598 297.206 2455806.219 13127839185.156 92472099009677.594
8463.000 4896.000 45635509.000 1.000 1300.000 520.000 270.000 194074.635 4659061.116 100337.118 3446647.110 12195527204.915 74397534251547.672
8480.000 5223.000 45635519.000 1.000 1300.000 520.000 270.000 188259.472 4732738.635 414427.386 25136111.835 10944967336.812 170669773368896.250
8500.000 5540.000 45635529.000 1.000 1300.000 520.000 272.000 145849.970 4820158.068 923060.447 15192466.913 3869921848.533 9737016457896.408
8523.000 5785.000 45635539.000 1.000 1300.000 520.000 272.000 120217.328 4921679.417 1453858.018 21850181.257 1337807720.633 95611897090148.281
8567.000 5983.000 45635549.000 1.000 1320.000 510.000 274.000 83351.829 5118842.171 1970543.116 9901264.501 83778.452 4712299423636.569
8623.000 6112.000 45635559.000 1.000 1320.000 510.000 274.000 66646.473 5375376.585 2349354.286 5587458.766 288823263.621 42049892826179.570
8693.000 6200.000 45635569.000 1.000 1330.000 510.000 279.000 57219.345 5704864.602 2626864.108 763655.424 698118336.111 127879734443531.703
8767.000 6262.000 45635579.000 1.000 1340.000 500.000 280.000 55930.910 6063836.506 2831682.391 1952721.867 767864277.238 102400754039826.953
8851.000 6305.000 45635589.000 1.000 1360.000 500.000 280.000 59225.531 6484590.127 2978248.781 8755975.474 596128509.966 10996334590367.975
8943.000 6344.000 45635599.000 1.000 1370.000 500.000 282.000 44452.500 6961607.521 3114379.088 6017462.616 1535760013.600 36657999776781.352
9015.000 6365.000 45635609.000 1.000 1380.000 490.000 280.000 34299.872 7346733.482 3188940.023 3030345.891 2434573958.850 81752370464013.359
9072.000 6375.000 45635619.000 1.000 1380.000 490.000 282.000 29187.090 7658977.868 3224755.230 1854264.321 2965258163.410 104403095893173.109
9120.000 6364.000 45635629.000 1.000 1410.000 490.000 279.000 26058.586 7926960.508 3185369.502 3930421.890 3315765966.087 66286069804568.008
9162.000 6351.000 45635639.000 1.000 1420.000 480.000 282.000 32689.971 8165225.319 3139134.733 4442753.548 2596035285.168 58206128296782.727
9201.000 6312.000 45635649.000 1.000 1430.000 480.000 273.000 40185.759 8389630.214 3002458.426 8708320.616 1888381790.542 11314659471952.080
9242.000 6258.000 45635659.000 1.000 1430.000 480.000 282.000 54878.387 8628823.053 2818236.308 9034709.244 827303672.961 9225424513724.158
9285.000 6176.000 45635669.000 1.000 1440.000 470.000 289.000 70121.696 8883295.835 2549643.611 6010260.718 182778991.360 36745260651623.617
9331.000 6067.000 45635679.000 1.000 1450.000 470.000 301.000 80262.173 9159616.532 2213430.855 12557256.924 11418324.084 235428052169.910
9378.000 5940.000 45635689.000 1.000 1450.000 470.000 312.000 101448.704 9446315.201 1851668.726 110726.436 317104560.489 143073204874013.188
9427.000 5776.000 45635699.000 1.000 1460.000 470.000 309.000 101635.521 9749917.813 1432235.332 427665.649 323792922.353 135591631882966.141
9470.000 5610.000 45635709.000 1.000 1450.000 470.000 329.000 102357.076 10020300.596 1062466.896 14303426.397 350281241.649 4979051170481.922
9510.000 5442.000 45635719.000 1.000 1450.000 470.000 343.000 126489.734 10275139.463 744355.419 3822669.622 1835990517.837 68052237634724.750
9542.000 5231.000 45635729.000 1.000 1450.000 470.000 363.000 132939.320 10481314.556 424791.552 2734916.354 2430297331.900 87182020596384.016
9574.000 5009.000 45635739.000 1.000 1450.000 470.000 362.000 137553.655 10689537.650 184693.957 5964056.197 2906544816.867 37307559431379.375
9605.000 4779.000 45635749.000 1.000 1440.000 480.000 371.000 127491.134 10893206.772 39904.197 10406021.453 1922810215.332 2775643245846.188
9635.000 4566.000 45635759.000 1.000 1440.000 480.000 379.000 145048.113 11092135.922 175.288 6942244.128 3770799866.607 26314884041172.211
9664.000 4323.000 45635769.000 1.000 1440.000 480.000 386.000 156761.027 11286145.101 65658.759 2096177.197 5346498267.630 99517991036100.406
9692.000 4060.000 45635779.000 1.000 1430.000 490.000 382.000 160297.685 11475060.308 269609.816 9410293.158 5876205335.710 7084936906592.528
9720.000 3791.000 45635789.000 1.000 1430.000 490.000 386.000 144420.693 11665543.515 621321.748 6479127.907 3694137764.708 31280751106466.938
9738.000 3548.000 45635799.000 1.000 1420.000 490.000 394.000 133489.146 11788825.005 1063455.219 3453589.998 2484810335.326 74277812075612.938
9748.000 3323.000 45635809.000 1.000 1410.000 500.000 396.000 139316.023 11857594.722 1578138.062 169397086.991 3099677667.722 24751168007730796.000
9753.000 3088.000 45635819.000 1.000 1400.000 510.000 404.000 -146489.759 11892054.580 2223795.698 -164323261.651 52960292384.743 31115305138816860.000
9767.000 2866.000 45635810.000 1.000 1380.000 500.000 409.000 103030.969 11988808.184 2935190.103 9994644.979 375960269.236 4315601803555.971
9784.000 2693.000 45635820.000 1.000 1370.000 510.000 413.000 86168.062 12106821.702 3557900.023 14278135.295 6384657.212 4866822754683.811
9804.000 2549.000 45635830.000 1.000 1360.000 510.000 418.000 62078.075 12246401.136 4121873.042 9417580.405 464971554.402 7046196285877.394
9823.000 2446.000 45635840.000 1.000 1350.000 520.000 420.000 46188.788 12379742.598 4550711.410 6111966.260 1402688713.292 35522570020721.883
9835.000 2369.000 45635850.000 1.000 1340.000 520.000 420.000 35876.714 12464330.258 4885159.317 17399902.198 2281453199.278 28386034222936.371
9843.000 2309.000 45635860.000 1.000 1340.000 520.000 422.000 6519.700 12520882.031 5153988.075 3864226.190 5947737187.999 67368332906190.773
9843.000 2298.000 45635870.000 1.000 1330.000 530.000 436.000 0.000 12520882.031 5204054.347 7468597.883 6995862729.099 21191749637803.227
9843.000 2298.000 45635880.000 1.000 1330.000 530.000 427.000 12600.975 12520882.031 5204054.347 8933451.191 5046724092.843 9850787650980.574
9827.000 2312.000 45635890.000 1.000 1310.000 540.000 427.000 27673.442 12407906.484 5140375.637 7228790.277 3132398227.316 23457141855405.172
9793.000 2344.000 45635900.000 1.000 1300.000 530.000 428.000 39869.815 12169533.447 4996296.299 5718448.429 1915940629.664 40368222896175.047
9748.000 2394.000 45635910.000 1.000 1290.000 530.000 428.000 49517.948 11857594.722 4775272.334 5554489.235 1164401382.506 42478567523764.742
9692.000 2456.000 45635920.000 1.000 1290.000 530.000 420.000 58889.450 11475060.308 4508146.617 14299861.306 612652795.102 4963153743686.181
9628.000 2532.000 45635930.000 1.000 1280.000 540.000 396.000 83016.093 11045558.121 4191190.190 11789011.038 390851.378 80109716385.819
9551.000 2649.000 45635940.000 1.000 1280.000 540.000 371.000 102906.444 10539670.301 3725825.112 14919221.545 371146772.191 8106399262271.948
9454.000 2793.000 45635950.000 1.000 1280.000 540.000 344.000 128078.068 9919261.049 3190652.092 14436092.216 1974628654.222 5588706771396.283
9344.000 2979.000 45635960.000 1.000 1280.000 540.000 317.000 152434.559 9238474.164 2560766.942 8210936.259 4732516050.600 14908181073489.281
9225.000 3207.000 45635970.000 1.000 1280.000 540.000 264.000 166288.003 8529237.535 1883041.661 3105160.042 6830481801.795 80405073141755.562
9108.000 3462.000 45635980.000 1.000 1280.000 540.000 239.000 171527.011 7859532.848 1248224.439 704637.915 7723902754.630 129218003788315.391
8994.000 3728.000 45635990.000 1.000 1280.000 540.000 212.000 172715.872 7233334.077 724608.944 115663.627 7934283995.277 142955118595104.594
8875.000 3994.000 45636000.000 1.000 1280.000 540.000 217.000 172911.019 6607397.447 342505.450 14471544.566 7969087358.751 5757585512175.890
8753.000 4259.000 45636010.000 1.000 1280.000 540.000 217.000 148494.713 5995082.903 102553.434 26983758.068 4205968540.236 222359107977344.656
8656.000 4490.000 45636020.000 1.000 1280.000 540.000 207.000 102967.873 5529485.650 7963.715 18135298.872 373517425.959 36763015538464.883
8586.000 4649.000 45636030.000 1.000 1290.000 530.000 219.000 72370.102 5205177.633 4866.506 14856241.243 127039319.972 7751734035569.977
8533.000 4759.000 45636040.000 1.000 1290.000 530.000 225.000 47304.738 4966149.134 32313.783 5681350.151 1320343854.021 40841014357845.141
8512.000 4836.000 45636050.000 1.000 1300.000 530.000 226.000 37719.197 4872993.728 65925.877 347706.270 2108837162.997 137460180490458.234
8521.000 4899.000 45636060.000 1.000 1300.000 530.000 230.000 37132.549 4912809.474 102246.681 11281095.587 2163061508.218 625605145433.660
8551.000 4954.000 45636070.000 1.000 1310.000 520.000 244.000 56165.948 5046698.624 140445.319 7058736.349 754893542.996 25133290070606.641
8617.000 5022.000 45636080.000 1.000 1330.000 520.000 255.000 68075.407 5347590.755 196036.726 5319833.971 242296217.836 45592389391611.336
8711.000 5088.000 45636090.000 1.000 1330.000 510.000 274.000 77051.000 5791174.092 258837.092 211636.574 43431712.400 140669350583849.547
8823.000 5154.000 45636100.000 1.000 1330.000 510.000 282.000 77408.072 6342770.920 330349.458 14394398.734 38852808.123 5393314617635.930
8947.000 5195.000 45636110.000 1.000 1340.000 500.000 285.000 53121.926 6982731.408 379160.807 9002594.980 931430606.999 9421539613698.086
9035.000 5212.000 45636120.000 1.000 1340.000 500.000 284.000 37932.800 7455552.916 400385.659 7328220.444 2089264602.379 22503896437252.934
9099.000 5212.000 45636130.000 1.000 1350.000 500.000 287.000 25568.669 7809151.103 400385.659 10138566.764 3372427460.342 3738348286341.077
9130.000 5182.000 45636140.000 1.000 1350.000 500.000 282.000 42674.400 7983370.225 363320.038 10629950.033 1678284771.580 2079645499525.370
9130.000 5110.000 45636150.000 1.000 1360.000 490.000 306.000 60609.190 7983370.225 281706.548 34575816.546 530476896.896 506419615108694.438
9114.000 5009.000 45636160.000 1.000 1360.000 490.000 317.000 118945.307 7893210.678 184693.957 8043257.280 1246374740.681 16231151740831.709
9059.000 4816.000 45636170.000 1.000 1360.000 490.000 344.000 132515.844 7587192.236 56055.463 5566746.271 2388723585.231 42318945862764.875
8977.000 4608.000 45636180.000 1.000 1370.000 480.000 359.000 141908.026 7142180.558 827.158 7262325.836 3395014379.744 23133423803224.230
8878.000 4390.000 45636190.000 1.000 1370.000 480.000 388.000 129655.072 6622829.362 35811.646 27070644.924 2117269599.367 224957920576950.375
8785.000 4192.000 45636200.000 1.000 1370.000 480.000 417.000 83981.637 6152809.996 149954.548 18003773.407 115846.920 35185370610223.680
8731.000 4061.000 45636210.000 1.000 1370.000 480.000 418.000 53605.775 5887833.526 268572.336 19501995.726 902131204.760 55204128604911.047
8703.000 3975.000 45636220.000 1.000 1360.000 490.000 417.000 20702.121 5752734.319 365105.556 845848.097 3961336989.956 126027556112385.328
8711.000 3941.000 45636230.000 1.000 1360.000 490.000 422.000 22129.231 5791174.092 407349.853 9369519.547 3783731443.415 7303658077356.789
8748.000 3946.000 45636240.000 1.000 1360.000 490.000 418.000 37937.430 5970623.044 400992.456 20527475.783 2088841363.346 71494265131800.609
8804.000 3977.000 45636250.000 1.000 1370.000 500.000 418.000 72571.268 6247429.458 362692.598 8692799.581 122545034.528 11419317424127.002
8900.000 4053.000 45636260.000 1.000 1360.000 500.000 417.000 87237.709 6736546.739 276928.171 6172377.800 12934344.161 34806104185864.641
9008.000 4153.000 45636270.000 1.000 1360.000 500.000 420.000 97651.709 7308835.680 181680.240 9730477.996 196292286.753 5482948383754.889
9124.000 4270.000 45636280.000 1.000 1360.000 500.000 389.000 81234.503 7949500.395 95629.162 5380707.225 5792547.013 44774036509555.859
9236.000 4349.000 45636290.000 1.000 1350.000 510.000 363.000 72156.205 8593609.223 53010.297 42766982.704 131906811.686 942179038766009.250
9347.000 4399.000 45636300.000 1.000 1340.000 500.000 244.000 0.000 9256720.079 32486.332 0.000 6995862729.099 145734334150523.219
