3274.000 4370.000 26868644.000 0.000 1290.000 560.000 110.000 22260.795 10250149.522 45263.472 1802965.807 801369047.420 3024885704695.156
3315.000 4315.000 26868654.000 1.000 1290.000 560.000 222.000 16704.660 9989300.514 71691.207 2261654.670 1146810961.811 1639759621965.019
3322.000 4366.000 26868664.000 1.000 1290.000 560.000 281.000 9735.000 9945101.317 46981.489 1368903.250 1667436583.133 4723156443144.421
3322.000 4396.000 26868674.000 1.000 1270.000 560.000 358.000 5516.500 9945101.317 34876.361 1941746.020 2029750955.658 2561407048300.646
3330.000 4411.000 26868684.000 1.000 1270.000 560.000 442.000 11500.309 9894707.950 29498.796 480159.730 1526382734.558 9376002809418.178
3340.000 4445.000 26868694.000 1.000 1280.000 570.000 512.000 12980.000 9831896.240 18975.651 346408.617 1412952277.152 10212990922578.084
3340.000 4485.000 26868704.000 1.000 1270.000 570.000 589.000 14047.515 9831896.240 9555.480 576520.978 1333837673.051 8795167019065.466
3335.000 4528.000 26868714.000 1.000 1270.000 570.000 638.000 15824.159 9863277.095 2997.796 899416.975 1207221867.696 6984226334004.159
3322.000 4575.000 26868724.000 1.000 1270.000 570.000 666.000 18595.860 9945101.317 60.096 726214.775 1022298145.780 7929692037514.640
3294.000 4625.000 26868734.000 1.000 1270.000 570.000 690.000 20833.810 10122486.103 1784.882 249610.268 884196836.246 10841052726440.637
3255.000 4676.000 26868744.000 1.000 1260.000 580.000 731.000 21603.025 10372170.770 8695.164 1535373.372 839042623.511 4027295568066.899
3199.000 4712.000 26868754.000 1.000 1260.000 580.000 742.000 26334.530 10736012.343 16705.010 2243482.021 587322015.549 1686631147646.162
3118.000 4707.000 26868764.000 1.000 1260.000 580.000 751.000 33248.188 11273380.189 15437.532 5679935.398 300019447.588 4569973932945.850
3021.000 4674.000 26868774.000 1.000 1260.000 580.000 749.000 50751.841 11934160.770 8326.173 6374144.414 33336.745 8019990371940.176
2906.000 4568.000 26868784.000 1.000 1260.000 580.000 757.000 70394.813 12741940.428 217.626 4610982.750 393052652.070 1142327214906.202
2782.000 4390.000 26868794.000 1.000 1260.000 580.000 796.000 84604.313 13642573.625 37153.386 1366638.564 1158385004.924 4733005176452.977
2652.000 4164.000 26868804.000 1.000 1260.000 580.000 817.000 88815.834 14619805.847 175353.352 719772.801 1462800616.259 7966014359023.755
2528.000 3920.000 26868814.000 1.000 1240.000 580.000 839.000 86597.736 15583431.044 439240.395 9403423.953 1298051265.181 34354114301630.258
2432.000 3671.000 26868824.000 1.000 1240.000 580.000 854.000 57619.542 16350583.454 831291.959 7970861.591 49706511.953 19613170482400.664
2355.000 3511.000 26868834.000 1.000 1240.000 580.000 872.000 33056.024 16979224.616 1148652.643 6190206.132 306713346.578 7012012408520.547
2331.000 3412.000 26868844.000 1.000 1230.000 590.000 870.000 13979.888 17177588.719 1370660.566 112266.940 1338781958.218 11764342440845.320
2347.000 3372.000 26868854.000 1.000 1230.000 590.000 875.000 14325.857 17045217.984 1465920.737 1323742.585 1313584077.635 4921489686742.480
2390.000 3362.000 26868864.000 1.000 1210.000 590.000 894.000 18405.187 16692008.633 1490235.779 7847547.697 1034527429.205 18536142250763.426
2446.000 3371.000 26868874.000 1.000 1210.000 590.000 896.000 42588.693 16237559.061 1468343.241 7102946.103 63689409.261 12679014916820.977
2553.000 3447.000 26868884.000 1.000 1190.000 600.000 899.000 64477.587 15386676.770 1289932.916 5522484.429 193441630.313 3921583205820.061
2694.000 3587.000 26868894.000 1.000 1190.000 600.000 903.000 81496.029 14300388.668 991522.318 7799144.953 956465197.264 18121702403593.914
2866.000 3770.000 26868904.000 1.000 1180.000 600.000 893.000 105530.374 13029107.266 660566.036 6148986.844 3020724330.215 6795412401473.974
3081.000 4014.000 26868914.000 1.000 1180.000 600.000 854.000 124479.486 11523210.514 323478.993 2822635.019 5462721881.344 517753128118.466
3325.000 4310.000 26868924.000 1.000 1180.000 600.000 823.000 133177.899 9926188.804 74393.728 2578607.124 6824187655.418 928483599264.827
3569.000 4640.000 26868934.000 1.000 1180.000 600.000 777.000 141124.300 8448239.095 3277.318 1619780.366 8200215727.595 3695642122828.239
3813.000 5000.000 26868944.000 1.000 1180.000 600.000 770.000 136132.681 7089361.386 174095.779 725461.610 7321099446.160 7933934386198.661
4005.000 5373.000 26868954.000 1.000 1180.000 600.000 760.000 133897.052 6103792.565 624491.685 6500607.256 6943521341.220 8752258326707.640
4161.000 5755.000 26868964.000 1.000 1180.000 590.000 767.000 113864.364 5357305.898 1374165.053 13146237.781 4006270510.633 92237817100774.484
4283.000 6084.000 26868974.000 1.000 1180.000 590.000 784.000 73352.075 4807431.044 2253745.147 8263199.747 519056774.601 22287973988952.609
4339.000 6303.000 26868984.000 1.000 1210.000 590.000 814.000 47887.669 4564997.471 2959252.711 11945430.398 7190916.723 70614522089879.672
4352.000 6450.000 26868994.000 1.000 1240.000 580.000 818.000 11075.865 4509615.249 3486614.583 3113764.087 1559728048.796 183545046090.259
4334.000 6479.000 26869004.000 1.000 1260.000 580.000 818.000 20671.440 4586388.326 3595755.959 5106880.730 893879489.475 2448270655221.717
4287.000 6436.000 26869014.000 1.000 1270.000 570.000 824.000 36409.131 4789906.360 3434527.643 12341261.339 200509181.649 77423732766188.750
4220.000 6346.000 26869024.000 1.000 1280.000 570.000 855.000 74440.753 5087665.813 3109043.027 5935905.866 569848298.835 5729896414117.137
4096.000 6153.000 26869034.000 1.000 1300.000 560.000 885.000 92733.221 5662427.009 2465678.352 3982749.128 1777799820.552 194096167404.485
3967.000 5898.000 26869044.000 1.000 1320.000 570.000 920.000 105006.716 6293001.061 1729876.942 3332409.916 2963436891.196 44005863690.540
3834.000 5603.000 26869054.000 1.000 1340.000 560.000 956.000 115276.084 6977973.796 1040905.702 2320142.874 4186973399.572 1493388576172.833
3713.000 5269.000 26869064.000 1.000 1350.000 550.000 977.000 122425.985 7631878.480 470936.130 751915.175 5163389291.308 7785609391696.402
3597.000 4910.000 26869074.000 1.000 1350.000 550.000 977.000 124743.135 8286254.309 107091.164 4868041.266 5501764107.823 1757893082148.257
3517.000 4534.000 26869084.000 1.000 1360.000 550.000 990.000 109741.467 8753227.984 2376.771 4701581.203 3501350380.652 1344198020044.758
3458.000 4201.000 26869094.000 1.000 1360.000 550.000 997.000 95252.773 9105822.069 145734.694 2976363.324 1996616560.112 320154918397.412
3428.000 3909.000 26869104.000 1.000 1350.000 550.000 1011.000 86080.621 9287777.197 453941.942 12297226.689 1261056939.754 76650743381085.891
3440.000 3644.000 26869114.000 1.000 1340.000 560.000 1023.000 48184.699 9214779.146 881255.574 4563374.381 5686119.097 1042826399420.094
3480.000 3501.000 26869124.000 1.000 1320.000 570.000 1023.000 34121.912 8973532.309 1170187.685 69877.830 270515173.012 12056921681504.051
3536.000 3412.000 26869134.000 1.000 1310.000 570.000 1023.000 34337.252 8641162.736 1370660.566 756489.976 263478001.581 7760100456070.439
3627.000 3358.000 26869144.000 1.000 1300.000 580.000 1023.000 36668.500 8114439.180 1500017.796 2027801.149 193231058.242 2293360453796.706
3740.000 3358.000 26869154.000 1.000 1270.000 590.000 1023.000 42917.502 7483427.864 1500017.796 5569463.268 58549361.774 4109854491009.361
3864.000 3404.000 26869164.000 1.000 1250.000 590.000 1023.000 60080.717 6820378.668 1389456.600 5720084.485 90467862.389 4743243282387.129
4030.000 3486.000 26869174.000 1.000 1240.000 600.000 1023.000 77708.096 5980888.291 1202865.249 5793708.019 736516556.753 5069352923204.857
4225.000 3625.000 26869184.000 1.000 1220.000 600.000 1023.000 95562.358 5065134.958 917289.155 345940.040 2024379095.295 10215986077383.500
4450.000 3815.000 26869194.000 1.000 1190.000 610.000 1023.000 94496.287 4102996.497 589443.343 743441.595 1929583923.322 7832968353644.146
4678.000 4040.000 26869205.000 1.000 1190.000 610.000 1023.000 91976.146 3231313.522 294579.882 1625596.054 1714530417.729 3673315726230.748
4865.000 4253.000 26869215.000 1.000 1170.000 610.000 1023.000 86966.605 2593985.556 108736.472 7386908.265 1324766907.213 14781891892540.346
5025.000 4468.000 26869225.000 1.000 1150.000 620.000 1023.000 64202.635 2104198.206 13168.053 5151440.096 185868982.873 2589699832729.712
5121.000 4641.000 26869235.000 1.000 1150.000 620.000 1023.000 48327.627 1834901.796 3392.814 5362890.462 5024907.164 3314965968042.766
5159.000 4785.000 26869245.000 1.000 1150.000 620.000 1023.000 31801.000 1733397.300 40904.198 3937673.481 352247488.463 156410614825.265
5159.000 4883.000 26869255.000 1.000 1150.000 620.000 1023.000 19666.413 1733397.300 90148.779 1341862.665 954985796.342 4841421291973.345
5122.000 4931.000 26869265.000 1.000 1150.000 620.000 1023.000 23801.583 1832193.625 121276.574 4310136.529 716508396.536 589748533830.684
5050.000 4945.000 26869275.000 1.000 1170.000 610.000 1023.000 37083.976 2032293.933 131223.514 9881860.263 181852816.327 40191474044126.156
4954.000 4883.000 26869285.000 1.000 1190.000 610.000 1023.000 67536.550 2315222.343 90148.779 5908573.556 287889015.796 5599791663959.601
4814.000 4729.000 26869295.000 1.000 1190.000 610.000 1023.000 85744.789 2760866.274 21388.438 3454421.591 1237318018.412 7702532192.249
4659.000 4515.000 26869305.000 1.000 1220.000 610.000 1023.000 96390.156 3299982.770 4590.352 5471664.808 2099554742.089 3722889774106.775
4494.000 4268.000 26869315.000 1.000 1220.000 610.000 1023.000 79528.323 3926680.975 99068.908 4021746.564 838627476.366 229978658542.606
4386.000 4048.000 26869325.000 1.000 1230.000 610.000 1023.000 67134.651 4366367.437 285959.848 7215657.284 274412262.801 13494393756226.430
4337.000 3847.000 26869335.000 1.000 1230.000 610.000 1023.000 44898.419 4573547.813 541331.207 4572666.115 32158408.954 1061889963618.745
4327.000 3709.000 26869345.000 1.000 1230.000 610.000 1023.000 30806.998 4616419.522 763442.796 814592.350 390546899.363 7439765276716.209
4365.000 3622.000 26869355.000 1.000 1220.000 610.000 1023.000 28296.698 4454571.027 923044.668 653576.424 496066905.348 8344063330969.950
4435.000 3570.000 26869365.000 1.000 1220.000 610.000 1023.000 30310.801 4163989.061 1025666.890 2059811.451 410405058.550 2197433302008.020
4525.000 3545.000 26869375.000 1.000 1220.000 610.000 1023.000 36658.448 3804783.676 1076929.497 3768962.362 193510620.113 51427671575.668
4636.000 3566.000 26869385.000 1.000 1200.000 620.000 1023.000 48273.124 3384074.702 1033784.908 2795378.965 5272228.912 557720242971.285
4775.000 3619.000 26869395.000 1.000 1190.000 610.000 1023.000 56887.543 2891990.941 928818.181 469990.873 39920732.038 9438380822740.373
4932.000 3697.000 26869405.000 1.000 1170.000 610.000 1023.000 55439.189 2382656.103 784556.848 1271135.619 23716233.106 5157668298683.788
5084.000 3775.000 26869415.000 1.000 1170.000 610.000 921.000 51521.976 1936510.121 652463.514 2126530.923 907672.597 2004078340597.644
5231.000 3835.000 26869425.000 1.000 1150.000 620.000 710.000 44968.722 1548992.992 559133.258 2780268.299 31365997.552 580518068333.921
5361.000 3883.000 26869435.000 1.000 1140.000 620.000 173.000 36400.869 1242300.770 489653.053 91931.251 200743231.839 11904255501951.984
6448.000 6961.000 26869726.000 0.000 1360.000 480.000 478.000 28156.803 760.958 5656062.899 6301586.538 502318115.374 7614293193408.252
6488.000 6884.000 26869736.000 1.000 1390.000 470.000 502.000 8737.430 154.121 5295741.728 809805.326 1749901789.487 7465902301610.396
6465.000 6870.000 26869746.000 1.000 1430.000 460.000 513.000 6241.882 112.052 5231502.788 7767432.541 1964916216.066 17852711186874.141
6456.000 6887.000 26869756.000 1.000 1450.000 450.000 559.000 30178.500 383.591 5309558.215 2900016.262 415782990.204 412381538543.350
6456.000 6794.000 26869766.000 1.000 1470.000 440.000 594.000 39115.376 383.591 4889617.113 1434571.666 131191400.731 4442036756945.715
6485.000 6677.000 26869776.000 1.000 1490.000 440.000 641.000 43536.244 88.633 4385874.113 5687410.905 49463278.470 4601991342379.318
6509.000 6545.000 26869786.000 1.000 1500.000 450.000 690.000 61062.934 1116.531 3850416.677 4930636.667 110117247.114 1927796192751.486
6530.000 6358.000 26869796.000 1.000 1500.000 460.000 734.000 76257.500 2960.941 3151504.976 3558474.788 659885804.276 265335619.579
6530.000 6123.000 26869806.000 1.000 1500.000 460.000 796.000 87223.524 2960.941 2372363.480 2183253.198 1343535254.846 1846697442235.780
6499.000 5856.000 26869816.000 1.000 1490.000 470.000 836.000 93951.577 548.240 1621160.121 3941225.459 1882025647.796 159232759436.323
6448.000 5571.000 26869826.000 1.000 1490.000 480.000 870.000 106097.110 760.958 976633.839 2553319.489 3083342406.584 977856308484.001
6372.000 5253.000 26869836.000 1.000 1480.000 480.000 899.000 113965.583 10729.950 449232.198 2677537.764 4019094090.695 747615987848.377
6284.000 4913.000 26869846.000 1.000 1460.000 500.000 899.000 105714.311 36704.992 109063.651 7996084.976 3040976928.817 19837219097536.617
6187.000 4602.000 26869856.000 1.000 1440.000 510.000 912.000 81073.063 83281.574 370.480 5048508.372 930482151.807 2269008106082.384
6111.000 4364.000 26869866.000 1.000 1420.000 530.000 939.000 65515.256 132922.565 47852.497 4792074.518 223382872.056 1562222151872.260
6040.000 4175.000 26869876.000 1.000 1400.000 540.000 943.000 50747.692 189734.702 166261.805 6766278.002 31838.881 10394771415606.635
5979.000 4031.000 26869886.000 1.000 1380.000 550.000 958.000 29896.296 246597.129 304430.420 4413220.119 427371335.944 758701024946.270
5937.000 3949.000 26869896.000 1.000 1350.000 570.000 976.000 16296.234 290074.309 401641.771 4340425.683 1174640137.781 637187130819.064
5908.000 3908.000 26869906.000 1.000 1320.000 580.000 971.000 2920.500 322153.266 455290.446 3224633.406 2270404088.443 100839435412.825
5908.000 3917.000 26869916.000 1.000 1310.000 580.000 971.000 12857.737 322153.266 443225.908 3038233.143 1422158776.166 253968141600.274
5915.000 3956.000 26869926.000 1.000 1280.000 590.000 971.000 22220.551 314256.069 392818.241 8281456.442 803649158.527 22460687524339.012
5948.000 4016.000 26869936.000 1.000 1260.000 600.000 971.000 47741.218 278346.428 321207.985 4621425.160 7997807.244 1164757893628.198
5999.000 4154.000 26869946.000 1.000 1250.000 600.000 974.000 61982.898 227133.710 183828.395 2617749.612 130271190.146 854582010895.157
6112.000 4308.000 26869956.000 1.000 1230.000 610.000 973.000 70049.923 132194.394 75488.737 3787395.260 379496329.488 60127746857.010
6250.000 4474.000 26869966.000 1.000 1220.000 610.000 973.000 58378.443 50888.804 11827.027 4913558.881 60983378.641 1880664505262.968
6404.000 4567.000 26869976.000 1.000 1220.000 610.000 971.000 43236.505 5124.480 248.130 4132022.372 53769258.788 347907344236.762
6532.000 4604.000 26869986.000 1.000 1200.000 620.000 974.000 30503.000 3182.599 451.472 1355913.190 402654688.856 4779787322665.870
6626.000 4604.000 26869996.000 1.000 1200.000 620.000 982.000 26324.531 22624.531 451.472 786126.885 587806761.609 7595859983338.763
6696.000 4563.000 26870006.000 1.000 1200.000 620.000 987.000 28747.110 48582.565 390.147 1535875.049 476206120.206 4025282276608.098
6738.000 4485.000 26870016.000 1.000 1200.000 620.000 1020.000 33480.161 68861.386 9555.480 2657650.457 292037218.164 782402529224.600
6744.000 4382.000 26870026.000 1.000 1200.000 620.000 1023.000 41670.147 72046.360 40301.420 1128401.697 79194167.159 5826353030619.504
6725.000 4255.000 26870036.000 1.000 1200.000 620.000 1023.000 45147.502 62207.608 107421.463 1608212.589 29395432.377 3740251847832.903
6666.000 4129.000 26870046.000 1.000 1200.000 620.000 1023.000 50103.473 36257.693 205891.002 942791.916 216955.173 6756847847743.687
6574.000 4005.000 26870056.000 1.000 1210.000 630.000 1023.000 53008.841 9685.420 333797.532 1100590.101 5951567.799 5961388884433.984
6460.000 3888.000 26870066.000 1.000 1210.000 630.000 1023.000 56400.490 242.907 482680.532 193989.669 34003272.818 11210416408829.029
6320.000 3785.000 26870076.000 1.000 1210.000 630.000 1023.000 55802.679 24206.839 636408.472 1980178.178 27388700.910 2439867380672.786
6176.000 3691.000 26870086.000 1.000 1210.000 630.000 1023.000 49700.435 89751.454 795221.873 4544763.657 754852.485 1005162635672.610
6029.000 3648.000 26870096.000 1.000 1190.000 630.000 1023.000 35695.000 199438.582 873761.557 3792943.885 221243535.286 62879686305.672
5919.000 3648.000 26870106.000 1.000 1190.000 630.000 1023.000 24006.421 309787.386 873761.557 152934.254 705584281.337 11487025107933.547
5847.000 3665.000 26870116.000 1.000 1170.000 630.000 1023.000 24477.713 395119.693 842268.985 4903612.632 680768692.834 1853483394119.753
5800.000 3724.000 26870126.000 1.000 1170.000 630.000 934.000 39589.000 456415.727 737455.232 5248169.003 120566054.109 2910379159113.373
5800.000 3846.000 26870136.000 1.000 1170.000 630.000 827.000 55762.094 456415.727 542803.711 3557656.399 26965551.226 239343697.373
5848.000 4011.000 26870146.000 1.000 1170.000 630.000 646.000 66725.596 393863.522 326900.506 930948.964 261027274.693 6818557093986.271
5929.000 4200.000 26870156.000 1.000 1170.000 630.000 193.000 69594.468 298755.676 146499.198 739648.109 361958635.708 7854216737053.132
7327.000 6637.000 26870287.000 0.000 1310.000 580.000 546.000 39735.022 724906.702 4219934.284 8571570.799 117380658.221 25294714854342.121
7432.000 6700.000 26870297.000 1.000 1320.000 580.000 585.000 13320.320 914728.753 4482738.514 1775570.544 1387483342.650 3120928975825.625
7398.000 6723.000 26870307.000 1.000 1350.000 570.000 597.000 7848.608 850848.565 4580660.916 2914546.399 1825053891.146 393931044700.585
7410.000 6744.000 26870317.000 1.000 1360.000 560.000 627.000 16830.261 873130.514 4670992.326 6506267.509 1138319882.808 8785781194574.891
7439.000 6701.000 26870327.000 1.000 1380.000 550.000 676.000 36880.392 928167.556 4486974.010 3627063.055 187385037.858 7204171809.831
7480.000 6595.000 26870337.000 1.000 1400.000 550.000 722.000 48057.782 1008848.548 4049141.463 5267724.671 6307509.037 2977484870917.030
7498.000 6448.000 26870347.000 1.000 1410.000 550.000 791.000 64291.140 1045331.471 3479149.591 5154359.298 188290060.165 2599103831993.392
7491.000 6250.000 26870357.000 1.000 1410.000 550.000 839.000 80175.144 1031066.668 2779715.438 3621024.435 876508517.222 6215552097.823
7468.000 6004.000 26870367.000 1.000 1440.000 540.000 890.000 91333.925 984886.599 2019945.489 971748.674 1661758118.824 6607146310267.146
7424.000 5726.000 26870377.000 1.000 1440.000 540.000 929.000 94328.528 899490.121 1307015.677 4773940.484 1914873757.310 1517219941046.498
7362.000 5442.000 26870387.000 1.000 1440.000 540.000 947.000 109040.209 785730.719 738306.890 3051043.429 3418852172.814 241220693225.129
7289.000 5114.000 26870397.000 1.000 1440.000 560.000 965.000 118442.500 661643.197 282224.292 10967166.738 4606777051.525 55130343976102.328
7213.000 4757.000 26870407.000 1.000 1430.000 560.000 982.000 84645.376 543780.189 30362.318 3311400.163 1161181854.065 53261946637.443
7142.000 4506.000 26870417.000 1.000 1420.000 570.000 981.000 74440.753 444108.326 5890.890 2244461.686 569848298.835 1684087518384.377
7077.000 4286.000 26870427.000 1.000 1420.000 580.000 1003.000 67524.076 361699.437 88061.831 6216172.622 287465871.382 7150206261221.581
7013.000 4088.000 26870437.000 1.000 1390.000 600.000 1023.000 48367.920 288814.377 244779.677 5736302.022 4845886.657 4814146600375.758
6952.000 3952.000 26870447.000 1.000 1380.000 600.000 1023.000 30690.564 226970.804 397848.258 4916756.179 395162454.078 1889444105676.962
6900.000 3873.000 26870457.000 1.000 1360.000 610.000 1023.000 15538.773 180127.693 503748.096 2725726.339 1227134842.209 666605826427.643
6877.000 3831.000 26870467.000 1.000 1330.000 620.000 1023.000 7139.000 161133.625 565131.275 3744336.381 1886187263.918 40864913114.466
6877.000 3853.000 26870477.000 1.000 1320.000 630.000 1023.000 18677.787 161133.625 532538.181 3853511.486 1017065888.744 96923768569.538
6885.000 3910.000 26870487.000 1.000 1300.000 630.000 1023.000 30553.015 167620.257 452595.438 9277365.762 400649962.621 32892290777230.156
6933.000 3991.000 26870497.000 1.000 1290.000 640.000 1023.000 59142.740 209228.052 350170.591 5896393.448 73504602.691 5542294298757.552
7006.000 4158.000 26870507.000 1.000 1270.000 640.000 1023.000 77313.444 281339.574 180414.378 3874142.223 715251513.147 110195158263.271
7140.000 4355.000 26870517.000 1.000 1250.000 650.000 1020.000 89252.249 441446.668 51871.036 3855586.339 1496373833.703 98219984223.519
7309.000 4572.000 26870527.000 1.000 1230.000 650.000 1012.000 77370.627 694579.779 115.608 4478667.226 718313408.679 876997719351.698
7502.000 4712.000 26870537.000 1.000 1230.000 650.000 1006.000 63568.879 1053526.787 16705.010 3570760.682 168990159.921 816531757.010
7676.000 4802.000 26870547.000 1.000 1220.000 650.000 1002.000 52564.994 1440995.044 48069.626 2617377.736 3982964.297 855269700348.119
7828.000 4858.000 26870557.000 1.000 1230.000 650.000 999.000 44499.115 1829025.061 75761.386 4391648.332 36846629.607 721586827396.810
7965.000 4852.000 26870567.000 1.000 1230.000 650.000 1006.000 30965.530 2218355.642 72494.412 530561.718 384306130.721 9069878781232.439
8040.000 4793.000 26870577.000 1.000 1230.000 650.000 1023.000 32600.543 2447392.821 44204.164 2224958.587 322874699.707 1735087167619.685
8078.000 4700.000 26870587.000 1.000 1230.000 650.000 1023.000 39457.118 2567732.326 13747.061 2800866.585 123479643.603 549553974209.256
8090.000 4579.000 26870597.000 1.000 1260.000 660.000 1023.000 48088.448 2606334.274 14.079 3137855.617 6154415.627 163482785445.214
8055.000 4435.000 26870607.000 1.000 1260.000 660.000 1023.000 57758.265 2494550.257 21830.694 1418247.694 51681829.265 4511112492728.872
7975.000 4276.000 26870617.000 1.000 1260.000 660.000 1023.000 62128.828 2248243.933 94096.873 1891491.354 133623670.836 2724791699098.485
7864.000 4120.000 26870627.000 1.000 1260.000 660.000 1023.000 67957.769 1927694.907 214139.540 889146.225 302360333.226 7038618255297.683
7711.000 3977.000 26870637.000 1.000 1260.000 660.000 1023.000 70697.819 1526249.061 366935.651 327615.849 405158989.264 10333459083887.236
7540.000 3842.000 26870647.000 1.000 1260.000 660.000 1023.000 69688.217 1132978.291 548713.728 702263.755 365534613.507 8065156438950.802
7358.000 3728.000 26870657.000 1.000 1260.000 660.000 1023.000 67524.076 778655.403 730601.215 4336512.538 287465871.382 630955185630.407
7160.000 3664.000 26870667.000 1.000 1240.000 660.000 1023.000 54160.401 468423.249 844105.489 2607220.561 12896311.852 874159740447.545
6996.000 3633.000 26870677.000 1.000 1240.000 660.000 1023.000 46125.823 270831.283 902029.121 1495157.438 19744109.890 4190324550639.917
6855.000 3651.000 26870687.000 1.000 1240.000 660.000 1023.000 41518.250 143955.386 868162.044 1699746.251 81920736.224 3394582983914.662
6746.000 3718.000 26870697.000 1.000 1220.000 670.000 1023.000 36280.203 73124.018 747796.258 4897803.108 204177077.649 1837698659378.169
6696.000 3818.000 26870707.000 1.000 1220.000 670.000 944.000 51373.587 48582.565 584845.831 2392979.171 646945.993 1320675559398.538
6686.000 3976.000 26870717.000 1.000 1200.000 670.000 790.000 58747.945 44274.274 368148.155 13960298.600 66890929.712 108537077184915.984
6736.000 4150.000 26870727.000 1.000 1190.000 660.000 445.000 15726.994 67815.727 187274.412 115723.573 1213983323.719 11740642448672.123
8753.000 4857.000 26871168.000 0.000 1340.000 540.000 417.000 0.000 5186616.941 75211.890 6216283.276 2557249801.076 7150798048171.991
8753.000 4857.000 26871178.000 1.000 1350.000 540.000 483.000 19156.497 5186616.941 75211.890 4374281.092 986761520.351 692382804306.847
8707.000 4894.000 26871188.000 1.000 1350.000 540.000 539.000 5676.432 4979210.804 96875.232 367798.684 2015365778.688 10076732687316.898
8692.000 4903.000 26871198.000 1.000 1360.000 550.000 550.000 4543.000 4912493.368 102558.694 1684804.000 2118416376.703 3449866639048.264
8692.000 4889.000 26871208.000 1.000 1380.000 550.000 619.000 9735.000 4912493.368 93787.754 7810428.466 1667436583.133 18217896632256.137
8692.000 4859.000 26871218.000 1.000 1380.000 570.000 694.000 33804.117 4912493.368 76312.882 4005799.660 281069934.982 214937938963.230
8686.000 4755.000 26871228.000 1.000 1380.000 570.000 767.000 46148.646 4885932.394 29669.326 2682897.206 19541805.769 738376650945.362
8661.000 4615.000 26871238.000 1.000 1380.000 570.000 828.000 54416.434 4776036.668 1039.925 4105454.909 14800767.252 317272244399.304
8626.000 4451.000 26871248.000 1.000 1360.000 570.000 878.000 41764.801 4624282.650 17358.626 1012672.666 77518453.734 6398435997905.793
8585.000 4329.000 26871258.000 1.000 1360.000 570.000 900.000 44885.518 4449629.659 64390.147 430972.668 32304894.364 9679646295231.070
8547.000 4196.000 26871268.000 1.000 1340.000 570.000 923.000 46213.631 4290758.155 149577.215 5805595.752 18971481.947 5123025234643.262
8516.000 4057.000 26871278.000 1.000 1340.000 570.000 935.000 28322.735 4163291.454 276415.309 3546594.843 494907762.012 19440875.395
8509.000 3970.000 26871288.000 1.000 1320.000 580.000 939.000 17393.321 4134774.650 375465.181 1450590.609 1100642760.667 4374769866538.537
8517.000 3917.000 26871298.000 1.000 1320.000 580.000 932.000 12923.088 4167373.283 443225.908 1075160.982 1417234075.770 6086210772677.962
8542.000 3886.000 26871308.000 1.000 1310.000 580.000 899.000 9609.803 4270069.009 485463.540 3166200.367 1677676910.487 141364942200.848
8571.000 3880.000 26871318.000 1.000 1310.000 580.000 864.000 19366.969 4390762.052 493860.566 2739963.452 973582805.770 643560474525.833
8622.000 3911.000 26871328.000 1.000 1290.000 590.000 817.000 27810.616 4607095.334 451250.933 3498661.001 517955761.564 1894396131.905
8686.000 3968.000 26871338.000 1.000 1280.000 580.000 688.000 38592.314 4885932.394 377920.190 1963927.867 143447174.886 2490897668085.288
8766.000 4056.000 26871348.000 1.000 1270.000 590.000 431.000 44644.480 5245998.719 277467.814 134682.355 35102988.070 11611078788526.521
8789.000 5294.000 26871438.000 0.000 1280.000 590.000 584.000 48379.892 5351886.787 505873.523 8526480.226 4793321.162 24843192298802.895
8771.000 5442.000 26871448.000 1.000 1290.000 590.000 656.000 22104.144 5268927.864 738306.890 690250.764 810262684.865 8133532663527.175
8727.000 5494.000 26871458.000 1.000 1290.000 590.000 687.000 24231.265 5068867.386 830372.668 6072941.242 693689847.354 6404723804727.766
8657.000 5520.000 26871468.000 1.000 1310.000 580.000 669.000 5516.500 4758569.351 878433.557 3437923.362 2029750955.658 10870627241.391
8674.000 5520.000 26871478.000 1.000 1320.000 590.000 659.000 16111.025 4833026.445 878433.557 2203663.924 1187369784.962 1791640443613.359
8721.000 5504.000 26871488.000 1.000 1320.000 590.000 606.000 22901.977 5041886.411 848697.626 2748179.791 765478408.610 630445323487.857
8787.000 5479.000 26871498.000 1.000 1340.000 580.000 492.000 31370.944 5342637.129 803260.232 813797.649 368575240.096 7444101150531.473
8862.000 5418.000 26871508.000 1.000 1340.000 580.000 363.000 33878.795 5694974.309 697638.993 1723270.879 278571537.465 3308450988515.524
8924.000 5334.000 26871518.000 1.000 1350.000 580.000 181.000 39189.337 5994733.710 564373.352 735825.816 129502589.905 7875655586320.519
8976.000 5225.000 26871528.000 1.000 1350.000 580.000 115.000 36921.769 6252072.821 412482.318 1602209.988 186253941.541 3763505616457.903
9001.000 5114.000 26871538.000 1.000 1350.000 580.000 113.000 41859.242 6377718.548 282224.292 1091239.633 75864369.489 6007136438013.546
9017.000 4986.000 26871548.000 1.000 1360.000 570.000 163.000 45222.076 6458787.813 162608.839 941456.923 28592349.674 6763789974860.816
9027.000 4847.000 26871558.000 1.000 1380.000 580.000 252.000 42320.822 6509716.103 69826.933 2638537.407 68036687.704 816580169112.105
9052.000 4719.000 26871568.000 1.000 1380.000 580.000 362.000 34189.736 6637911.830 18563.480 836573.656 268288723.589 7320336328051.971
9082.000 4618.000 26871578.000 1.000 1380.000 580.000 480.000 31611.697 6793396.702 1242.412 722652.414 359389098.977 7949767737661.870
9133.000 4535.000 26871588.000 1.000 1360.000 580.000 574.000 29384.725 7061851.984 2280.267 962519.245 448784415.976 6654678823989.803
9195.000 4469.000 26871598.000 1.000 1360.000 580.000 653.000 26418.564 7395215.386 12939.549 2292495.740 583255995.086 1561724901629.018
9273.000 4425.000 26871609.000 1.000 1360.000 580.000 733.000 34189.736 7825528.052 24885.737 1120259.668 268288723.589 5865725521344.403
9374.000 4395.000 26871619.000 1.000 1350.000 590.000 783.000 37642.000 8400806.787 35250.865 1253727.492 167113985.698 5237040796719.930
9490.000 4395.000 26871629.000 1.000 1360.000 600.000 834.000 41505.567 9086694.958 35250.865 885146.113 82150484.938 7059859165972.068
9616.000 4417.000 26871639.000 1.000 1360.000 600.000 869.000 44233.290 9862203.420 27473.771 2032924.679 40144483.782 2277868715386.615
9746.000 4458.000 26871649.000 1.000 1360.000 600.000 905.000 50498.081 10695611.197 15563.096 827628.813 5066.090 7368818887496.875
9890.000 4517.000 26871659.000 1.000 1350.000 600.000 902.000 53048.555 11658226.582 4323.343 3541027.721 6146916.242 1340827.805
10040.000 4582.000 26871669.000 1.000 1360.000 610.000 911.000 42136.297 12705050.941 0.566 3301821.897 71114822.290 57774739617.423
10150.000 4651.000 26871679.000 1.000 1360.000 610.000 921.000 31961.191 13501322.138 4657.771 1715623.388 346260137.755 3336329741502.579
10224.000 4716.000 26871689.000 1.000 1350.000 620.000 927.000 26674.216 14050611.488 17754.993 1916567.092 570973006.857 2642635735754.086
10273.000 4782.000 26871699.000 1.000 1350.000 620.000 939.000 20768.000 14420357.112 39699.711 1255978.873 888114946.798 5226741482949.005
10273.000 4846.000 26871709.000 1.000 1350.000 620.000 945.000 24638.505 14420357.112 69299.438 229017.497 672403923.665 10977083290843.770
10224.000 4904.000 26871719.000 1.000 1370.000 620.000 950.000 25344.260 14050611.488 103200.190 5058653.539 636300497.366 2299674821389.626
10148.000 4922.000 26871729.000 1.000 1370.000 620.000 947.000 40933.331 13486628.480 115089.113 6379259.508 92851078.937 8048988006566.040
10022.000 4916.000 26871739.000 1.000 1370.000 620.000 935.000 60592.066 12577056.018 111054.138 4897902.405 100456690.827 1837967886729.096
9851.000 4841.000 26871749.000 1.000 1370.000 620.000 967.000 75685.756 11393423.249 66691.959 992994.337 630838498.403 6498376412435.721
9651.000 4721.000 26871759.000 1.000 1370.000 620.000 1012.000 72625.681 10083257.437 19112.472 1087845.688 486485818.931 6023784708918.303
9484.000 4572.000 26871769.000 1.000 1370.000 620.000 1023.000 75978.056 9050557.984 115.608 6993920.593 645607042.734 11914474032557.973
9323.000 4402.000 26871779.000 1.000 1380.000 630.000 1023.000 54425.142 8107769.505 32671.335 3032180.245 14867845.508 260105525565.501
9250.000 4251.000 26871789.000 1.000 1380.000 630.000 1023.000 45080.981 7697375.984 110059.480 1800718.320 30121178.612 3032708503922.344
9234.000 4113.000 26871799.000 1.000 1380.000 630.000 1023.000 39531.772 7608850.719 220667.070 4303549.503 121826085.502 579674898089.440
9309.000 4017.000 26871809.000 1.000 1370.000 630.000 1023.000 52793.866 8028237.898 320075.480 4469576.034 4948883.111 860052901721.608
9459.000 3954.000 26871819.000 1.000 1370.000 630.000 1023.000 66567.598 8900762.257 395329.249 5893272.407 255946899.711 5527608881610.429
9660.000 3913.000 26871829.000 1.000 1370.000 630.000 1023.000 84728.684 10140495.898 448567.925 1811946.669 1166866420.853 2993726973563.134
9920.000 3889.000 26871839.000 1.000 1370.000 630.000 1023.000 90312.495 11863991.454 481292.027 1714841.667 1579524929.359 3339186076765.389
10197.000 3916.000 26871849.000 1.000 1370.000 630.000 1023.000 95597.061 13848926.103 444558.412 1963528.408 2027503090.729 2492158726214.000
10485.000 3978.000 26871859.000 1.000 1350.000 640.000 1023.000 89546.126 16075404.873 365725.147 6102987.995 1519196280.398 6557708587713.313
10755.000 4035.000 26871869.000 1.000 1350.000 640.000 1023.000 70738.767 18313388.719 300032.403 4055461.790 406809114.677 263452383377.257
10970.000 4071.000 26871879.000 1.000 1370.000 650.000 947.000 58241.196 20199761.967 261890.249 18899268.102 58858640.807 235839981063049.781
11148.000 4094.000 26871889.000 1.000 1350.000 650.000 522.000 0.000 21831457.539 238878.651 0.000 2557249801.076 12547079265440.766
