5620.000 2739.000 29638230.000 0.000 1390.000 520.000 757.000 37912.978 1863746.497 197180.901 2158648.755 420648542.579 26336835906.746
5420.000 2670.000 29638240.000 1.000 1360.000 490.000 754.000 25866.947 2449822.902 140662.924 2226908.902 71634001.818 8840913241.102
5276.000 2680.000 29638250.000 1.000 1360.000 460.000 771.000 13440.000 2921333.913 148263.935 1777534.797 15707427.868 295283816081.883
5216.000 2725.000 29638260.000 1.000 1350.000 430.000 787.000 3520.721 3130036.834 184943.486 354669.773 192724882.223 3866199071224.732
5197.000 2730.000 29638270.000 1.000 1370.000 420.000 800.000 1541.537 3197627.093 189268.991 19342.310 251594248.687 5297329060859.748
5204.000 2735.000 29638280.000 1.000 1360.000 430.000 787.000 1433.600 3172641.419 193644.497 3205312.051 255030032.620 782122710622.406
5212.000 2735.000 29638290.000 1.000 1360.000 440.000 794.000 19320.386 3144206.362 193644.497 2035054.336 3675373.048 81727772705.204
5294.000 2805.000 29638300.000 1.000 1350.000 440.000 797.000 30676.716 2860127.036 260151.576 887658.957 176184640.746 2054280308971.074
5426.000 2914.000 29638310.000 1.000 1340.000 450.000 796.000 35630.170 2431076.610 383223.598 847753.805 332220257.159 2170262929439.111
5583.000 3036.000 29638320.000 1.000 1330.000 450.000 796.000 30899.401 1966139.632 549155.935 526674.534 182145828.564 3219370736941.148
5719.000 3142.000 29638330.000 1.000 1330.000 460.000 794.000 27960.369 1603239.677 717494.654 2824714.547 111452555.657 253793799099.667
5842.000 3238.000 29638340.000 1.000 1310.000 470.000 796.000 12197.453 1306885.688 889344.362 219818.547 27100423.948 4414690486182.852
5909.000 3250.000 29638350.000 1.000 1310.000 480.000 800.000 10970.787 1158187.093 912121.576 619052.672 41376705.716 2896403569420.859
5957.000 3212.000 29638360.000 1.000 1320.000 490.000 811.000 14425.322 1057176.756 840981.733 1730639.232 8868113.260 348449132240.482
5993.000 3140.000 29638370.000 1.000 1320.000 500.000 824.000 24082.907 984443.003 714110.452 1406163.046 44617687.347 836807787521.555
6023.000 3009.000 29638380.000 1.000 1330.000 510.000 818.000 31929.799 925811.542 509868.205 1025579.878 211020342.500 1677944976624.469
6031.000 2831.000 29638390.000 1.000 1320.000 510.000 822.000 37652.901 910480.486 287350.205 2018002.739 410047970.640 91767974523.455
6024.000 2621.000 29638400.000 1.000 1330.000 520.000 822.000 26391.725 923888.160 106308.969 627392.282 80792507.500 2868087048208.756
6015.000 2474.000 29638410.000 1.000 1310.000 520.000 817.000 22890.652 941270.598 32059.104 386779.187 30111473.675 3740958835181.652
5994.000 2348.000 29638420.000 1.000 1330.000 530.000 829.000 20732.286 982459.621 2814.362 339577.728 11082415.754 3925776768607.536
5965.000 2236.000 29638430.000 1.000 1330.000 530.000 820.000 18837.321 1040789.699 3475.036 1138800.230 2056531.661 1397442691587.206
5920.000 2141.000 29638440.000 1.000 1330.000 530.000 809.000 12482.409 1134631.890 23700.430 53078.502 24214772.131 5143173243517.566
5876.000 2087.000 29638450.000 1.000 1330.000 530.000 794.000 12778.606 1230304.699 43242.969 279085.005 21387422.333 4169151535329.414
5810.000 2060.000 29638460.000 1.000 1340.000 540.000 791.000 14336.000 1381073.913 55201.239 600687.181 9408082.391 2959252671034.919
5730.000 2060.000 29638470.000 1.000 1340.000 540.000 777.000 10983.951 1575504.475 55201.239 23695.258 41207524.864 5277310582138.473
5679.000 2094.000 29638480.000 1.000 1340.000 540.000 745.000 11116.179 1706134.958 40380.677 480654.003 39527384.392 3386634268013.152
5657.000 2152.000 29638490.000 1.000 1330.000 540.000 733.000 13798.400 1764091.362 20434.542 963037.645 12995013.837 1843885315330.238
5657.000 2229.000 29638500.000 1.000 1330.000 540.000 733.000 8424.306 1764091.362 4349.328 24058.138 80621610.495 5275643469081.532
5680.000 2270.000 29638510.000 1.000 1330.000 540.000 730.000 8558.559 1703523.576 622.474 549919.283 78228731.407 3136496785434.720
5725.000 2286.000 29638520.000 1.000 1330.000 540.000 724.000 11627.305 1588081.385 80.092 1501659.264 33361653.306 671212785062.986
5782.000 2255.000 29638530.000 1.000 1310.000 540.000 739.000 20007.100 1447668.610 1595.958 1017713.715 6779984.033 1698385802723.219
5839.000 2159.000 29638540.000 1.000 1330.000 540.000 761.000 25686.306 1313753.834 18482.250 101926.630 68608855.133 4923998290939.047
5874.000 2020.000 29638550.000 1.000 1330.000 540.000 759.000 26255.093 1234745.463 75597.194 669182.976 78354951.836 2728284856578.831
5895.000 1875.000 29638560.000 1.000 1310.000 550.000 759.000 22520.813 1188516.441 176357.531 411124.403 26189351.238 3647376641044.727
5908.000 1750.000 29638570.000 1.000 1310.000 550.000 759.000 20226.592 1160340.475 296969.890 1770952.064 7971204.978 302481265782.201
5922.000 1638.000 29638580.000 1.000 1300.000 550.000 757.000 10344.047 1130375.126 431582.564 1055991.731 49832484.689 1600081556336.612
5936.000 1582.000 29638590.000 1.000 1290.000 560.000 763.000 4451.236 1100801.778 508296.901 96310.861 167754919.293 4948952704996.957
5952.000 1563.000 29638600.000 1.000 1290.000 560.000 758.000 3913.787 1067483.666 535749.980 2387144.166 181965875.149 4383649341.711
5973.000 1569.000 29638610.000 1.000 1270.000 560.000 751.000 17234.904 1024530.643 527002.587 2134031.514 28343.660 34932925275.980
6040.000 1638.000 29638620.000 1.000 1270.000 560.000 728.000 29143.562 893386.048 431582.564 1650253.875 137834696.855 449813215198.860
6135.000 1770.000 29638630.000 1.000 1270.000 560.000 614.000 38352.568 722824.756 275571.913 100827.955 438873516.036 4928875436139.319
6261.000 1943.000 29638640.000 1.000 1270.000 560.000 372.000 38915.224 524452.621 123868.407 2472668.254 462764605.772 23022970467.557
6683.000 2727.000 29638681.000 0.000 1280.000 570.000 465.000 95488.549 91319.407 186667.688 14756134.579 6097312396.817 154634187758060.281
6897.000 3215.000 29638691.000 1.000 1280.000 570.000 644.000 13144.048 7777.654 846493.036 1970061.722 18140884.755 123112080111.904
6911.000 3287.000 29638701.000 1.000 1280.000 570.000 761.000 2150.400 5504.306 984164.317 109108.250 232649730.639 4892177716355.891
6911.000 3275.000 29638711.000 1.000 1280.000 570.000 790.000 1541.537 5504.306 960499.104 276243.430 251594248.687 4180763749862.415
6906.000 3268.000 29638721.000 1.000 1280.000 570.000 809.000 0.000 6271.216 946827.396 3073433.037 302873450.024 566253246582.019
6906.000 3268.000 29638731.000 1.000 1300.000 580.000 830.000 17150.854 6271.216 946827.396 400228.506 63708.664 3689113561436.051
6888.000 3174.000 29638741.000 1.000 1310.000 570.000 834.000 19384.272 9446.093 772729.890 227659.802 3924409.524 4381801191165.781
6862.000 3069.000 29638751.000 1.000 1320.000 570.000 831.000 20654.695 15176.025 599154.272 903280.179 10571831.167 2009745284018.462
6845.000 2955.000 29638761.000 1.000 1340.000 560.000 827.000 15614.069 19653.520 435666.744 656120.730 3201203.550 2771606662238.789
6831.000 2869.000 29638771.000 1.000 1350.000 550.000 827.000 19275.457 23774.868 329534.048 399354.906 3505122.532 3692470183056.338
6820.000 2762.000 29638781.000 1.000 1360.000 560.000 794.000 21504.000 27288.070 218136.227 2068735.693 16816070.575 63604506909.410
6820.000 2642.000 29638791.000 1.000 1380.000 550.000 711.000 9959.716 27288.070 120444.092 760191.667 55406343.600 2435919853355.600
6828.000 2587.000 29638801.000 1.000 1380.000 550.000 625.000 5717.575 24709.014 85293.531 693969.562 136555228.142 2647016642619.733
6845.000 2560.000 29638811.000 1.000 1360.000 560.000 589.000 1844.977 19653.520 70251.800 105831.398 242060162.216 4906684112147.545
6850.000 2551.000 29638821.000 1.000 1380.000 570.000 595.000 1254.400 18276.610 65561.890 1445068.800 260785671.316 767141657460.089
6850.000 2558.000 29638831.000 1.000 1380.000 570.000 597.000 9318.400 18276.610 69195.598 996265.446 65364957.223 1754749513740.407
6850.000 2610.000 29638841.000 1.000 1380.000 570.000 603.000 14877.917 18276.610 99256.856 1355272.218 6377356.019 932504671557.611
6863.000 2692.000 29638851.000 1.000 1380.000 570.000 611.000 22440.820 14930.643 157649.149 345569.818 25377013.244 3902067731167.112
6902.000 2811.000 29638861.000 1.000 1360.000 560.000 627.000 24369.223 6920.744 266308.182 784387.251 48524643.961 2360979085229.652
6960.000 2934.000 29638871.000 1.000 1360.000 560.000 649.000 28746.384 634.587 408385.621 324865.408 128666467.687 3984293946367.403
7058.000 3061.000 29638881.000 1.000 1360.000 560.000 673.000 30559.249 5301.149 586833.463 40068.224 173080053.072 5202353398706.406
7183.000 3177.000 29638891.000 1.000 1360.000 560.000 708.000 30335.654 39128.396 778013.194 581295.770 167246820.965 3026344764081.108
7327.000 3266.000 29638901.000 1.000 1360.000 560.000 727.000 27091.816 116833.385 942939.194 976662.042 93868122.155 1807069873335.206
7461.000 3336.000 29638911.000 1.000 1360.000 560.000 728.000 21641.693 226394.194 1083786.272 759295.130 17964316.391 2438719185483.775
7570.000 3388.000 29638921.000 1.000 1360.000 560.000 731.000 17404.555 342001.553 1194759.531 1210151.578 1.678 1233839883078.007
7663.000 3416.000 29638931.000 1.000 1360.000 560.000 725.000 10651.477 459425.025 1256754.362 1009590.758 45586570.341 1719623806602.814
7721.000 3429.000 29638941.000 1.000 1350.000 550.000 721.000 5017.600 541414.868 1286070.677 557791.898 153404567.512 3108673713190.123
7749.000 3429.000 29638951.000 1.000 1350.000 550.000 716.000 1904.922 583404.171 1286070.677 52348.262 240198473.100 5146485935873.876
7757.000 3422.000 29638961.000 1.000 1350.000 550.000 711.000 1612.800 595689.115 1270242.969 1795094.067 249338619.205 276508721133.862
7757.000 3413.000 29638971.000 1.000 1350.000 550.000 699.000 11630.066 595689.115 1250037.059 1140135.629 33329766.107 1394287231611.103
7721.000 3359.000 29638981.000 1.000 1340.000 550.000 696.000 17992.430 541414.868 1132203.598 980060.390 347121.580 1797944807246.016
7666.000 3275.000 29638991.000 1.000 1340.000 550.000 694.000 23461.517 463500.879 960499.104 956248.294 36702480.873 1862369894590.434
7595.000 3165.000 29639001.000 1.000 1340.000 550.000 697.000 28797.724 371867.003 756987.980 660699.827 129833815.481 2756380938010.671
7511.000 3028.000 29639011.000 1.000 1340.000 550.000 700.000 32484.665 276475.093 537363.126 273385.370 227448784.230 4192459620932.999
7417.000 2873.000 29639021.000 1.000 1340.000 550.000 703.000 34010.253 186459.003 334142.452 1043552.742 275792224.712 1631705516413.132
7325.000 2707.000 29639031.000 1.000 1340.000 550.000 711.000 28186.856 115470.149 169785.665 817937.075 116285948.022 2259002860637.583
7235.000 2578.000 29639041.000 1.000 1340.000 550.000 730.000 23622.475 62404.531 80117.621 1503573.120 38678638.291 668080496216.883
7154.000 2474.000 29639051.000 1.000 1340.000 550.000 739.000 15232.000 28496.475 32059.104 1206676.710 4714368.914 1241571609548.465
7103.000 2406.000 29639061.000 1.000 1340.000 550.000 757.000 8498.313 13878.958 12332.227 1265996.570 79298076.670 1112895159934.485
7068.000 2374.000 29639071.000 1.000 1340.000 550.000 754.000 1433.600 6857.329 6248.991 256901.120 255030032.620 4260235992483.453
7068.000 2366.000 29639081.000 1.000 1340.000 550.000 763.000 0.000 6857.329 5048.182 610140.160 302873450.024 2926819096214.401
7068.000 2366.000 29639091.000 1.000 1340.000 550.000 743.000 3404.800 6857.329 5048.182 1299954.611 195956875.451 1042401021350.163
7068.000 2385.000 29639101.000 1.000 1340.000 550.000 752.000 10659.011 6857.329 8109.104 1978187.725 45484891.240 117475716887.074
7121.000 2412.000 29639111.000 1.000 1340.000 550.000 742.000 21698.005 18444.081 13700.834 667639.885 18444836.738 2733384845174.297
7202.000 2502.000 29639121.000 1.000 1320.000 550.000 736.000 25423.674 47006.138 42869.935 264226.995 64327044.697 4230047952048.603
7310.000 2594.000 29639131.000 1.000 1320.000 550.000 731.000 23949.193 105500.879 89431.239 969006.797 42849242.077 1827709954291.514
7405.000 2688.000 29639141.000 1.000 1320.000 550.000 737.000 18541.789 176239.587 154488.744 1538196.352 1296248.847 612679842153.159
7490.000 2747.000 29639151.000 1.000 1320.000 550.000 737.000 9958.104 254832.115 204349.710 857665.536 55430344.184 2141157619765.508
7538.000 2775.000 29639161.000 1.000 1320.000 550.000 743.000 5172.024 305597.778 230448.542 477249.741 149603128.041 3399175454569.893
7566.000 2782.000 29639171.000 1.000 1320.000 550.000 748.000 2508.800 337339.081 237218.250 600363.904 221844931.328 2960365008672.400
7580.000 2782.000 29639181.000 1.000 1320.000 550.000 757.000 5859.045 353797.733 237218.250 395127.936 133268894.259 3708732973427.435
7593.000 2752.000 29639191.000 1.000 1320.000 550.000 774.000 8064.000 369431.767 208895.216 1094267.597 87221772.730 1504712997633.146
7593.000 2707.000 29639201.000 1.000 1320.000 550.000 793.000 14170.404 369431.767 169785.665 655185.306 10451356.318 2774722151765.294
7575.000 2630.000 29639211.000 1.000 1320.000 550.000 788.000 17826.572 347874.643 112258.879 359696.154 179193.259 3846457939046.768
7525.000 2544.000 29639221.000 1.000 1320.000 550.000 797.000 19833.805 291393.744 62026.182 167109.197 5907550.199 4638965730223.872
7462.000 2453.000 29639231.000 1.000 1320.000 550.000 797.000 20766.334 227346.812 24979.980 9548.134 11310268.392 5342509395154.767
7389.000 2363.000 29639241.000 1.000 1320.000 550.000 802.000 20819.616 163061.699 4630.879 1181002.189 11671490.008 1299446887984.581
7312.000 2276.000 29639251.000 1.000 1320.000 550.000 796.000 14229.202 106804.115 359.081 1641590.451 10074642.618 461509060588.969
7248.000 2229.000 29639261.000 1.000 1320.000 550.000 797.000 5068.541 69068.565 4349.328 908282.547 152145286.711 1995587045154.391
7228.000 2209.000 29639271.000 1.000 1320.000 550.000 788.000 0.000 58956.205 7387.306 1152928.717 302873450.024 1364238753349.726
7228.000 2209.000 29639281.000 1.000 1320.000 550.000 779.000 6433.754 58956.205 7387.306 1232286.182 120330056.461 1185156319976.304
7236.000 2244.000 29639291.000 1.000 1340.000 550.000 765.000 13310.351 62905.149 2595.845 1575199.360 16751902.059 556121693431.743
7287.000 2298.000 29639301.000 1.000 1340.000 550.000 756.000 22100.526 91088.666 9.306 318636.954 22064310.197 4009197595682.234
7368.000 2391.000 29639311.000 1.000 1320.000 550.000 759.000 20322.418 146542.722 9225.710 815682.560 8521484.872 2265785006356.356
7458.000 2460.000 29639321.000 1.000 1320.000 550.000 757.000 15770.618 223548.340 27241.688 988645.504 2665519.093 1774995388095.047
7529.000 2512.000 29639331.000 1.000 1320.000 550.000 757.000 10253.623 295728.216 47110.946 429611.213 51117305.697 3577105790696.832
7586.000 2517.000 29639341.000 1.000 1320.000 550.000 771.000 7856.239 360971.441 49306.452 358357.171 91145605.255 3851711862957.090
7617.000 2486.000 29639351.000 1.000 1320.000 550.000 791.000 9856.000 399182.598 36500.317 1755230.669 56961129.776 320021427029.132
7617.000 2431.000 29639361.000 1.000 1320.000 550.000 788.000 19650.814 399182.598 18509.755 1088723.686 5051500.094 1518344802761.776
7598.000 2323.000 29639371.000 1.000 1320.000 550.000 800.000 25726.281 375534.857 786.834 720935.578 69272682.681 2559998254813.775
7535.000 2194.000 29639381.000 1.000 1320.000 550.000 809.000 29749.359 302289.924 10190.789 24817.587 152426166.621 5272155324122.817
7449.000 2052.000 29639391.000 1.000 1320.000 550.000 814.000 29610.868 215118.778 59024.430 847724.237 149025699.117 2170350048358.455
7347.000 1922.000 29639401.000 1.000 1340.000 560.000 818.000 34341.472 130905.744 139091.283 2202701.312 286903034.131 13979212693.827
7210.000 1788.000 29639411.000 1.000 1320.000 570.000 824.000 22049.612 50539.081 256997.733 1520679.731 21588589.205 640408547785.661
7124.000 1700.000 29639421.000 1.000 1320.000 570.000 827.000 13563.676 19267.935 353964.834 2237934.899 14742403.395 6889022182.467
7072.000 1645.000 29639431.000 1.000 1320.000 570.000 825.000 1075.200 7535.801 422434.272 192675.840 266605535.291 4529487191010.745
7072.000 1639.000 29639441.000 1.000 1310.000 570.000 817.000 0.000 7535.801 430269.665 1846127.718 302873450.024 225441986025.403
7072.000 1639.000 29639451.000 1.000 1300.000 580.000 823.000 10302.052 7535.801 430269.665 1674126.541 50427151.549 418361224843.656
7128.000 1652.000 29639461.000 1.000 1300.000 580.000 832.000 19644.276 20394.407 413383.980 2117869.466 5022153.820 41235624350.443
7217.000 1716.000 29639471.000 1.000 1300.000 580.000 833.000 31462.744 53735.407 335182.452 541619.814 197669097.297 3165962647245.520
7362.000 1815.000 29639481.000 1.000 1300.000 580.000 834.000 34485.176 141985.014 230351.463 798121.139 291791862.676 2318962154630.161
7510.000 1938.000 29639491.000 1.000 1300.000 580.000 839.000 30031.375 275424.475 127412.901 280966.426 159469294.696 4161471916032.729
7628.000 2057.000 29639501.000 1.000 1300.000 580.000 839.000 28463.482 413203.396 56619.935 356563.558 122328516.157 3858755290336.945
7726.000 2182.000 29639511.000 1.000 1300.000 580.000 833.000 26473.730 548797.958 12757.576 511797.530 82273430.505 3272978503419.461
7798.000 2311.000 29639521.000 1.000 1300.000 580.000 808.000 23617.717 660658.452 257.621 70798.874 38619478.877 5063112732370.627
7825.000 2440.000 29639531.000 1.000 1310.000 570.000 702.000 24012.800 705279.138 21039.665 461928.678 43686022.279 3455904626551.792
7825.000 2574.000 29639541.000 1.000 1310.000 570.000 510.000 26590.527 705279.138 77869.216 166182.912 84405879.471 4642956701356.086
7768.000 2711.000 29639551.000 1.000 1300.000 580.000 340.000 25663.167 612789.913 173098.070 510558.720 68226067.732 3277462393328.942
7693.000 2833.000 29639561.000 1.000 1300.000 580.000 334.000 22814.067 500993.565 289498.407 1012667.622 29276835.066 1711563617714.463
7605.000 2925.000 29639571.000 1.000 1300.000 580.000 344.000 17163.020 384163.183 396963.710 504595.661 57715.139 3299088712930.400
7543.000 2998.000 29639581.000 1.000 1300.000 580.000 334.000 14347.196 311150.868 494280.092 294867.866 9339525.661 4104948163692.923
7506.000 3069.000 29639591.000 1.000 1310.000 570.000 333.000 12701.728 271242.003 599154.272 873448.397 22104400.823 2095217560325.175
7486.000 3137.000 29639601.000 1.000 1320.000 570.000 346.000 7827.574 250809.643 709049.149 525608.653 91693757.637 3223196809392.533
7474.000 3179.000 29639611.000 1.000 1340.000 560.000 384.000 4894.490 238934.227 781545.396 465850.112 156469320.729 3441340062745.890
7463.000 3204.000 29639621.000 1.000 1340.000 560.000 463.000 2294.880 228301.430 826372.924 218566.656 228263138.755 4419952791050.548
7455.000 3214.000 29639631.000 1.000 1350.000 550.000 561.000 1075.200 220720.486 844653.935 0.000 266605535.291 5386739425685.561
7455.000 3220.000 29639641.000 1.000 1350.000 550.000 665.000 1075.200 220720.486 855718.542 32112.640 266605535.291 5238707945000.909
7449.000 3220.000 29639651.000 1.000 1350.000 550.000 722.000 896.000 215118.778 855718.542 160563.200 272489624.547 4667206455217.699
7449.000 3225.000 29639661.000 1.000 1350.000 550.000 777.000 0.000 215118.778 864994.048 160563.200 302873450.024 4667206455217.699
7449.000 3225.000 29639671.000 1.000 1350.000 550.000 793.000 896.000 215118.778 864994.048 160563.200 272489624.547 4667206455217.699
7449.000 3230.000 29639681.000 1.000 1350.000 550.000 827.000 0.000 215118.778 874319.553 0.000 302873450.024 5386739425685.561
7449.000 3230.000 29639691.000 1.000 1350.000 550.000 825.000 0.000 215118.778 874319.553 0.000 302873450.024 5386739425685.561
7449.000 3230.000 29639701.000 1.000 1350.000 550.000 836.000 0.000 215118.778 874319.553 0.000 302873450.024 5386739425685.561
7449.000 3230.000 29639711.000 1.000 1360.000 550.000 834.000 0.000 215118.778 874319.553 1776673.741 302873450.024 296220353565.898
7449.000 3230.000 29639721.000 1.000 1360.000 550.000 866.000 9914.474 215118.778 874319.553 985013.299 56081912.051 1784686878382.879
7455.000 3175.000 29639731.000 1.000 1360.000 550.000 897.000 15411.200 220720.486 774488.991 3082813.440 3968302.059 580458707617.849
7455.000 3089.000 29639741.000 1.000 1360.000 550.000 955.000 32614.400 220720.486 630516.295 2209308.595 231378787.620 12460461577.788
7455.000 2907.000 29639751.000 1.000 1360.000 550.000 990.000 44943.131 220720.486 374605.890 1409127.194 758444508.312 831393534585.675
7435.000 2657.000 29639761.000 1.000 1350.000 550.000 1023.000 52806.564 202328.126 131080.609 2117266.458 1253393951.619 41480888291.495
7415.000 2363.000 29639771.000 1.000 1350.000 550.000 1023.000 64621.667 184735.767 4630.879 1007952.154 2229577982.962 1723924039573.451
7394.000 2003.000 29639781.000 1.000 1340.000 560.000 1023.000 70246.400 167124.789 85234.474 659428.224 2792397471.184 2760604875121.229
7394.000 1611.000 29639791.000 1.000 1320.000 570.000 1023.000 73926.245 167124.789 467786.834 1289601.690 3194847861.254 1063648463618.744
7415.000 1199.000 29639801.000 1.000 1320.000 580.000 1023.000 66729.807 184735.767 1201105.171 3576090.291 2433108263.329 1575414722615.840
7457.000 829.000 29639811.000 1.000 1290.000 590.000 1023.000 46773.946 222603.722 2149007.755 2327572.531 862637210.631 44056384.622
7480.000 569.000 29639821.000 1.000 1280.000 590.000 1023.000 33785.260 244835.935 2978901.463 18805511.066 268369932.099 271741246999982.562
7504.000 382.000 29639831.000 1.000 1250.000 600.000 1023.000 138726.728 269162.767 3659375.553 229651838.976 14719383947.527 51679339887710064.000
7512.000 305.000 29639832.000 1.000 1240.000 620.000 1023.000 10572.800 277527.711 3959898.767 385351.680 46655180.435 3746482914975.340
7512.000 246.000 29639842.000 1.000 1210.000 630.000 1023.000 8422.400 277527.711 4198193.800 1509294.080 80655841.900 658761035984.854
7512.000 199.000 29639852.000 1.000 1190.000 630.000 1023.000 0.000 277527.711 4393004.048 160563.200 302873450.024 4667206455217.699
7512.000 199.000 29639862.000 1.000 1160.000 640.000 1023.000 896.000 277527.711 4393004.048 160563.200 272489624.547 4667206455217.699
7512.000 194.000 29639872.000 1.000 1120.000 640.000 1023.000 0.000 277527.711 4413988.542 0.000 302873450.024 5386739425685.561
7512.000 194.000 29639882.000 1.000 1100.000 660.000 1023.000 0.000 277527.711 4413988.542 160563.200 302873450.024 4667206455217.699
7512.000 194.000 29639892.000 1.000 1060.000 660.000 1023.000 896.000 277527.711 4413988.542 160563.200 272489624.547 4667206455217.699
7512.000 189.000 29639902.000 1.000 1020.000 670.000 1023.000 0.000 277527.711 4435023.036 160563.200 302873450.024 4667206455217.699
7512.000 189.000 29639912.000 1.000 990.000 670.000 1023.000 896.000 277527.711 4435023.036 160563.200 272489624.547 4667206455217.699
7512.000 184.000 29639922.000 1.000 950.000 670.000 1023.000 0.000 277527.711 4456107.531 160563.200 302873450.024 4667206455217.699
7512.000 184.000 29639932.000 1.000 920.000 670.000 1023.000 896.000 277527.711 4456107.531 160563.200 272489624.547 4667206455217.699
7512.000 179.000 29639942.000 1.000 920.000 670.000 1023.000 0.000 277527.711 4477242.025 0.000 302873450.024 5386739425685.561
7512.000 179.000 29639952.000 1.000 900.000 670.000 1023.000 0.000 277527.711 4477242.025 0.000 302873450.024 5386739425685.561
7512.000 179.000 29639962.000 1.000 900.000 670.000 1023.000 0.000 277527.711 4477242.025 0.000 302873450.024 5386739425685.561
7512.000 179.000 29639972.000 1.000 900.000 670.000 1023.000 0.000 277527.711 4477242.025 160563.200 302873450.024 4667206455217.699
7512.000 179.000 29639982.000 1.000 900.000 670.000 1023.000 896.000 277527.711 4477242.025 0.000 272489624.547 5386739425685.561
7517.000 179.000 29639992.000 1.000 900.000 670.000 1023.000 896.000 282820.801 4477242.025 160563.200 272489624.547 4667206455217.699
7517.000 184.000 29640002.000 1.000 900.000 670.000 1023.000 0.000 282820.801 4456107.531 192675.840 302873450.024 4529487191010.745
7517.000 184.000 29640012.000 1.000 900.000 670.000 1020.000 1075.200 282820.801 4456107.531 192675.840 266605535.291 4529487191010.745
7517.000 190.000 29640022.000 1.000 900.000 670.000 602.000 0.000 282820.801 4430812.137 0.000 302873450.024 5386739425685.561
