2546.000 6246.000 73227775.000 0.000 1300.000 530.000 245.000 0.000 4537383.290 540886.084 2462437.131 563404906.382 2153749705595.759
2546.000 6246.000 73227785.000 1.000 1300.000 530.000 280.000 9208.815 4537383.290 540886.084 1627620.749 211043517.015 5300964226989.490
2577.000 6261.000 73227795.000 1.000 1310.000 540.000 301.000 15295.654 4406277.257 563174.572 922881.096 71242004.573 9042782403168.818
2611.000 6307.000 73227805.000 1.000 1310.000 540.000 338.000 11844.341 4264693.542 634331.933 1342601.495 141415166.162 6694646769766.570
2650.000 6328.000 73227815.000 1.000 1330.000 530.000 384.000 16865.289 4105135.694 668223.816 704043.075 47208756.806 10406817714108.430
2707.000 6355.000 73227825.000 1.000 1330.000 530.000 430.000 19498.210 3877407.761 713095.093 181124.192 17960151.434 14054092638277.967
2773.000 6386.000 73227835.000 1.000 1330.000 530.000 467.000 18820.857 3621840.786 766411.967 1302463.418 24160123.822 6903964480106.098
2838.000 6413.000 73227845.000 1.000 1330.000 530.000 504.000 23691.700 3378661.038 814415.244 879535.289 1975.970 9305353517219.709
2921.000 6444.000 73227855.000 1.000 1310.000 520.000 522.000 26980.912 3080423.206 871328.118 1269207.950 10528468.194 7079830526083.219
3016.000 6478.000 73227865.000 1.000 1310.000 520.000 546.000 22234.435 2755976.652 935958.690 447209.386 2255153.607 12129851656127.287
3099.000 6473.000 73227875.000 1.000 1310.000 520.000 599.000 20561.999 2487286.820 926309.194 63598.416 10075246.547 14949084738452.363
3171.000 6446.000 73227885.000 1.000 1310.000 520.000 636.000 20324.159 2265366.483 875065.916 1208922.887 11641695.458 7404277214508.071
3235.000 6405.000 73227895.000 1.000 1300.000 520.000 667.000 24845.187 2076807.962 800040.051 924889.003 1229958.883 9030710392445.510
3287.000 6328.000 73227905.000 1.000 1300.000 520.000 681.000 28304.009 1929636.164 668223.816 672026.471 20865318.609 10614411342660.514
3327.000 6230.000 73227915.000 1.000 1300.000 520.000 696.000 30817.197 1820107.089 517607.698 2311409.076 50141199.899 2619846429491.938
3358.000 6119.000 73227925.000 1.000 1300.000 520.000 719.000 39461.210 1737423.055 370210.891 1317530.606 247277452.671 6825012233250.487
3371.000 5972.000 73227935.000 1.000 1300.000 520.000 734.000 44388.400 1703321.105 212935.715 891931.685 426515352.139 9229877575329.828
3371.000 5806.000 73227945.000 1.000 1290.000 520.000 757.000 47723.971 1703321.105 87290.454 291792.228 575415465.819 13236577933221.188
3358.000 5628.000 73227955.000 1.000 1290.000 520.000 790.000 46632.751 1737423.055 13794.404 1262655.848 524254250.962 7114741057822.615
3336.000 5455.000 73227965.000 1.000 1290.000 520.000 799.000 51354.725 1795904.046 3085.849 820797.937 762785580.823 9667156390183.621
3308.000 5265.000 73227975.000 1.000 1280.000 530.000 811.000 54424.276 1871734.399 60295.009 4267335.255 941760961.602 113793021360.532
3276.000 5064.000 73227985.000 1.000 1280.000 530.000 826.000 38465.655 1960317.660 199407.278 2404827.405 216958261.969 2326160726261.679
3253.000 4922.000 73227995.000 1.000 1280.000 530.000 830.000 29472.284 2025251.878 346391.597 1550975.887 32903211.623 5659770208225.765
3231.000 4814.000 73228005.000 1.000 1270.000 530.000 818.000 23672.075 2088352.870 485182.488 2797936.959 4105.847 1281573618181.597
3210.000 4728.000 73228015.000 1.000 1250.000 540.000 824.000 13208.586 2149488.635 612385.160 1513367.948 110829643.496 5840125181613.963
3184.000 4686.000 73228025.000 1.000 1240.000 540.000 834.000 7549.020 2226402.534 679883.395 634712.940 262023238.713 10858936861877.479
3158.000 4675.000 73228035.000 1.000 1230.000 550.000 848.000 9922.666 2304668.433 698144.505 1093587.384 190812392.338 8045253789714.662
3122.000 4684.000 73228045.000 1.000 1210.000 550.000 848.000 14012.372 2415268.601 683185.597 1508422.920 94551895.282 5864050291335.422
3083.000 4719.000 73228055.000 1.000 1200.000 550.000 849.000 19653.445 2538010.450 626552.068 812721.923 16668495.522 9717441580113.025
3042.000 4780.000 73228065.000 1.000 1190.000 540.000 849.000 22692.794 2670326.752 533703.916 954730.843 1088595.679 8852244663142.758
3011.000 4859.000 73228075.000 1.000 1170.000 550.000 848.000 19122.372 2772602.786 424517.950 704436.421 21286964.842 10404280031930.482
2986.000 4926.000 73228085.000 1.000 1160.000 550.000 849.000 16487.980 2856483.458 341699.194 2192300.292 52535995.697 3019610850278.074
2977.000 4987.000 73228095.000 1.000 1160.000 550.000 851.000 8289.400 2886986.500 274105.042 1287049.680 238602143.845 6985202478149.045
2977.000 5018.000 73228105.000 1.000 1160.000 550.000 852.000 3476.200 2886986.500 242605.916 1115493.060 410465650.446 7921466443507.913
2977.000 5031.000 73228115.000 1.000 1160.000 550.000 854.000 7647.827 2886986.500 229968.605 790846.731 258834197.655 9854302350167.025
3000.000 5048.000 73228125.000 1.000 1160.000 550.000 855.000 10605.369 2809356.282 213952.891 1321135.158 172417459.214 6806191640551.292
3033.000 5070.000 73228135.000 1.000 1160.000 550.000 857.000 15546.039 2699821.794 194084.673 459210.833 67077949.095 12046398563888.369
3085.000 5096.000 73228145.000 1.000 1160.000 550.000 860.000 17263.357 2531641.996 171852.051 432703.739 41897073.643 12231102420642.105
3147.000 5114.000 73228155.000 1.000 1160.000 550.000 858.000 18881.546 2338187.929 157252.236 516530.162 23567198.314 11651797108232.430
3216.000 5129.000 73228165.000 1.000 1160.000 550.000 861.000 16949.870 2131931.273 145580.723 54472.321 46053621.844 15019738375928.283
3279.000 5122.000 73228175.000 1.000 1160.000 550.000 864.000 16746.159 1951925.979 150971.429 558328.793 48860000.554 11368187247036.398
3338.000 5101.000 73228185.000 1.000 1160.000 550.000 853.000 18834.150 1790547.593 167731.547 602504.076 24029622.496 11072249374323.510
3393.000 5057.000 73228195.000 1.000 1170.000 550.000 855.000 16580.956 1646380.114 205707.984 1499258.320 51196828.175 5908519907616.147
3431.000 5008.000 73228205.000 1.000 1170.000 550.000 861.000 22187.756 1550307.492 252556.925 1297616.793 2397529.821 6929457368348.473
3449.000 4927.000 73228215.000 1.000 1170.000 550.000 866.000 27040.474 1505807.408 340531.093 2011783.098 10918544.629 3679567756783.264
3454.000 4826.000 73228225.000 1.000 1190.000 540.000 866.000 34563.971 1493561.273 468609.278 616162.868 117241666.753 10981536704385.834
3436.000 4698.000 73228235.000 1.000 1170.000 550.000 876.000 36868.245 1537881.357 660238.185 1825953.735 172451869.540 4427023489823.401
3393.000 4567.000 73228245.000 1.000 1170.000 550.000 876.000 43696.793 1646380.114 890287.395 1197092.309 398427193.660 7468801079139.729
3333.000 4415.000 73228255.000 1.000 1170.000 550.000 884.000 48173.578 1803953.727 1200230.723 2456914.519 597187795.050 2169989799070.103
3263.000 4249.000 73228265.000 1.000 1170.000 550.000 900.000 38985.416 1996889.610 1591509.463 3512931.134 232540056.002 173948977143.723
3197.000 4119.000 73228275.000 1.000 1160.000 550.000 899.000 25848.052 2187776.584 1936412.572 2383888.114 4460122.089 2390471373182.960
3157.000 4031.000 73228285.000 1.000 1160.000 550.000 908.000 16932.988 2307705.660 2189069.446 3383836.831 46283038.867 298297530956.023
3134.000 3972.000 73228295.000 1.000 1160.000 550.000 926.000 4278.400 2378113.878 2367137.395 1207951.156 378604108.479 7409566474651.039
3134.000 3956.000 73228305.000 1.000 1160.000 550.000 947.000 8795.794 2378113.878 2416627.009 1905272.062 223214293.778 4099535544774.673
3165.000 3967.000 73228315.000 1.000 1150.000 550.000 946.000 15920.970 2283463.845 2382547.900 5065551.798 61077067.920 1289470975344.661
3217.000 3996.000 73228325.000 1.000 1150.000 550.000 952.000 34864.694 2129012.046 2293862.975 2306440.249 123844449.571 2635956145542.641
3315.000 4082.000 73228335.000 1.000 1150.000 550.000 950.000 43490.125 1852629.811 2040756.303 1619027.047 390219453.767 5340610053350.238
3431.000 4196.000 73228345.000 1.000 1150.000 550.000 938.000 49544.826 1550307.492 1728042.807 2482483.307 666087659.494 2095313385647.279
3560.000 4329.000 73228355.000 1.000 1130.000 560.000 911.000 58828.608 1245709.223 1396061.395 1560950.441 1231480476.074 5612410230286.470
3720.000 4480.000 73228365.000 1.000 1130.000 560.000 779.000 52991.097 914152.920 1062034.169 8121819.083 855851813.591 17571321714539.836
3866.000 4614.000 73228375.000 1.000 1130.000 560.000 146.000 22617.802 656283.794 803802.656 112851.739 1250706.469 14570644076409.984
4671.000 6496.000 73228617.000 0.000 1290.000 500.000 103.000 12404.593 26.147 971110.874 2887971.608 128404226.799 1085829511195.411
4717.000 6502.000 73228627.000 1.000 1290.000 500.000 170.000 1604.400 1671.710 982972.269 429016.560 489814441.568 12256906353030.752
4711.000 6502.000 73228637.000 1.000 1290.000 500.000 178.000 0.000 1217.072 982972.269 1644563.480 563404906.382 5223233995395.830
4711.000 6502.000 73228647.000 1.000 1300.000 500.000 296.000 6150.200 1217.072 982972.269 978720.634 309265703.756 8710067856730.421
4711.000 6479.000 73228657.000 1.000 1290.000 490.000 398.000 9810.337 1217.072 937894.589 1624966.804 193928320.255 5313192062367.207
4700.000 6444.000 73228667.000 1.000 1290.000 490.000 439.000 15887.251 570.567 871328.118 2125529.442 61605245.127 3256124976129.692
4693.000 6385.000 73228677.000 1.000 1290.000 490.000 499.000 23836.127 285.156 764662.068 1491523.240 9995.023 5946183748860.250
4688.000 6296.000 73228687.000 1.000 1290.000 490.000 562.000 29414.000 141.290 616931.042 1001038.640 32237959.199 8578832473105.851
4688.000 6186.000 73228697.000 1.000 1290.000 490.000 603.000 33157.600 141.290 456232.135 786530.360 88763684.554 9881420507763.426
4688.000 6062.000 73228707.000 1.000 1290.000 490.000 644.000 36099.000 141.290 304096.639 445231.161 152840013.476 12143635068465.045
4688.000 5927.000 73228717.000 1.000 1280.000 490.000 656.000 37764.038 141.290 173430.253 2859000.957 196781588.812 1147045467874.353
4680.000 5786.000 73228727.000 1.000 1280.000 490.000 656.000 27072.187 15.105 75872.471 1568253.135 11129130.278 5577862627183.839
4687.000 5685.000 73228737.000 1.000 1270.000 500.000 656.000 21207.366 118.517 30432.656 1074606.798 6394758.060 8153287715048.298
4694.000 5606.000 73228747.000 1.000 1270.000 500.000 649.000 17188.642 319.929 9110.622 2787350.325 42869885.715 1305655233587.908
4700.000 5542.000 73228757.000 1.000 1260.000 500.000 643.000 6764.744 570.567 989.076 1451378.746 288028685.652 6143578404887.256
4708.000 5518.000 73228767.000 1.000 1260.000 500.000 636.000 1337.000 1016.752 55.496 286011.040 501722005.237 13278677716764.330
4708.000 5513.000 73228777.000 1.000 1250.000 510.000 613.000 2406.600 1016.752 6.000 2471567.504 454949783.681 2127034220952.503
4708.000 5522.000 73228787.000 1.000 1230.000 510.000 592.000 11649.560 1016.752 131.093 2390620.176 146085703.432 2369699610721.575
4701.000 5565.000 73228797.000 1.000 1230.000 510.000 592.000 20589.800 619.341 2964.757 1716066.240 9899530.194 4901516166970.894
4701.000 5642.000 73228807.000 1.000 1220.000 510.000 595.000 27007.400 619.341 17278.992 2760477.695 10701064.220 1367789539241.062
4701.000 5743.000 73228817.000 1.000 1220.000 510.000 585.000 37330.802 619.341 54032.807 24298.638 184814511.707 15254526897989.213
4714.000 5882.000 73228827.000 1.000 1210.000 520.000 589.000 37421.672 1435.391 137974.790 2075226.154 187293460.776 3440197307376.239
4747.000 6018.000 73228837.000 1.000 1210.000 520.000 592.000 29660.916 5024.904 257505.076 938300.450 35102829.800 8950284404007.596
4795.000 6118.000 73228847.000 1.000 1210.000 520.000 600.000 26151.939 14134.013 368994.992 669785.927 5836027.377 10629015642418.283
4854.000 6196.000 73228857.000 1.000 1210.000 520.000 613.000 28656.748 31643.626 469841.126 44162.714 24212266.112 15099755061241.977
4936.000 6265.000 73228867.000 1.000 1210.000 520.000 613.000 28491.592 67541.021 569194.169 202652.031 22614210.673 13893145565467.184
5029.000 6317.000 73228877.000 1.000 1210.000 520.000 617.000 29249.453 124528.920 650360.925 602357.273 30396489.168 11073226369536.289
5130.000 6359.000 73228887.000 1.000 1210.000 520.000 638.000 26996.808 206013.004 719866.690 1541339.058 10631878.290 5705715632473.316
5227.000 6387.000 73228897.000 1.000 1230.000 520.000 638.000 21232.638 303475.996 768163.866 1152550.154 6267581.780 7714244549727.532
5303.000 6410.000 73228907.000 1.000 1230.000 520.000 652.000 16922.428 392986.752 809009.547 1307433.047 46426833.202 6877873383081.986
5366.000 6416.000 73228917.000 1.000 1240.000 520.000 661.000 12033.000 475943.458 819838.942 946356.142 136963764.080 8902148828894.146
5411.000 6416.000 73228927.000 1.000 1240.000 520.000 670.000 8493.897 540058.248 819838.942 751098.523 232326334.027 10105433946261.322
5439.000 6401.000 73228937.000 1.000 1270.000 520.000 667.000 5685.002 581995.895 792900.454 90114.335 325844012.227 14744745288599.732
5455.000 6387.000 73228947.000 1.000 1280.000 520.000 690.000 5348.000 606664.265 768163.866 3075186.103 338124129.803 730712000637.998
5455.000 6367.000 73228957.000 1.000 1280.000 520.000 693.000 16848.322 606664.265 733505.883 2016813.961 47442200.546 3660292462873.072
5418.000 6316.000 73228967.000 1.000 1300.000 520.000 694.000 24390.633 550395.660 648749.026 1772264.896 428345.528 4655833910329.971
5362.000 6244.000 73228977.000 1.000 1300.000 520.000 690.000 31018.400 470440.366 537948.286 2073580.040 53031137.586 3446306365474.733
5278.000 6164.000 73228987.000 1.000 1300.000 520.000 684.000 38773.000 362267.425 426996.353 1264875.802 226106801.187 7102903209869.227
5173.000 6064.000 73228997.000 1.000 1320.000 510.000 679.000 43503.276 246896.248 306306.437 142169.093 390739195.716 14347686031563.049
5055.000 5952.000 73229007.000 1.000 1320.000 510.000 678.000 42971.604 143555.021 194877.732 3097632.461 370002618.009 692840785513.221
4947.000 5833.000 73229017.000 1.000 1320.000 510.000 679.000 31387.339 73379.525 103973.732 2063061.594 58540664.245 3485470373398.056
4864.000 5750.000 73229027.000 1.000 1300.000 520.000 693.000 23672.075 35301.357 57336.101 2986824.308 4105.847 889586125855.018
4798.000 5691.000 73229037.000 1.000 1300.000 520.000 703.000 12502.201 14856.332 32562.051 2070018.005 126201652.522 3459544340989.920
4763.000 5660.000 73229047.000 1.000 1300.000 520.000 728.000 4760.922 7549.273 22335.177 1273070.543 360059349.248 7059290308707.821
4749.000 5649.000 73229057.000 1.000 1290.000 520.000 752.000 0.000 5312.450 19168.286 915682.153 563404906.382 9086130426927.842
4749.000 5649.000 73229067.000 1.000 1290.000 520.000 750.000 3424.391 5312.450 19168.286 2674440.140 412567630.313 1576438202988.853
4757.000 5659.000 73229077.000 1.000 1290.000 520.000 754.000 13426.037 6542.635 22037.278 1921159.099 106298468.974 4035453990703.998
4793.000 5694.000 73229087.000 1.000 1280.000 530.000 757.000 20610.626 13662.467 33653.748 2072731.580 9768912.068 3449457286681.084
4848.000 5748.000 73229097.000 1.000 1280.000 530.000 759.000 28362.053 29544.988 56382.303 50390.460 21398961.111 15051393792933.070
4923.000 5823.000 73229107.000 1.000 1270.000 530.000 762.000 28173.607 60952.971 97624.740 101117.845 19691007.884 14660361858240.834
4998.000 5897.000 73229117.000 1.000 1270.000 530.000 771.000 27795.455 103610.954 149343.278 1245139.811 16477941.767 7208490573688.138
5072.000 5970.000 73229127.000 1.000 1270.000 530.000 780.000 23138.986 156726.164 211093.916 59619.771 356607.096 14979866670941.510
5144.000 6018.000 73229137.000 1.000 1250.000 540.000 790.000 23361.947 218917.828 257505.076 1370324.992 140029.297 6551951723953.786
5217.000 6066.000 73229147.000 1.000 1250.000 540.000 794.000 28486.573 292558.265 308524.236 138350.621 22566500.755 14376628088047.693
5307.000 6123.000 73229157.000 1.000 1250.000 540.000 787.000 29003.965 398017.845 375094.488 994583.604 27749854.998 8616687281921.720
5396.000 6185.000 73229167.000 1.000 1250.000 540.000 794.000 25284.505 518236.652 454882.236 751015.629 2397397.364 10105960977355.271
5486.000 6214.000 73229177.000 1.000 1250.000 540.000 799.000 22475.920 655916.231 494841.311 190158.034 1588184.408 13986440690147.980
5555.000 6262.000 73229187.000 1.000 1250.000 540.000 799.000 21764.783 772441.576 564676.471 4604356.054 3886295.287 454751983660.104
5610.000 6322.000 73229197.000 1.000 1270.000 530.000 800.000 4545.800 872144.097 658450.421 1215546.920 368269605.530 7368272042825.395
5627.000 6322.000 73229207.000 1.000 1270.000 530.000 806.000 0.000 904185.240 658450.421 833858.288 563404906.382 9586112342925.328
5627.000 6322.000 73229217.000 1.000 1280.000 530.000 812.000 3118.393 904185.240 658450.421 2440468.617 425091981.504 2218712805763.502
5621.000 6312.000 73229227.000 1.000 1280.000 530.000 814.000 12245.052 892810.601 642321.429 1410059.028 132045376.603 6350117837929.634
5597.000 6273.000 73229237.000 1.000 1290.000 520.000 818.000 17518.272 848032.046 581329.362 511754.666 38662030.284 11684421965771.596
5563.000 6217.000 73229247.000 1.000 1290.000 520.000 829.000 19432.089 786567.761 499071.009 190947.399 18524957.331 13980537107734.279
5522.000 6157.000 73229257.000 1.000 1300.000 520.000 824.000 18718.000 715524.063 417897.059 685337.643 25181848.357 10527853556921.055
5480.000 6101.000 73229267.000 1.000 1300.000 520.000 827.000 16155.032 646233.593 348630.706 309959.384 57473378.734 13104716091910.133
5451.000 6048.000 73229277.000 1.000 1300.000 520.000 831.000 14995.872 600449.173 288852.051 1745965.036 76392492.495 4770022015323.112
5430.000 5996.000 73229287.000 1.000 1320.000 510.000 839.000 21525.285 568344.937 235661.295 1151468.254 4887932.390 7720255572796.015
5394.000 5924.000 73229297.000 1.000 1320.000 510.000 851.000 25831.449 515361.105 170940.555 454330.248 4390269.994 12080301376793.238
5350.000 5838.000 73229307.000 1.000 1300.000 520.000 858.000 27530.515 454123.089 107223.227 165056.928 14397191.437 14174819247651.348
5300.000 5748.000 73229317.000 1.000 1300.000 520.000 854.000 26913.249 389234.433 56382.303 30483.600 10093946.068 15206251885089.811
5253.000 5659.000 73229327.000 1.000 1300.000 520.000 869.000 27027.249 332798.097 22037.278 25157.527 10831320.210 15247818502578.385
5207.000 5569.000 73229337.000 1.000 1290.000 520.000 878.000 26933.167 281840.534 3416.353 11011.799 10220905.636 15358492369297.230
5166.000 5477.000 73229347.000 1.000 1290.000 520.000 885.000 26891.986 239988.836 1125.631 1814879.364 9959288.952 4473748176791.080
5133.000 5382.000 73229357.000 1.000 1280.000 530.000 894.000 20104.853 208745.324 16525.211 1179246.033 13186331.603 7566664127185.750
5115.000 5309.000 73229367.000 1.000 1270.000 530.000 896.000 15694.808 192621.408 40622.572 979167.459 64663211.502 8707430642858.341
5106.000 5251.000 73229377.000 1.000 1270.000 530.000 899.000 12033.000 184802.450 67366.421 2073580.040 136963764.080 3446306365474.733
5106.000 5206.000 73229387.000 1.000 1250.000 540.000 899.000 4278.400 184802.450 92750.958 1144044.160 378604108.479 7761566896876.979
5106.000 5190.000 73229397.000 1.000 1250.000 540.000 903.000 0.000 184802.450 102752.572 429016.560 563404906.382 12256906353030.752
5106.000 5190.000 73229407.000 1.000 1240.000 540.000 908.000 1604.400 184802.450 102752.572 1816215.562 489814441.568 4468097514157.338
5106.000 5196.000 73229417.000 1.000 1230.000 550.000 908.000 8396.530 184802.450 98941.967 1431428.299 235303999.622 6242875750556.805
5101.000 5227.000 73229427.000 1.000 1230.000 550.000 903.000 13749.665 180528.584 80400.841 60277352.388 99729920.335 3175023778225465.500
5113.000 5277.000 73229437.000 1.000 1200.000 540.000 896.000 239169.831 190869.862 54545.799 562888634.574 46411670096.355 312434751763186688.000
5129.000 5365.000 73229438.000 1.000 1200.000 540.000 887.000 28665.480 205106.231 21184.925 920245.067 24298275.650 9058643073134.520
5155.000 5469.000 73229448.000 1.000 1190.000 540.000 878.000 32106.935 229332.332 1726.437 2097528.651 70070009.932 3357962396750.612
5186.000 5585.000 73229458.000 1.000 1190.000 540.000 875.000 24262.774 259984.299 5542.740 359866.385 277330.850 12745875755655.369
5234.000 5662.000 73229468.000 1.000 1170.000 550.000 875.000 22916.976 311237.408 22936.975 817023.854 671049.133 9690639430153.043
5282.000 5733.000 73229478.000 1.000 1170.000 550.000 875.000 19861.539 367098.517 49483.816 548655.598 15012625.021 11433510542728.277
5333.000 5787.000 73229488.000 1.000 1170.000 550.000 876.000 17809.723 431499.946 76424.370 988897.610 35122559.347 8650101167082.946
5383.000 5831.000 73229498.000 1.000 1170.000 550.000 882.000 14111.527 499688.601 102687.933 1342328.480 92633404.207 6696059643170.929
5430.000 5855.000 73229508.000 1.000 1170.000 550.000 882.000 9091.600 568344.937 118645.513 318432.220 214462899.958 13043443808391.627
5464.000 5855.000 73229518.000 1.000 1170.000 550.000 882.000 7900.754 620765.223 118645.513 1089033.562 250759826.225 8071107591066.214
5491.000 5843.000 73229528.000 1.000 1190.000 540.000 882.000 11973.430 664040.097 110522.723 1016967.658 138361626.180 8485775153331.891
5513.000 5804.000 73229538.000 1.000 1190.000 540.000 885.000 15776.600 700379.105 86112.656 1452186.828 63354466.235 6139573194525.693
5513.000 5745.000 73229548.000 1.000 1190.000 540.000 885.000 21207.366 700379.105 54966.605 1087201.338 6394758.060 8081521533043.126
5482.000 5672.000 73229558.000 1.000 1200.000 540.000 888.000 25273.190 649453.139 26065.967 149648.538 2362486.162 14291080182266.627
5435.000 5590.000 73229568.000 1.000 1210.000 550.000 888.000 25832.833 575908.803 6312.236 773029.334 4396071.691 9966482998309.111
5378.000 5512.000 73229578.000 1.000 1210.000 550.000 885.000 22941.923 492644.736 2.101 471940.410 630799.524 11958197172646.643
5322.000 5447.000 73229588.000 1.000 1210.000 550.000 885.000 21177.000 417169.441 4038.656 1755511.216 6549258.378 4728414704995.426
5266.000 5391.000 73229598.000 1.000 1210.000 550.000 885.000 14611.887 347966.147 14292.303 1649497.010 83252209.720 5200707765821.171
5221.000 5360.000 73229608.000 1.000 1210.000 550.000 887.000 8443.237 296901.357 22665.429 465867.489 233873245.727 12000235135380.697
5190.000 5354.000 73229618.000 1.000 1210.000 550.000 887.000 6701.025 264079.391 24508.034 1086076.386 290195548.041 8087918829487.056
5168.000 5366.000 73229628.000 1.000 1210.000 550.000 887.000 10762.642 241952.383 20894.824 482699.249 168311958.777 11883903447025.980
5150.000 5402.000 73229638.000 1.000 1210.000 550.000 887.000 12567.800 224568.467 11783.194 646715.724 124732083.862 10779975618057.770
5150.000 5449.000 73229648.000 1.000 1230.000 550.000 884.000 14986.333 224568.467 3788.454 204039.570 76559330.548 13882803800940.426
5165.000 5503.000 73229658.000 1.000 1210.000 550.000 884.000 15749.383 239010.063 57.009 165314.167 63788477.247 14172882331875.980
5203.000 5548.000 73229668.000 1.000 1210.000 550.000 884.000 15131.155 277609.441 1402.471 673292.343 74045971.418 10606164582454.537
5242.000 5589.000 73229678.000 1.000 1210.000 550.000 884.000 12613.233 320227.593 6154.337 396167.540 123719324.557 12487993361134.816
5282.000 5614.000 73229688.000 1.000 1200.000 550.000 885.000 11131.679 367098.517 10701.816 236086.390 158872736.748 13645020238131.156
5320.000 5631.000 73229698.000 1.000 1200.000 550.000 888.000 10248.783 414589.895 14508.101 23419.694 181909119.482 15261393461436.580
5358.000 5636.000 73229708.000 1.000 1200.000 550.000 890.000 10161.200 464969.273 15737.597 858033.120 184279318.722 9436999206835.664
5396.000 5636.000 73229718.000 1.000 1200.000 550.000 893.000 6952.400 518236.652 15737.597 171545.924 281694327.389 14125999914161.605
5422.000 5636.000 73229728.000 1.000 1200.000 550.000 896.000 6310.867 556346.752 15737.597 731973.808 303640553.378 10227390986893.473
5441.000 5622.000 73229738.000 1.000 1190.000 540.000 899.000 9048.241 585051.441 12421.009 979702.794 215734726.211 8704271558307.353
5452.000 5590.000 73229748.000 1.000 1190.000 540.000 903.000 12712.051 601999.946 6312.236 2124588.194 121530800.357 3259522776413.176
5440.000 5544.000 73229758.000 1.000 1190.000 540.000 903.000 20657.407 583522.668 1118.874 2594213.455 9478670.076 1784333822982.657
5412.000 5472.000 73229768.000 1.000 1190.000 540.000 905.000 30359.028 541529.021 1486.135 1907182.635 43862488.014 4091802402375.347
5353.000 5375.000 73229778.000 1.000 1190.000 540.000 902.000 37491.349 458175.408 18373.916 1672673.638 189205447.630 5095536041956.830
5270.000 5262.000 73229788.000 1.000 1190.000 540.000 899.000 43746.673 352701.240 61777.311 773172.126 400420955.232 9965581437519.004
5172.000 5131.000 73229798.000 1.000 1200.000 550.000 897.000 46638.117 245903.475 144058.521 1872692.849 524500006.057 4232525233679.364
5058.000 4999.000 73229808.000 1.000 1200.000 550.000 900.000 39634.778 145837.341 261683.832 1155642.902 252766312.295 7697074191083.612
4967.000 4882.000 73229818.000 1.000 1200.000 550.000 909.000 35313.002 84614.988 395075.631 4325876.068 134023458.549 156715452049.063
4891.000 4774.000 73229828.000 1.000 1200.000 550.000 894.000 19135.455 46176.231 542506.521 869171.667 21166411.842 9368688711328.650
4852.000 4714.000 73229838.000 1.000 1180.000 560.000 899.000 15885.000 30936.080 634492.572 615055.564 61640585.946 10988876787469.908
4817.000 4666.000 73229848.000 1.000 1180.000 560.000 906.000 13584.867 19849.021 713265.412 1964876.859 103048584.848 3861720918414.885
4787.000 4625.000 73229858.000 1.000 1180.000 560.000 906.000 6236.786 12295.828 784199.547 1167197.256 306227806.432 7633095815798.453
4775.000 4605.000 73229868.000 1.000 1180.000 560.000 906.000 1871.800 9778.551 820021.563 643524.840 478049883.419 10800938977744.652
4775.000 4598.000 73229878.000 1.000 1170.000 560.000 909.000 4278.400 9778.551 832748.269 2309620.438 378604108.479 2625639786069.155
4791.000 4598.000 73229888.000 1.000 1180.000 570.000 911.000 12915.724 13198.920 832748.269 2868166.092 117081659.648 1127497710169.905
4834.000 4620.000 73229898.000 1.000 1180.000 570.000 911.000 23641.850 24928.164 793080.051 3390444.820 8892.846 291123075834.623
4895.000 4684.000 73229908.000 1.000 1180.000 570.000 911.000 36321.150 47911.324 683185.597 2573929.561 158382177.515 1838935288150.575
4994.000 4777.000 73229918.000 1.000 1160.000 570.000 906.000 45946.915 101051.862 538096.219 743198.992 493317998.082 10155720058452.381
5116.000 4898.000 73229928.000 1.000 1160.000 570.000 912.000 48726.268 193500.181 375218.017 470539.234 624505903.363 11967889844676.090
5254.000 5017.000 73229938.000 1.000 1160.000 570.000 912.000 46966.585 333952.870 243592.017 1567655.496 539653022.638 5580685932062.559
5385.000 5134.000 73229948.000 1.000 1160.000 570.000 906.000 41103.999 502520.147 141790.219 776069.672 301642113.356 9947295707700.291
5500.000 5236.000 73229958.000 1.000 1160.000 570.000 894.000 38201.719 678789.055 75377.933 1201253.053 209252631.914 7446076507053.640
5603.000 5335.000 73229968.000 1.000 1160.000 570.000 899.000 33709.374 859118.685 30817.950 1438305.025 99465159.324 6208559012109.465
5687.000 5429.000 73229978.000 1.000 1160.000 570.000 854.000 28330.522 1021891.626 6650.471 1274812.921 21108236.739 7050034583118.505
5746.000 5517.000 73229988.000 1.000 1160.000 570.000 806.000 23563.084 1144657.240 41.597 1336602.376 29952.493 6725727018767.905
5787.000 5595.000 73229998.000 1.000 1160.000 560.000 742.000 18564.571 1234068.937 7131.732 620704.657 26745248.866 10951455806525.459
5773.000 5663.000 73230008.000 1.000 1170.000 560.000 688.000 16243.312 1203160.114 23240.874 116155.886 56142649.566 14545430135739.121
5740.000 5714.000 73230018.000 1.000 1170.000 560.000 562.000 16677.702 1131854.601 41391.732 71534.046 49821714.801 14887782999578.074
5693.000 5755.000 73230028.000 1.000 1170.000 560.000 302.000 16945.219 1034058.265 59755.597 26481.974 46116769.470 15237476734880.406
5311.000 6187.000 73230119.000 0.000 1220.000 540.000 130.000 16044.000 403080.937 457584.034 2128463.088 59169200.646 3245546208886.123
5311.000 6247.000 73230129.000 1.000 1230.000 530.000 149.000 8084.153 403080.937 542357.984 10669.527 244985069.145 15361175208389.379
5294.000 6272.000 73230139.000 1.000 1240.000 530.000 214.000 8044.252 381783.794 579805.463 252565.985 246235722.050 13523543314377.395
5286.000 6301.000 73230149.000 1.000 1250.000 530.000 312.000 8988.777 371961.610 624810.538 785676.284 217485066.045 9886790766359.379
5273.000 6332.000 73230159.000 1.000 1250.000 530.000 382.000 6050.571 356273.559 674779.412 367135.119 312779771.295 12694027842730.354
5257.000 6348.000 73230169.000 1.000 1270.000 520.000 431.000 4677.590 337429.189 701321.799 821771.006 363228781.184 9661106394840.629
5248.000 6363.000 73230179.000 1.000 1270.000 520.000 456.000 1604.400 327054.231 726670.286 429016.560 489814441.568 12256906353030.752
5242.000 6363.000 73230189.000 1.000 1280.000 520.000 458.000 0.000 320227.593 726670.286 0.000 563404906.382 15444923916734.307
5242.000 6363.000 73230199.000 1.000 1290.000 510.000 466.000 0.000 320227.593 726670.286 500519.320 563404906.382 11761358605226.818
5242.000 6363.000 73230209.000 1.000 1290.000 510.000 467.000 1871.800 320227.593 726670.286 715027.600 478049883.419 10336067098066.420
5242.000 6356.000 73230219.000 1.000 1290.000 510.000 491.000 4545.800 320227.593 714784.992 286011.040 368269605.530 13278677716764.330
5242.000 6339.000 73230229.000 1.000 1300.000 510.000 515.000 5615.400 320227.593 686328.706 1472475.536 328361648.934 6039441446876.883
5242.000 6318.000 73230239.000 1.000 1300.000 510.000 540.000 11122.040 320227.593 651974.824 1717986.172 159115818.687 4893018636882.276
5249.000 6277.000 73230249.000 1.000 1300.000 510.000 581.000 17546.820 328199.004 587444.958 1211614.803 38307829.202 7389634622502.246
5258.000 6212.000 73230259.000 1.000 1300.000 510.000 613.000 22077.915 338591.962 492031.513 2327883.055 2749749.572 2566788455437.521
5274.000 6131.000 73230269.000 1.000 1300.000 510.000 647.000 30783.536 357468.332 384957.681 2136382.674 49665622.842 3217074027518.946
5296.000 6018.000 73230279.000 1.000 1300.000 510.000 673.000 38773.000 384259.341 257505.076 1352665.094 226106801.187 6642670902532.515
5320.000 5875.000 73230289.000 1.000 1290.000 510.000 697.000 43831.583 414589.895 132823.496 211952.203 403826351.635 13823902047637.434
5345.000 5713.000 73230299.000 1.000 1290.000 510.000 725.000 43038.942 447409.223 40985.832 2522881.297 372597706.164 1979991607616.758
5370.000 5554.000 73230309.000 1.000 1290.000 510.000 753.000 52473.801 481478.551 1887.866 1628263.043 825852476.568 5298007026864.994
5392.000 5359.000 73230319.000 1.000 1280.000 520.000 790.000 58563.042 512493.559 22967.530 1174853.453 1212912274.974 7590849262397.376
5413.000 5141.000 73230329.000 1.000 1270.000 520.000 806.000 62956.660 543001.794 136567.513 355372.461 1538248256.677 12777983796628.186
5439.000 4907.000 73230339.000 1.000 1270.000 520.000 819.000 64285.652 581995.895 364273.110 2272615.486 1644261959.450 2746933513569.181
5465.000 4668.000 73230349.000 1.000 1250.000 530.000 845.000 55786.716 622341.996 709891.211 1626891.549 1027238659.990 5304322553059.468
5491.000 4461.000 73230359.000 1.000 1240.000 530.000 869.000 49702.604 664040.097 1101556.084 2400592.057 674256635.360 2339097963609.111
5509.000 4276.000 73230369.000 1.000 1230.000 530.000 873.000 58680.136 693700.013 1524114.740 1293659.273 1221082025.721 6950308472775.959
5523.000 4057.000 73230379.000 1.000 1220.000 540.000 888.000 63518.054 717216.836 2112808.824 805526.991 1582599735.764 9762350598523.779
5539.000 3820.000 73230389.000 1.000 1200.000 540.000 896.000 66530.496 744573.206 2857960.723 2801938.867 1831355888.100 1272528784814.338
5559.000 3572.000 73230399.000 1.000 1190.000 540.000 897.000 56052.041 779488.668 3757977.732 182409.317 1044316689.192 14044458733957.859
5585.000 3364.000 73230409.000 1.000 1170.000 550.000 903.000 55369.882 826074.769 4607678.706 156214.010 1000692880.890 14241483664386.004
5606.000 3158.000 73230419.000 1.000 1160.000 550.000 894.000 54785.686 864689.004 5534493.479 3394649.150 964073568.662 286603790579.303
5625.000 2954.000 73230429.000 1.000 1150.000 550.000 897.000 42090.663 900385.694 6535950.051 4459647.196 336888078.214 280522928976.217
5646.000 2798.000 73230439.000 1.000 1120.000 560.000 811.000 25412.850 940679.929 7357929.782 6795396.090 2811316.564 8210477314710.938
5660.000 2704.000 73230449.000 1.000 1120.000 560.000 493.000 0.000 968032.752 7876725.261 0.000 563404906.382 15444923916734.307
