3386.000 5004.000 27509199.000 0.000 1570.000 470.000 391.000 8550.084 8321867.408 436933.961 1779960.178 557685278.402 165153673997.721
3358.000 4954.000 27509209.000 1.000 1560.000 460.000 417.000 20480.112 8484198.232 373332.980 1019179.530 136547008.925 125591997218.589
3317.000 5085.000 27509219.000 1.000 1540.000 470.000 425.000 13649.150 8724725.938 550578.549 131249.300 342853183.068 1543358590265.371
3292.000 5173.000 27509229.000 1.000 1510.000 470.000 423.000 12769.463 8873039.173 688916.275 1546990.047 376204120.407 30074810229.812
3354.000 5232.000 27509239.000 1.000 1490.000 470.000 414.000 23138.029 8507516.349 790338.431 2136955.792 81494240.876 582759177128.792
3475.000 5329.000 27509249.000 1.000 1490.000 470.000 418.000 37460.789 7816300.291 972215.333 418171.792 28040667.352 912784096724.222
3691.000 5457.000 27509259.000 1.000 1470.000 470.000 433.000 40263.549 6655185.938 1241017.843 548923.660 65579287.283 680040171274.064
3916.000 5606.000 27509269.000 1.000 1470.000 470.000 460.000 36584.436 5544916.820 1595193.765 1852174.171 19527480.852 229062773615.171
4146.000 5691.000 27509279.000 1.000 1460.000 470.000 496.000 24170.400 4514625.055 1817130.431 1226728.965 63920745.649 21562037633.217
4308.000 5691.000 27509289.000 1.000 1460.000 470.000 524.000 15948.356 3852445.291 1817130.431 1161346.839 262993977.860 45038305965.526
4403.000 5642.000 27509299.000 1.000 1460.000 470.000 562.000 23732.182 3488544.997 1687426.471 1826235.154 71119925.985 204906518260.220
4453.000 5491.000 27509309.000 1.000 1450.000 460.000 592.000 35972.364 3304268.526 1317926.510 1363923.885 14492631.750 93030986.000
4460.000 5250.000 27509319.000 1.000 1450.000 460.000 599.000 45113.945 3278868.820 822666.784 931640.757 167663650.473 195300697624.683
4445.000 4948.000 27509329.000 1.000 1440.000 470.000 606.000 51358.186 3333416.761 366036.863 693247.654 368361304.459 462837327274.648
4416.000 4605.000 27509339.000 1.000 1440.000 470.000 620.000 46711.754 3440152.114 68649.137 496904.483 211595103.527 768540924648.998
4390.000 4293.000 27509349.000 1.000 1440.000 470.000 613.000 43381.295 3537275.879 2499.020 1234422.910 125795289.683 19361673928.908
4369.000 4003.000 27509359.000 1.000 1440.000 470.000 616.000 35107.683 3616708.997 115593.333 1785082.960 8656764.045 169343622259.697
4357.000 3768.000 27509369.000 1.000 1430.000 480.000 619.000 23143.320 3662495.349 330613.726 1204658.704 81398740.754 28530736124.967
4351.000 3613.000 27509379.000 1.000 1430.000 480.000 616.000 15069.200 3685496.526 532885.686 762353.961 292281595.447 373583997700.586
4351.000 3512.000 27509389.000 1.000 1430.000 480.000 602.000 9959.589 3685496.526 690544.706 697657.410 493100043.741 456856669693.797
4361.000 3446.000 27509399.000 1.000 1430.000 480.000 430.000 14635.577 3647201.232 804591.412 87969.797 307296274.503 1652765676318.170
3475.000 3867.000 27509499.000 0.000 1420.000 490.000 616.000 20531.676 7816300.291 226566.667 1205380.235 135344582.742 28287508497.215
3584.000 3783.000 27509509.000 1.000 1420.000 490.000 617.000 28610.632 7218704.585 313589.020 828014.942 12636695.953 297629385330.189
3638.000 3967.000 27509519.000 1.000 1420.000 490.000 633.000 23060.934 6931449.997 141368.628 1819842.233 82892121.799 199159671593.186
3671.000 4118.000 27509529.000 1.000 1420.000 490.000 631.000 35258.268 6758776.526 50620.588 541641.506 9565553.685 692103591834.170
3869.000 4247.000 27509539.000 1.000 1420.000 490.000 634.000 38888.573 5768473.702 9214.118 757578.815 45200449.182 379444083174.976
4125.000 4296.000 27509549.000 1.000 1420.000 490.000 647.000 43966.179 4604306.173 2208.079 2040843.987 139257321.319 445255718534.265
4419.000 4316.000 27509559.000 1.000 1420.000 490.000 637.000 30287.600 3429032.526 728.471 1561929.294 3526302.102 35479546794.983
4622.000 4316.000 27509569.000 1.000 1420.000 490.000 646.000 19818.905 2718425.055 728.471 109255.878 152437051.666 1598488029972.562
4740.000 4255.000 27509579.000 1.000 1430.000 500.000 652.000 20551.183 2343240.585 7742.275 586950.860 134891083.399 618768321854.262
4802.000 4132.000 27509589.000 1.000 1440.000 490.000 655.000 24485.170 2157269.761 44516.863 2327803.778 58986625.130 910563740205.263
4796.000 3968.000 27509599.000 1.000 1440.000 490.000 650.000 40087.072 2174930.938 140617.647 392125.500 62752173.240 963231622768.616
4721.000 3710.000 27509609.000 1.000 1440.000 490.000 655.000 42715.259 2401770.644 400676.588 601962.768 111298573.987 595376396669.760
4599.000 3451.000 27509619.000 1.000 1440.000 490.000 659.000 46749.862 2794797.232 795646.510 259457.308 212705217.228 1241245179052.060
4447.000 3177.000 27509629.000 1.000 1440.000 490.000 662.000 48488.852 3326117.702 1359533.137 1049683.172 266453613.847 104902121677.154
4289.000 2893.000 27509639.000 1.000 1440.000 490.000 667.000 41453.442 3927391.349 2102471.569 2502416.119 86266886.997 1274295497083.622
4126.000 2668.000 27509649.000 1.000 1440.000 490.000 675.000 24681.216 4600015.644 2805592.157 2039970.272 56013684.752 444090465830.076
4020.000 2541.000 27509659.000 1.000 1440.000 490.000 691.000 11008.493 5065941.761 3247168.667 1140244.290 447616620.834 54440486643.172
3980.000 2479.000 27509669.000 1.000 1440.000 490.000 705.000 3366.105 5247602.938 3474459.451 638512.739 829401988.388 540307915850.730
3985.000 2457.000 27509679.000 1.000 1440.000 490.000 767.000 7645.681 5224720.291 3556959.020 2592951.724 601218829.981 1486893880854.616
4036.000 2462.000 27509689.000 1.000 1440.000 490.000 799.000 25024.714 4994173.291 3538124.118 2141519.372 50990040.194 589747555486.011
4202.000 2486.000 27509699.000 1.000 1440.000 490.000 809.000 39378.061 4279787.408 3448412.588 2034183.848 52021828.573 436411789550.308
4445.000 2589.000 27509709.000 1.000 1430.000 500.000 799.000 53012.001 3333416.761 3076481.608 567822.376 434578894.200 649227851203.840
4757.000 2759.000 27509719.000 1.000 1430.000 500.000 800.000 56817.781 2291483.585 2509024.941 592420.085 607737666.873 610193849527.689
5072.000 2973.000 27509729.000 1.000 1440.000 500.000 797.000 52847.137 1437036.820 1876873.137 1957440.292 427732381.144 340905519596.250
5390.000 3129.000 27509739.000 1.000 1440.000 500.000 720.000 39727.564 775746.467 1473772.196 2621868.026 57185642.732 1558250103355.069
5642.000 3215.000 27509749.000 1.000 1440.000 500.000 396.000 22154.722 395345.055 1272361.882 57955.701 100214576.357 1730838726604.195
7494.000 5363.000 27509940.000 0.000 1490.000 510.000 566.000 29573.984 1496304.585 1040420.000 2453502.093 6715670.470 1166255178274.416
7651.000 5484.000 27509950.000 1.000 1490.000 510.000 595.000 13129.600 1905049.467 1301903.373 544272.350 362363397.477 687733169514.184
7651.000 5572.000 27509960.000 1.000 1490.000 510.000 591.000 16777.538 1905049.467 1510465.098 2952465.088 236787683.953 2492912407737.977
7633.000 5461.000 27509970.000 1.000 1490.000 510.000 602.000 36566.178 1855684.997 1249945.922 1658054.975 19366450.333 80932189077.297
7610.000 5217.000 27509980.000 1.000 1490.000 510.000 614.000 47679.147 1793551.173 763893.137 1066867.133 240674947.615 94066122432.884
7591.000 4898.000 27509990.000 1.000 1480.000 500.000 620.000 54829.731 1743021.232 308035.882 681403.711 513669856.779 479092984115.710
7572.000 4531.000 27510000.000 1.000 1470.000 490.000 617.000 59396.780 1693213.291 35347.686 2356406.015 741545602.145 965968318581.535
7563.000 4133.000 27510010.000 1.000 1470.000 480.000 624.000 43603.174 1669872.055 44095.882 2115673.456 130821643.108 550718812595.491
7575.000 3841.000 27510020.000 1.000 1460.000 470.000 622.000 29423.057 1701029.702 251994.157 1328454.868 7520692.319 2035297734.470
7566.000 3644.000 27510030.000 1.000 1470.000 470.000 627.000 20519.204 1677634.467 488587.294 949048.966 135634931.029 180217379980.902
7531.000 3511.000 27510040.000 1.000 1460.000 480.000 624.000 14158.286 1588192.997 692207.686 338116.145 324257777.723 1072162909361.736
7485.000 3428.000 27510050.000 1.000 1470.000 480.000 617.000 11892.092 1474367.349 837207.059 273678.754 411008844.645 1209758866002.988
7412.000 3396.000 27510060.000 1.000 1480.000 480.000 560.000 13726.400 1302417.997 896790.431 2987648.388 339998383.043 2605251811798.254
7320.000 3396.000 27510070.000 1.000 1470.000 490.000 382.000 33750.853 1100894.702 896790.431 693290.581 2513518.309 462778920796.329
7215.000 4976.000 27510140.000 0.000 1500.000 520.000 443.000 66277.891 891580.291 400701.412 4020754.992 1163658967.421 7007592923505.921
7393.000 5383.000 27510150.000 1.000 1520.000 530.000 423.000 39329.131 1259412.055 1081620.392 1133763.937 51318396.123 57506536429.729
7551.000 5594.000 27510160.000 1.000 1520.000 530.000 447.000 46928.085 1639002.408 1565025.530 626221.494 217935537.743 558528507234.902
7714.000 5863.000 27510170.000 1.000 1520.000 530.000 483.000 42730.890 2082928.114 2310429.804 145889.103 111628626.598 1507198278592.340
7919.000 6063.000 27510180.000 1.000 1520.000 530.000 504.000 41753.081 2716679.585 2958433.726 1576606.695 91922762.753 41224247856.567
8152.000 6218.000 27510190.000 1.000 1530.000 520.000 519.000 31186.012 3539046.232 3515661.765 361785.233 959289.136 1023706678868.421
8359.000 6247.000 27510200.000 1.000 1550.000 510.000 540.000 28761.178 4360726.644 3625253.333 469175.215 11589034.275 817928375513.679
8537.000 6173.000 27510210.000 1.000 1550.000 500.000 567.000 31905.784 5135822.408 3348935.882 1699539.736 67423.871 106256828037.664
8696.000 6030.000 27510220.000 1.000 1560.000 500.000 599.000 43296.801 5881766.232 2846002.079 1392161.626 123907084.871 345680454.728
8812.000 5764.000 27510230.000 1.000 1560.000 500.000 649.000 52627.643 6457876.820 2019268.863 1063835.240 418701544.183 95935090157.464
8890.000 5420.000 27510240.000 1.000 1580.000 490.000 694.000 59757.906 6860393.526 1159950.118 1221538.595 761343900.249 23113287274.777
8943.000 5023.000 27510250.000 1.000 1580.000 490.000 716.000 67945.162 7140841.467 462413.333 1055077.050 1280188143.689 101437212778.945
8962.000 4568.000 27510260.000 1.000 1590.000 480.000 731.000 60873.600 7242747.408 50629.412 678278.717 824158159.564 483428775342.077
8962.000 4160.000 27510270.000 1.000 1600.000 480.000 746.000 56327.496 7242747.408 33485.412 2762274.626 583804705.210 1928502920801.543
8942.000 3783.000 27510280.000 1.000 1590.000 490.000 753.000 37813.591 7135497.997 313589.020 1464075.877 31901552.462 8191469048.417
8915.000 3531.000 27510290.000 1.000 1610.000 490.000 773.000 28000.750 6991980.291 659328.079 895116.597 17344685.015 228916837985.843
8890.000 3345.000 27510300.000 1.000 1620.000 500.000 779.000 22001.309 6860393.526 995984.431 992344.269 103309662.022 145332403928.416
8854.000 3202.000 27510310.000 1.000 1610.000 500.000 779.000 15350.208 6673104.585 1301858.628 620703.034 282752197.674 566807376840.785
8810.000 3109.000 27510320.000 1.000 1620.000 510.000 773.000 11190.000 6447715.879 1522731.804 288629.340 439969295.827 1177094374346.719
8750.000 3064.000 27510330.000 1.000 1620.000 520.000 754.000 13124.513 6146607.644 1635815.922 460869.102 362557094.042 833021363338.131
8663.000 3051.000 27510340.000 1.000 1620.000 520.000 675.000 16213.448 5722789.702 1669238.667 2750730.425 254466210.477 1896573198908.148
8558.000 3079.000 27510350.000 1.000 1620.000 520.000 381.000 34649.979 5231445.291 1597671.216 475150.829 6172908.856 807155465450.855
6556.000 3756.000 27510441.000 0.000 1580.000 530.000 524.000 5669.600 81359.173 344557.490 4789336.114 702029805.901 11667464005800.484
6556.000 3794.000 27510451.000 1.000 1580.000 530.000 564.000 37769.708 81359.173 301390.235 877812.978 31407763.004 245774174318.968
6666.000 4022.000 27510461.000 1.000 1570.000 520.000 594.000 31886.243 156210.938 103034.706 3000078.240 77953.795 2645531845302.712
6811.000 4179.000 27510471.000 1.000 1570.000 520.000 603.000 51994.006 291854.173 26892.784 1740590.624 393171828.609 134704768119.939
7142.000 4288.000 27510481.000 1.000 1570.000 510.000 614.000 63660.163 759050.938 3023.922 1333712.377 991917257.577 1588561730.332
7564.000 4351.000 27510491.000 1.000 1570.000 510.000 614.000 72599.254 1672457.526 64.157 678784.654 1634892904.699 482725485010.640
8047.000 4410.000 27510501.000 1.000 1570.000 510.000 619.000 68049.759 3155011.820 4490.314 1947781.084 1287683986.325 329719354132.748
8499.000 4471.000 27510511.000 1.000 1570.000 500.000 610.000 54994.926 4965032.526 16386.510 1346039.281 521185199.596 757893256.396
8862.000 4535.000 27510521.000 1.000 1570.000 500.000 613.000 45973.215 6714500.349 36867.765 4045807.462 190654510.478 7140857637933.277
9165.000 4591.000 27510531.000 1.000 1590.000 500.000 619.000 18856.543 8376597.938 61508.863 2103145.729 177126874.272 532281996041.071
9287.000 4624.000 27510541.000 1.000 1590.000 500.000 605.000 4760.392 9097675.349 78966.510 3246003.854 751036933.694 3506011750041.663
9314.000 4641.000 27510551.000 1.000 1590.000 500.000 491.000 26516.450 9261281.055 88809.843 341595.302 31911145.285 1064970006808.572
8050.000 5292.000 27510631.000 0.000 1620.000 510.000 282.000 44832.552 3165678.232 900619.608 5274108.398 160455598.011 15214206486220.371
7814.000 5106.000 27510641.000 1.000 1620.000 510.000 427.000 9483.300 2381575.173 582183.961 754176.011 514479704.914 383647850948.593
7756.000 5132.000 27510651.000 1.000 1620.000 510.000 468.000 4428.501 2205923.879 622536.471 598913.120 769338066.266 600091952694.273
7740.000 5157.000 27510661.000 1.000 1630.000 500.000 474.000 8442.664 2158652.349 662611.961 1290534.046 562770341.630 6894827197.036
7781.000 5118.000 27510671.000 1.000 1630.000 500.000 466.000 17092.356 2280810.644 600640.196 878248.194 227198014.071 245342841702.438
7861.000 5036.000 27510681.000 1.000 1620.000 500.000 449.000 22978.738 2528848.291 480262.588 3428427.710 84395586.765 4222443733757.766
7955.000 4914.000 27510691.000 1.000 1620.000 500.000 171.000 0.000 2836648.526 326052.196 0.000 1034615856.463 1886692188339.406
