2326.000 6273.000 31278128.000 0.000 1350.000 800.000 546.000 10394.349 5545083.040 897678.222 1259654.702 310328242.182 36635010532.327
2274.000 6203.000 31278138.000 1.000 1350.000 800.000 536.000 20961.922 5792686.240 769933.987 4036.708 49682238.209 1132554097656.473
2229.000 6373.000 31278148.000 1.000 1350.000 800.000 540.000 20995.787 6011323.240 1097169.987 285740.161 49205985.886 612324711947.044
2285.000 6540.000 31278158.000 1.000 1350.000 800.000 537.000 18598.638 5739857.640 1474910.234 34338.421 88582861.072 1068977201335.011
2408.000 6636.000 31278168.000 1.000 1350.000 800.000 533.000 18886.712 5165619.840 1717302.328 198406.970 83243230.965 756630302596.113
2559.000 6684.000 31278178.000 1.000 1350.000 800.000 538.000 20551.200 4502035.240 1845410.375 72120.410 55640930.430 992278060288.040
2721.000 6743.000 31278188.000 1.000 1350.000 800.000 540.000 21156.237 3840816.040 2009189.516 1181382.975 46980713.549 12798627079.326
2891.000 6794.000 31278198.000 1.000 1390.000 790.000 546.000 11245.306 3203384.040 2156371.316 165668.570 281071221.774 814656771720.153
2985.000 6786.000 31278208.000 1.000 1410.000 770.000 536.000 9855.469 2875737.640 2132939.975 490247.906 329604600.407 334088683761.216
3055.000 6742.000 31278218.000 1.000 1430.000 750.000 562.000 13968.287 2643225.640 2006355.599 1329600.666 197183320.376 68303147339.303
3109.000 6638.000 31278228.000 1.000 1450.000 730.000 595.000 25122.655 2470555.240 1722548.163 944864.309 8339561.226 15224511847.360
3143.000 6430.000 31278238.000 1.000 1420.000 710.000 611.000 33049.369 2364828.840 1219829.293 1104582.415 25390353.507 1319902128.909
3155.000 6153.000 31278248.000 1.000 1430.000 690.000 614.000 42316.000 2328065.640 684688.105 114373.592 204647763.791 909883936516.837
3155.000 5798.000 31278258.000 1.000 1440.000 670.000 619.000 43275.510 2328065.640 223217.340 59922.794 233020992.920 1016727702332.353
3161.000 5435.000 31278268.000 1.000 1440.000 660.000 620.000 43778.218 2309792.040 11981.234 1526249.078 248621408.782 209761362219.257
3175.000 5068.000 31278278.000 1.000 1430.000 630.000 619.000 30974.115 2267433.640 66327.458 1101423.138 8783103.683 1100327203.666
3196.000 4809.000 31278288.000 1.000 1440.000 610.000 617.000 21733.988 2204631.040 266814.787 731312.860 39394412.671 113527955546.998
3218.000 4628.000 31278298.000 1.000 1440.000 600.000 609.000 15598.813 2139783.840 486563.693 641655.746 154049598.039 181984327821.735
3240.000 4499.000 31278308.000 1.000 1440.000 580.000 488.000 10215.795 2075904.640 683170.316 220953.411 316650986.753 717914827210.027
3257.000 4415.000 31278318.000 1.000 1440.000 560.000 70.000 12069.431 2027206.440 829085.234 7452.458 254117197.755 1125295578526.330
2655.000 4972.000 31278399.000 0.000 1400.000 510.000 538.000 11563.014 4103865.640 124991.363 313949.079 270519297.265 568972832788.485
2752.000 4971.000 31278409.000 1.000 1400.000 510.000 561.000 14196.815 3720269.440 125699.446 869238.703 190817474.644 39606275539.263
2779.000 5087.000 31278419.000 1.000 1400.000 510.000 572.000 21489.086 3616843.240 56901.893 189039.042 42528642.922 773015351102.664
2879.000 5237.000 31278429.000 1.000 1400.000 510.000 570.000 19903.188 3246483.240 7839.540 431002.287 65728262.166 406087142784.767
3037.000 5291.000 31278439.000 1.000 1400.000 510.000 569.000 23518.979 2702078.440 1193.093 460759.614 20173624.774 369046947632.678
3234.000 5302.000 31278449.000 1.000 1400.000 510.000 569.000 19653.546 2093230.240 554.187 648057.978 69838426.893 176562980561.294
3398.000 5285.000 31278459.000 1.000 1400.000 510.000 570.000 14216.818 1645575.840 1643.587 289127.706 190265245.088 607034599559.587
3498.000 5220.000 31278469.000 1.000 1400.000 510.000 568.000 16642.386 1399015.840 11138.940 437748.411 129233671.397 397534722379.026
3556.000 5093.000 31278479.000 1.000 1400.000 510.000 570.000 20314.772 1265175.040 54075.399 1450666.026 59223996.224 146240519647.254
3534.000 4924.000 31278489.000 1.000 1400.000 510.000 568.000 32484.789 1315150.240 161235.316 447099.532 20019397.653 385830335931.071
3459.000 4662.000 31278499.000 1.000 1400.000 510.000 560.000 36235.624 1492795.240 440286.893 255983.907 67652914.085 659779386159.310
3348.000 4379.000 31278509.000 1.000 1400.000 510.000 567.000 38383.140 1776355.840 895940.199 743202.464 107591974.922 105657173343.154
3226.000 4081.000 31278519.000 1.000 1410.000 510.000 581.000 32148.220 2116443.040 1548882.740 1995687.047 17120852.196 860135844897.631
3109.000 3838.000 31278529.000 1.000 1410.000 510.000 620.000 15405.879 2470555.240 2212778.752 1282243.817 158876088.560 45792515854.224
3061.000 3718.000 31278539.000 1.000 1400.000 520.000 647.000 4648.800 2623752.040 2584188.634 155299.720 545768318.893 833481788289.216
3061.000 3679.000 31278549.000 1.000 1410.000 520.000 670.000 5951.650 2623752.040 2711097.846 1275556.578 486592194.810 42975205605.044
3103.000 3652.000 31278559.000 1.000 1410.000 520.000 707.000 16652.628 2489452.840 2800740.069 929752.610 129000912.158 19182069308.437
3242.000 3666.000 31278569.000 1.000 1400.000 530.000 711.000 24452.566 2070145.440 2754076.916 2038223.806 12658786.522 940845386528.752
3443.000 3707.000 31278579.000 1.000 1400.000 530.000 705.000 41551.759 1532148.840 2619675.540 325497.056 183366105.685 551684843973.162
3760.000 3852.000 31278589.000 1.000 1390.000 540.000 684.000 44282.439 847872.640 2171323.599 1491727.923 264776491.955 179331893201.713
4081.000 4039.000 31278599.000 1.000 1390.000 540.000 458.000 31767.943 359760.040 1655188.199 40307.575 14118491.771 1056669653888.204
5525.000 6279.000 31278699.000 0.000 1410.000 530.000 802.000 35149.451 712673.640 909083.728 3685257.766 50964837.733 6848719400768.303
5793.000 6156.000 31278709.000 1.000 1410.000 530.000 756.000 4232.859 1236988.840 689661.858 435900.573 565375490.923 399868273709.689
5812.000 6126.000 31278719.000 1.000 1430.000 530.000 761.000 7889.743 1279613.440 640734.328 2775149.555 404844252.476 2913499407728.757
5753.000 6096.000 31278729.000 1.000 1460.000 520.000 760.000 31171.199 1149612.840 593606.799 2138973.434 9990113.957 1146444479847.841
5725.000 5836.000 31278739.000 1.000 1480.000 510.000 763.000 49115.607 1090353.640 260568.211 1401973.899 445426181.091 111370334116.819
5719.000 5424.000 31278749.000 1.000 1500.000 500.000 755.000 60877.133 1077859.240 9694.140 2120863.020 1080216560.809 1107990048513.485
5746.000 4914.000 31278759.000 1.000 1500.000 500.000 720.000 43084.658 1134651.040 169366.140 1406931.546 227230696.245 114703863543.011
5764.000 4553.000 31278769.000 1.000 1500.000 500.000 690.000 31281.541 1173322.240 596819.869 1743207.143 10699808.356 455564502187.179
5779.000 4291.000 31278779.000 1.000 1500.000 500.000 676.000 16657.320 1206043.240 1070275.446 840191.570 128894352.044 52011540429.825
5757.000 4153.000 31278789.000 1.000 1500.000 500.000 670.000 9608.733 1158206.440 1374852.811 8669.774 338624471.041 1122714403977.064
5700.000 4096.000 31278799.000 1.000 1500.000 500.000 567.000 9536.000 1038768.640 1511771.505 1826450.463 341306590.364 574864973465.914
5620.000 4096.000 31278809.000 1.000 1500.000 500.000 70.000 24858.571 882096.640 1511771.505 1127785.734 9934560.899 3544270522.640
5451.000 5546.000 31278879.000 0.000 1470.000 510.000 512.000 91087.599 593208.040 48602.093 5409874.358 3978722329.863 18849685066939.961
5867.000 6187.000 31278889.000 1.000 1470.000 510.000 546.000 45702.747 1407070.440 742111.305 167234.739 313016140.088 811832028362.083
6048.000 6525.000 31278899.000 1.000 1470.000 510.000 578.000 47105.723 1869235.840 1438701.469 2057844.245 364628120.118 979292895118.573
6211.000 6885.000 31278909.000 1.000 1470.000 510.000 592.000 29841.929 2341512.040 2431911.822 1587069.686 3354187.685 269171835216.684
6391.000 7059.000 31278919.000 1.000 1470.000 510.000 611.000 16527.586 2924784.040 3004879.493 153326.006 131856965.932 837089497061.859
6527.000 7086.000 31278929.000 1.000 1480.000 510.000 622.000 15241.294 3408454.440 3099215.269 1553412.135 163052234.889 235380397654.891
6634.000 7016.000 31278939.000 1.000 1490.000 510.000 659.000 28273.275 3814990.240 2857651.034 2198905.644 69058.664 1278377758383.684
6712.000 6792.000 31278949.000 1.000 1500.000 500.000 697.000 46720.470 4125773.440 2150501.481 1547179.406 350063544.423 229371500752.052
6760.000 6403.000 31278959.000 1.000 1500.000 500.000 697.000 59700.163 4323072.640 1160917.516 1340937.420 1004235701.437 74357361359.389
6789.000 5903.000 31278969.000 1.000 1510.000 490.000 722.000 70949.638 4444507.240 333458.693 1587308.443 1843770873.492 269419634950.309
6805.000 5308.000 31278979.000 1.000 1510.000 490.000 731.000 57633.292 4512225.640 307.693 1047708.519 877510703.620 422032872.896
6827.000 4825.000 31278989.000 1.000 1530.000 490.000 746.000 48843.791 4606174.440 250541.469 1854940.336 434026645.262 618878604580.049
6852.000 4416.000 31278999.000 1.000 1530.000 490.000 752.000 33282.211 4714109.440 827265.152 1522321.080 27791096.632 206178767842.318
6878.000 4138.000 31279009.000 1.000 1550.000 480.000 752.000 20511.061 4827687.840 1410254.046 945721.834 56241358.038 15013631209.613
6873.000 3966.000 31279019.000 1.000 1540.000 490.000 749.000 12577.153 4805740.840 1848352.211 190766.846 238187731.901 769980121224.191
6846.000 3864.000 31279029.000 1.000 1550.000 490.000 724.000 10976.760 4688091.040 2136102.611 2393621.705 290147782.165 1756604967104.844
6770.000 3812.000 31279039.000 1.000 1550.000 490.000 544.000 31057.479 4364756.640 2290806.893 332486.179 9284173.368 541351281080.049
4876.000 4743.000 31279120.000 0.000 1510.000 510.000 581.000 8464.039 38103.040 339354.222 770289.710 382063545.252 88781501043.920
4875.000 4672.000 31279130.000 1.000 1500.000 510.000 636.000 14926.201 37713.640 427116.069 2056866.566 171198483.790 977358843779.054
4931.000 4784.000 31279140.000 1.000 1500.000 510.000 664.000 32181.793 62600.040 293266.846 1927876.551 17399811.707 738954441436.530
5160.000 4927.000 31279150.000 1.000 1500.000 510.000 690.000 48355.254 229632.640 158835.069 1157411.736 413909631.886 7949466069.652
5540.000 5069.000 31279160.000 1.000 1490.000 510.000 687.000 58065.084 738224.640 65813.375 267034.343 903278930.244 641949666077.279
6020.000 5152.000 31279170.000 1.000 1490.000 510.000 699.000 60305.305 1793456.640 30116.540 165169.242 1042955408.711 815558391364.214
6524.000 5196.000 31279180.000 1.000 1490.000 510.000 690.000 58919.657 3397386.240 16780.916 2384673.361 955376923.180 1732965311112.803
7014.000 5261.000 31279190.000 1.000 1480.000 500.000 675.000 38914.008 5443822.240 4165.563 1523874.614 118886817.147 207592004949.949
7338.000 5301.000 31279200.000 1.000 1500.000 500.000 544.000 26129.825 7060711.840 602.269 414327.757 3536881.460 427616860238.054
7556.000 5324.000 31279210.000 1.000 1500.000 500.000 180.000 22653.921 8266775.040 2.375 89132.549 28692776.248 958674816458.481
6696.000 6339.000 31279280.000 0.000 1530.000 500.000 307.000 27888.215 4061031.040 1027098.787 852421.014 14949.915 46582996250.815
6519.000 6186.000 31279290.000 1.000 1530.000 500.000 519.000 20737.032 3378979.240 740389.387 814247.214 52903116.318 64518409813.138
6442.000 6030.000 31279300.000 1.000 1540.000 500.000 544.000 13906.099 3101825.440 496262.234 1887156.758 198933700.123 670605071983.286
6369.000 5939.000 31279310.000 1.000 1550.000 490.000 536.000 29737.951 2850019.240 376331.728 3544763.759 2984139.310 6133110702065.575
6317.000 5695.000 31279320.000 1.000 1560.000 500.000 465.000 0.000 2677150.440 136499.822 0.000 784587261.367 1141162245092.180
