2990.000 5538.000 44466529.000 0.000 1400.000 510.000 217.000 21204.790 6470948.814 1107630.582 1752373.884 172215886.996 90774279839.615
2892.000 5507.000 44466539.000 1.000 1400.000 500.000 228.000 12710.491 6979138.784 1043340.283 281391.343 467312159.248 1368186014585.047
2856.000 5557.000 44466549.000 1.000 1370.000 480.000 247.000 11346.500 7170644.814 1147984.313 276308.936 528144519.919 1380101575913.343
2856.000 5612.000 44466559.000 1.000 1380.000 480.000 249.000 10007.145 7170644.814 1268867.746 1519901.015 591498884.555 4735481346.608
2868.000 5659.000 44466569.000 1.000 1380.000 480.000 251.000 17374.576 7106521.470 1376962.134 1421230.820 287415027.899 891342594.254
2925.000 5721.000 44466579.000 1.000 1380.000 480.000 254.000 24263.722 6805868.590 1526312.731 899771.674 101287579.826 303947685883.738
3018.000 5793.000 44466589.000 1.000 1390.000 470.000 249.000 28625.194 6329279.679 1709400.134 36692.931 32520799.632 2000508266299.982
3136.000 5866.000 44466599.000 1.000 1390.000 470.000 272.000 28803.056 5749473.470 1905615.418 1128119.780 30523846.883 104307296324.325
3263.000 5924.000 44466609.000 1.000 1390.000 470.000 282.000 23334.710 5156559.754 2069110.492 303024.993 120850118.249 1318044491923.163
3376.000 5929.000 44466619.000 1.000 1390.000 470.000 285.000 21865.854 4656126.605 2083519.895 405593.639 155302467.932 1093054655861.356
3479.000 5904.000 44466629.000 1.000 1390.000 470.000 277.000 23831.892 4222227.575 2011972.880 456462.474 110166080.699 989276318986.620
3566.000 5828.000 44466639.000 1.000 1380.000 480.000 297.000 26044.507 3872260.336 1802145.955 500409.532 68614518.119 903786091393.734
3633.000 5721.000 44466649.000 1.000 1380.000 480.000 310.000 28470.147 3613063.336 1526312.731 2578753.095 34313212.593 1271632668408.528
3687.000 5594.000 44466659.000 1.000 1390.000 480.000 351.000 40970.162 3410692.291 1228639.895 1947148.315 44119709.809 246077640559.113
3719.000 5398.000 44466669.000 1.000 1390.000 480.000 384.000 50408.593 3293520.709 832547.298 1389741.394 258588845.527 3763182920.459
3732.000 5154.000 44466679.000 1.000 1390.000 480.000 405.000 57145.100 3246504.754 446812.433 984617.087 520624840.266 217593415873.009
3732.000 4877.000 44466689.000 1.000 1390.000 480.000 428.000 61917.844 3246504.754 153225.507 42540.710 761205281.293 1984000344526.326
3723.000 4577.000 44466699.000 1.000 1390.000 480.000 453.000 62124.052 3279018.262 8361.328 1023394.060 772626339.405 182920550563.366
3714.000 4276.000 44466709.000 1.000 1390.000 480.000 453.000 57163.344 3311693.769 43915.268 724332.503 521457727.282 528170908822.786
3707.000 3999.000 44466719.000 1.000 1380.000 480.000 463.000 53652.280 3337220.053 236740.343 3357640.808 373431852.456 3634950544852.974
3701.000 3739.000 44466729.000 1.000 1370.000 480.000 466.000 37376.755 3359177.724 557351.388 1965266.406 9295546.799 264381303543.147
3709.000 3558.000 44466739.000 1.000 1370.000 480.000 474.000 27850.500 3329916.829 860367.000 1263838.980 41956647.049 35061514368.971
3709.000 3423.000 44466749.000 1.000 1370.000 480.000 473.000 21724.281 3329916.829 1129033.119 2368683.168 158851087.930 841984230126.919
3701.000 3318.000 44466759.000 1.000 1350.000 490.000 468.000 10242.540 3359177.724 1363195.657 1425463.271 580104329.430 656533528.723
3693.000 3269.000 44466769.000 1.000 1350.000 490.000 441.000 3332.878 3388566.620 1480017.507 1181180.552 960691083.919 72849048690.767
3678.000 3263.000 44466779.000 1.000 1340.000 490.000 304.000 9058.426 3444015.799 1494652.224 3987964.257 638546067.691 6435750371315.684
3640.000 3285.000 44466789.000 1.000 1340.000 490.000 141.000 28389.324 3586501.053 1441343.597 510856.034 35266626.497 884032729762.673
3255.000 4168.000 44466859.000 0.000 1320.000 490.000 68.000 45723.266 5192956.650 100844.164 5700537.920 129854478.357 18057840080123.961
3114.000 4339.000 44466869.000 1.000 1320.000 490.000 129.000 18090.993 5855460.933 21479.746 1417848.119 263636989.223 1104768780.895
3051.000 4400.000 44466879.000 1.000 1320.000 490.000 188.000 11218.244 6164325.485 7320.463 486237.753 534055973.136 930932489460.493
3022.000 4446.000 44466889.000 1.000 1320.000 490.000 223.000 8861.299 6309169.232 1564.970 115091.469 648547516.008 1784881871110.109
3013.000 4488.000 44466899.000 1.000 1330.000 500.000 239.000 8303.415 6354462.739 5.955 1987741.141 677273563.543 287998545844.299
3031.000 4524.000 44466909.000 1.000 1330.000 500.000 249.000 17938.612 6264037.724 1477.657 1502175.513 268608599.945 2610119820.568
3106.000 4568.000 44466919.000 1.000 1340.000 490.000 267.000 25220.122 5894241.829 6796.403 497069.122 82951530.515 910148549304.420
3218.000 4617.000 44466929.000 1.000 1340.000 490.000 280.000 27629.570 5362957.291 17276.552 2065.888 44867558.905 2099659810196.247
3347.000 4653.000 44466939.000 1.000 1340.000 490.000 287.000 27619.556 4782120.351 28036.254 122595.013 45001813.240 1764888784068.678
3477.000 4685.000 44466949.000 1.000 1340.000 490.000 279.000 27025.300 4230450.799 39776.433 789672.046 53327894.933 437468658283.825
3608.000 4685.000 44466959.000 1.000 1340.000 490.000 284.000 23197.515 3708728.635 39776.433 13795.075 123885360.772 2065805724051.718
3720.000 4675.000 44466969.000 1.000 1350.000 490.000 289.000 23264.384 3289892.097 35887.627 448531.477 122401277.464 1005115934976.396
3819.000 4621.000 44466979.000 1.000 1350.000 490.000 291.000 25438.555 2940559.515 18344.074 861973.181 79020367.095 347054127041.574
3882.000 4515.000 44466989.000 1.000 1350.000 490.000 292.000 29616.806 2728462.963 866.731 854365.869 22194360.339 356075131029.471
3909.000 4374.000 44466999.000 1.000 1350.000 490.000 292.000 33758.182 2639994.441 12445.567 1621589.267 324572.996 29071302256.634
3909.000 4194.000 44467010.000 1.000 1360.000 490.000 286.000 42404.562 2639994.441 85007.060 1227352.762 65232548.503 50056642880.948
3866.000 3993.000 44467020.000 1.000 1360.000 490.000 287.000 48353.921 2781576.754 242615.060 90020.243 196729403.050 1852500488213.566
3775.000 3777.000 44467030.000 1.000 1360.000 490.000 285.000 48790.277 3093398.441 502056.851 293720.244 209160490.740 1339495912663.385
3652.000 3575.000 44467040.000 1.000 1360.000 490.000 276.000 50214.030 3541193.709 829118.970 194870.361 252369282.630 1578078186999.506
3505.000 3381.000 44467050.000 1.000 1360.000 490.000 281.000 49269.433 4116053.665 1220052.134 1572179.292 223249555.352 14663541475.630
3359.000 3192.000 44467060.000 1.000 1360.000 490.000 312.000 41648.593 4729781.008 1673296.701 1067580.426 53592618.005 147076664295.563
3225.000 3041.000 44467070.000 1.000 1360.000 490.000 340.000 36473.700 5330585.008 2086752.731 1526627.220 4604478.746 5706448538.248
3098.000 2918.000 44467080.000 1.000 1360.000 490.000 373.000 29073.665 5933150.724 2457243.418 3046205.376 27606933.756 2544405245519.409
3004.000 2813.000 44467090.000 1.000 1360.000 490.000 399.000 14307.764 6399918.247 2797455.955 1382167.915 400805648.544 4749727420.334
2971.000 2752.000 44467100.000 1.000 1370.000 500.000 413.000 7607.968 6567974.441 3005229.239 692154.448 713954503.272 575977375705.530
2979.000 2716.000 44467110.000 1.000 1370.000 500.000 422.000 10963.055 6527033.545 3131341.537 1994290.754 545915752.062 295071207876.779
3029.000 2698.000 44467120.000 1.000 1370.000 500.000 433.000 20630.000 6274052.948 3195369.686 1588206.326 187632329.680 18801934101.377
3129.000 2698.000 44467130.000 1.000 1370.000 500.000 439.000 28328.528 5783091.754 3195369.686 1290128.820 35992405.386 25907272134.557
3263.000 2728.000 44467140.000 1.000 1370.000 500.000 442.000 34582.182 5156559.754 3089016.104 2472220.187 64661.837 1042714657737.144
3421.000 2784.000 44467150.000 1.000 1370.000 500.000 445.000 46565.799 4463949.067 2895305.418 1576960.501 149766292.304 15844344377.222
3628.000 2874.000 44467160.000 1.000 1370.000 500.000 442.000 54209.815 3632096.396 2597124.671 122342.914 395290739.622 1765558670212.624
3868.000 2981.000 44467170.000 1.000 1360.000 500.000 443.000 54802.849 2774909.530 2263699.895 558635.231 419223737.941 796468698568.827
4106.000 3099.000 44467180.000 1.000 1360.000 500.000 443.000 57510.727 2038629.888 1922547.806 31712.642 537443695.734 2014621243870.109
4351.000 3232.000 44467190.000 1.000 1360.000 500.000 441.000 57664.448 1399029.963 1571411.925 1073956.953 544594702.090 142226454786.368
4600.000 3359.000 44467200.000 1.000 1360.000 500.000 361.000 52458.646 871993.590 1269136.761 6152275.505 328724128.847 22101181057916.398
4822.000 3483.000 44467210.000 1.000 1350.000 510.000 95.000 22636.661 506667.739 1005125.955 55501.062 136684954.362 1947657825019.962
6887.000 6186.000 44467520.000 0.000 1400.000 460.000 153.000 30976.617 1831134.082 2891497.209 5663215.774 11231064.783 17742035706277.453
6848.000 6331.000 44467530.000 1.000 1400.000 460.000 153.000 3525.256 1727105.948 3405649.895 38814.107 948802574.421 1994512411653.700
6832.000 6337.000 44467540.000 1.000 1400.000 460.000 144.000 3713.400 1685307.739 3427831.179 2894058.920 937247309.131 2082170324829.519
6832.000 6319.000 44467550.000 1.000 1400.000 460.000 161.000 17741.800 1685307.739 3361503.328 1878516.019 275098550.072 182696266214.941
6832.000 6233.000 44467560.000 1.000 1400.000 460.000 190.000 26847.549 1685307.739 3053547.597 2717930.501 55955577.508 1604894530530.112
6838.000 6103.000 44467570.000 1.000 1410.000 460.000 228.000 40022.200 1700922.067 2616113.119 1024946.055 32425108.498 181595407184.465
6838.000 5909.000 44467580.000 1.000 1410.000 460.000 269.000 44990.431 1700922.067 2026182.283 723260.568 113689672.201 529730123275.580
6832.000 5691.000 44467590.000 1.000 1430.000 460.000 296.000 48496.299 1685307.739 1453086.313 2311520.120 200743669.581 740346562984.945
6826.000 5456.000 44467600.000 1.000 1430.000 460.000 325.000 59700.953 1669765.411 941754.373 722596.076 643792068.106 530697833419.973
6811.000 5167.000 44467610.000 1.000 1440.000 470.000 344.000 63203.600 1631224.590 464360.880 563429.850 833806334.506 787933762375.088
6796.000 4861.000 44467620.000 1.000 1430.000 480.000 344.000 65934.719 1593133.769 140955.418 65875.303 998991318.178 1918809177170.448
6764.000 4543.000 44467630.000 1.000 1440.000 480.000 338.000 65615.401 1513377.351 3299.388 1085947.521 978908026.563 133326241195.540
6720.000 4228.000 44467640.000 1.000 1440.000 480.000 334.000 60351.477 1407056.276 66337.000 694401.674 677226815.838 572571443483.940
6690.000 3937.000 44467650.000 1.000 1430.000 490.000 334.000 56985.497 1336784.635 300917.746 4789646.057 513366924.670 11145982044092.430
6655.000 3663.000 44467660.000 1.000 1420.000 490.000 334.000 33768.599 1257076.053 676604.463 1441268.626 312812.107 96384390.720
6617.000 3487.000 44467671.000 1.000 1420.000 490.000 337.000 26083.696 1173309.306 997121.477 1510941.819 67966818.505 3582697372.693
6598.000 3362.000 44467681.000 1.000 1410.000 500.000 287.000 18759.693 1132508.933 1262386.403 2962311.212 242368916.069 2283801093621.728
6585.000 3272.000 44467691.000 1.000 1400.000 510.000 183.000 33118.933 1105008.888 1472727.149 296538.932 1461589.316 1332979350707.661
6984.000 6134.000 44467871.000 0.000 1400.000 510.000 25.000 58992.422 2103062.724 2717355.418 5016942.859 608338888.084 12715333846387.324
7177.000 6345.000 44467881.000 1.000 1410.000 500.000 51.000 34673.746 2700086.620 3457518.224 751531.714 119612.857 489376452623.328
7317.000 6438.000 44467891.000 1.000 1410.000 500.000 104.000 31030.839 3179780.948 3812023.119 1096020.119 10870578.808 126071908548.472
7457.000 6493.000 44467901.000 1.000 1430.000 500.000 141.000 25718.090 3698675.276 4029816.552 392808.197 74128743.552 1119952291908.755
7578.000 6523.000 44467911.000 1.000 1430.000 500.000 172.000 23814.027 4178729.232 4151162.970 297730.922 110541422.048 1330228353996.598
7687.000 6485.000 44467921.000 1.000 1430.000 500.000 188.000 25257.221 4636244.530 3997761.507 609074.137 82277128.303 708984282630.645
7777.000 6402.000 44467931.000 1.000 1440.000 490.000 220.000 28209.592 5031919.456 3672743.418 632752.632 37433632.604 669669797797.567
7854.000 6289.000 44467941.000 1.000 1440.000 490.000 242.000 31276.740 5383300.336 3252396.910 1580461.205 9309547.335 16737896775.141
7921.000 6153.000 44467951.000 1.000 1450.000 500.000 264.000 38937.725 5698695.336 2780357.149 1199755.804 21250531.872 63166958519.249
7971.000 5971.000 44467961.000 1.000 1460.000 490.000 286.000 44753.313 5939914.739 2206532.880 101000.767 108689338.763 1822730625720.217
8017.000 5759.000 44467971.000 1.000 1460.000 490.000 317.000 44263.731 6166252.590 1621650.194 1540017.122 98720835.388 7908712225.998
8061.000 5549.000 44467981.000 1.000 1460.000 500.000 353.000 51728.671 6386709.665 1130905.268 1095571.416 302787002.545 126390748297.497
8098.000 5301.000 44467991.000 1.000 1460.000 500.000 376.000 57039.245 6575091.023 664942.880 725649.729 515805415.094 526258046225.997
8135.000 5027.000 44468001.000 1.000 1460.000 500.000 399.000 60556.694 6766210.381 293157.597 1160374.372 687949892.676 84513356026.561
8165.000 4735.000 44468011.000 1.000 1450.000 510.000 415.000 54932.000 6923182.023 62220.463 728359.479 424529139.468 522333886118.192
8191.000 4470.000 44468021.000 1.000 1470.000 510.000 431.000 51401.416 7060680.112 242.104 689933.835 291505116.534 579352894173.478
8215.000 4222.000 44468031.000 1.000 1470.000 510.000 443.000 54745.739 7188801.426 69463.716 157358.213 416888350.256 1673732055783.999
8229.000 3957.000 44468041.000 1.000 1460.000 520.000 450.000 55508.503 7264070.859 279375.358 1477079.737 448618151.772 675664941.498
8235.000 3688.000 44468051.000 1.000 1460.000 520.000 466.000 48348.640 7296449.187 636101.477 1067037.857 196581288.053 147493115344.903
8248.000 3454.000 44468061.000 1.000 1450.000 530.000 473.000 43176.377 7366849.232 1064115.418 854390.418 78295632.252 356045833858.235
8259.000 3245.000 44468071.000 1.000 1450.000 530.000 464.000 39034.882 7426682.500 1538988.373 1583823.277 22155725.845 17619136593.098
8268.000 3056.000 44468081.000 1.000 1430.000 530.000 464.000 31357.600 7475816.993 2043640.940 1063992.250 8822652.875 149841711596.136
8268.000 2904.000 44468091.000 1.000 1430.000 530.000 464.000 26200.100 7475816.993 2501331.089 1982794.686 66061052.896 282713934043.321
8268.000 2777.000 44468101.000 1.000 1440.000 540.000 464.000 16588.880 7475816.993 2919176.254 1481265.358 314672656.083 910782710.434
8253.000 2698.000 44468111.000 1.000 1440.000 540.000 465.000 9408.728 7394016.172 3195369.686 121375.986 620964888.065 1768129203302.176
8225.000 2662.000 44468121.000 1.000 1430.000 550.000 474.000 8820.381 7242525.306 3325369.985 1168639.782 650633274.648 79775968438.751
8183.000 2654.000 44468131.000 1.000 1430.000 550.000 461.000 14485.140 7018229.008 3354610.940 1618003.473 393734929.248 27861382291.383
8116.000 2675.000 44468141.000 1.000 1410.000 560.000 407.000 22328.104 6667726.008 3278126.433 3781822.696 143994986.014 5432332701275.947
8031.000 2742.000 44468151.000 1.000 1410.000 560.000 250.000 40659.770 6235978.023 3040000.433 479013.324 40092639.976 944925639765.907
5733.000 3919.000 44468282.000 0.000 1380.000 510.000 334.000 10242.540 39678.262 320989.895 399427.951 580104329.430 1105985033213.320
5692.000 3947.000 44468292.000 1.000 1380.000 510.000 336.000 12178.691 25025.351 290046.552 1237139.015 490587241.470 45773389938.422
5718.000 4000.000 44468302.000 1.000 1380.000 500.000 346.000 18175.487 33927.441 235768.224 4026833.859 260900286.850 6634476099530.629
5757.000 4079.000 44468312.000 1.000 1370.000 500.000 346.000 37694.798 49815.575 165290.791 2269543.434 11336035.259 669872274609.617
5938.000 4104.000 44468322.000 1.000 1370.000 500.000 349.000 48695.978 163372.814 145587.806 1633146.306 206441806.736 33145889030.779
6172.000 4135.000 44468332.000 1.000 1370.000 480.000 351.000 56612.344 407291.620 122892.104 1285940.930 496596663.575 27272954004.263
6440.000 4194.000 44468342.000 1.000 1370.000 480.000 354.000 62845.698 821187.620 85007.060 695532.198 813265083.265 570861821576.749
6735.000 4270.000 44468352.000 1.000 1370.000 480.000 356.000 66217.158 1442867.097 46465.985 217057.307 1016925089.448 1522827262436.676
7039.000 4373.000 44468362.000 1.000 1370.000 480.000 359.000 67269.302 2265609.067 12669.686 788562.977 1085136289.731 438936996144.966
7350.000 4471.000 44468372.000 1.000 1360.000 490.000 361.000 63446.893 3298560.754 211.985 2549231.771 847916039.743 1205923736328.351
7649.000 4543.000 44468382.000 1.000 1370.000 500.000 359.000 51089.977 4474045.784 3299.388 1814710.523 280967390.223 132222661926.689
7890.000 4600.000 44468392.000 1.000 1370.000 500.000 358.000 42293.513 5551650.306 13096.582 2881906.200 63451068.814 2047245926109.141
8092.000 4635.000 44468402.000 1.000 1360.000 500.000 351.000 28324.021 6544356.694 22332.403 1895275.005 36046503.994 197303711160.983
8227.000 4660.000 44468412.000 1.000 1370.000 510.000 339.000 19137.036 7253294.082 30429.418 76343.791 230762199.652 1889916639498.986
8318.000 4678.000 44468422.000 1.000 1370.000 520.000 246.000 18766.974 7751736.396 37033.268 491120.989 242142264.923 921533170295.759
7503.000 4756.000 44468512.000 0.000 1410.000 550.000 417.000 40192.514 3877725.127 73137.955 5680617.179 34393755.052 17888932461085.926
7357.000 4627.000 44468522.000 1.000 1410.000 550.000 431.000 12656.803 3324036.470 20005.358 92698.223 469636232.030 1845217845067.917
7299.000 4647.000 44468532.000 1.000 1410.000 550.000 436.000 13106.140 3115909.963 26062.970 32349.697 450362888.764 2012813211689.112
7269.000 4703.000 44468542.000 1.000 1410.000 550.000 438.000 12949.331 3010898.321 47280.283 3694890.970 457043002.212 5034659930101.159
7293.000 4761.000 44468552.000 1.000 1410.000 550.000 440.000 30859.612 3094763.635 75867.358 2487407.374 12028987.538 1073961614581.452
7367.000 4891.000 44468562.000 1.000 1400.000 540.000 443.000 42916.846 3360600.351 164381.836 1427481.297 73770077.870 557190559.575
7473.000 5070.000 44468572.000 1.000 1400.000 540.000 441.000 49836.290 3760473.485 341570.463 2242102.233 240510312.930 625706394155.675
7607.000 5271.000 44468582.000 1.000 1410.000 530.000 427.000 60704.454 4298133.485 616916.463 12523328.860 695722860.350 122594557937546.125
7788.000 5503.000 44468592.000 1.000 1410.000 530.000 286.000 0.000 5081390.724 1035184.761 0.000 1178404380.767 2105651105360.562
