3327.000 5093.000 31294632.000 0.000 1250.000 530.000 522.000 21211.911 6143479.750 679138.999 1667586.912 61180418.573 81314765242.658
3374.000 4933.000 31294642.000 1.000 1250.000 530.000 546.000 8101.951 5912699.937 441027.350 1478141.974 438138210.967 9160882923.404
3398.000 4992.000 31294652.000 1.000 1250.000 530.000 569.000 19722.564 5796558.926 522872.021 937291.898 86697295.766 198147460324.684
3502.000 5107.000 31294662.000 1.000 1250.000 530.000 583.000 27091.211 5306593.211 702409.768 2185535.263 3773272.310 644978910566.948
3658.000 5252.000 31294672.000 1.000 1250.000 530.000 589.000 44273.092 4612204.640 966483.449 28334.690 232238999.534 1833572680276.446
3965.000 5416.000 31294682.000 1.000 1250.000 530.000 588.000 44050.335 3387824.541 1315835.889 670234.990 225499258.736 507220981052.143
4265.000 5589.000 31294692.000 1.000 1250.000 530.000 592.000 38781.192 2373461.904 1742661.109 2027931.538 95013556.159 416672916429.991
4560.000 5666.000 31294702.000 1.000 1250.000 530.000 577.000 22838.334 1551530.310 1951885.339 993759.286 38382587.923 151064513955.096
4739.000 5680.000 31294712.000 1.000 1270.000 530.000 510.000 15025.761 1137644.937 1991200.109 286672.548 196222418.448 1200683237818.484
4854.000 5653.000 31294722.000 1.000 1280.000 530.000 342.000 12772.046 905550.926 1915729.768 1361638.858 264441464.440 432249655.629
4925.000 5582.000 31294732.000 1.000 1290.000 520.000 1.000 23476.754 775464.102 1724228.724 717689.076 30879674.006 441879794877.770
4219.000 4500.000 31294802.000 0.000 1340.000 500.000 392.000 62972.222 2517313.508 53406.702 8010066.638 1151823121.889 43925574396133.070
4036.000 4040.000 31294812.000 1.000 1350.000 500.000 554.000 0.000 3131499.717 52395.713 126368.621 842955867.139 1577688862933.160
4036.000 4040.000 31294822.000 1.000 1360.000 490.000 566.000 993.464 3131499.717 52395.713 1214509.670 786254961.887 28197060106.699
4030.000 4045.000 31294832.000 1.000 1370.000 480.000 566.000 10541.496 3152770.970 50131.702 931683.778 341961692.501 203171681204.399
4108.000 4073.000 31294842.000 1.000 1380.000 480.000 567.000 17866.054 2881860.684 38377.241 1287591.031 124716367.743 8994330005.950
4240.000 4121.000 31294852.000 1.000 1390.000 480.000 561.000 27988.625 2451117.124 21874.735 238553.678 1092186.487 1308451833481.838
4436.000 4221.000 31294862.000 1.000 1390.000 480.000 492.000 26113.203 1875816.200 2294.515 2102455.728 8529315.949 518437808459.016
4613.000 4325.000 31294872.000 1.000 1390.000 480.000 279.000 9584.463 1422305.244 3147.087 146375.485 378272907.938 1527829460272.728
4687.000 4771.000 31294932.000 0.000 1380.000 480.000 430.000 16488.967 1251275.794 252103.306 1239865.082 157370382.837 20324605468.403
4607.000 4669.000 31294942.000 1.000 1380.000 480.000 530.000 6741.600 1436652.497 160079.131 650321.957 496937823.337 535981414404.441
4554.000 4669.000 31294952.000 1.000 1380.000 480.000 540.000 11854.194 1566513.563 160079.131 10016.237 295135504.184 1883518089262.127
4476.000 4720.000 31294962.000 1.000 1380.000 480.000 548.000 11775.450 1767847.849 203490.219 1551579.749 297847271.199 28611816004.709
4435.000 4637.000 31294972.000 1.000 1380.000 480.000 554.000 23973.404 1878556.409 135496.801 1085157.446 25606618.518 88370657801.485
4399.000 4452.000 31294982.000 1.000 1380.000 480.000 556.000 32504.516 1978535.926 33525.208 194359.819 12046547.992 1411509501815.669
4371.000 4198.000 31294992.000 1.000 1380.000 480.000 548.000 30976.530 2058089.772 5026.966 168610.978 3774579.613 1473355337843.681
4355.000 3955.000 31295002.000 1.000 1380.000 480.000 518.000 29650.972 2104253.113 98533.900 81571.325 381021.927 1692231920188.740
4348.000 3722.000 31295012.000 1.000 1370.000 480.000 420.000 29009.688 2124610.574 299100.812 1905957.168 576.685 274081247846.233
4370.000 3495.000 31295022.000 1.000 1370.000 480.000 186.000 14025.748 2060959.981 598922.911 881355.282 225238691.182 251075344489.850
4105.000 2999.000 31295073.000 0.000 1360.000 490.000 339.000 49363.106 2892055.310 1612648.801 4685457.665 413284656.272 10909995239760.172
3816.000 2740.000 31295083.000 1.000 1360.000 490.000 480.000 12527.747 3958525.651 2337538.570 730520.412 272446559.168 424985423298.106
3720.000 2718.000 31295093.000 1.000 1350.000 500.000 561.000 6784.662 4349745.695 2405294.219 765929.966 495019792.657 380071641643.464
3667.000 2712.000 31295103.000 1.000 1350.000 500.000 569.000 763.200 4573628.761 2423941.032 645432.898 799221298.244 543163950978.613
3673.000 2712.000 31295113.000 1.000 1350.000 500.000 594.000 5837.358 4548001.508 2423941.032 1994942.981 538070387.202 375172797967.092
3718.000 2703.000 31295123.000 1.000 1350.000 500.000 645.000 21520.872 4358092.113 2452046.252 2077209.835 56442618.572 482719751970.567
3879.000 2755.000 31295133.000 1.000 1360.000 500.000 650.000 37851.138 3711804.497 2291896.537 1623569.861 77747172.963 58148686915.583
4161.000 2850.000 31295143.000 1.000 1360.000 500.000 652.000 50615.052 2704723.618 2013280.328 502482.994 465754656.439 774305805208.276
4524.000 3013.000 31295153.000 1.000 1360.000 500.000 640.000 54565.390 1642509.827 1577287.570 1323492.850 651867078.662 3473525484.013
4927.000 3160.000 31295163.000 1.000 1360.000 500.000 572.000 44160.572 771945.684 1229661.647 2097531.180 228822188.018 511370451920.109
5246.000 3297.000 31295173.000 1.000 1360.000 500.000 389.000 27670.547 313157.080 944591.746 116021.933 1858192.273 1603788056366.859
6567.000 4742.000 31295263.000 0.000 1410.000 510.000 505.000 35879.646 579723.266 223822.570 3522205.778 46866945.640 4578642637132.462
6785.000 4921.000 31295273.000 1.000 1420.000 520.000 585.000 8189.349 959215.750 425232.977 516459.475 434487062.983 749904036750.957
6778.000 4985.000 31295283.000 1.000 1430.000 510.000 616.000 12249.565 945553.211 512797.636 350322.156 281707263.688 1065245512988.327
6753.000 5078.000 31295293.000 1.000 1440.000 510.000 617.000 15003.670 897558.431 654641.032 2641377.833 196841805.321 1584950974142.780
6716.000 4966.000 31295303.000 1.000 1450.000 510.000 616.000 35769.219 828820.157 485946.878 1803560.532 45367185.704 177351369187.664
6690.000 4686.000 31295313.000 1.000 1450.000 510.000 630.000 49948.154 782155.585 173971.493 561465.506 437414291.429 673981834462.823
6667.000 4294.000 31295323.000 1.000 1450.000 510.000 630.000 54362.191 742002.387 629.955 1469158.601 641532341.663 7521941712.261
6622.000 3869.000 31295333.000 1.000 1460.000 500.000 627.000 42812.202 666501.783 159920.889 1109514.974 189847054.982 74482323548.489
6561.000 3538.000 31295343.000 1.000 1460.000 500.000 617.000 34089.600 570622.519 534216.416 2291126.782 25562101.920 825730800102.810
6561.000 3270.000 31295353.000 1.000 1480.000 500.000 592.000 16077.597 570622.519 997803.405 1110273.214 167860663.605 74069029097.543
6571.000 3144.000 31295363.000 1.000 1480.000 500.000 515.000 7349.034 585830.431 1265402.482 1510708.990 470224837.708 16455634583.249
6594.000 3091.000 31295373.000 1.000 1480.000 500.000 374.000 19225.677 621567.629 1387450.999 1610525.967 96197359.574 52028010755.564
6454.000 3987.000 31295433.000 0.000 1450.000 510.000 247.000 95193.883 420416.860 79468.230 5103164.911 4377169515.055 13843872202532.932
6600.000 4721.000 31295443.000 1.000 1440.000 510.000 374.000 55074.662 631064.376 204393.416 330258.900 678131583.986 1107062913854.662
6730.000 5134.000 31295453.000 1.000 1440.000 510.000 483.000 52478.287 854507.233 748396.109 183895.202 549648553.456 1436484397813.211
6893.000 5513.000 31295463.000 1.000 1440.000 510.000 554.000 51032.570 1182429.200 1547782.076 1821083.222 483950181.678 192417111858.821
7078.000 5869.000 31295473.000 1.000 1460.000 520.000 616.000 36715.878 1618990.574 2560316.493 1595579.119 59015824.043 45432771758.571
7247.000 6103.000 31295483.000 1.000 1460.000 520.000 647.000 24172.017 2077621.288 3363918.779 1262538.482 23635983.604 14373849628.103
7411.000 6199.000 31295493.000 1.000 1470.000 510.000 662.000 14246.400 2577295.047 3725281.768 561887.683 218664308.239 673288828487.185
7523.000 6199.000 31295503.000 1.000 1480.000 510.000 688.000 18663.756 2949447.662 3725281.768 2618833.922 107535785.513 1528695962485.247
7603.000 6076.000 31295513.000 1.000 1490.000 510.000 721.000 39252.073 3230630.959 3265606.438 1858109.362 104415100.504 226271357175.414
7656.000 5772.000 31295523.000 1.000 1490.000 510.000 757.000 53859.851 3423963.893 2259306.306 2193557.513 616337661.075 657928697916.013
7675.000 5349.000 31295533.000 1.000 1500.000 500.000 773.000 71104.800 3494639.926 1166613.636 519167.309 1769977264.734 745221563110.943
7675.000 4790.000 31295543.000 1.000 1500.000 500.000 785.000 67023.296 3494639.926 271544.065 352942.222 1443209232.246 1059843999156.998
7644.000 4264.000 31295553.000 1.000 1510.000 500.000 800.000 64248.593 3379698.398 24.021 2719814.950 1240088529.567 1788599915148.669
7634.000 3759.000 31295563.000 1.000 1520.000 490.000 827.000 42866.400 3343030.486 259999.131 1199892.737 191343526.663 33319659845.109
7634.000 3422.000 31295573.000 1.000 1520.000 490.000 818.000 33433.281 3343030.486 717241.471 761990.201 19356293.057 384944889748.993
7613.000 3160.000 31295583.000 1.000 1530.000 500.000 817.000 27442.792 3266678.871 1229661.647 1093812.134 2530995.467 83299968143.084
7568.000 2949.000 31295593.000 1.000 1530.000 500.000 820.000 18843.640 3106038.266 1742138.911 969229.274 103837368.939 170734404126.712
7507.000 2814.000 31295603.000 1.000 1530.000 500.000 767.000 11223.913 2894747.003 2116737.208 384489.730 317188593.619 995883729869.328
7452.000 2745.000 31295613.000 1.000 1540.000 500.000 631.000 8201.195 2710618.486 2322274.559 2971283.880 433993358.894 2524458327900.436
7393.000 2719.000 31295623.000 1.000 1530.000 510.000 171.000 31560.345 2519824.805 2402193.416 47755.804 6383923.517 1781353801665.917
5918.000 3636.000 31295693.000 0.000 1500.000 520.000 610.000 34188.416 12632.772 400563.801 3154304.201 26571073.703 3139540053126.998
5678.000 3515.000 31295703.000 1.000 1500.000 520.000 581.000 9390.427 16282.882 568366.867 593318.549 385858263.087 622696049751.783
5605.000 3504.000 31295713.000 1.000 1490.000 520.000 641.000 14054.881 40242.124 585073.691 1153658.844 224365086.451 52336000512.050
5565.000 3607.000 31295723.000 1.000 1490.000 510.000 667.000 23124.526 57890.475 438113.065 1735233.780 34918364.116 124470879316.892
5720.000 3702.000 31295733.000 1.000 1480.000 500.000 685.000 36766.301 7328.113 321376.856 3517165.606 59793083.216 4557098359224.815
5995.000 3791.000 31295743.000 1.000 1480.000 500.000 731.000 64416.974 35870.695 228389.460 414231.125 1251975918.762 937408040303.882
6487.000 3911.000 31295753.000 1.000 1480.000 500.000 742.000 67673.508 464299.970 128093.197 238885.162 1493034587.336 1307693590315.683
7006.000 4028.000 31295763.000 1.000 1470.000 490.000 750.000 69551.536 1440949.607 58033.339 1104500.369 1641694850.680 77244586630.343
7543.000 4131.000 31295773.000 1.000 1480.000 500.000 760.000 60868.357 3018543.486 19016.713 3884755.416 1013445242.177 6261635126990.701
8012.000 4226.000 31295783.000 1.000 1480.000 500.000 763.000 30327.827 4868181.563 1840.504 1783477.676 1674758.833 160839661446.842
8268.000 4283.000 31295794.000 1.000 1480.000 500.000 748.000 14904.671 6063392.113 198.779 1609623.526 199629524.452 51617137898.325
8381.000 4314.000 31295804.000 1.000 1510.000 490.000 707.000 2250.398 6632662.519 2033.911 952432.133 717345387.284 184897712066.858
8393.000 4327.000 31295814.000 1.000 1500.000 500.000 564.000 9738.072 6694616.014 3375.482 2656605.326 372321347.275 1623524105376.416
8323.000 4358.000 31295824.000 1.000 1500.000 500.000 267.000 30623.334 6337280.629 7938.614 40101.899 2526929.057 1801843314858.665
7517.000 4885.000 31295864.000 0.000 1540.000 520.000 327.000 29362.268 2928874.915 379577.856 1707229.555 107955.443 105495093524.191
7291.000 4838.000 31295874.000 1.000 1540.000 520.000 364.000 15940.652 2206400.102 323873.559 528416.148 171427965.209 729338758601.853
7207.000 4745.000 31295884.000 1.000 1550.000 520.000 391.000 11786.437 1963909.640 226670.164 719056.130 297468159.078 440064191678.129
7126.000 4700.000 31295894.000 1.000 1550.000 520.000 402.000 17439.394 1743444.552 185846.263 2218290.917 134427984.115 698664354227.105
7097.000 4566.000 31295904.000 1.000 1550.000 520.000 316.000 0.000 1667702.607 88267.757 0.000 842955867.139 1911111246725.268
