2931.000 5286.000 65355376.000 0.000 1160.000 500.000 337.000 10342.310 2344321.249 890400.387 1552322.431 44583931.985 703473161145.167
2877.000 5255.000 65355386.000 1.000 1160.000 500.000 339.000 996.600 2512597.955 832857.549 165535.260 256731082.387 300363298646.490
2871.000 5255.000 65355396.000 1.000 1160.000 490.000 348.000 0.000 2531655.367 832857.549 1462228.130 289660998.776 560460005051.642
2871.000 5255.000 65355406.000 1.000 1170.000 490.000 377.000 8803.300 2531655.367 832857.549 1407049.710 67504792.781 480887254340.062
2871.000 5202.000 65355416.000 1.000 1170.000 490.000 449.000 17274.400 2531655.367 738929.858 882854.720 65009.682 28650761441.271
2871.000 5098.000 65355426.000 1.000 1180.000 490.000 515.000 22589.600 2531655.367 570946.917 2265414.978 31026793.419 2408162742679.168
2871.000 4962.000 65355436.000 1.000 1190.000 490.000 577.000 36228.462 2531655.367 383916.917 163974.917 368986908.965 302076038079.915
2864.000 4744.000 65355446.000 1.000 1190.000 490.000 622.000 37215.668 2553980.014 161290.828 1330042.096 407888027.868 380013973337.664
2859.000 4520.000 65355456.000 1.000 1200.000 500.000 655.000 45223.146 2569986.190 31545.417 806021.843 795449594.135 8543763556.049
2847.000 4248.000 65355466.000 1.000 1200.000 500.000 667.000 50075.776 2608605.014 8909.417 1475462.314 1092722008.441 580450395090.030
2830.000 3947.000 65355476.000 1.000 1200.000 510.000 684.000 41192.800 2663808.014 156333.020 2317493.640 584351815.379 2572508933198.983
2830.000 3699.000 65355486.000 1.000 1200.000 510.000 687.000 27240.400 2663808.014 413950.314 1532250.243 104468226.989 670205638188.048
2830.000 3535.000 65355496.000 1.000 1200.000 520.000 690.000 18015.534 2663808.014 651878.137 1119156.055 992223.106 164484342524.634
2840.000 3427.000 65355506.000 1.000 1180.000 530.000 685.000 11277.689 2631265.661 837938.314 1114144.817 32967590.133 160444672583.272
2851.000 3360.000 65355516.000 1.000 1180.000 540.000 681.000 4570.014 2595700.073 965089.534 759079.325 154987959.656 2069336739.762
2860.000 3334.000 65355526.000 1.000 1170.000 550.000 667.000 0.000 2566780.955 1016849.799 1143205.840 289660998.776 184570318225.985
2860.000 3334.000 65355536.000 1.000 1160.000 550.000 647.000 6882.636 2566780.955 1016849.799 3671986.819 102754593.344 8752115513975.616
2854.000 3375.000 65355546.000 1.000 1150.000 550.000 551.000 28989.721 2586042.367 935842.843 969390.566 143287865.745 65434256001.706
2812.000 4596.000 65355616.000 0.000 1120.000 560.000 68.000 69843.026 2722888.249 64318.181 7443643.769 2790332290.487 45293632322070.852
2891.000 5009.000 65355626.000 1.000 1120.000 560.000 61.000 25028.795 2468410.661 444369.284 1077901.797 64149927.114 132723550343.847
2932.000 5154.000 65355636.000 1.000 1120.000 560.000 78.000 18539.320 2341260.014 658711.270 519078.612 2310065.500 37834431839.818
2975.000 5257.000 65355646.000 1.000 1120.000 550.000 144.000 15414.223 2211518.896 836511.990 411402.626 2576689.631 91316823374.338
3031.000 5331.000 65355656.000 1.000 1140.000 550.000 200.000 17891.060 2048097.720 977350.314 71555.382 759738.793 412207631389.666
3102.000 5412.000 65355666.000 1.000 1140.000 550.000 256.000 17460.263 1849920.014 1144066.181 614071.036 194333.701 9903897196.671
3183.000 5479.000 65355676.000 1.000 1150.000 540.000 284.000 13763.267 1636141.955 1291882.961 23763.429 10602597.722 475859817748.020
3262.000 5504.000 65355686.000 1.000 1170.000 540.000 307.000 13620.200 1440282.367 1349338.475 280835.402 11554764.843 187275989838.405
3344.000 5504.000 65355696.000 1.000 1180.000 540.000 342.000 15310.961 1250187.073 1349338.475 426760.896 2918866.450 82270568869.951
3433.000 5480.000 65355706.000 1.000 1180.000 530.000 372.000 17880.262 1059083.131 1294157.181 106873.059 741031.669 368104672245.687
3521.000 5418.000 65355716.000 1.000 1200.000 520.000 389.000 18523.688 885702.426 1156937.505 225863.943 2262792.020 237876084274.174
3592.000 5332.000 65355726.000 1.000 1200.000 520.000 443.000 19883.495 757104.720 979328.534 197789.721 8202868.114 266049269587.461
3653.000 5229.000 65355736.000 1.000 1210.000 520.000 469.000 18692.708 654671.367 786077.814 2818.053 2799859.142 505195853603.501
3681.000 5120.000 65355746.000 1.000 1220.000 530.000 491.000 18709.674 610144.779 604677.770 894565.767 2856924.655 32752459190.677
3669.000 5008.000 65355756.000 1.000 1220.000 530.000 519.000 24095.380 629035.602 443037.064 291493.042 50069067.882 178165303301.677
3631.000 4868.000 65355766.000 1.000 1230.000 520.000 532.000 25850.305 690756.543 276266.181 145298.799 77984352.616 322954163919.642
3561.000 4729.000 65355776.000 1.000 1230.000 520.000 544.000 26725.072 812013.014 149467.520 165555.856 94199485.919 300340723626.118
3469.000 4597.000 65355786.000 1.000 1220.000 530.000 540.000 25728.348 986282.661 64826.402 196151.809 75845252.090 267741621186.144
3362.000 4485.000 65355796.000 1.000 1220.000 530.000 548.000 24547.422 1210258.837 20337.696 722655.755 56670662.999 82199483.230
3257.000 4381.000 65355806.000 1.000 1220.000 530.000 550.000 20196.695 1452308.543 1490.755 568160.830 10095012.647 21149457900.427
3153.000 4318.000 65355816.000 1.000 1210.000 530.000 550.000 16776.100 1713789.014 594.858 562197.009 59209.507 22919644526.839
3054.000 4298.000 65355826.000 1.000 1210.000 530.000 557.000 13391.410 1982795.308 1970.446 4624.556 13162529.387 502631096052.784
2974.000 4308.000 65355836.000 1.000 1210.000 530.000 562.000 13363.568 2214494.131 1182.652 693528.957 13365327.232 402419846.109
2906.000 4351.000 65355846.000 1.000 1210.000 530.000 580.000 9188.198 2421502.131 74.137 978529.483 61328195.214 70193267750.560
2870.000 4393.000 65355856.000 1.000 1190.000 530.000 585.000 3296.991 2534838.602 2561.402 382094.945 188305333.118 109888548458.296
2855.000 4406.000 65355866.000 1.000 1190.000 530.000 595.000 996.600 2582827.131 4046.270 386248.940 256731082.387 107151751831.814
2855.000 4400.000 65355876.000 1.000 1190.000 530.000 591.000 3322.000 2582827.131 3318.946 1495402.120 187619589.612 611231188675.042
2875.000 4400.000 65355886.000 1.000 1180.000 540.000 603.000 12325.023 2518942.426 3318.946 926950.948 22037457.427 45523166408.674
2934.000 4355.000 65355896.000 1.000 1180.000 540.000 614.000 17905.703 2335143.543 159.020 1257907.191 785479.765 296281899039.315
3020.000 4290.000 65355906.000 1.000 1180.000 540.000 630.000 25478.895 2079703.308 2744.681 455929.883 71562547.464 66388407084.450
3149.000 4207.000 65355916.000 1.000 1180.000 540.000 653.000 28223.807 1724277.955 18330.372 391588.058 125538063.134 103684839735.083
3281.000 4100.000 65355926.000 1.000 1170.000 540.000 679.000 30581.351 1395038.896 58752.770 49163.441 183925700.213 441461804408.760
3418.000 3977.000 65355936.000 1.000 1170.000 540.000 705.000 30285.364 1090181.661 133509.637 218790.076 175985003.917 244826333360.622
3557.000 3859.000 65355946.000 1.000 1170.000 540.000 725.000 28968.145 819237.955 233665.608 756370.401 142771789.273 1830217303.582
3697.000 3755.000 65355956.000 1.000 1170.000 540.000 757.000 24414.440 585405.014 345026.667 863821.487 54686172.356 22569691401.899
3810.000 3661.000 65355966.000 1.000 1170.000 540.000 765.000 19213.829 425257.426 464291.931 726077.581 4815386.810 155955615.445
3905.000 3595.000 65355976.000 1.000 1150.000 540.000 777.000 14842.501 310380.073 558591.372 689957.143 4739020.031 558481771.736
3981.000 3548.000 65355986.000 1.000 1150.000 540.000 782.000 10688.635 231474.190 631055.005 612373.494 40078965.798 10244651921.597
4035.000 3513.000 65355996.000 1.000 1150.000 540.000 782.000 7001.859 182429.484 687887.284 721581.420 100351729.477 63872992.133
4074.000 3497.000 65356006.000 1.000 1140.000 550.000 779.000 2657.600 150635.308 714683.755 441427.360 206262162.005 74072155296.627
4090.000 3497.000 65356016.000 1.000 1140.000 550.000 773.000 0.000 138471.543 714683.755 965622.350 289660998.776 63520627073.565
4090.000 3497.000 65356026.000 1.000 1140.000 550.000 750.000 5813.500 138471.543 714683.755 3132055.182 125572867.989 5848976922828.363
4090.000 3532.000 65356036.000 1.000 1140.000 550.000 624.000 24669.943 138471.543 656731.475 46594.281 58530348.601 444882437989.918
4242.000 4875.000 65356127.000 0.000 1140.000 530.000 208.000 27222.670 48451.779 283673.725 3778823.335 104106105.747 9395659309639.057
4348.000 5000.000 65356137.000 1.000 1140.000 530.000 225.000 4472.379 13022.837 432451.299 101153.571 157428489.719 375077598016.738
4358.000 5025.000 65356147.000 1.000 1150.000 520.000 257.000 3863.387 10840.484 465956.814 368589.354 173081468.385 119025005474.338
4368.000 5046.000 65356157.000 1.000 1160.000 520.000 358.000 1644.306 8858.131 495067.446 637324.703 236394439.146 5816298202.292
4375.000 5039.000 65356167.000 1.000 1170.000 520.000 430.000 5481.300 7589.484 485265.902 469016.570 133128444.745 59815850554.305
4375.000 5006.000 65356177.000 1.000 1170.000 520.000 435.000 8305.000 7589.484 440378.622 1110609.047 75941290.866 157624630330.046
4375.000 4956.000 65356187.000 1.000 1190.000 510.000 425.000 14991.388 7589.484 376517.593 292066.586 4112954.503 177681450630.957
4360.000 4867.000 65356197.000 1.000 1200.000 510.000 402.000 16749.766 10428.014 275215.961 1252122.925 72718.693 290018398548.751
4347.000 4767.000 65356207.000 1.000 1200.000 510.000 122.000 9211.398 13252.073 180293.902 287994.617 60965364.287 181130886915.286
4313.000 4436.000 65356267.000 0.000 1210.000 520.000 137.000 19614.575 22236.073 8762.887 940487.268 6734777.380 51482659777.215
4329.000 4319.000 65356277.000 1.000 1200.000 520.000 251.000 13952.400 17720.308 547.078 232830.011 9406673.246 231129553510.311
4329.000 4235.000 65356287.000 1.000 1200.000 520.000 353.000 15354.146 17720.308 11532.549 12116.331 2773170.923 492064413127.485
4320.000 4143.000 65356297.000 1.000 1200.000 520.000 485.000 15281.200 20197.426 39756.255 12475.771 3021443.661 491560267392.121
4320.000 4051.000 65356307.000 1.000 1180.000 530.000 620.000 15206.090 20197.426 84907.961 823944.033 3288202.089 12178153426.124
4330.000 3960.000 65356317.000 1.000 1180.000 530.000 681.000 20166.620 17455.073 146221.887 14172.150 9904804.665 489184436349.283
4340.000 3839.000 65356327.000 1.000 1180.000 530.000 746.000 20251.943 14912.720 253401.196 284095.945 10449140.057 184464595189.491
4355.000 3718.000 65356337.000 1.000 1170.000 530.000 784.000 18541.552 11474.190 389862.505 200939.641 2316855.271 262809736373.527
4374.000 3608.000 65356347.000 1.000 1170.000 530.000 794.000 17331.801 7764.720 539328.240 749968.906 97575.619 1323471226.463
4396.000 3506.000 65356357.000 1.000 1160.000 530.000 794.000 12816.636 4371.543 699547.740 682315.878 17663477.715 978030797.359
4421.000 3433.000 65356367.000 1.000 1160.000 530.000 794.000 8708.774 1690.661 826989.637 548287.795 69067003.761 27324608030.777
4451.000 3390.000 65356377.000 1.000 1140.000 530.000 787.000 5407.824 123.602 907046.152 343017.429 134829394.753 137323557478.310
4473.000 3366.000 65356387.000 1.000 1140.000 530.000 793.000 3342.698 118.426 953336.858 1059394.936 187052999.205 119581495055.238
4491.000 3375.000 65356397.000 1.000 1130.000 540.000 749.000 9720.753 834.190 935842.843 1548240.025 53270686.487 696641729356.808
4511.000 3430.000 65356407.000 1.000 1130.000 540.000 485.000 19041.885 2389.484 832454.975 28823.026 4090324.078 468904934828.234
5501.000 4544.000 65356537.000 0.000 1140.000 530.000 56.000 21297.751 1079276.543 40646.711 3040184.940 18304030.264 5413046983877.085
5576.000 4648.000 65356547.000 1.000 1160.000 530.000 179.000 2994.410 1240733.896 93397.652 478054.403 196701187.032 55476716879.958
5561.000 4658.000 65356557.000 1.000 1160.000 530.000 287.000 5872.522 1207542.426 99609.858 85952.265 124253558.780 393928325447.518
5526.000 4663.000 65356567.000 1.000 1170.000 540.000 376.000 6389.995 1131845.661 102790.961 592364.257 112984889.201 14695526066.217
5488.000 4657.000 65356577.000 1.000 1180.000 540.000 463.000 9956.306 1052434.602 98979.637 473491.304 49887721.159 57647077423.594
5435.000 4629.000 65356587.000 1.000 1180.000 540.000 538.000 12806.946 946500.073 82145.461 487198.706 17745021.760 51252729094.147
5371.000 4586.000 65356597.000 1.000 1180.000 540.000 580.000 15740.111 826067.131 59345.975 359704.831 1636657.198 125234261234.252
5303.000 4520.000 65356607.000 1.000 1180.000 540.000 616.000 17905.703 707083.131 31545.417 215251.814 785479.765 248340311680.696
5238.000 4434.000 65356617.000 1.000 1190.000 530.000 667.000 19201.620 601993.426 8392.446 203119.870 4761953.036 260579102195.176
5180.000 4334.000 65356627.000 1.000 1190.000 530.000 679.000 17978.743 515355.073 70.387 508610.658 920281.361 42016269066.390
5150.000 4230.000 65356637.000 1.000 1200.000 540.000 694.000 14916.668 473182.131 12631.446 280718.800 4421608.183 187376923388.904
5138.000 4141.000 65356647.000 1.000 1200.000 540.000 694.000 13226.609 456816.955 40557.814 92007.773 14385491.417 386363671701.497
5148.000 4062.000 65356657.000 1.000 1200.000 540.000 700.000 12672.679 470434.602 78618.387 89219.618 18894244.576 389837577139.989
5162.000 3987.000 65356667.000 1.000 1200.000 540.000 710.000 12135.535 489835.308 126301.843 73976.788 23852430.730 409104244734.251
5199.000 3924.000 65356677.000 1.000 1200.000 540.000 713.000 12580.910 542995.602 175049.946 101351.064 19700460.117 374835733456.905
5250.000 3868.000 65356687.000 1.000 1200.000 540.000 721.000 11970.729 620758.602 225045.593 161674.099 25489382.159 304610457459.312
5313.000 3833.000 65356697.000 1.000 1200.000 540.000 730.000 12944.083 724000.779 259477.872 195070.664 16608453.470 268861640106.988
5390.000 3821.000 65356707.000 1.000 1200.000 540.000 727.000 14118.500 860965.661 271847.225 391816.778 8415395.078 103537595771.450
5475.000 3821.000 65356717.000 1.000 1200.000 540.000 737.000 16477.421 1025930.661 271847.225 457020.662 293773.796 65827497785.732
5571.000 3846.000 65356727.000 1.000 1200.000 540.000 740.000 19228.900 1229620.073 246402.740 352661.693 4881757.518 130268782202.004
5680.000 3885.000 65356737.000 1.000 1200.000 540.000 743.000 21352.089 1483237.426 209205.343 518045.636 18771933.692 38237348752.082
5798.000 3936.000 65356747.000 1.000 1210.000 550.000 749.000 18233.211 1784581.661 165152.593 1005.071 1473264.227 507776371685.660
5893.000 3991.000 65356757.000 1.000 1210.000 550.000 751.000 18239.262 2047424.308 123474.725 17786.486 1487990.019 484141642157.780
5980.000 4058.000 65356767.000 1.000 1230.000 550.000 757.000 18346.345 2303966.837 80877.505 241463.390 1760703.320 222902933374.458
6062.000 4132.000 65356777.000 1.000 1230.000 550.000 758.000 19800.068 2559623.543 44263.828 67344.913 7731947.483 417631887777.781
6139.000 4223.000 65356787.000 1.000 1230.000 550.000 755.000 19394.620 2811934.426 14253.902 8161.988 5641527.361 497627779895.171
6204.000 4320.000 65356797.000 1.000 1240.000 550.000 754.000 19345.481 3034154.131 501.299 1028852.966 5410513.084 99391140048.795
6262.000 4421.000 65356807.000 1.000 1240.000 550.000 752.000 13151.303 3239576.484 6179.578 1073644.488 14962406.773 129639693806.530
6299.000 4491.000 65356817.000 1.000 1240.000 550.000 758.000 6687.459 3374136.779 22085.020 567342.455 106749625.505 21388157787.710
6309.000 4530.000 65356827.000 1.000 1240.000 550.000 760.000 3271.791 3410974.426 35197.622 233474.645 188997579.085 230510141416.446
6301.000 4548.000 65356837.000 1.000 1240.000 550.000 761.000 4677.418 3381488.308 42275.593 354238.480 152325261.116 129133056346.617
6274.000 4556.000 65356847.000 1.000 1220.000 560.000 758.000 6810.100 3282917.661 45629.358 335488.448 104230419.800 142960301117.593
6233.000 4556.000 65356857.000 1.000 1220.000 560.000 758.000 8829.898 3136024.308 45629.358 79334.675 67068434.981 402279007897.523
6182.000 4541.000 65356867.000 1.000 1220.000 560.000 760.000 9307.530 2957995.308 39446.049 369433.806 59473402.177 118443046680.119
6136.000 4509.000 65356877.000 1.000 1220.000 560.000 761.000 11531.695 2801882.131 27758.990 199995.695 30115235.834 263778454714.531
6090.000 4457.000 65356887.000 1.000 1230.000 560.000 763.000 10327.627 2650000.955 13135.520 84869.625 44780227.883 395288507610.136
6061.000 4402.000 65356897.000 1.000 1230.000 560.000 750.000 10838.582 2556424.779 3553.387 23314.460 38202882.454 476479440239.750
6044.000 4339.000 65356907.000 1.000 1230.000 560.000 754.000 10978.946 2502351.779 11.490 261893.192 36487447.398 204029429932.886
6056.000 4274.000 65356917.000 1.000 1230.000 560.000 763.000 12555.666 2540460.955 4677.152 27196.217 19925189.376 471135549412.145
6091.000 4207.000 65356927.000 1.000 1220.000 560.000 784.000 12719.400 2653257.720 18330.372 899463.225 18490258.317 34549092971.144
6141.000 4149.000 65356937.000 1.000 1220.000 560.000 796.000 18134.591 2818645.955 37399.578 610865.472 1243583.974 10552197563.136
6237.000 4097.000 65356947.000 1.000 1220.000 560.000 829.000 21812.288 3150207.367 60216.108 453652.320 22971487.456 67567265769.306
6363.000 4060.000 65356957.000 1.000 1220.000 560.000 849.000 24543.488 3613353.720 79743.946 585903.133 56611448.234 16303773059.341
6510.000 4045.000 65356967.000 1.000 1220.000 560.000 861.000 28070.900 4193822.131 88440.637 542506.518 122134988.348 29269339488.485
6679.000 4045.000 65356977.000 1.000 1240.000 550.000 873.000 31337.044 4914567.367 88440.637 513608.607 204994069.600 39992302343.902
6866.000 4070.000 65356987.000 1.000 1240.000 550.000 882.000 34429.209 5778650.367 74196.152 739776.844 303100403.549 685784216.966
7065.000 4128.000 65356997.000 1.000 1250.000 560.000 885.000 38883.013 6774996.543 45962.946 512654.030 478016259.990 40375007619.356
7285.000 4208.000 65357007.000 1.000 1250.000 560.000 882.000 41969.431 7968664.779 18060.593 12381.758 622502548.065 491692103814.614
7511.000 4321.000 65357017.000 1.000 1250.000 560.000 872.000 42043.975 9295683.602 457.520 24621.667 626227850.617 474676484662.426
7737.000 4435.000 65357027.000 1.000 1250.000 560.000 855.000 41895.741 10724854.426 8576.667 6958882.580 618830847.140 39003687379623.375
7962.000 4549.000 65357037.000 1.000 1260.000 570.000 606.000 0.000 12249176.484 42687.814 0.000 289660998.776 509209777465.122
