2572.000 5275.000 66179968.000 0.000 1020.000 580.000 369.000 8933.483 4458725.091 2199635.408 128111.029 160128482.622 943631264227.848
2586.000 5234.000 66179978.000 1.000 1030.000 580.000 382.000 8312.188 4399797.149 2079700.831 1246270.326 176238457.992 21536281304.636
2546.000 5229.000 66179988.000 1.000 1050.000 580.000 387.000 2268.200 4569202.696 2065304.663 6315021.196 373241972.976 27201474871109.125
2546.000 5240.000 66179998.000 1.000 1080.000 580.000 389.000 32893.909 4569202.696 2097042.233 5990370.224 127831009.955 23920436680726.594
2524.000 5082.000 66180008.000 1.000 1090.000 570.000 425.000 61945.171 4663739.748 1664401.328 3859443.338 1628727778.559 7617188550598.384
2486.000 4784.000 66180018.000 1.000 1130.000 570.000 443.000 80662.161 4829311.018 984295.722 1014459.048 3489795328.227 7235004380.918
2474.000 4393.000 66180028.000 1.000 1140.000 570.000 465.000 85581.943 4882196.682 361341.393 4353.294 4095266804.902 1199385463729.663
2468.000 3978.000 66180038.000 1.000 1170.000 560.000 468.000 85603.055 4908747.514 34639.459 58843.500 4097969344.744 1083003158822.801
2479.000 3563.000 66180048.000 1.000 1180.000 560.000 480.000 85888.426 4860125.988 52387.525 9461616.081 4134587049.451 69924686374316.617
2500.000 3147.000 66180058.000 1.000 1210.000 550.000 494.000 40002.800 4767975.076 415874.357 3816654.570 339116963.451 7382831808764.300
2500.000 2953.000 66180068.000 1.000 1240.000 540.000 504.000 21493.321 4767975.076 703725.043 2513403.349 8901.987 1999072128097.786
2507.000 2849.000 66180078.000 1.000 1260.000 540.000 509.000 9304.168 4737454.105 889028.751 90226.522 150884454.379 1018669039159.864
2517.000 2805.000 66180088.000 1.000 1280.000 540.000 509.000 8866.600 4694022.718 973938.473 1115553.960 161825656.115 257155959.856
2517.000 2762.000 66180098.000 1.000 1300.000 530.000 488.000 3456.542 4694022.718 1060659.430 4206328.443 328737851.255 9652271893372.076
2522.000 2746.000 66180108.000 1.000 1310.000 520.000 358.000 23855.807 4672382.025 1093871.692 318066.514 5144439.358 610666232643.295
2427.000 4247.000 66180238.000 0.000 1350.000 520.000 279.000 43908.497 5092105.200 207131.291 1367966.885 498219258.007 72064869927.535
2527.000 4435.000 66180248.000 1.000 1360.000 510.000 277.000 37274.322 4650791.331 413599.203 1027382.015 246071008.833 5203582578.059
2576.000 4609.000 66180258.000 1.000 1360.000 510.000 274.000 32291.868 4441848.536 667679.846 774851.349 114579826.070 105408354365.658
2630.000 4756.000 66180268.000 1.000 1370.000 510.000 276.000 36049.634 4217147.047 929521.182 65956.782 209148363.891 1068248536976.893
2748.000 4885.000 66180278.000 1.000 1370.000 510.000 282.000 35729.766 3746428.682 1194904.313 168008.667 199998841.286 867709408206.036
2868.000 5010.000 66180288.000 1.000 1400.000 510.000 302.000 36544.551 3296292.039 1483808.510 241785.996 223708249.072 735703979583.626
3015.000 5109.000 66180298.000 1.000 1410.000 500.000 327.000 37717.131 2784123.653 1734796.634 1479230.755 260159468.825 144181869763.388
3178.000 5192.000 66180308.000 1.000 1410.000 500.000 351.000 30543.364 2266739.047 1960327.021 1291687.113 80204430.965 36929015287.266
3324.000 5217.000 66180318.000 1.000 1420.000 490.000 371.000 24279.120 1848428.799 2030957.860 224968.943 7243895.873 764835837858.401
3434.000 5175.000 66180328.000 1.000 1420.000 490.000 404.000 25370.143 1561423.543 1913012.050 990331.793 14307091.836 11921600926.504
3521.000 5088.000 66180338.000 1.000 1420.000 490.000 440.000 30172.916 1351567.477 1679918.729 1309991.693 73706425.819 44299227246.182
3575.000 4952.000 66180348.000 1.000 1430.000 490.000 468.000 36525.931 1228925.988 1345870.963 1244163.168 223151601.578 20922260225.367
3582.000 4775.000 66180358.000 1.000 1430.000 490.000 478.000 42559.700 1213455.018 966518.619 107288.128 439825985.987 984519874684.724
3558.000 4570.000 66180368.000 1.000 1430.000 490.000 480.000 43080.011 1266906.346 605465.736 86403.986 461920663.929 1026399756018.842
3478.000 4377.000 66180378.000 1.000 1430.000 490.000 490.000 42660.981 1453397.441 342361.656 1730825.479 444084379.897 398549288416.719
3376.000 4197.000 66180388.000 1.000 1430.000 490.000 498.000 34267.065 1709737.587 164119.612 602506.502 160767023.508 247020306821.346
3260.000 4078.000 66180398.000 1.000 1430.000 490.000 488.000 31345.113 2026549.675 81862.817 1022188.043 95207667.688 5979903217.436
3132.000 3996.000 66180408.000 1.000 1430.000 490.000 496.000 26387.848 2407367.426 41663.663 175710.143 23041695.938 853420729290.326
3002.000 3942.000 66180419.000 1.000 1430.000 490.000 496.000 27325.196 2827675.456 22535.050 1935351.135 32919189.189 698617235276.509
2871.000 3922.000 66180429.000 1.000 1430.000 490.000 491.000 17939.400 3285407.623 16930.379 1789084.402 13309883.793 475501992481.108
2784.000 3922.000 66180439.000 1.000 1430.000 490.000 502.000 9262.948 3608363.689 16930.379 1357280.158 151898805.483 66441393536.426
2741.000 3935.000 66180449.000 1.000 1430.000 490.000 499.000 2680.600 3773575.653 20482.415 297629.080 357477346.772 643025642660.457
2728.000 3935.000 66180459.000 1.000 1430.000 490.000 489.000 1237.200 3824251.456 20482.415 3071125.067 414141683.885 3887234911889.953
2734.000 3935.000 66180469.000 1.000 1430.000 490.000 497.000 16131.114 3800820.623 20482.415 1673795.508 29774018.038 329794797534.040
2776.000 3869.000 66180479.000 1.000 1430.000 490.000 514.000 24248.454 3638820.799 5946.999 2662022.823 7079764.347 2441421706456.944
2841.000 3771.000 66180489.000 1.000 1420.000 490.000 518.000 37158.361 3395061.784 436.109 975470.546 242446376.393 15387740313.736
2948.000 3626.000 66180499.000 1.000 1430.000 500.000 540.000 41889.062 3012200.945 27517.240 772892.655 412146462.605 106684035608.404
3085.000 3476.000 66180509.000 1.000 1430.000 500.000 546.000 45637.329 2555423.945 99782.203 863258.981 578386033.416 55818265911.547
3241.000 3319.000 66180519.000 1.000 1420.000 500.000 550.000 41450.816 2081006.310 223618.532 2773410.826 394544515.662 2801917604907.406
3364.000 3160.000 66180529.000 1.000 1420.000 500.000 567.000 28000.715 1741263.251 399276.393 1168978.730 41127128.946 4824810107.600
3462.000 3066.000 66180539.000 1.000 1420.000 500.000 586.000 22331.565 1492231.660 526906.437 1175240.818 553377.773 5733963802.533
3542.000 2993.000 66180549.000 1.000 1420.000 500.000 594.000 16632.046 1303180.565 638214.386 797159.096 24558222.541 91420832412.495
3597.000 2934.000 66180559.000 1.000 1410.000 510.000 594.000 12766.095 1180632.937 735963.605 862355.206 77820209.177 56246132488.157
3629.000 2881.000 66180569.000 1.000 1410.000 510.000 591.000 8583.965 1112116.499 829708.225 518786.209 169096378.657 337249270150.240
3646.000 2843.000 66180579.000 1.000 1410.000 510.000 581.000 6068.028 1076550.142 900379.349 868561.414 240859329.496 53340887774.498
3651.000 2814.000 66180589.000 1.000 1410.000 510.000 569.000 1855.800 1066199.448 956255.576 2411914.389 389346746.699 1722384604863.037
3651.000 2805.000 66180599.000 1.000 1400.000 520.000 450.000 13552.766 1066199.448 973938.473 49856.123 64559703.872 1101789797687.770
4377.000 4352.000 66180859.000 0.000 1410.000 490.000 58.000 19839.183 93984.762 313730.817 2985360.095 3057211.486 3556400871411.402
4453.000 4293.000 66180869.000 1.000 1420.000 490.000 110.000 5361.200 53162.222 251118.036 271619.218 263298372.247 685416189477.311
4429.000 4283.000 66180879.000 1.000 1420.000 490.000 177.000 6678.461 64805.550 241195.700 1894335.481 222284553.054 631735023721.125
4461.000 4288.000 66180889.000 1.000 1420.000 490.000 230.000 15865.345 49537.112 246131.868 1754711.275 32745018.777 429278388859.304
4529.000 4252.000 66180899.000 1.000 1420.000 490.000 287.000 7355.591 23891.682 211707.459 689296.186 202552110.891 168281835718.991
4590.000 4215.000 66180919.000 1.000 1420.000 490.000 344.000 14041.296 8755.222 179027.817 706544.506 56947780.818 154428070269.210
4649.000 4181.000 66180929.000 1.000 1430.000 500.000 376.000 10614.795 1195.039 151411.875 440854.363 120404015.240 433837624597.905
4696.000 4160.000 66180939.000 1.000 1430.000 500.000 394.000 8476.801 154.521 135509.970 591289.841 171894921.153 258295736517.063
4735.000 4147.000 66180949.000 1.000 1430.000 500.000 392.000 5609.246 2645.112 126107.933 491107.571 255310076.444 370163100375.959
4761.000 4139.000 66180959.000 1.000 1430.000 500.000 398.000 3227.541 5995.507 120490.065 333439.422 337094386.214 586876199125.719
4775.000 4132.000 66180969.000 1.000 1440.000 500.000 381.000 1610.473 8359.565 115679.430 932624.454 399088453.638 27853414621.166
4780.000 4126.000 66180979.000 1.000 1440.000 500.000 269.000 6133.385 9298.872 111634.028 408511.426 238834966.373 477489915242.915
4549.000 3850.000 66181100.000 0.000 1460.000 520.000 94.000 30105.200 18108.908 3377.561 4932139.040 72548294.422 14688984979523.074
4549.000 3704.000 66181110.000 1.000 1460.000 520.000 203.000 6186.000 18108.908 7723.459 1147997.880 237211480.160 2350310696.542
4549.000 3674.000 66181120.000 1.000 1460.000 520.000 249.000 11753.400 18108.908 13896.452 765331.920 96712892.849 111680253816.977
4549.000 3617.000 66181130.000 1.000 1450.000 530.000 304.000 15465.000 18108.908 30584.138 3273919.880 37487104.375 4728024070904.354
4549.000 3542.000 66181140.000 1.000 1450.000 530.000 371.000 31342.400 18108.908 62441.619 127555.320 95154731.170 944711212096.466
4549.000 3390.000 66181150.000 1.000 1450.000 530.000 407.000 31961.000 18108.908 161510.116 42518.440 107605947.425 1117247809694.874
4549.000 3235.000 66181160.000 1.000 1430.000 520.000 422.000 32167.200 18108.908 310118.911 1828292.920 111926426.603 531113063384.763
4549.000 3079.000 66181170.000 1.000 1430.000 520.000 458.000 23300.600 18108.908 508202.473 1870811.360 2934124.584 594893637008.348
4549.000 2966.000 66181180.000 1.000 1420.000 530.000 465.000 14227.800 18108.908 682083.079 1207188.621 54167706.186 11592989126.088
4549.000 2897.000 66181190.000 1.000 1420.000 530.000 472.000 8373.345 18108.908 800815.963 333820.892 174618420.701 586291872748.667
4556.000 2857.000 66181200.000 1.000 1420.000 530.000 468.000 6754.427 16273.937 874006.619 705856.417 220025137.741 154969345043.357
4563.000 2825.000 66181210.000 1.000 1420.000 530.000 474.000 3331.263 14536.966 934863.145 261722.031 333296445.589 701901879477.012
4569.000 2810.000 66181220.000 1.000 1420.000 530.000 435.000 2062.000 13126.134 964094.641 2325110.581 381251841.397 1502077476241.164
4579.000 2810.000 66181230.000 1.000 1420.000 530.000 178.000 13337.997 10934.748 964094.641 8227.792 68057126.767 1190914049491.859
5687.000 3703.000 66181450.000 0.000 1480.000 510.000 61.000 14215.841 1006873.083 7900.225 1273087.254 54343882.607 30126328652.439
5715.000 3766.000 66181460.000 1.000 1480.000 510.000 183.000 8041.800 1063849.200 669.941 309149.062 183490630.443 624682863632.200
5715.000 3805.000 66181470.000 1.000 1470.000 520.000 239.000 9541.068 1063849.200 172.050 989444.102 145120652.105 12116235929.895
5720.000 3851.000 66181480.000 1.000 1480.000 530.000 269.000 4742.600 1074188.507 3494.795 340147.520 283756428.553 576643339001.623
5720.000 3874.000 66181490.000 1.000 1480.000 530.000 302.000 3093.000 1074188.507 6743.167 141930.553 342052868.088 916973482973.647
5711.000 3886.000 66181500.000 1.000 1480.000 530.000 341.000 2404.685 1055613.755 8857.970 341670.101 367986965.038 574333251499.640
5701.000 3892.000 66181510.000 1.000 1480.000 530.000 371.000 4061.669 1035165.142 10023.371 204836.193 307160758.129 800455315580.589
5683.000 3900.000 66181520.000 1.000 1480.000 530.000 396.000 5055.055 998861.638 11689.240 105645.539 273327403.147 987782224125.515
5659.000 3905.000 66181530.000 1.000 1480.000 530.000 397.000 5567.400 951464.966 12795.408 221201.462 256649093.905 771439724755.876
5632.000 3905.000 66181540.000 1.000 1480.000 530.000 412.000 6640.152 899520.711 12795.408 118338.592 223428334.511 962712789198.523
5606.000 3886.000 66181550.000 1.000 1480.000 530.000 414.000 7214.054 850878.317 8857.970 1497849.997 206600875.525 158668477870.214
5588.000 3856.000 66181560.000 1.000 1480.000 530.000 441.000 14478.118 817994.813 4110.963 1369172.949 50545748.738 72713857886.817
5547.000 3799.000 66181570.000 1.000 1480.000 530.000 448.000 21118.142 745512.499 50.649 269209.565 220457.804 689411892879.320
5487.000 3716.000 66181580.000 1.000 1470.000 520.000 474.000 22423.717 645500.821 5758.262 168946.052 698972.340 865963921375.152
5442.000 3617.000 66181590.000 1.000 1470.000 520.000 485.000 23243.048 575217.061 30584.138 112983.166 2740271.876 973250735892.639
5401.000 3512.000 66181600.000 1.000 1470.000 520.000 494.000 22695.118 514706.748 78334.612 518570.318 1226438.098 337500066240.212
5368.000 3407.000 66181610.000 1.000 1470.000 520.000 522.000 20180.228 468445.324 148135.087 291984.974 1980896.764 652109389333.298
5355.000 3310.000 66181620.000 1.000 1470.000 520.000 526.000 18764.200 450819.127 232211.430 722813.480 7971990.425 141906202675.140
5355.000 3219.000 66181630.000 1.000 1470.000 520.000 537.000 15258.800 450819.127 328195.174 42801.965 40054612.477 1116648518550.581
5379.000 3149.000 66181640.000 1.000 1470.000 520.000 540.000 15466.375 483623.799 413298.824 366656.386 37470268.920 537085964905.155
5434.000 3098.000 66181650.000 1.000 1460.000 530.000 556.000 17244.534 563146.171 481473.911 547592.143 18862841.981 304622015786.981
5509.000 3061.000 66181660.000 1.000 1460.000 530.000 559.000 19900.170 681335.769 534190.269 894446.318 2847660.783 42054344286.741
5604.000 3044.000 66181670.000 1.000 1460.000 530.000 568.000 24237.931 847192.594 559329.298 851322.475 7023876.249 61600957544.956
5720.000 3063.000 66181680.000 1.000 1460.000 530.000 563.000 28366.556 1074188.507 531270.736 23904.147 45953277.192 1156944896038.895
5851.000 3105.000 66181690.000 1.000 1450.000 540.000 567.000 28482.483 1362894.339 471808.546 623473.537 47538427.785 226618213590.440
5965.000 3183.000 66181700.000 1.000 1450.000 540.000 569.000 31506.118 1642064.529 370738.765 491224.693 98375584.086 370020597629.817
6076.000 3288.000 66181710.000 1.000 1460.000 540.000 569.000 33888.391 1938863.134 253898.291 188823.114 151307704.078 829364951249.269
6185.000 3411.000 66181720.000 1.000 1450.000 550.000 570.000 32972.663 2254294.018 145072.021 1250999.110 129618035.028 22946563968.891
6294.000 3528.000 66181730.000 1.000 1450.000 550.000 574.000 26905.742 2593486.901 69634.349 800156.213 28281875.512 89617405837.887
6379.000 3627.000 66181740.000 1.000 1450.000 550.000 574.000 23025.256 2874485.112 27186.473 1290977.579 2066649.646 36656817512.289
6449.000 3714.000 66181750.000 1.000 1460.000 550.000 574.000 16764.453 3116745.404 6065.795 1379944.837 23263435.185 78639279927.592
6492.000 3783.000 66181760.000 1.000 1460.000 550.000 578.000 10072.189 3270421.441 78.911 843850.612 132606333.593 65365750362.722
6511.000 3828.000 66181770.000 1.000 1460.000 550.000 580.000 5979.800 3339502.806 1304.422 170073.760 243605647.862 863866366517.363
6511.000 3857.000 66181780.000 1.000 1460.000 550.000 584.000 5155.000 3339502.806 4240.196 325251.426 270032687.469 599488537053.711
6511.000 3882.000 66181790.000 1.000 1460.000 550.000 580.000 6732.359 3339502.806 8121.036 199269.206 220680304.810 810447669532.129
6486.000 3903.000 66181800.000 1.000 1490.000 550.000 580.000 7698.747 3248756.273 12346.941 523506.540 192902219.407 331789060285.257
6451.000 3916.000 66181810.000 1.000 1490.000 550.000 581.000 10237.576 3123811.127 15404.977 312935.925 128824664.297 618711167120.268
6402.000 3908.000 66181820.000 1.000 1490.000 550.000 580.000 11755.209 2953003.923 13483.109 652131.419 96677315.728 200154642749.537
6349.000 3887.000 66181830.000 1.000 1490.000 550.000 581.000 14917.825 2773659.273 9047.203 132889.714 44486850.240 934370005391.865
6294.000 3840.000 66181840.000 1.000 1490.000 550.000 586.000 15562.295 2593486.901 2315.225 60830.650 36305160.076 1078871155411.645
6254.000 3776.000 66181850.000 1.000 1490.000 550.000 584.000 15857.303 2466252.448 252.276 548595.719 32837121.347 303515224111.036
6237.000 3701.000 66181860.000 1.000 1510.000 540.000 592.000 13196.800 2413146.806 8259.758 94362.481 70406721.896 1010337369990.528
6237.000 3637.000 66181870.000 1.000 1510.000 540.000 594.000 13654.426 2413146.806 23988.809 256396.297 62936381.673 710853998563.231
6254.000 3573.000 66181880.000 1.000 1510.000 540.000 616.000 14897.861 2466252.448 47909.860 348615.948 44753562.426 563853706888.226
6302.000 3519.000 66181890.000 1.000 1510.000 540.000 628.000 16588.530 2619317.791 74465.247 630316.903 24991414.168 220149553947.752
6368.000 3473.000 66181900.000 1.000 1510.000 540.000 636.000 19645.353 2837306.638 101686.503 535604.706 3772600.546 317998064361.418
6457.000 3439.000 66181910.000 1.000 1510.000 540.000 658.000 22242.854 3145056.295 124526.561 448683.571 429264.314 423585293790.493
6563.000 3419.000 66181920.000 1.000 1510.000 540.000 667.000 24418.817 3532259.594 139041.890 1481406.372 8015385.731 145838822657.965
6681.000 3409.000 66181930.000 1.000 1500.000 550.000 678.000 31603.135 3989729.229 146599.554 1146785.218 100309512.263 2234201530.730
6834.000 3418.000 66181940.000 1.000 1500.000 550.000 679.000 37164.654 4624352.010 139788.656 813614.062 242642388.694 81740991398.164
7011.000 3452.000 66181950.000 1.000 1500.000 550.000 685.000 41110.406 5416933.463 115520.598 2239115.284 381137168.485 1298682250174.213
7204.000 3502.000 66181960.000 1.000 1500.000 550.000 685.000 51969.355 6352570.696 84032.276 838524.878 923046701.830 68117345496.533
7443.000 3582.000 66181970.000 1.000 1500.000 550.000 685.000 47902.794 7614457.550 44050.963 440665.277 692485680.449 434086748449.815
7655.000 3677.000 66181980.000 1.000 1490.000 560.000 685.000 45765.717 8829400.149 13198.152 3049211.574 584577891.789 3801305512349.225
7850.000 3783.000 66181990.000 1.000 1510.000 560.000 685.000 30978.076 10026283.105 78.911 3412603.608 88179699.621 5350365599225.943
7979.000 3860.000 66182000.000 1.000 1510.000 560.000 688.000 14428.107 10859863.215 4639.897 2289486.438 51259361.582 1416025176307.384
8039.000 3896.000 66182010.000 1.000 1510.000 560.000 681.000 3324.875 11258914.893 10840.306 387960.145 333529730.268 506314405885.883
8053.000 3904.000 66182020.000 1.000 1520.000 570.000 666.000 1443.400 11353062.952 12570.174 297629.080 405791667.943 643025642660.457
8046.000 3904.000 66182030.000 1.000 1520.000 570.000 447.000 0.000 11305939.923 12570.174 0.000 466027554.016 1208939561714.178
