2451.000 6076.000 65458774.000 0.000 1390.000 580.000 203.000 29349.125 8815911.106 402508.474 4115355.562 530576.654 3528066622186.026
2500.000 6159.000 65458784.000 1.000 1380.000 570.000 206.000 15834.000 8527334.426 514713.776 1002999.249 202878201.809 1522858367581.589
2500.000 6211.000 65458794.000 1.000 1340.000 550.000 212.000 12540.078 8527334.426 592031.074 1034988.496 307562290.308 1444929564257.014
2536.000 6231.000 65458804.000 1.000 1340.000 540.000 237.000 15939.055 8318378.906 623208.496 1915771.189 199896529.869 103214115566.971
2588.000 6225.000 65458814.000 1.000 1310.000 520.000 259.000 22230.586 8021130.266 613771.270 1024804.798 61574560.411 1469515945748.221
2659.000 6208.000 65458824.000 1.000 1330.000 520.000 286.000 25596.119 7624004.546 587423.461 869249.147 20083061.839 1870853804276.328
2730.000 6163.000 65458834.000 1.000 1320.000 510.000 304.000 28450.796 7236960.826 520469.261 62786.986 2646269.782 4727379327005.610
2799.000 6100.000 65458844.000 1.000 1320.000 510.000 337.000 28656.993 6870479.746 433537.381 13782.279 2017930.848 4942878123283.303
2863.000 6031.000 65458854.000 1.000 1330.000 510.000 354.000 28702.255 6539067.266 347434.274 148816.458 1891386.631 4360680594522.170
2925.000 5960.000 65458864.000 1.000 1330.000 510.000 369.000 28213.531 6225823.426 268775.425 463308.930 3474499.463 3146124485040.077
2978.000 5884.000 65458874.000 1.000 1330.000 510.000 393.000 26691.991 5964145.466 195749.221 551837.129 11461887.381 2839911164195.576
3018.000 5806.000 65458884.000 1.000 1320.000 510.000 394.000 24879.718 5770372.666 132813.274 900016.131 27017269.639 1787634768312.340
3048.000 5730.000 65458894.000 1.000 1320.000 510.000 415.000 21924.000 5627143.066 83195.070 1270543.302 66480082.915 934117271088.328
3048.000 5658.000 65458904.000 1.000 1320.000 510.000 425.000 26096.556 5627143.066 46844.350 978374.334 15848169.346 1584241086988.022
3020.000 5577.000 65458914.000 1.000 1300.000 520.000 430.000 29309.608 5760768.026 18342.790 1386783.437 589707.161 722937457928.427
2973.000 5493.000 65458924.000 1.000 1300.000 520.000 443.000 33863.905 5988592.066 2645.616 1115247.693 14336621.034 1258419609455.715
2905.000 5405.000 65458934.000 1.000 1290.000 520.000 478.000 37526.459 6326029.826 1336.959 122538.717 55486514.511 4471118747136.384
2823.000 5313.000 65458944.000 1.000 1290.000 520.000 516.000 37124.033 6745240.066 16528.816 761849.256 49653177.345 2176189873908.192
2731.000 5233.000 65458954.000 1.000 1280.000 530.000 545.000 34622.065 7231581.506 43499.127 2050539.540 20652780.834 34782692473.901
2643.000 5161.000 65458964.000 1.000 1280.000 530.000 592.000 27887.945 7712617.666 78716.407 4006671.900 4794290.919 3131594491096.004
2565.000 5113.000 65458974.000 1.000 1270.000 530.000 616.000 14729.745 8151938.626 107954.594 2314682.024 235554563.615 6028171115.787
2523.000 5089.000 65458984.000 1.000 1270.000 530.000 652.000 7128.162 8393536.066 124301.687 2170525.329 526673580.133 4424298071.769
2501.000 5081.000 65458994.000 1.000 1250.000 540.000 670.000 0.000 8521495.106 130006.719 786757.356 904657926.933 2103321854033.368
2501.000 5081.000 65459004.000 1.000 1250.000 540.000 668.000 2583.768 8521495.106 130006.719 4426232.097 755907054.977 4792558857751.669
2507.000 5087.000 65459014.000 1.000 1240.000 540.000 667.000 17119.834 8486501.186 125715.945 2954817.453 167901935.616 515203429459.159
2551.000 5122.000 65459024.000 1.000 1240.000 540.000 671.000 26823.668 8232079.106 102121.434 2368494.177 10587630.468 17280009713.206
2619.000 5178.000 65459034.000 1.000 1240.000 540.000 668.000 34601.974 7846497.346 69466.216 772018.034 20470576.055 2146291488817.206
2722.000 5226.000 65459044.000 1.000 1240.000 540.000 673.000 32066.611 7280067.386 46468.030 1173262.860 3956435.551 1131623348730.495
2819.000 5267.000 65459054.000 1.000 1240.000 540.000 664.000 28213.531 6766033.346 30472.745 512578.552 3474499.463 2973769790430.534
2911.000 5278.000 65459064.000 1.000 1240.000 540.000 664.000 29896.876 6295883.906 26753.327 23107.591 32636.565 4901499927372.655
3009.000 5272.000 65459074.000 1.000 1240.000 540.000 669.000 29972.763 5813692.546 28752.101 318934.518 10976.528 3679131426139.980
3101.000 5237.000 65459084.000 1.000 1240.000 540.000 672.000 31020.167 5378503.106 41846.612 1180526.403 888560.877 1116222515239.449
3188.000 5184.000 65459094.000 1.000 1240.000 540.000 676.000 27143.233 4982538.266 66339.443 34396.929 8610110.204 4851639697578.584
3249.000 5119.000 65459104.000 1.000 1240.000 540.000 681.000 27030.271 4713935.746 104047.821 1603750.040 9285799.169 401057093295.218
3283.000 5037.000 65459114.000 1.000 1240.000 540.000 688.000 32297.102 4567452.866 163672.390 1367428.198 4926491.301 756225949295.155
3298.000 4932.000 65459124.000 1.000 1240.000 540.000 690.000 36787.835 4503563.066 259655.923 1553458.820 45028167.306 467284222556.941
3284.000 4812.000 65459134.000 1.000 1240.000 540.000 693.000 41889.506 4563179.546 396351.390 66223.269 139522731.457 4712448432715.829
3242.000 4681.000 65459144.000 1.000 1230.000 550.000 693.000 41672.024 4744380.986 578458.274 1054124.190 134432246.387 1399291531741.584
3182.000 4558.000 65459154.000 1.000 1230.000 550.000 697.000 45133.844 5009360.186 780686.127 480465.983 226692533.183 3085554828635.515
3091.000 4441.000 65459164.000 1.000 1230.000 550.000 697.000 46711.729 5424986.306 1001129.207 2473098.758 276696512.201 55723394352.110
2998.000 4319.000 65459174.000 1.000 1210.000 550.000 697.000 38589.894 5866859.066 1260150.932 2699587.380 72460308.030 213949406892.238
2904.000 4234.000 65459184.000 1.000 1210.000 550.000 697.000 29724.254 6331061.146 1458211.887 2949789.245 124805.295 508010450975.567
2827.000 4174.000 65459194.000 1.000 1210.000 550.000 699.000 20036.933 6724478.786 1606719.621 622114.815 100813626.851 2607985698837.410
2764.000 4155.000 65459204.000 1.000 1210.000 550.000 693.000 17993.863 7055185.946 1655248.070 1340693.707 146015054.783 803437978924.336
2710.000 4179.000 65459214.000 1.000 1200.000 550.000 691.000 22396.798 7344967.226 1594068.976 542536.481 58993673.686 2871344637181.569
2659.000 4232.000 65459224.000 1.000 1200.000 550.000 687.000 24178.527 7624004.546 1463046.145 485418.675 34798259.151 3068179810436.936
2636.000 4308.000 65459234.000 1.000 1200.000 550.000 685.000 22584.377 7751546.906 1284968.350 320084.006 56147370.788 3674723067324.417
2631.000 4382.000 65459244.000 1.000 1180.000 560.000 684.000 23635.556 7779413.506 1122676.812 426359.682 41499053.868 3278565844018.342
2660.000 4454.000 65459254.000 1.000 1180.000 560.000 687.000 25035.752 7618483.226 975283.532 42733.530 25419544.851 4814984071529.166
2714.000 4516.000 65459264.000 1.000 1180.000 560.000 688.000 25176.092 7323301.946 856669.541 1511311.452 24024113.377 526682979508.270
2784.000 4560.000 65459274.000 1.000 1170.000 560.000 691.000 30139.348 6949339.546 777155.870 2691122.585 3821.227 206190334442.828
2878.000 4591.000 65459284.000 1.000 1170.000 560.000 697.000 38977.189 6462577.466 723459.874 1854042.950 79203895.983 146687296614.999
3005.000 4607.000 65459294.000 1.000 1170.000 560.000 693.000 45066.000 5832997.826 696497.812 439339.908 224654175.119 3231728231948.705
3153.000 4607.000 65459304.000 1.000 1170.000 560.000 705.000 46508.824 5140014.466 696497.812 594331.321 269987359.126 2698494190107.761
3305.000 4592.000 65459314.000 1.000 1170.000 560.000 713.000 44556.997 4473901.826 721759.745 362861.688 209654908.746 3512547067428.190
3449.000 4566.000 65459324.000 1.000 1170.000 560.000 722.000 43365.333 3885471.746 766613.096 561949.574 176565657.305 2805930368357.400
3588.000 4535.000 65459334.000 1.000 1170.000 560.000 733.000 45210.816 3356810.266 821859.092 2073276.555 229016286.777 26818703786.291
3734.000 4508.000 65459344.000 1.000 1170.000 560.000 727.000 38402.026 2843135.546 871542.572 1473558.933 69297201.540 582904448629.326
3858.000 4485.000 65459354.000 1.000 1170.000 560.000 728.000 33562.752 2440343.866 915015.536 430953.064 12146758.944 3261952643743.711
3968.000 4478.000 65459364.000 1.000 1170.000 560.000 727.000 32147.471 2108768.666 928456.439 1378406.337 4284647.758 737253014408.445
4073.000 4489.000 65459374.000 1.000 1170.000 560.000 722.000 27620.685 1814840.066 907379.021 267992.277 6036096.832 3877151795506.958
4161.000 4511.000 65459384.000 1.000 1160.000 550.000 711.000 26740.579 1585483.906 865950.185 653708.822 11135254.850 2506939919026.487
4237.000 4555.000 65459394.000 1.000 1160.000 550.000 606.000 28887.406 1399867.586 785996.514 1113948.696 1416399.727 1261335708418.555
4291.000 4633.000 65459404.000 1.000 1160.000 550.000 160.000 32545.694 1275002.306 653776.461 760442.372 6091824.009 2180342699783.653
4256.000 5605.000 65459495.000 0.000 1170.000 530.000 279.000 9819.830 1355268.506 26711.181 1060754.677 410374487.440 1383648869668.015
4240.000 5633.000 65459505.000 1.000 1180.000 530.000 296.000 6336.235 1392777.626 36647.572 1223104.943 563649179.866 1028065772561.551
4228.000 5616.000 65459515.000 1.000 1180.000 530.000 334.000 10353.000 1421245.466 30427.763 4543292.250 389057159.814 5318796090783.821
4228.000 5582.000 65459525.000 1.000 1180.000 530.000 420.000 25273.500 1421245.466 19722.145 3838856.774 23078722.774 2565814650818.750
4228.000 5499.000 65459535.000 1.000 1200.000 520.000 491.000 37880.583 1421245.466 3298.843 2627299.385 60887606.018 152301820726.747
4238.000 5375.000 65459545.000 1.000 1200.000 520.000 551.000 46508.824 1397502.266 4430.825 746947.635 269987359.126 2220377420600.915
4253.000 5223.000 65459555.000 1.000 1200.000 520.000 589.000 44055.794 1362262.466 47770.416 1537746.011 195391810.529 489013098781.241
4275.000 5080.000 65459565.000 1.000 1200.000 520.000 592.000 39005.725 1311391.426 130728.847 1060322.287 79712631.515 1384666285278.801
4303.000 4955.000 65459575.000 1.000 1210.000 520.000 594.000 35523.550 1248046.466 236744.959 3584741.475 29659112.831 1816297308172.326
4332.000 4842.000 65459585.000 1.000 1200.000 520.000 591.000 23751.000 1184092.186 359477.523 3523369.500 40025006.247 1654641714168.603
4362.000 4770.000 65459595.000 1.000 1200.000 520.000 595.000 12180.000 1119702.586 450998.803 1854405.000 320321649.146 146410099005.416
4386.000 4738.000 65459605.000 1.000 1200.000 520.000 597.000 6090.000 1069486.906 495002.927 1227758.921 575401688.039 1018649762415.428
4406.000 4738.000 65459615.000 1.000 1200.000 520.000 600.000 10122.049 1028520.506 495002.927 6164327.841 398221298.925 15423584081655.197
4429.000 4762.000 65459625.000 1.000 1180.000 530.000 594.000 30366.147 982398.146 461807.834 4119703.823 83298.659 3544420335851.750
4456.000 4858.000 65459635.000 1.000 1180.000 530.000 546.000 43895.552 929604.506 340547.461 2732421.310 190937678.686 245401922753.188
4486.000 4999.000 65459645.000 1.000 1180.000 530.000 322.000 52869.021 872654.906 195863.287 562423.228 519451974.079 2804343765456.253
4852.000 6714.000 65459746.000 0.000 1230.000 520.000 67.000 34213.932 322805.786 1619092.243 8908765.940 17109805.548 44511917327742.992
4892.000 6819.000 65459756.000 1.000 1250.000 530.000 107.000 4956.901 278952.986 1897328.710 1045775.105 631046098.265 1419113780380.091
4903.000 6831.000 65459766.000 1.000 1270.000 520.000 149.000 1522.500 267454.466 1930531.163 2733567.144 815389848.460 246538483520.337
4903.000 6826.000 65459776.000 1.000 1280.000 520.000 202.000 10499.732 267454.466 1916661.807 2783108.076 383290250.056 298189550459.349
4913.000 6793.000 65459786.000 1.000 1290.000 510.000 251.000 19639.660 257211.266 1826378.061 1935774.403 108949170.404 90761397526.582
4921.000 6729.000 65459796.000 1.000 1290.000 510.000 282.000 25996.883 249160.706 1657490.310 2610862.475 16651695.681 139742699836.016
4929.000 6644.000 65459806.000 1.000 1320.000 510.000 342.000 34571.144 241238.146 1445851.265 5011683.894 20192549.446 7698644708323.253
4940.000 6531.000 65459816.000 1.000 1320.000 510.000 386.000 51029.876 230553.626 1186869.830 3249554.879 439000722.074 1025184909512.299
4954.000 6364.000 65459826.000 1.000 1330.000 510.000 443.000 61701.649 217305.146 850887.354 4069223.203 1000084780.527 3356892628097.550
4970.000 6162.000 65459836.000 1.000 1330.000 510.000 480.000 75065.272 202644.026 519027.390 3429755.847 2023896756.706 1422569359257.735
4986.000 5916.000 65459846.000 1.000 1330.000 510.000 544.000 86328.838 188494.906 225089.096 2244503.300 3164209434.706 55690006.924
5003.000 5633.000 65459856.000 1.000 1330.000 510.000 591.000 93699.949 174022.466 36647.572 5403723.685 4047811953.970 10027880961216.539
5024.000 5326.000 65459866.000 1.000 1320.000 510.000 614.000 111446.168 156942.746 13355.141 3369582.384 6620854936.073 1282650606531.567
5051.000 4961.000 65459876.000 1.000 1320.000 510.000 619.000 100380.216 136279.106 230942.185 2319711.450 4942467387.602 6834448564.798
5084.000 4633.000 65459886.000 1.000 1300.000 520.000 638.000 92762.116 113003.546 653776.461 734020.392 3929357080.168 2259070125179.002
5124.000 4331.000 65459896.000 1.000 1290.000 520.000 641.000 95172.692 87710.746 1233353.385 5358975.583 4237379864.684 9746477249769.832
5171.000 4022.000 65459906.000 1.000 1280.000 530.000 650.000 77573.429 62080.706 2015163.212 3742397.873 2255860238.590 2266100139261.265
5220.000 3772.000 65459916.000 1.000 1270.000 530.000 661.000 65283.124 40064.026 2787445.434 6311739.336 1239433713.077 16603168760271.418
5258.000 3561.000 65459926.000 1.000 1250.000 540.000 661.000 44554.916 26295.866 3536522.630 4435086.348 209594649.542 4831404555279.690
5289.000 3418.000 65459936.000 1.000 1230.000 550.000 665.000 29989.772 17202.946 4094813.061 2946673.296 7701.805 503578384045.258
5311.000 3322.000 65459946.000 1.000 1220.000 560.000 655.000 20312.684 11915.906 4492553.434 4149585.625 95352255.074 3657827989721.897
5326.000 3257.000 65459956.000 1.000 1190.000 560.000 616.000 6685.145 8866.106 4772321.812 6408124.548 547203766.231 17397940248036.773
5337.000 3238.000 65459966.000 1.000 1180.000 570.000 415.000 27729.889 6915.586 4855696.261 154985.189 5511427.322 4334955260207.267
6385.000 6641.000 65460357.000 0.000 1350.000 490.000 58.000 7828.671 930916.226 1438645.652 2383830.319 495011812.633 21547184538.732
6391.000 6666.000 65460367.000 1.000 1350.000 490.000 100.000 0.000 942530.306 1499242.430 0.000 904657926.933 5004351210916.042
6391.000 6666.000 65460377.000 1.000 1350.000 490.000 146.000 0.000 942530.306 1499242.430 0.000 904657926.933 5004351210916.042
6391.000 6666.000 65460387.000 1.000 1350.000 490.000 156.000 0.000 942530.306 1499242.430 0.000 904657926.933 5004351210916.042
6391.000 6666.000 65460397.000 1.000 1350.000 490.000 187.000 0.000 942530.306 1499242.430 1180136.034 904657926.933 1117047528507.114
6391.000 6666.000 65460407.000 1.000 1350.000 490.000 212.000 3875.652 942530.306 1499242.430 2284178.431 686538511.808 2221963208.784
6382.000 6657.000 65460417.000 1.000 1350.000 490.000 245.000 11377.059 925136.186 1477283.590 2050787.098 349707687.764 34690414037.531
6372.000 6621.000 65460427.000 1.000 1340.000 490.000 299.000 18111.992 905999.386 1391068.230 4319365.995 143174145.790 4336078524860.877
6345.000 6568.000 65460437.000 1.000 1340.000 490.000 324.000 32297.102 855329.026 1268857.061 2314362.299 4926491.301 5978625612.018
6294.000 6475.000 65460447.000 1.000 1340.000 490.000 341.000 39897.635 763596.346 1067989.047 1738175.218 96434424.327 248866795324.857
6226.000 6363.000 65460457.000 1.000 1340.000 490.000 362.000 45605.928 649378.106 849043.483 661768.632 241131084.541 2481482170933.283
6142.000 6239.000 65460467.000 1.000 1340.000 490.000 398.000 43432.632 521052.986 635903.465 1018165.785 178358697.909 1485656122415.317
6059.000 6123.000 65460477.000 1.000 1340.000 490.000 407.000 40088.902 408116.546 464354.416 1817023.058 100227530.701 176414841644.967
5977.000 6020.000 65460487.000 1.000 1340.000 490.000 430.000 34121.667 310070.786 334587.692 3193020.800 16355028.473 913897901400.682
5916.000 5926.000 65460497.000 1.000 1340.000 490.000 441.000 23635.556 245857.306 234677.807 3445578.885 41499053.868 1460564481146.782
5868.000 5865.000 65460507.000 1.000 1340.000 490.000 449.000 12320.026 200560.666 179297.670 2309059.431 315329016.815 5186693833.388
5842.000 5834.000 65460517.000 1.000 1340.000 490.000 440.000 4736.908 177948.986 154005.665 793346.736 642147221.105 2084252337493.592
5831.000 5823.000 65460527.000 1.000 1340.000 490.000 442.000 2131.500 168789.506 145493.083 3696957.337 780980700.570 2131356510334.033
5831.000 5830.000 65460537.000 1.000 1330.000 500.000 449.000 14272.575 168789.506 150882.181 2800681.380 249796663.524 317690786555.969
5840.000 5876.000 65460547.000 1.000 1330.000 500.000 428.000 23470.215 176265.626 188734.252 1934698.910 43656636.999 91410573855.365
5870.000 5947.000 65460557.000 1.000 1330.000 500.000 393.000 29823.906 202356.026 255465.101 48885.039 64326.112 4788025311659.108
5913.000 6035.000 65460567.000 1.000 1330.000 500.000 332.000 29663.364 242891.266 352165.759 775705.224 171535.073 2135501450146.003
5970.000 6114.000 65460577.000 1.000 1330.000 500.000 312.000 27115.892 302324.026 452169.576 2932030.500 8771311.068 483010785612.443
6021.000 6187.000 65460587.000 1.000 1330.000 500.000 314.000 17486.892 361008.706 555674.167 1681430.730 158524213.819 308702467936.629
6068.000 6220.000 65460597.000 1.000 1330.000 500.000 315.000 11964.952 419696.666 605961.914 897493.044 328065551.680 1794387993030.277
6106.000 6230.000 65460607.000 1.000 1330.000 500.000 325.000 9017.520 470376.506 621630.625 1265856.438 443524102.445 943198921750.134
6135.000 6224.000 65460617.000 1.000 1330.000 500.000 340.000 13174.684 510996.226 612205.399 3953620.388 285706268.107 2946645735122.301
6159.000 6188.000 65460627.000 1.000 1330.000 500.000 368.000 26158.659 545884.546 557166.039 2830128.966 15357565.033 351753660125.799
6177.000 6104.000 65460637.000 1.000 1330.000 500.000 420.000 35453.007 572806.786 438820.865 2934985.368 28895732.240 487126722942.883
6187.000 5988.000 65460647.000 1.000 1330.000 500.000 478.000 45091.711 588043.586 298591.816 2882156.749 225425573.179 416174682804.477
6192.000 5840.000 65460657.000 1.000 1320.000 500.000 538.000 35626.500 595736.986 158750.892 1831016.355 30791046.654 164855790051.665
6192.000 5723.000 65460667.000 1.000 1320.000 500.000 567.000 29613.310 595736.986 79205.972 1228751.895 215501.999 1016646367230.213
6185.000 5626.000 65460677.000 1.000 1320.000 500.000 586.000 25578.000 584980.226 34016.474 1992187.292 20245787.579 59953204265.652
6185.000 5542.000 65460687.000 1.000 1320.000 500.000 595.000 19035.513 584980.226 10087.301 1438461.958 121926182.026 637728049105.011
6177.000 5480.000 65460697.000 1.000 1300.000 510.000 595.000 14311.500 572806.786 1477.292 2012194.464 248567762.783 50555841649.295
6177.000 5433.000 65460707.000 1.000 1300.000 510.000 591.000 7703.308 572806.786 73.350 1229157.489 500605896.420 1015828619936.259
6185.000 5409.000 65460717.000 1.000 1290.000 510.000 591.000 3666.666 584980.226 1060.443 274303.953 697533839.114 3852335641080.908
6193.000 5400.000 65460727.000 1.000 1290.000 510.000 581.000 4567.500 597281.666 1727.603 10968808.925 650761729.013 76243775876643.594
6208.000 5400.000 65460737.000 1.000 1280.000 520.000 444.000 40589.861 620691.866 1727.603 336706.478 110509062.499 3611270255084.562
7007.000 6467.000 65460837.000 0.000 1270.000 530.000 30.000 51647.545 2518061.186 1051518.079 12366927.374 465265463.888 102614603496196.219
7144.000 6567.000 65460847.000 1.000 1280.000 530.000 134.000 11033.662 2971624.346 1266605.190 2203464.921 362668981.868 1127334698.410
7176.000 6584.000 65460857.000 1.000 1280.000 530.000 190.000 18270.000 3082974.106 1305158.999 49450800.000 139417810.252 2229139064759299.500
7182.000 6584.000 65460858.000 1.000 1290.000 530.000 221.000 2030.000 3104080.186 1305158.999 2486878.228 786664047.302 62418777279.016
7188.000 6584.000 65460867.000 1.000 1310.000 520.000 335.000 9380.379 3125258.266 1305158.999 1381507.365 428372139.362 731937332217.427
7195.000 6554.000 65460877.000 1.000 1310.000 520.000 394.000 13917.349 3150057.026 1237512.865 2111304.342 261151512.295 15809638325.102
7187.000 6509.000 65460887.000 1.000 1330.000 520.000 444.000 20851.025 3121723.586 1139418.665 2094516.952 85128430.109 20313026227.415
7154.000 6449.000 65460897.000 1.000 1340.000 520.000 465.000 27729.570 3006201.146 1014926.399 448309.869 5512925.220 3199558079690.246
7107.000 6371.000 65460907.000 1.000 1350.000 520.000 494.000 29201.852 2845429.186 863850.452 96163.231 766815.338 4583356449682.187
7046.000 6297.000 65460917.000 1.000 1350.000 520.000 514.000 29517.659 2643355.706 731769.990 324859.783 313457.697 3656435959741.208
6980.000 6226.000 65460927.000 1.000 1350.000 520.000 520.000 28450.796 2433100.826 615339.141 183624.462 2646269.782 4216518354300.116
6911.000 6163.000 65460937.000 1.000 1360.000 510.000 513.000 29053.832 2222603.906 520469.261 577617.621 1047961.544 2753685042248.616
6831.000 6111.000 65460947.000 1.000 1370.000 520.000 516.000 27156.894 1990469.506 448143.963 2991545.025 8530125.912 569276736827.199
6754.000 6066.000 65460957.000 1.000 1370.000 520.000 524.000 17332.444 1779129.146 389919.763 1661639.448 162437266.315 331086631015.570
6700.000 6048.000 65460967.000 1.000 1370.000 520.000 527.000 11875.500 1637990.426 367764.083 451353.346 331313966.340 3188679419996.014
6661.000 6048.000 65460977.000 1.000 1370.000 520.000 526.000 10393.223 1539683.906 367764.083 1320470.949 387472018.008 840100156574.225
6632.000 6066.000 65460987.000 1.000 1360.000 510.000 521.000 14729.745 1468556.186 389919.763 394732.485 235554563.615 3394099655789.951
6608.000 6108.000 65460997.000 1.000 1360.000 510.000 515.000 16026.075 1410963.866 444136.350 405114.412 197443441.824 3355954020853.803
6595.000 6159.000 65461007.000 1.000 1360.000 510.000 512.000 17356.500 1380249.026 514713.776 2215467.702 161824653.336 465395375.435
6595.000 6216.000 65461017.000 1.000 1360.000 510.000 512.000 10080.744 1380249.026 599750.430 600719.427 399871527.473 2677547394390.117
6609.000 6246.000 65461027.000 1.000 1360.000 510.000 512.000 8107.938 1413340.546 647116.563 264932.052 482663057.400 3889212623065.241
6631.000 6261.000 65461037.000 1.000 1360.000 510.000 512.000 7237.882 1466133.506 671474.630 1799175.095 521649608.874 191726311032.880
6654.000 6267.000 65461047.000 1.000 1350.000 510.000 516.000 13146.503 1522361.146 681343.856 2014427.058 286659740.591 49556845293.205
6696.000 6257.000 65461057.000 1.000 1350.000 510.000 521.000 19762.027 1627767.706 664935.145 2957668.182 106409641.938 519303929975.914
6750.000 6221.000 65461067.000 1.000 1350.000 510.000 527.000 29475.223 1768474.426 607519.785 1293745.289 362776.046 889806281942.957
6831.000 6168.000 65461077.000 1.000 1360.000 500.000 532.000 33723.976 1990469.506 527708.616 1535688.200 13296554.364 491895366081.933
6916.000 6097.000 65461087.000 1.000 1360.000 500.000 544.000 38767.287 2237537.306 429595.767 884831.020 75511843.196 1828471089685.726
7021.000 6025.000 65461097.000 1.000 1350.000 500.000 548.000 41673.136 2562688.706 340397.047 1299001.567 134458033.774 879917464292.701
7138.000 5954.000 65461107.000 1.000 1360.000 500.000 569.000 45939.151 2950974.266 262590.199 615777.256 251590959.557 2628495239977.881
7282.000 5909.000 65461117.000 1.000 1360.000 500.000 589.000 47961.408 3466448.186 218495.999 358513.124 319833023.327 3528865952427.658
7437.000 5881.000 65461127.000 1.000 1360.000 500.000 602.000 49138.791 4067643.586 193103.607 1578890.050 363331597.376 433162312652.720
7598.000 5870.000 65461137.000 1.000 1360.000 500.000 606.000 43953.602 4742987.066 183557.025 1308861.277 192545320.618 861517090016.222
7742.000 5880.000 65461147.000 1.000 1360.000 510.000 611.000 39655.207 5390940.986 192225.736 724824.797 91731859.768 2286797016687.523
7870.000 5904.000 65461157.000 1.000 1360.000 510.000 606.000 37274.830 6001716.026 213846.643 3177643.854 51801099.524 884734243926.812
7987.000 5940.000 65461167.000 1.000 1360.000 510.000 606.000 26839.218 6588667.586 248438.003 1768800.610 10486677.102 219248806468.935
8067.000 5977.000 65461177.000 1.000 1370.000 520.000 599.000 21030.349 7005761.986 286691.234 1693224.015 81851518.949 295736615438.392
8124.000 6016.000 65461187.000 1.000 1370.000 520.000 591.000 15469.679 7310750.746 329976.207 2392511.005 213389367.192 24171007573.566
8165.000 6046.000 65461197.000 1.000 1390.000 520.000 560.000 7612.500 7534146.626 365342.341 1206583.077 504677659.566 1061842966904.706
8165.000 6071.000 65461207.000 1.000 1390.000 520.000 404.000 11575.006 7534146.626 396189.119 10031107.265 342343465.749 60747473210410.453
8131.000 6088.000 65461217.000 1.000 1390.000 520.000 184.000 44517.887 7348653.506 417878.927 84171.855 208523854.580 4634844376811.603
6366.000 5023.000 65461358.000 0.000 1330.000 530.000 196.000 48415.500 894613.306 175196.194 10611522.936 336281072.977 70131952281363.422
6282.000 4888.000 65461368.000 1.000 1300.000 530.000 212.000 13566.492 742768.186 306433.594 1349389.314 272614439.533 787925029675.337
6250.000 4857.000 65461378.000 1.000 1300.000 530.000 215.000 9135.000 688634.426 341715.590 328324.080 438589643.593 3643199235684.573
6250.000 4827.000 65461388.000 1.000 1300.000 530.000 251.000 10213.240 688634.426 377689.456 811817.097 394590093.836 2031262393382.043
6280.000 4812.000 65461398.000 1.000 1280.000 530.000 304.000 12879.306 739324.826 396351.390 3625132.791 295778975.101 1926799580212.664
6322.000 4807.000 65461408.000 1.000 1280.000 530.000 381.000 24784.504 813315.386 402672.034 2366816.991 28016144.656 16841878891.597
6403.000 4799.000 65461418.000 1.000 1270.000 530.000 438.000 32557.302 965974.466 412889.065 5254495.543 6149259.606 9105033571107.662
6509.000 4813.000 65461428.000 1.000 1270.000 530.000 488.000 49813.445 1185572.546 395093.261 2889655.062 389506264.750 425905471222.063
6670.000 4842.000 65461438.000 1.000 1270.000 530.000 538.000 59303.281 1562100.026 359477.523 1939009.412 854144408.768 88822664275.569
6859.000 4889.000 65461448.000 1.000 1270.000 530.000 580.000 65671.128 2070260.546 305327.465 598310.832 1266904081.273 2685435666319.542
7067.000 4946.000 65461458.000 1.000 1270.000 530.000 609.000 67636.024 2712081.986 245584.119 1677965.825 1410640326.656 312564745211.425
7280.000 5009.000 65461468.000 1.000 1280.000 540.000 625.000 62125.463 3459004.826 187111.999 197354.672 1027069885.939 4160319199915.532
7479.000 5054.000 65461478.000 1.000 1260.000 540.000 639.000 61477.336 4238822.146 150206.199 3270028.545 985947695.704 1067063833678.996
7668.000 5125.000 65461488.000 1.000 1260.000 540.000 636.000 50738.326 5052784.666 100213.047 3630261.180 426868411.649 1941063232738.068
7821.000 5191.000 65461498.000 1.000 1270.000 550.000 643.000 38816.286 5764032.706 62782.541 1525940.850 76365822.715 505663034007.506
7936.000 5246.000 65461508.000 1.000 1270.000 550.000 643.000 33804.986 6329450.906 38245.452 2162734.392 13893913.852 5521431310.168
8026.000 5311.000 65461518.000 1.000 1270.000 550.000 643.000 26702.410 6790402.106 17047.074 2189548.357 11391448.035 2255525137.295
8087.000 5374.000 65461528.000 1.000 1290.000 560.000 637.000 19511.775 7112035.586 4564.954 1119882.488 111635219.480 1248042529297.292
8112.000 5433.000 65461538.000 1.000 1290.000 560.000 641.000 15834.000 7246002.586 73.350 299190.129 202878201.809 3755264937275.102
8112.000 5485.000 65461548.000 1.000 1290.000 560.000 620.000 16816.562 7246002.586 1886.647 1565509.103 175853323.455 450954721029.257
8083.000 5532.000 65461558.000 1.000 1300.000 560.000 509.000 21957.807 7090716.866 8178.590 847617.771 65929932.921 1930496148584.907
8023.000 5572.000 65461568.000 1.000 1300.000 560.000 312.000 24741.445 6774776.066 17013.434 796331.140 28473823.713 2075644111922.251
7944.000 5591.000 65461578.000 1.000 1310.000 570.000 53.000 22126.236 6369768.346 22330.985 176851.164 63223106.949 4244381032417.583
7583.000 5550.000 65461628.000 0.000 1300.000 580.000 53.000 25030.196 4677876.866 11758.270 5507347.776 25475599.979 10694908199622.750
7502.000 5536.000 65461638.000 1.000 1280.000 570.000 127.000 6943.668 4334057.786 8918.074 248387.958 535175660.280 3954739832681.646
7480.000 5530.000 65461648.000 1.000 1280.000 570.000 141.000 6127.944 4242940.826 7820.847 289714.698 573582761.964 3792078660312.902
7462.000 5521.000 65461658.000 1.000 1280.000 570.000 161.000 5176.500 4169110.586 6310.007 649041.750 620061391.124 2521740748581.635
7454.000 5506.000 65461668.000 1.000 1280.000 570.000 178.000 7308.000 4136505.146 4151.941 1158685.532 518451584.261 1162849924973.144
7454.000 5482.000 65461678.000 1.000 1280.000 570.000 233.000 11113.207 4136505.146 1635.034 2760800.406 359645620.008 274324202128.331
7460.000 5446.000 65461688.000 1.000 1280.000 570.000 286.000 20179.875 4160947.226 19.674 1872715.498 97963612.682 132732871941.843
7466.000 5380.000 65461698.000 1.000 1270.000 560.000 339.000 26330.008 4185461.306 3790.181 2805392.604 14043935.598 323023856938.162
7475.000 5294.000 65461708.000 1.000 1270.000 560.000 439.000 35543.120 4222367.426 21775.265 5462660.574 29872652.963 10404623402177.229
7488.000 5178.000 65461718.000 1.000 1270.000 560.000 543.000 53482.892 4275962.266 69466.216 3697770.657 547810880.058 2133731930579.160
7503.000 5003.000 65461728.000 1.000 1270.000 560.000 617.000 65626.638 4338222.466 192338.772 2220430.138 1263738942.455 275911642.122
7518.000 4788.000 65461738.000 1.000 1250.000 560.000 667.000 72918.691 4400932.666 427146.483 1480792.940 1835364910.556 571910714213.068
7533.000 4549.000 65461748.000 1.000 1250.000 560.000 707.000 77781.722 4464092.866 796671.287 1243928.784 2275689750.341 986271329846.188
7548.000 4294.000 65461758.000 1.000 1250.000 560.000 734.000 73696.570 4527703.066 1316904.154 598772.122 1902620482.249 2683924019682.166
7559.000 4028.000 65461769.000 1.000 1230.000 560.000 752.000 75859.622 4574636.546 1998164.439 4091603.649 2095999771.279 3439403634426.657
7567.000 3779.000 65461779.000 1.000 1230.000 560.000 760.000 62422.500 4608921.986 2764120.532 2688887.250 1046196959.521 204165281021.947
7567.000 3574.000 65461789.000 1.000 1220.000 570.000 759.000 53592.000 4608921.986 3487796.954 3152488.500 552930208.667 838044626457.728
7567.000 3398.000 65461799.000 1.000 1200.000 570.000 751.000 43239.000 4608921.986 4176155.639 1531454.127 173224241.787 497852449045.884
7567.000 3256.000 65461809.000 1.000 1200.000 580.000 743.000 38209.594 4608921.986 4776691.941 11634821.373 66130433.528 88318281084366.172
7578.000 3131.000 65461819.000 1.000 1180.000 590.000 588.000 0.000 4656273.466 5338708.052 0.000 904657926.933 5004351210916.042
