3540.000 6308.000 27706840.000 0.000 1250.000 530.000 526.000 31575.170 6858913.050 1225304.898 3066706.209 172898505.584 2542617032.013
3673.000 6304.000 27706850.000 1.000 1250.000 530.000 540.000 18651.840 6179960.641 1216465.418 2584952.089 679770961.237 283213944607.778
3610.000 6351.000 27706860.000 1.000 1270.000 520.000 543.000 7758.658 6497159.677 1322350.300 283636.147 1366455556.237 8028690692922.358
3597.000 6381.000 27706870.000 1.000 1270.000 520.000 544.000 6563.394 6563601.446 1392246.395 2036296.454 1456251513.227 1168202404523.797
3618.000 6399.000 27706880.000 1.000 1290.000 520.000 532.000 15144.500 6456440.434 1435048.052 509213.290 874962061.635 6801232583271.411
3670.000 6362.000 27706890.000 1.000 1290.000 530.000 491.000 17290.363 6194885.357 1347769.868 472343.989 752618574.742 6994896103607.806
3723.000 6312.000 27706900.000 1.000 1300.000 540.000 417.000 15299.870 5933865.375 1234176.377 723190.497 865794587.585 5730949113458.099
3749.000 6253.000 27706910.000 1.000 1300.000 550.000 314.000 18347.449 5807871.837 1106567.057 2400369.707 695736033.669 513746146807.411
3756.000 6176.000 27706920.000 1.000 1320.000 550.000 179.000 28462.787 5774181.499 950498.081 1776841.509 264435427.152 1796374789622.911
3485.000 5641.000 27706970.000 0.000 1360.000 570.000 42.000 65901.504 7150022.842 193542.726 9142095.218 448475763.683 36300198908116.617
3308.000 5427.000 27706980.000 1.000 1340.000 570.000 137.000 27376.029 8127931.085 51046.584 2790894.792 300961036.708 106429788345.015
3223.000 5349.000 27706990.000 1.000 1340.000 570.000 239.000 15614.989 8619818.038 21884.738 1728116.605 847349520.356 1929359818372.786
3170.000 5310.000 27707000.000 1.000 1320.000 580.000 296.000 8332.576 8933838.020 11866.815 1639452.545 1324354492.088 2183532370469.839
3137.000 5298.000 27707010.000 1.000 1320.000 580.000 312.000 1423.800 9132197.896 9396.377 3597884.699 1874929631.239 231124524448.845
3143.000 5298.000 27707020.000 1.000 1310.000 580.000 325.000 16585.556 9095970.464 9396.377 2280208.106 791786529.599 700439224851.710
3201.000 5337.000 27707030.000 1.000 1300.000 580.000 337.000 26194.524 8749483.955 18478.300 1503617.042 343351028.515 2603425932230.055
3293.000 5398.000 27707040.000 1.000 1280.000 580.000 339.000 32530.879 8213684.665 38783.359 862122.528 148678482.491 5085061307486.234
3425.000 5435.000 27707050.000 1.000 1280.000 580.000 361.000 36163.928 7474497.162 54725.543 1034349.172 73279243.428 4337978386954.019
3577.000 5424.000 27707060.000 1.000 1270.000 590.000 373.000 40522.753 6666479.553 49699.975 286371.267 17652641.182 8013198279225.208
3742.000 5380.000 27707070.000 1.000 1270.000 590.000 362.000 39315.963 5841660.174 32017.702 668074.012 29249650.839 5997878065554.487
3865.000 5269.000 27707080.000 1.000 1250.000 590.000 367.000 42131.277 5262218.819 4615.152 1065661.145 6723548.564 4208526836281.343
3944.000 5110.000 27707090.000 1.000 1250.000 590.000 366.000 46622.053 4906015.298 8292.850 2179441.034 3601627.254 879261681725.908
3994.000 4920.000 27707100.000 1.000 1240.000 600.000 366.000 55806.381 4687020.032 78997.584 1660783.916 122813458.318 2120945601159.456
3985.000 4685.000 27707110.000 1.000 1230.000 590.000 367.000 48807.713 4726070.180 266323.176 757112.769 16674607.733 5569684060808.068
3937.000 4485.000 27707120.000 1.000 1210.000 590.000 369.000 45617.183 4937073.635 512749.211 317808.059 797315.711 7836206567765.733
3862.000 4308.000 27707130.000 1.000 1210.000 590.000 372.000 44277.916 5275991.535 797565.253 71732.230 199220.853 9274451100596.031
3766.000 4148.000 27707140.000 1.000 1190.000 600.000 376.000 44580.201 5726222.446 1108946.081 300278.708 20752.314 7934654459922.660
3643.000 4006.000 27707150.000 1.000 1190.000 600.000 377.000 45845.598 6330017.801 1428180.566 342777.714 1257404.218 7697033816348.953
3501.000 3875.000 27707160.000 1.000 1190.000 600.000 381.000 44401.107 7064712.357 1758448.620 1772059.107 104426.332 1809217263244.203
3360.000 3752.000 27707170.000 1.000 1180.000 600.000 379.000 36933.517 7834136.008 2099789.631 689787.199 60695639.613 5891995881643.411
3220.000 3684.000 27707180.000 1.000 1190.000 610.000 382.000 34026.702 8637442.754 2301486.484 1654802.295 114437696.524 2138404008507.739
3080.000 3653.000 27707190.000 1.000 1190.000 610.000 393.000 27053.241 9479949.499 2396505.519 33676.192 312264828.849 9507690953169.967
2969.000 3679.000 27707200.000 1.000 1170.000 610.000 389.000 26911.327 10175797.990 2316682.134 1504960.397 317300497.741 2599092693879.260
2900.000 3769.000 27707210.000 1.000 1170.000 610.000 394.000 33253.343 10620772.458 2050810.418 12064.569 131581882.521 9641434922892.930
2859.000 3903.000 27707220.000 1.000 1170.000 610.000 410.000 33202.502 10889687.576 1684972.975 1037632.693 132750852.870 4324311455491.357
2875.000 4042.000 27707230.000 1.000 1170.000 610.000 427.000 37575.164 10784345.091 1343431.880 1144871.885 51109539.775 3889804353794.577
2943.000 4185.000 27707240.000 1.000 1150.000 620.000 448.000 42399.740 10342351.529 1032388.265 1527728.145 5403382.227 2526200095380.606
3046.000 4331.000 27707250.000 1.000 1150.000 620.000 490.000 48837.701 9690474.280 757013.259 531483.420 16920416.332 6685571227876.638
3216.000 4447.000 27707260.000 1.000 1150.000 620.000 512.000 51077.412 8660970.375 568614.158 706072.861 40362570.409 5813199316759.649
3417.000 4524.000 27707270.000 1.000 1150.000 620.000 535.000 54052.856 7518304.405 458417.134 496679.816 87022747.490 6866762198299.195
3639.000 4575.000 27707280.000 1.000 1150.000 620.000 541.000 56145.902 6350161.422 391957.495 979427.749 130453960.043 4569773386936.081
3873.000 4610.000 27707290.000 1.000 1150.000 620.000 546.000 52018.520 5225579.576 349357.939 604745.287 53206263.477 6312079852573.891
4091.000 4633.000 27707300.000 1.000 1170.000 610.000 539.000 49470.078 4276428.215 322697.945 1603217.309 22522810.955 2291933387344.230
4299.000 4647.000 27707310.000 1.000 1170.000 610.000 543.000 42714.000 3459423.908 306988.123 2186361.652 4041135.752 866330794400.277
4479.000 4647.000 27707320.000 1.000 1170.000 610.000 537.000 33500.508 2822240.949 306988.123 1450654.766 125972555.827 2777141633401.019
4620.000 4654.000 27707330.000 1.000 1170.000 610.000 537.000 27387.340 2368375.298 299280.211 1459548.533 300568713.018 2747578237318.763
4734.000 4672.000 27707340.000 1.000 1170.000 610.000 546.000 21236.693 2030490.091 279909.868 317509.536 551665692.396 7837877981194.648
4819.000 4700.000 27707350.000 1.000 1170.000 610.000 527.000 22574.702 1795473.138 251066.223 1912634.203 490602814.745 1450811518414.459
4880.000 4773.000 27707360.000 1.000 1170.000 610.000 480.000 30634.686 1635719.913 183239.720 1477328.947 198516028.805 2688949390427.491
4925.000 4894.000 27707370.000 1.000 1170.000 610.000 420.000 36860.261 1522639.174 94288.969 60204.671 61842443.046 9344796003492.496
4957.000 5046.000 27707380.000 1.000 1180.000 620.000 381.000 36606.554 1444690.203 24045.182 894296.136 65897112.275 4940992958435.469
4966.000 5200.000 27707390.000 1.000 1200.000 620.000 379.000 40375.185 1423136.055 1.134 667623.380 18914432.768 6000085515140.971
4959.000 5370.000 27707400.000 1.000 1200.000 620.000 414.000 43188.600 1439886.393 28539.004 7118942.336 2358244.366 16014497343057.215
4959.000 5552.000 27707410.000 1.000 1210.000 630.000 519.000 13188.843 1439886.393 123155.312 2566599.544 994482376.084 303084419866.202
4951.000 5607.000 27707420.000 1.000 1210.000 630.000 553.000 2373.000 1459149.635 164783.152 619424.190 1793629023.108 6238537202784.235
4951.000 5617.000 27707430.000 1.000 1230.000 620.000 568.000 4983.300 1459149.635 173001.850 3547611.270 1579343713.599 185313625817.998
4951.000 5596.000 27707440.000 1.000 1240.000 630.000 594.000 19933.200 1459149.635 155973.584 3491299.980 614596538.569 140002741074.218
4951.000 5512.000 27707450.000 1.000 1240.000 630.000 591.000 34645.800 1459149.635 96680.519 2259866.276 101575308.263 734902084213.999
4951.000 5366.000 27707460.000 1.000 1240.000 630.000 592.000 44169.046 1459149.635 27203.525 1809375.956 308259.958 1710222152476.665
4958.000 5180.000 27707470.000 1.000 1270.000 630.000 592.000 36544.200 1442287.298 443.738 1891161.401 66913342.881 1503000423998.673
4958.000 5026.000 27707480.000 1.000 1270.000 630.000 588.000 28574.704 1442287.298 30647.785 1248210.814 260808082.550 3492861085862.272
4968.000 4906.000 27707490.000 1.000 1290.000 640.000 586.000 23314.650 1418368.245 87063.407 3852639.063 458371299.005 540972730880.288
4975.000 4808.000 27707500.000 1.000 1300.000 630.000 588.000 7079.340 1401743.908 154500.164 922336.454 1417139823.606 4817121248615.053
4982.000 4779.000 27707510.000 1.000 1320.000 640.000 589.000 3192.545 1385217.570 178138.939 1362138.307 1724883154.241 3079997872765.120
4991.000 4789.000 27707520.000 1.000 1320.000 640.000 592.000 8932.698 1364113.422 169797.637 6706066.202 1281035740.972 12880458910158.238
5002.000 4825.000 27707530.000 1.000 1320.000 640.000 572.000 37192.564 1338539.464 141424.951 4353693.267 56726408.983 1529087282773.269
5044.000 4976.000 27707540.000 1.000 1320.000 640.000 559.000 55539.354 1243119.440 50654.294 2936562.346 116966309.425 32604886561.463
5101.000 5203.000 27707550.000 1.000 1320.000 640.000 535.000 67914.248 1119263.837 3.744 2826735.398 537775653.215 84329360814.670
5169.000 5481.000 27707560.000 1.000 1320.000 640.000 504.000 79826.323 980006.274 78363.555 113500.115 1232154993.020 9021795960820.906
5229.000 5812.000 27707570.000 1.000 1320.000 640.000 505.000 79348.025 864811.955 373241.466 32952.190 1198805266.675 9512156331634.225
5294.000 6140.000 27707580.000 1.000 1320.000 640.000 536.000 79209.162 748143.109 881598.768 7344633.383 1189208629.192 17871779962680.719
5361.000 6467.000 27707590.000 1.000 1320.000 640.000 585.000 48258.326 636728.452 1602591.200 7352176.912 12489639.222 17935617447518.270
5422.000 6661.000 27707600.000 1.000 1320.000 640.000 625.000 17275.701 543099.227 2131409.945 3268097.498 753423261.242 22791010805.652
5442.000 6731.000 27707610.000 1.000 1330.000 630.000 624.000 3503.693 514021.121 2340700.833 1308402.671 1699134948.675 3271496643101.770
5435.000 6718.000 27707620.000 1.000 1320.000 630.000 644.000 9017.400 524107.458 2301091.525 8165137.050 1274979682.033 25482369337052.621
5435.000 6680.000 27707630.000 1.000 1330.000 620.000 655.000 43425.900 524107.458 2187248.472 5491229.022 1685732.544 5636343419780.319
5435.000 6497.000 27707640.000 1.000 1330.000 620.000 678.000 66566.351 524107.458 1679447.294 13709685.009 477077042.647 112202209364672.125
5452.000 6217.000 27707650.000 1.000 1350.000 630.000 687.000 124339.992 499782.067 1032123.744 7555762.278 6338665158.775 19701451364462.855
5484.000 5694.000 27707660.000 1.000 1370.000 620.000 679.000 156180.541 455561.097 242984.827 5069326.708 12422503101.955 3811069728323.565
5523.000 5037.000 27707670.000 1.000 1370.000 620.000 670.000 177543.064 404435.789 26917.353 2972468.921 17640835324.718 20926995129.248
5565.000 4290.000 27707680.000 1.000 1350.000 630.000 650.000 165016.857 352779.766 830039.596 8267818.184 14470309462.437 26529582810213.250
5609.000 3596.000 27707690.000 1.000 1350.000 630.000 649.000 130175.651 302447.931 2576233.939 5483741.733 7301940628.339 5600848356953.904
5634.000 3048.000 27707700.000 1.000 1330.000 630.000 647.000 107066.752 275575.298 4635689.276 7218393.580 3886586603.882 16820358208079.477
5647.000 2597.000 27707710.000 1.000 1330.000 650.000 647.000 76647.900 262095.529 6781154.986 2739125.899 1019118941.967 142887537667.981
5647.000 2274.000 27707720.000 1.000 1320.000 650.000 622.000 65105.018 262095.529 8567710.034 1887866.253 415375393.132 1511090781765.129
5633.000 2000.000 27707730.000 1.000 1300.000 660.000 550.000 57149.408 276626.203 10246817.702 9375916.874 154384361.639 39172405893664.445
5613.000 1760.000 27707740.000 1.000 1280.000 660.000 449.000 17638.591 298064.310 11840928.945 5907409.796 733633336.961 7785658112025.170
5599.000 1687.000 27707750.000 1.000 1280.000 680.000 284.000 42532.859 313546.984 12348653.448 230422.602 4802227.969 8333082941161.703
7845.000 6984.000 27708071.000 0.000 1360.000 560.000 334.000 11363.177 2842755.624 3178856.898 492944.951 1112961701.011 6886350207189.382
7868.000 6942.000 27708081.000 1.000 1350.000 570.000 420.000 13440.484 2920842.801 3030854.365 5638703.616 978674492.729 6358330583819.987
7826.000 6904.000 27708091.000 1.000 1350.000 570.000 496.000 37202.404 2779046.825 2899987.312 3883761.195 56578282.078 587722502268.575
7743.000 6771.000 27708101.000 1.000 1350.000 570.000 527.000 53568.865 2509205.967 2464695.626 2074835.398 78227079.474 1086379243139.344
7631.000 6575.000 27708111.000 1.000 1360.000 570.000 540.000 62312.377 2166923.363 1887697.140 1753078.904 309341942.863 1860636970504.474
7499.000 6348.000 27708121.000 1.000 1380.000 580.000 536.000 69699.983 1795726.866 1315459.691 890516.897 623786857.601 4957808486313.607
7355.000 6092.000 27708131.000 1.000 1380.000 580.000 540.000 73452.688 1430529.233 793765.016 5706209.533 825322711.344 6703329833017.807
7211.000 5818.000 27708141.000 1.000 1390.000 580.000 548.000 49406.293 1106803.600 380608.685 4029015.373 21921455.177 831533878575.200
7103.000 5640.000 27708151.000 1.000 1390.000 580.000 543.000 32427.720 891225.375 192663.856 3773470.325 151204837.763 430781862932.775
7018.000 5533.000 27708161.000 1.000 1390.000 600.000 537.000 16526.033 737962.328 110180.785 3243550.000 795139872.461 15981870151.096
6981.000 5474.000 27708171.000 1.000 1380.000 600.000 533.000 2857.470 675761.825 74493.466 509810.337 1752827906.718 6798118841349.926
6973.000 5465.000 27708181.000 1.000 1390.000 610.000 427.000 5005.849 662673.067 69661.637 3308381.072 1577551984.349 36576751292.285
6984.000 5483.000 27708191.000 1.000 1380.000 610.000 226.000 18947.615 680703.109 79487.294 2533744.068 664435305.436 340339820547.068
7128.000 5777.000 27708232.000 0.000 1370.000 630.000 58.000 62724.904 939052.742 331701.022 11635111.828 324023269.625 72556004568093.609
7243.000 6015.000 27708242.000 1.000 1350.000 630.000 196.000 13693.670 1175158.629 662490.040 415421.651 962897368.858 7299231128533.544
7300.000 6024.000 27708252.000 1.000 1330.000 630.000 296.000 11943.052 1301989.026 677221.868 3881138.318 1074607442.762 583707826128.917
7333.000 5986.000 27708262.000 1.000 1330.000 630.000 399.000 28298.460 1378387.150 616122.815 4461396.143 269806827.885 1807049908099.357
7368.000 5872.000 27708272.000 1.000 1330.000 630.000 443.000 47099.118 1461795.464 450153.655 3023318.040 5639961.762 8800792365.937
7405.000 5677.000 27708282.000 1.000 1320.000 640.000 467.000 59839.607 1552633.967 226514.040 1903945.938 228473786.482 1471816971765.651
7438.000 5427.000 27708292.000 1.000 1320.000 640.000 478.000 51816.236 1635962.091 51046.584 2982813.540 50296157.156 18041066811.541
7470.000 5211.000 27708302.000 1.000 1320.000 640.000 490.000 39246.436 1718845.121 98.702 1934896.028 30006529.844 1397678532221.052
7498.000 5048.000 27708312.000 1.000 1320.000 640.000 495.000 31092.639 1793047.771 23428.921 3802183.862 185821026.559 469298001335.469
7526.000 4920.000 27708322.000 1.000 1320.000 640.000 488.000 15069.951 1868818.422 78997.584 1283877.004 879377901.892 3360818668145.839
7554.000 4863.000 27708332.000 1.000 1320.000 640.000 485.000 9659.597 1946157.073 114288.004 1215387.953 1229530425.317 3616625013362.314
7590.000 4844.000 27708342.000 1.000 1320.000 640.000 465.000 14781.333 2047896.482 127495.478 10104679.412 896578735.586 48825838701580.859
7652.000 4850.000 27708352.000 1.000 1300.000 650.000 325.000 57363.210 2229190.351 123246.697 1084396.929 159743116.932 4132006089508.893
8601.000 6535.000 27708432.000 0.000 1300.000 660.000 570.000 93921.050 5963595.198 1779382.347 20143195.076 2420324379.188 289886872275548.438
8858.000 6836.000 27708442.000 1.000 1300.000 660.000 634.000 9036.115 7284856.529 2673012.164 1290718.600 1273643524.603 3335780714938.108
8873.000 6871.000 27708452.000 1.000 1320.000 650.000 662.000 14475.300 7366052.949 2788682.608 3736027.945 914999437.891 383033950352.187
8873.000 6810.000 27708462.000 1.000 1320.000 650.000 681.000 30219.202 7366052.949 2588671.549 5329202.006 210396638.920 4893260000689.113
8844.000 6686.000 27708472.000 1.000 1330.000 650.000 690.000 52676.859 7209479.203 2205031.691 366605.482 63243868.500 7565388306069.458
8785.000 6472.000 27708482.000 1.000 1350.000 650.000 694.000 51131.956 6896124.618 1615275.549 56974.544 41058598.361 9364554955034.084
8700.000 6274.000 27708492.000 1.000 1370.000 650.000 697.000 50891.861 6456921.570 1151189.324 1417525.313 38039331.291 2888658058263.908
8595.000 6087.000 27708502.000 1.000 1370.000 650.000 693.000 56865.419 5934326.629 784880.667 2692666.118 147407799.336 180170078164.766
8476.000 5879.000 27708512.000 1.000 1370.000 650.000 688.000 45518.322 5368708.363 459595.744 1672640.374 630538.219 2086551950682.772
8363.000 5724.000 27708522.000 1.000 1380.000 640.000 679.000 38469.690 4857824.665 273460.921 2831804.837 39119616.277 81410778720.318
8254.000 5604.000 27708532.000 1.000 1380.000 640.000 659.000 26536.252 4389223.345 162356.543 1964375.333 330803548.911 1328844655857.241
8166.000 5535.000 27708542.000 1.000 1380.000 640.000 611.000 18258.227 4028239.014 111512.525 879275.284 700450777.474 5007996318790.643
8090.000 5523.000 27708552.000 1.000 1370.000 650.000 537.000 14552.895 3728943.819 103642.087 2476687.523 910311123.140 410167307243.437
8034.000 5548.000 27708562.000 1.000 1370.000 650.000 474.000 24989.842 3515802.517 120363.833 5453373.977 389447160.381 5458033217380.428
7981.000 5639.000 27708572.000 1.000 1350.000 650.000 364.000 47970.769 3319856.499 191786.986 587016.176 10539836.055 6401478889363.660
8079.000 6645.000 27708622.000 0.000 1330.000 650.000 250.000 35602.118 3686581.777 2084948.028 2985897.253 83213431.486 17222185702.376
8229.000 6642.000 27708632.000 1.000 1330.000 650.000 404.000 23019.323 4285095.979 2076293.418 1005718.690 471104187.429 4458060162586.802
8306.000 6583.000 27708642.000 1.000 1350.000 640.000 512.000 27257.497 4609812.269 1909744.099 5021783.178 305087727.015 3627701525063.858
8393.000 6508.000 27708652.000 1.000 1350.000 640.000 578.000 48419.668 4990967.505 1708078.862 1727341.346 13656057.780 1931514110567.352
8528.000 6355.000 27708662.000 1.000 1350.000 640.000 613.000 55698.814 5612385.286 1331565.779 200010.678 120440887.449 8509588513461.610
8706.000 6202.000 27708672.000 1.000 1350.000 640.000 639.000 56541.674 6487450.138 1001870.697 344407.253 139651329.588 7687994639361.618
8913.000 6084.000 27708682.000 1.000 1350.000 640.000 646.000 57993.032 7584776.736 779574.057 5070.152 176060373.199 9684920097727.006
9139.000 5991.000 27708692.000 1.000 1370.000 630.000 667.000 57971.666 8880682.132 623997.164 332403.908 175493828.438 7754702628982.080
9380.000 5951.000 27708702.000 1.000 1370.000 630.000 671.000 59372.441 10375145.949 562402.371 1572637.170 214569275.949 2385459888671.476
9630.000 5941.000 27708712.000 1.000 1370.000 630.000 671.000 52745.230 12048169.618 547503.673 2249086.449 64335997.710 753500610631.006
9852.000 5952.000 27708722.000 1.000 1380.000 630.000 668.000 43267.411 13638598.635 563903.241 1512988.256 2122402.112 2573272590598.398
10034.000 5963.000 27708732.000 1.000 1400.000 630.000 667.000 36891.565 15015991.866 580544.809 4095481.204 61351073.885 957169946560.965
10189.000 5975.000 27708742.000 1.000 1400.000 630.000 638.000 19632.900 16241281.541 598975.247 2969548.470 629576227.874 21780478727.474
10271.000 5986.000 27708752.000 1.000 1400.000 630.000 574.000 7119.000 16908933.304 616122.815 1407782.250 1414155401.655 2921871707892.885
10301.000 5986.000 27708762.000 1.000 1410.000 640.000 478.000 1186.500 17156556.144 616122.815 14507417.131 1895536339.722 129738627749747.234
10296.000 5986.000 27708772.000 1.000 1410.000 640.000 213.000 62321.844 17115160.671 616122.815 1617451.315 309675045.939 2249037893150.060
7453.000 4626.000 27708892.000 0.000 1350.000 650.000 614.000 144114.578 1674558.511 330699.856 25668576.314 9878435782.628 508567704764537.062
6929.000 4319.000 27708902.000 1.000 1320.000 650.000 638.000 35945.272 592972.902 778038.821 5038513.066 77070588.747 3691710663555.914
6778.000 4331.000 27708912.000 1.000 1300.000 660.000 634.000 14712.600 383219.606 757013.259 3333758.408 900699593.889 46927616545.926
6716.000 4331.000 27708922.000 1.000 1280.000 650.000 642.000 28761.308 310301.736 757013.259 6394189.456 254815760.990 10739114887086.326
6835.000 4354.000 27708932.000 1.000 1260.000 660.000 637.000 55706.902 457040.002 717519.265 4595155.984 120618477.289 2184559099522.080
7065.000 4401.000 27708942.000 1.000 1230.000 650.000 636.000 75071.234 820921.777 640104.146 910264.291 920938974.611 4870258810577.579
7370.000 4485.000 27708952.000 1.000 1230.000 650.000 643.000 78907.156 1466635.653 512749.211 1987988.581 1168470540.759 1274961650351.260
7693.000 4564.000 27708962.000 1.000 1210.000 660.000 644.000 70529.623 2353301.233 405851.927 1312269.863 665916881.717 3257522202088.185
8010.000 4644.000 27708973.000 1.000 1200.000 650.000 659.000 76612.627 3426376.245 310321.513 1106336.975 1016868100.878 4043290915579.064
8322.000 4727.000 27708983.000 1.000 1180.000 650.000 650.000 71950.440 4678773.783 224737.708 3665010.936 741265006.274 300172886215.374
8615.000 4805.000 27708993.000 1.000 1180.000 650.000 641.000 56505.809 6032168.523 156867.555 2788513.249 138804952.610 107989349199.100
8841.000 4880.000 27709003.000 1.000 1190.000 660.000 606.000 44754.805 7193377.919 103082.791 4910894.787 933.142 3217590035960.976
9022.000 4933.000 27709013.000 1.000 1190.000 660.000 540.000 24059.926 8197040.055 71858.892 425818.714 427014601.844 7243159551600.348
9116.000 4971.000 27709023.000 1.000 1200.000 670.000 405.000 22265.494 8744128.955 52929.945 1352420.065 504396063.929 3114203196196.386
8373.000 5544.000 27709123.000 0.000 1350.000 690.000 659.000 79257.490 4902005.612 117604.353 6469588.921 1192544137.704 11238976938693.768
8296.000 5219.000 27709133.000 1.000 1350.000 690.000 727.000 51994.157 4566971.322 321.661 14782849.580 52851436.804 136088999823683.828
8174.000 5037.000 27709143.000 1.000 1350.000 690.000 762.000 114290.194 4060415.771 26917.353 4484071.820 4839419502.599 1868528357915.770
8115.000 4559.000 27709153.000 1.000 1370.000 690.000 774.000 133186.409 3826121.186 412247.578 3064789.300 7825552224.454 2739609427.272
8098.000 3998.000 27709163.000 1.000 1350.000 690.000 767.000 146101.661 3759904.576 1447365.608 4712741.219 10277377913.408 2545973316312.853
8127.000 3383.000 27709173.000 1.000 1350.000 690.000 770.000 126241.816 3873210.322 3305360.667 5133354.994 6645112322.095 4065160893956.570
8173.000 2853.000 27709183.000 1.000 1350.000 690.000 748.000 104609.473 4056386.677 5513409.661 3411168.279 3586239019.536 86458169358.824
8231.000 2416.000 27709193.000 1.000 1310.000 690.000 681.000 90234.554 4293380.168 7756587.549 6081917.369 2071187075.400 8789960713561.862
8294.000 2041.000 27709203.000 1.000 1290.000 700.000 559.000 64604.898 4558427.132 9986011.365 15330742.295 395239861.397 149172311163232.781
8352.000 1775.000 27709213.000 1.000 1270.000 700.000 364.000 0.000 4809456.624 11737921.992 0.000 2000259220.835 9716503042958.637
