3280.000 5344.000 72443167.000 0.000 1380.000 480.000 91.000 0.000 6555870.147 378037.191 0.000 1154090648.966 27798074072903.742
3280.000 5344.000 72443177.000 1.000 1380.000 480.000 136.000 0.000 6555870.147 378037.191 0.000 1154090648.966 27798074072903.742
3280.000 5344.000 72443187.000 1.000 1380.000 480.000 148.000 0.000 6555870.147 378037.191 2308647.529 1154090648.966 8783756933201.914
3280.000 5344.000 72443197.000 1.000 1380.000 480.000 170.000 8204.149 6555870.147 378037.191 404887.888 663977491.721 23692556278965.254
3307.000 5333.000 72443207.000 1.000 1380.000 480.000 207.000 6765.315 6418335.206 364631.550 612809.564 740198795.411 21711670185218.613
3330.000 5326.000 72443217.000 1.000 1390.000 480.000 237.000 8943.032 6302325.812 356226.688 540049.936 626444719.143 22395022520100.496
3361.000 5319.000 72443227.000 1.000 1390.000 480.000 267.000 10862.186 6147639.325 347919.826 304822.610 534059329.695 24676704820751.934
3398.000 5308.000 72443237.000 1.000 1390.000 480.000 291.000 11945.422 5965529.517 335064.186 521093.706 485166160.594 22574796432180.789
3439.000 5297.000 72443247.000 1.000 1390.000 480.000 307.000 13797.212 5766930.162 322450.545 0.000 407018427.465 27798074072903.742
3487.000 5287.000 72443257.000 1.000 1390.000 480.000 314.000 13797.212 5538695.600 311193.600 232849.495 407018427.465 25396947244510.031
3535.000 5277.000 72443267.000 1.000 1390.000 480.000 305.000 14624.680 5315069.039 300136.654 77677.375 374315297.236 26985017344785.125
3586.000 5267.000 72443277.000 1.000 1390.000 480.000 317.000 14348.641 5082514.817 289279.708 558928.499 385072674.646 22216699439800.852
3636.000 5257.000 72443287.000 1.000 1380.000 490.000 312.000 12362.399 4859570.482 278622.762 419084.518 466970952.885 23554553630134.129
3679.000 5248.000 72443297.000 1.000 1400.000 500.000 307.000 10873.115 4671837.354 269202.511 863800.636 533554316.798 19435641584731.293
3717.000 5241.000 72443307.000 1.000 1400.000 500.000 264.000 7803.461 4509011.660 261987.649 2492986.196 684787707.597 7725073782031.976
3742.000 5229.000 72443317.000 1.000 1400.000 500.000 68.000 16662.687 4403464.492 249847.314 138649.432 299609190.632 26355270565162.836
3218.000 4579.000 72443458.000 0.000 1390.000 480.000 186.000 9715.434 6877209.123 22545.836 677512.429 588376613.600 21112880511063.402
3212.000 4613.000 72443468.000 1.000 1390.000 480.000 200.000 12123.083 6908714.443 13491.452 1003088.570 477371228.360 18226916692080.777
3196.000 4653.000 72443478.000 1.000 1390.000 480.000 205.000 8558.447 6993080.630 5799.235 252348.264 645844086.630 25200797856403.035
3210.000 4680.000 72443488.000 1.000 1390.000 480.000 207.000 9455.207 6919232.216 2415.989 1101262.840 601068711.498 17398284190874.309
3230.000 4707.000 72443498.000 1.000 1390.000 480.000 210.000 13368.721 6814414.482 490.743 752336.126 424491384.790 20430867958056.980
3271.000 4731.000 72443508.000 1.000 1390.000 480.000 213.000 16042.268 6602039.128 3.412 907486.860 321472051.649 19052361010209.871
3324.000 4752.000 72443518.000 1.000 1390.000 480.000 218.000 19267.168 6332487.133 521.999 1229839.565 216229428.594 16342196967846.289
3392.000 4760.000 72443528.000 1.000 1390.000 480.000 212.000 23637.600 5994874.837 951.555 912607.496 106797957.067 19007685092411.617
3476.000 4760.000 72443538.000 1.000 1390.000 480.000 225.000 26880.697 5590592.354 951.555 47816.051 50285297.620 27296150911063.652
3570.000 4743.000 72443548.000 1.000 1390.000 480.000 237.000 26710.775 5154913.004 191.747 314995.220 52724077.196 24575742094240.344
3659.000 4710.000 72443558.000 1.000 1380.000 490.000 254.000 27830.161 4758695.088 366.826 905917.211 37721077.148 19066066199084.594
3749.000 4669.000 72443568.000 1.000 1380.000 490.000 244.000 24610.839 4374135.285 3618.348 345427.505 87629644.733 24274938644970.598
3817.000 4614.000 72443578.000 1.000 1380.000 490.000 250.000 23383.307 4094322.990 13260.146 1423597.253 112118507.232 14813189374966.877
3870.000 4550.000 72443588.000 1.000 1380.000 490.000 257.000 28442.288 3882646.995 32095.693 1331219.543 30576716.194 15532807947082.930
3916.000 4460.000 72443598.000 1.000 1380.000 490.000 264.000 33172.990 3703482.206 72443.181 1196853.294 638272.694 16609982251143.217
3937.000 4344.000 72443608.000 1.000 1380.000 490.000 267.000 37426.200 3623096.586 148342.610 696210.896 11932121.446 20941395889341.836
3937.000 4211.000 72443618.000 1.000 1380.000 490.000 270.000 39900.297 3623096.586 268482.230 654172.831 35145775.926 21327910340183.336
3909.000 4072.000 72443628.000 1.000 1380.000 490.000 275.000 42225.005 3730473.413 431849.683 506590.913 68113581.958 22712820835279.199
3855.000 3932.000 72443638.000 1.000 1380.000 490.000 280.000 40424.753 3941985.295 635452.442 172181.344 41639186.597 26012106821810.461
3786.000 3806.000 72443648.000 1.000 1380.000 490.000 274.000 39812.879 4220737.477 852210.925 2493968.564 34116922.312 7719613956510.282
3705.000 3690.000 72443658.000 1.000 1370.000 500.000 292.000 30950.162 4560118.300 1079838.353 1303900.668 9130959.189 15748890838918.787
3621.000 3619.000 72443668.000 1.000 1370.000 500.000 307.000 26316.542 4925928.783 1232439.038 1855109.521 58604654.690 11677791457901.543
3536.000 3580.000 72443678.000 1.000 1370.000 500.000 334.000 19724.113 5310459.152 1320551.949 459625.816 202999710.931 23162678790321.262
3468.000 3563.000 72443688.000 1.000 1370.000 500.000 349.000 18090.759 5628487.448 1359912.142 382003.877 252210947.697 23915855804145.875
3406.000 3580.000 72443698.000 1.000 1360.000 500.000 369.000 16733.247 5926514.423 1320551.949 606170.212 297171491.837 21773587427582.312
3366.000 3624.000 72443708.000 1.000 1360.000 500.000 369.000 18887.370 6122869.891 1221362.511 167818.518 227543338.095 26056628483518.191
3338.000 3685.000 72443718.000 1.000 1360.000 500.000 381.000 18291.000 6262222.719 1090254.880 237557.880 245890929.159 25349513239418.273
3338.000 3750.000 72443728.000 1.000 1360.000 500.000 393.000 17446.800 6262222.719 958740.028 101759.587 273079250.744 26735397057871.238
3338.000 3812.000 72443738.000 1.000 1360.000 500.000 398.000 17808.419 6262222.719 841169.092 151004.024 261258431.752 26228572712915.621
3371.000 3866.000 72443748.000 1.000 1360.000 500.000 392.000 18345.036 6098150.458 745032.600 998455.882 244199181.774 18266494817344.266
3414.000 3915.000 72443758.000 1.000 1360.000 500.000 394.000 21893.209 5887627.330 662844.634 2423534.988 145895010.707 8115962862791.210
3476.000 3962.000 72443768.000 1.000 1360.000 500.000 391.000 30505.629 5590592.354 588523.279 1579319.511 12015101.922 13638754059173.926
3570.000 4016.000 72443778.000 1.000 1360.000 500.000 388.000 36117.994 5154913.004 508586.787 754874.072 4605677.804 20407931104633.461
3685.000 4073.000 72443788.000 1.000 1360.000 500.000 399.000 38800.560 4645936.034 430536.378 0.000 23315863.677 27798074072903.742
3811.000 4129.000 72443798.000 1.000 1360.000 500.000 391.000 38800.560 4118640.310 360183.275 197915.092 23315863.677 25750274187540.953
3937.000 4185.000 72443808.000 1.000 1360.000 500.000 396.000 38097.237 3623096.586 296102.171 613822.604 17018325.296 21702230533011.934
4062.000 4237.000 72443818.000 1.000 1360.000 500.000 391.000 40278.554 3162860.748 242214.289 1942917.014 39773762.271 11085376320627.158
4200.000 4275.000 72443828.000 1.000 1360.000 500.000 399.000 33374.087 2691054.384 206254.683 1283506.203 357391.986 15911177120665.262
4315.000 4304.000 72443838.000 1.000 1360.000 500.000 391.000 28812.942 2326977.413 180754.826 1620026.554 26614947.775 13339743335832.533
4415.000 4326.000 72443848.000 1.000 1360.000 500.000 386.000 23055.918 2031888.743 162532.107 1069624.756 119158874.891 17663217968708.023
4492.000 4354.000 72443858.000 1.000 1360.000 500.000 361.000 19254.835 1818299.467 140739.555 355752.352 216592287.856 24173305023115.656
4553.000 4385.000 72443868.000 1.000 1360.000 500.000 337.000 20519.058 1657510.379 118441.087 975349.847 180979218.981 18464535951371.699
4602.000 4439.000 72443878.000 1.000 1360.000 500.000 311.000 23985.120 1533741.931 84188.595 529667.964 99735968.601 22493392305729.289
4646.000 4512.000 72443888.000 1.000 1360.000 500.000 287.000 25867.380 1426694.916 47155.299 1346738.471 65683401.730 15410723368552.982
4681.000 4597.000 72443898.000 1.000 1360.000 500.000 233.000 30653.231 1344308.881 17464.339 2366207.617 11013628.343 8445883784843.573
4710.000 4702.000 72443908.000 1.000 1350.000 500.000 170.000 39061.929 1277902.167 737.270 1768957.222 25908296.429 12274026452317.229
4725.000 4840.000 72443918.000 1.000 1350.000 500.000 173.000 45348.202 1244213.867 12287.122 1595763.683 129420026.394 13517565566670.537
4732.000 5001.000 72443928.000 1.000 1350.000 500.000 179.000 39677.400 1228646.660 73900.949 2533950.720 32552619.513 7499038139379.603
4732.000 5142.000 72443938.000 1.000 1350.000 500.000 178.000 30672.600 1228646.660 170442.885 1662905.160 10885444.526 13028365585209.436
4732.000 5251.000 72443948.000 1.000 1350.000 500.000 214.000 24763.200 1228646.660 272324.595 3404996.280 84800334.421 3487151428741.199
4732.000 5339.000 72443958.000 1.000 1350.000 500.000 264.000 12663.000 1228646.660 371913.718 2357243.620 454069632.792 8498066120600.537
4732.000 5384.000 72443968.000 1.000 1350.000 500.000 296.000 4286.157 1228646.660 428824.974 731008.820 881243913.629 20624123866293.137
4726.000 5398.000 72443978.000 1.000 1350.000 500.000 297.000 1688.400 1241983.980 447356.698 1869912.005 1042224998.836 11576842154643.898
4726.000 5392.000 72443988.000 1.000 1350.000 500.000 304.000 8333.432 1241983.980 439366.531 2826367.249 657331539.001 5983016980969.616
4732.000 5363.000 72443998.000 1.000 1350.000 500.000 307.000 18377.381 1228646.660 401762.388 1794269.434 243189325.513 12097308000752.746
4745.000 5299.000 72444008.000 1.000 1350.000 500.000 316.000 24753.605 1199996.133 324725.935 1108585.712 84977141.624 17337248585640.061
4758.000 5212.000 72444018.000 1.000 1350.000 500.000 322.000 28693.142 1171683.605 233141.506 1747682.257 27865388.477 12423549806177.734
4772.000 5111.000 72444028.000 1.000 1360.000 500.000 340.000 34903.811 1141571.192 145807.353 1140390.665 868440.025 17073401075468.176
4788.000 4988.000 72444038.000 1.000 1370.000 500.000 349.000 38956.372 1107637.004 67001.920 1090602.001 24844864.376 17487333229597.119
4799.000 4850.000 72444048.000 1.000 1370.000 500.000 363.000 42832.001 1084604.251 14604.068 2109173.480 78501217.766 10005925409802.275
4807.000 4698.000 72444058.000 1.000 1380.000 500.000 361.000 35336.715 1068005.157 970.491 1466414.796 1862693.495 14485431199676.418
4819.000 4573.000 72444068.000 1.000 1370.000 510.000 366.000 30125.575 1043346.517 24383.669 927629.191 14794290.659 18876928161011.695
4834.000 4467.000 72444078.000 1.000 1370.000 510.000 372.000 26829.096 1012928.216 68724.043 15249799.047 51019787.616 99548733376364.688
4855.000 4374.000 72444088.000 1.000 1370.000 510.000 381.000 81021.701 971098.596 126133.447 175935357.486 2213682860.956 29125849190992288.000
4865.000 4347.000 72444089.000 1.000 1375.000 510.000 386.000 18500.252 951489.729 146040.693 3836794.262 239372192.123 2060929067554.680
4895.000 4296.000 72444098.000 1.000 1370.000 520.000 415.000 6229.055 893863.128 187621.270 3159227.148 769665987.151 4465448325652.229
4916.000 4303.000 72444108.000 1.000 1370.000 520.000 420.000 17455.875 854595.507 181606.132 2927726.684 272779402.358 5497436175495.213
4938.000 4361.000 72444118.000 1.000 1370.000 520.000 418.000 27860.021 814404.000 135536.417 3559943.562 37355183.535 2932465579839.916
4977.000 4452.000 72444128.000 1.000 1370.000 530.000 418.000 40510.851 745534.418 76813.624 2148452.981 42757753.267 9758969321762.840
5027.000 4587.000 72444138.000 1.000 1370.000 530.000 417.000 48145.723 661690.083 20207.393 1478359.663 200896983.338 14394650194673.947
5079.000 4750.000 72444148.000 1.000 1370.000 530.000 409.000 53399.311 579795.975 434.610 1650681.425 377423921.099 13116757725687.826
5136.000 4931.000 72444158.000 1.000 1370.000 530.000 407.000 59265.272 496240.433 40742.329 405276.501 639754176.215 23688773282428.004
5202.000 5131.000 72444168.000 1.000 1370.000 530.000 413.000 60705.487 407609.911 161481.245 70880.439 714684155.018 27055679772955.332
5275.000 5334.000 72444178.000 1.000 1370.000 530.000 415.000 60957.372 319726.182 365840.245 5104381.855 728215175.305 28226028124.158
5345.000 5539.000 72444188.000 1.000 1370.000 530.000 415.000 42818.133 245464.113 655852.634 4040663.403 78255666.595 1517145214278.195
5397.000 5682.000 72444198.000 1.000 1370.000 530.000 420.000 28458.988 196642.004 907917.959 3298291.933 30392305.719 3897054851294.705
5439.000 5774.000 72444208.000 1.000 1370.000 530.000 422.000 16737.979 161156.763 1091705.861 4234951.531 297008367.525 1076274200998.951
5456.000 5831.000 72444218.000 1.000 1370.000 530.000 415.000 1688.400 147796.689 1214067.452 475115.760 1042224998.836 23013819898632.996
5462.000 5831.000 72444228.000 1.000 1370.000 530.000 418.000 0.000 143219.369 1214067.452 3563368.200 1154090648.966 2920748304141.558
5462.000 5831.000 72444238.000 1.000 1370.000 530.000 422.000 12663.000 143219.369 1214067.452 2260973.022 454069632.792 9068619513085.963
5462.000 5786.000 72444248.000 1.000 1370.000 530.000 415.000 20697.730 143219.369 1116926.196 2757385.697 176203846.826 6325236035700.940
5471.000 5713.000 72444258.000 1.000 1390.000 520.000 418.000 30496.542 136488.389 967955.491 3491989.964 12078180.681 3169816778378.206
5480.000 5605.000 72444268.000 1.000 1390.000 520.000 430.000 42905.888 129919.408 767108.477 2250845.999 79815968.186 9129715404962.117
5492.000 5453.000 72444278.000 1.000 1390.000 520.000 446.000 50904.630 121412.768 523954.900 3963965.582 286717016.608 1711968938624.446
5510.000 5273.000 72444288.000 1.000 1390.000 520.000 450.000 64991.217 109192.807 295769.876 3734281.555 962197425.097 2365771100767.586
5531.000 5043.000 72444298.000 1.000 1390.000 520.000 477.000 78261.585 95755.187 98500.122 2445651.621 1961575337.787 7990437939994.285
5539.000 4765.000 72444308.000 1.000 1390.000 520.000 481.000 86952.600 90868.093 1285.028 2692322.640 2806953544.195 6656736699290.613
5539.000 4456.000 72444318.000 1.000 1390.000 520.000 491.000 96520.200 90868.093 74612.403 1346161.320 3912288618.898 15415255086633.033
5539.000 4113.000 72444328.000 1.000 1370.000 530.000 488.000 91736.400 90868.093 379644.161 860866.478 3336736339.107 19461521177140.230
5539.000 3787.000 72444338.000 1.000 1370.000 530.000 493.000 88677.173 90868.093 887651.728 5669902.148 2992665832.237 158017584537.841
5548.000 3472.000 72444348.000 1.000 1360.000 540.000 490.000 68528.267 85523.113 1580432.935 3474996.781 1194141829.539 3230614802218.501
5564.000 3229.000 72444358.000 1.000 1360.000 540.000 490.000 56179.309 76420.926 2250458.151 2392736.602 493168583.473 8292391546097.526
5580.000 3030.000 72444368.000 1.000 1350.000 540.000 478.000 47676.336 67830.738 2887119.930 3782733.007 187811300.091 2219071673351.682
5592.000 2861.000 72444378.000 1.000 1330.000 540.000 447.000 34233.788 61724.098 3489994.545 1527962.323 68580.242 14020722834107.695
5612.000 2741.000 72444388.000 1.000 1330.000 540.000 284.000 39663.647 52186.364 3952751.196 411857.943 32395873.442 23624751375165.480
7534.000 6042.000 72444659.000 0.000 1430.000 500.000 104.000 0.000 2868134.128 1723568.009 4117669.920 1154090648.966 1333373592493.482
7534.000 6042.000 72444669.000 1.000 1430.000 500.000 120.000 14632.800 2868134.128 1723568.009 148880.861 374001164.160 26250324286207.070
7482.000 6042.000 72444679.000 1.000 1440.000 490.000 156.000 14103.728 2694708.236 1723568.009 4301880.269 394744644.240 941885044312.294
7458.000 5998.000 72444689.000 1.000 1450.000 500.000 222.000 29391.149 2616489.517 1609973.447 3129084.143 20983368.631 4593750956085.280
7405.000 5908.000 72444699.000 1.000 1450.000 500.000 259.000 40510.851 2447837.512 1389680.935 50840612.571 42757753.267 2076463100489206.000
7327.000 5787.000 72444709.000 1.000 1450.000 500.000 294.000 221181.116 2209850.674 1119040.890 408572603.922 35047286921.816 162651064250671136.000
7280.000 5724.000 72444710.000 1.000 1455.000 500.000 305.000 75988.293 2072323.349 989721.132 8376071.732 1765376465.240 9632853385037.389
7131.000 5532.000 72444719.000 1.000 1450.000 510.000 309.000 49199.151 1665536.467 644563.772 479046.355 231868877.473 22976123080506.742
7029.000 5390.000 72444729.000 1.000 1470.000 510.000 317.000 50901.519 1412666.911 436719.142 974334.274 286611670.901 18473264894395.082
6925.000 5242.000 72444739.000 1.000 1470.000 510.000 312.000 47439.066 1176263.128 263012.344 1221744.812 181364298.689 16407709353251.090
6813.000 5116.000 72444749.000 1.000 1460.000 520.000 312.000 43097.400 945866.438 149650.826 2888605.331 83274573.134 5682419293242.741
6697.000 5016.000 72444759.000 1.000 1460.000 520.000 307.000 32832.278 733689.295 82281.368 4143338.947 1298760.422 1274751517891.905
6615.000 4933.000 72444769.000 1.000 1460.000 520.000 316.000 18108.259 599938.004 41553.718 3511944.883 251655413.672 3099159584329.379
6570.000 4887.000 72444779.000 1.000 1460.000 520.000 255.000 5628.000 532252.906 24915.767 1246001.774 803377217.333 16211785162972.020
6550.000 4887.000 72444789.000 1.000 1450.000 530.000 130.000 10055.867 503470.640 24915.767 3298516.208 571977098.640 3896169420852.030
6561.000 4921.000 72444799.000 1.000 1450.000 530.000 36.000 21777.673 519201.886 36805.383 6422574.202 148699408.804 1322928550068.441
6695.000 5120.000 72444830.000 0.000 1420.000 530.000 5.000 92530.978 730267.068 152761.605 16861866.202 3429164479.645 134316007521710.234
6925.000 5355.000 72444840.000 1.000 1410.000 530.000 67.000 32609.634 1176263.128 391684.831 2543610.901 1855795.095 7446223861019.056
7015.000 5428.000 72444850.000 1.000 1410.000 530.000 76.000 23570.505 1379583.325 488387.536 2477174.330 108189219.825 7813218851460.624
7085.000 5474.000 72444860.000 1.000 1400.000 530.000 98.000 14767.469 1548921.256 554797.486 2610085.741 368810542.770 7087852737763.493
7130.000 5447.000 72444870.000 1.000 1400.000 530.000 160.000 24042.827 1662956.354 515304.733 2464184.625 98586683.351 7886005583034.751
7160.000 5367.000 72444880.000 1.000 1400.000 530.000 196.000 32799.702 1741229.753 406849.166 1942402.052 1374070.902 11088805687776.518
7179.000 5252.000 72444890.000 1.000 1400.000 530.000 226.000 39702.339 1791733.906 273369.289 316550.237 32837819.911 24560326852560.129
7184.000 5111.000 72444900.000 1.000 1400.000 530.000 253.000 40827.251 1805144.472 145807.353 468291.529 46995704.279 23079341855145.012
7189.000 4966.000 72444910.000 1.000 1400.000 530.000 247.000 42491.400 1818605.039 56096.639 1647992.367 72581714.896 13136242914212.721
7189.000 4815.000 72444920.000 1.000 1400.000 530.000 254.000 36634.995 1818605.039 7369.757 1202702.193 7092023.291 16562341680305.299
7196.000 4685.000 72444930.000 1.000 1410.000 530.000 260.000 32361.000 1837533.832 1949.462 1550036.464 2595030.076 13855900145905.594
7196.000 4570.000 72444940.000 1.000 1400.000 540.000 260.000 26852.697 1837533.832 25329.585 1710515.507 50683189.531 12686934879726.404
7205.000 4475.000 72444950.000 1.000 1400.000 540.000 250.000 20774.106 1862014.852 64593.600 3256419.613 174182022.621 4064128097802.991
7216.000 4402.000 72444960.000 1.000 1400.000 540.000 209.000 32346.315 1892156.098 107028.895 120760.195 2642558.143 26539267917940.527
8322.000 6013.000 72445130.000 0.000 1410.000 530.000 88.000 25050.923 6158123.408 1648263.866 6415842.052 79584003.781 1307487418364.534
8408.000 6036.000 72445140.000 1.000 1420.000 530.000 120.000 2251.200 6592347.152 1707849.841 3411202.276 1006203424.153 3464011893391.257
8408.000 6028.000 72445150.000 1.000 1430.000 520.000 143.000 14373.454 6592347.152 1687004.284 2115550.286 384099465.999 9965623664186.648
8388.000 5981.000 72445160.000 1.000 1450.000 530.000 208.000 21891.401 6490044.886 1567121.639 3987927.917 145938690.558 1649837424744.816
8364.000 5907.000 72445170.000 1.000 1450.000 530.000 250.000 36063.142 6368338.167 1387324.240 773754.605 4373252.514 20237701441685.578
8314.000 5789.000 72445180.000 1.000 1460.000 520.000 289.000 38812.803 6118482.502 1123276.279 542552.707 23434247.899 22371340867571.344
8246.000 5669.000 72445190.000 1.000 1470.000 520.000 319.000 40740.851 5786702.798 883312.930 1151962.959 45818566.263 16977901620044.258
8165.000 5549.000 72445200.000 1.000 1470.000 520.000 337.000 44834.536 5403563.620 672149.580 861467.830 117996650.037 19456215784314.988
8082.000 5413.000 72445210.000 1.000 1470.000 520.000 335.000 47895.900 5024576.216 467647.117 584681.945 193877505.751 21974587035932.863
7981.000 5276.000 72445220.000 1.000 1480.000 530.000 335.000 49973.661 4581982.773 299041.959 668.888 256056044.525 27791021246331.656
7868.000 5139.000 72445230.000 1.000 1480.000 530.000 330.000 49976.038 4110985.970 167974.802 1408359.443 256132122.501 14930715846762.969
7738.000 5018.000 72445240.000 1.000 1470.000 530.000 327.000 44971.207 3600721.241 83432.757 2501478.848 120984540.996 7677936924442.695
7624.000 4906.000 72445250.000 1.000 1470.000 530.000 320.000 36081.801 3181074.325 31274.964 4592331.500 4451641.279 462476694906.449
7520.000 4831.000 72445260.000 1.000 1470.000 530.000 312.000 19762.215 2820910.541 10372.871 2535876.903 201915423.593 7488492387309.952
7454.000 4807.000 72445270.000 1.000 1470.000 530.000 90.000 28773.860 2603565.064 6060.201 609319.571 27019720.730 21744206156757.941
7620.000 5608.000 72445350.000 0.000 1420.000 540.000 172.000 46096.378 3166821.871 772372.560 8457226.554 147002731.450 10143197309496.492
7775.000 5661.000 72445360.000 1.000 1420.000 540.000 179.000 16042.268 3742509.433 868339.373 1619935.099 321472051.649 13340411397608.693
7828.000 5640.000 72445370.000 1.000 1420.000 540.000 170.000 21798.967 3950381.438 829642.787 1794258.740 148180534.085 12097382390864.666
7888.000 5591.000 72445380.000 1.000 1410.000 530.000 190.000 28175.153 4192488.236 742780.752 429664.032 33602388.290 23451974374289.332
7952.000 5514.000 72445390.000 1.000 1420.000 540.000 225.000 29702.033 4458671.487 615985.270 1302859.488 18231847.071 15757155742028.215
8022.000 5435.000 72445400.000 1.000 1420.000 540.000 272.000 34331.953 4759189.418 498220.398 1013831.578 129631.175 18135301870782.402
8096.000 5338.000 72445410.000 1.000 1420.000 540.000 314.000 37934.766 5087535.802 370695.023 297856.272 15704230.019 24745964828185.746
8178.000 5231.000 72445420.000 1.000 1420.000 540.000 337.000 36876.286 5464171.093 251850.703 40105.972 8435401.666 27376774079636.609
8265.000 5133.000 72445430.000 1.000 1420.000 540.000 348.000 37018.809 5878474.950 163092.634 113785.216 9283595.317 26611181558263.070
8356.000 5038.000 72445440.000 1.000 1420.000 540.000 359.000 36614.455 6328025.261 95386.649 1172167.198 6983045.639 16811809731103.447
8447.000 4945.000 72445450.000 1.000 1420.000 540.000 348.000 32448.971 6794137.571 46590.053 1450102.319 2319342.297 14609866993731.102
8526.000 4861.000 72445460.000 1.000 1440.000 540.000 341.000 27295.800 7212214.522 17383.708 1689532.916 44570440.786 12836849771705.777
8598.000 4796.000 72445470.000 1.000 1430.000 550.000 342.000 21291.774 7604118.679 4468.560 2553521.246 160785841.483 7392235833159.642
8652.000 4743.000 72445480.000 1.000 1430.000 550.000 269.000 12217.427 7904850.798 191.747 6617185.441 473257517.737 1808480450552.241
8679.000 4709.000 72445490.000 1.000 1430.000 550.000 63.000 35732.656 8057403.857 406.132 1163221.836 3100227.517 16885245667361.867
7480.000 3968.000 72445601.000 0.000 1410.000 560.000 187.000 81616.673 2688146.009 579353.447 18559466.575 2270023469.491 176546459955461.594
7269.000 3769.000 72445611.000 1.000 1410.000 560.000 226.000 15662.634 2040774.103 921893.225 2111072.368 335229576.821 9993915835805.053
7216.000 3752.000 72445621.000 1.000 1400.000 550.000 233.000 8160.600 1892156.098 954827.417 1425347.280 666223708.658 14799721462493.768
7187.000 3752.000 72445631.000 1.000 1400.000 550.000 249.000 3095.400 1813214.812 954827.417 2578773.238 953358851.528 7255559898723.639
7198.000 3752.000 72445641.000 1.000 1400.000 550.000 287.000 12259.484 1842960.059 954827.417 2431837.976 471429429.971 8068723819466.600
7235.000 3775.000 72445651.000 1.000 1400.000 550.000 314.000 20901.410 1944788.251 910407.393 3829848.372 170837962.524 2080920263805.700
7289.000 3826.000 72445661.000 1.000 1400.000 550.000 361.000 34511.390 2098316.369 815684.816 3760817.294 291038.989 2284845669640.486
7389.000 3897.000 72445671.000 1.000 1400.000 540.000 384.000 47876.057 2398027.699 692478.132 2498918.390 193325312.017 7692133072840.583
7534.000 3986.000 72445681.000 1.000 1400.000 540.000 388.000 56756.364 2868134.128 552275.949 3753852.925 519131357.547 2305948442889.827
7708.000 4088.000 72445691.000 1.000 1400.000 540.000 394.000 70096.282 3487767.842 411076.797 1805956.538 1304970273.749 12016146324890.674
7931.000 4199.000 72445701.000 1.000 1400.000 540.000 402.000 63678.526 4370427.108 281061.895 1237754.503 882483051.732 16278266575365.635
8133.000 4301.000 72445711.000 1.000 1400.000 540.000 404.000 59279.967 5255815.995 183314.743 2138304.008 640497764.076 9822481785525.992
8320.000 4398.000 72445721.000 1.000 1410.000 550.000 405.000 51681.161 6148201.182 109662.117 4717316.717 313617581.450 308104008178.398
8491.000 4465.000 72445731.000 1.000 1410.000 550.000 396.000 34917.420 7025450.556 69776.654 3384384.574 893989.719 3564556524910.012
8605.000 4514.000 72445741.000 1.000 1410.000 550.000 348.000 22890.467 7642773.472 46290.688 474655.952 122798372.412 23018231758264.395
8681.000 4543.000 72445751.000 1.000 1410.000 550.000 184.000 24577.233 8068762.083 34652.831 461897.593 88259950.381 23140816906915.188
8063.000 4869.000 72445831.000 0.000 1400.000 560.000 149.000 37708.650 4939758.064 19557.265 5448920.980 13963228.037 31163931520.577
7929.000 4870.000 72445841.000 1.000 1400.000 560.000 163.000 18345.036 4362068.881 19837.959 926793.151 244199181.774 18884193644101.633
7868.000 4847.000 72445851.000 1.000 1410.000 560.000 175.000 21638.544 4110985.970 13887.984 2155765.723 152111909.599 9713333737915.512
7841.000 4775.000 72445861.000 1.000 1410.000 560.000 193.000 29299.403 4002226.911 2101.974 2802937.603 21832318.903 6098184724781.651
7836.000 4671.000 72445871.000 1.000 1410.000 560.000 235.000 39260.091 3982246.344 3381.738 4190725.018 27964861.415 1169994570773.337
7848.000 4532.000 72445881.000 1.000 1400.000 550.000 270.000 54152.504 4030283.704 38869.191 2736698.294 407256386.122 6429721732209.130
7861.000 4340.000 72445891.000 1.000 1400.000 550.000 306.000 63877.800 4082649.177 151439.831 3088252.440 894362274.370 4770447668207.396
7861.000 4113.000 72445901.000 1.000 1400.000 550.000 340.000 74852.400 4082649.177 379644.161 3808994.662 1671214486.806 2141519742610.968
7861.000 3847.000 72445911.000 1.000 1400.000 550.000 396.000 88388.273 4082649.177 778193.403 2446696.178 2961140594.315 7984533656777.695
7853.000 3533.000 72445921.000 1.000 1390.000 560.000 404.000 97083.000 4050384.270 1430781.304 554301.720 3983009718.295 22260337116749.059
7853.000 3188.000 72445931.000 1.000 1380.000 550.000 412.000 95113.200 4050384.270 2375151.674 4798206.836 3738257379.007 224847672897.557
7853.000 2850.000 72445941.000 1.000 1380.000 550.000 405.000 78062.003 4050384.270 3531214.905 3049819.672 1943936326.812 4939809487999.362
7868.000 2573.000 72445951.000 1.000 1360.000 560.000 407.000 67223.980 4110985.970 4648994.506 1040861.737 1105700178.941 17905813591777.613
7898.000 2336.000 72445961.000 1.000 1360.000 560.000 358.000 70922.849 4233539.369 5727179.890 2655059.089 1365371914.825 6850410057649.840
7937.000 2087.000 72445971.000 1.000 1350.000 570.000 253.000 61487.671 4395549.788 6980970.940 17302630.619 757117119.675 144726740095189.500
7970.000 1871.000 72445981.000 1.000 1340.000 570.000 6.000 0.000 4535011.527 8169036.910 0.000 1154090648.966 27798074072903.742
