3771.000 6055.000 27651129.000 0.000 1190.000 660.000 405.000 26028.767 6962844.495 237905.869 5045017.785 411253625.215 558497536.259
3816.000 6122.000 27651139.000 1.000 1190.000 660.000 546.000 10385.301 6727384.674 307754.167 4005092.992 1290451523.753 1032849918161.002
3797.000 6148.000 27651149.000 1.000 1170.000 630.000 540.000 22804.194 6826307.043 337277.476 4376066.678 552436237.812 416436036820.380
3735.000 6182.000 27651159.000 1.000 1160.000 600.000 543.000 9234.995 7154128.352 377924.881 3000942.802 1374419279.331 4082187615085.011
3763.000 6188.000 27651169.000 1.000 1160.000 560.000 548.000 18540.244 7005128.019 385337.952 1996769.070 771056946.426 9148302930636.258
3819.000 6175.000 27651179.000 1.000 1150.000 520.000 550.000 24731.776 6711831.352 369367.298 1895411.190 465540181.353 9771713714569.857
3894.000 6159.000 27651189.000 1.000 1150.000 520.000 550.000 18854.532 6328848.316 350175.107 553838.280 753701480.211 19958975773057.953
3951.000 6146.000 27651199.000 1.000 1150.000 520.000 550.000 20571.860 6045305.209 334958.452 353370.990 662356940.685 21790356968460.699
4013.000 6131.000 27651209.000 1.000 1160.000 530.000 545.000 21667.584 5744267.900 317820.774 1641834.277 607157796.994 11421364661022.123
4078.000 6114.000 27651219.000 1.000 1160.000 530.000 521.000 16576.625 5436919.269 298942.071 1392355.695 883963945.868 13169855384263.471
4119.000 6083.000 27651229.000 1.000 1170.000 540.000 448.000 12259.243 5247399.209 266004.202 3430837.882 1159328488.237 2529840874277.244
4136.000 6049.000 27651239.000 1.000 1190.000 540.000 333.000 22897.500 5169803.721 232088.798 2210095.402 548058822.433 7903350511240.055
4136.000 5978.000 27651249.000 1.000 1200.000 550.000 112.000 29750.509 5169803.721 168720.452 2331913.587 274155679.893 7233257732108.562
3900.000 5571.000 27651300.000 0.000 1260.000 570.000 144.000 66627.282 6298695.674 14.107 17639067.195 412866874.389 159205898106046.812
3759.000 5420.000 27651310.000 1.000 1270.000 570.000 244.000 11932.500 7026317.781 21680.810 1894131.188 1181685737.298 9779717859027.750
3722.000 5420.000 27651320.000 1.000 1270.000 570.000 294.000 6059.225 7223840.078 21680.810 518100.120 1619976460.538 20279576804732.184
3705.000 5428.000 27651330.000 1.000 1270.000 570.000 314.000 7665.737 7315511.566 19388.905 2762321.828 1493236559.512 5103367465685.595
3714.000 5450.000 27651340.000 1.000 1260.000 580.000 315.000 16231.076 7266907.602 13746.167 1923042.667 904630751.710 9599726653373.543
3752.000 5483.000 27651350.000 1.000 1260.000 580.000 339.000 22193.999 7063476.864 7097.060 561352.852 581492576.146 19891888835373.969
3808.000 5523.000 27651360.000 1.000 1230.000 580.000 348.000 23934.628 6768948.197 1957.536 1537638.720 500574762.891 12136489763563.275
3880.000 5541.000 27651370.000 1.000 1230.000 580.000 361.000 28702.500 6399484.483 688.750 1632356.648 309959129.268 11485514746759.797
3969.000 5541.000 27651380.000 1.000 1210.000 580.000 391.000 33764.071 5957115.281 688.750 2365662.630 157354072.818 7052862541587.449
4069.000 5510.000 27651390.000 1.000 1210.000 580.000 422.000 41099.459 5478971.233 3276.881 107293.170 27130526.236 24148300799018.004
4169.000 5431.000 27651400.000 1.000 1200.000 580.000 435.000 41432.151 5020827.185 18562.441 3782766.007 23775426.443 1534177585851.946
4237.000 5322.000 27651410.000 1.000 1200.000 580.000 444.000 53161.658 4720713.233 60144.643 595870.995 46970487.298 19585176266578.625
4284.000 5164.000 27651420.000 1.000 1180.000 590.000 444.000 51313.996 4518686.531 162605.762 57097.012 25058432.377 24644157536490.543
4278.000 5005.000 27651430.000 1.000 1180.000 590.000 446.000 51491.041 4544231.174 316118.369 2156850.652 26862295.134 8205558363050.816
4244.000 4849.000 27651440.000 1.000 1180.000 590.000 442.000 44803.132 4690344.150 515874.512 574014.848 2265097.760 19779103337192.395
4190.000 4721.000 27651450.000 1.000 1170.000 590.000 455.000 43023.241 4927157.935 716128.988 623276.400 10790667.691 19343361302776.297
4116.000 4610.000 27651460.000 1.000 1170.000 590.000 466.000 41090.601 5261152.531 916316.167 2510335.163 27222881.979 6305372451685.418
4041.000 4507.000 27651470.000 1.000 1170.000 590.000 469.000 33306.616 5610835.566 1124117.441 2129565.540 169040046.860 8362621134102.923
3966.000 4436.000 27651480.000 1.000 1170.000 590.000 471.000 26703.312 5971768.602 1279713.095 2019101.550 384349915.033 9013707310384.465
3900.000 4386.000 27651490.000 1.000 1150.000 600.000 471.000 20442.532 6298695.674 1395337.500 294507.968 669030513.839 22343368673928.355
3837.000 4379.000 27651500.000 1.000 1150.000 600.000 474.000 21355.735 6618889.424 1411923.917 2014276.627 622623322.376 9042702165451.146
3785.000 4420.000 27651510.000 1.000 1150.000 600.000 466.000 27601.554 6889156.328 1316168.905 4874910.968 349936964.845 21454710169.534
3742.000 4494.000 27651520.000 1.000 1150.000 600.000 466.000 42717.557 7116731.269 1151852.786 918312.945 12892402.418 16835202196694.709
3731.000 4626.000 27651530.000 1.000 1150.000 600.000 468.000 45565.039 7175542.114 885940.357 2288893.763 552223.132 7466509631052.913
3740.000 4767.000 27651540.000 1.000 1130.000 600.000 468.000 52662.384 7127406.150 640390.536 297826.493 40376211.282 22312007165787.988
3809.000 4915.000 27651550.000 1.000 1140.000 610.000 474.000 51738.891 6763745.757 425422.298 993251.625 29492880.765 16225860360110.729
3912.000 5038.000 27651560.000 1.000 1140.000 610.000 473.000 48659.041 6238606.388 280099.262 3153265.358 5526659.472 3489871865613.091
4038.000 5121.000 27651570.000 1.000 1140.000 610.000 496.000 58436.608 5625056.888 199133.750 714282.998 147099343.729 18551129658691.266
4210.000 5178.000 27651580.000 1.000 1160.000 600.000 507.000 60651.439 4838769.126 151510.929 929142.172 205729762.266 16746453266453.984
4397.000 5198.000 27651590.000 1.000 1160.000 600.000 515.000 63532.500 4051042.757 136341.167 874371.675 296678020.284 17197721446335.648
4594.000 5198.000 27651600.000 1.000 1160.000 600.000 520.000 66243.730 3296839.983 136341.167 6675504.578 397427103.827 2736110809058.890
4798.000 5174.000 27651610.000 1.000 1170.000 610.000 512.000 45544.491 2597642.126 154640.881 4294756.365 583184.496 527989511127.583
4936.000 5144.000 27651620.000 1.000 1170.000 610.000 513.000 32227.417 2171851.340 179135.524 4367258.880 198267215.647 427881285073.890
5031.000 5113.000 27651630.000 1.000 1170.000 610.000 515.000 18685.529 1900869.495 206337.655 2904162.487 763009531.918 4482632154188.581
5085.000 5092.000 27651640.000 1.000 1200.000 620.000 516.000 9680.374 1754883.709 225856.905 2289870.615 1341594426.885 7461172105778.757
5111.000 5077.000 27651650.000 1.000 1200.000 620.000 515.000 2580.000 1686674.257 240339.226 312018.750 1912151642.257 22178132666774.734
5119.000 5077.000 27651660.000 1.000 1200.000 620.000 515.000 1612.500 1665958.733 240339.226 1340488.988 1997701680.701 13548997162993.301
5124.000 5077.000 27651670.000 1.000 1210.000 630.000 522.000 5769.055 1653076.531 240339.226 8383435.552 1643418723.884 11303382350649.936
5132.000 5093.000 27651680.000 1.000 1230.000 620.000 489.000 31764.204 1632569.007 224907.417 7749426.030 211526544.799 7442206592662.058
5158.000 5188.000 27651690.000 1.000 1240.000 630.000 458.000 55793.432 1566803.554 143826.048 5021864.220 89970457.521 229428.997
5195.000 5357.000 27651700.000 1.000 1240.000 630.000 443.000 71365.104 1475545.257 44202.560 2005983.540 627850634.424 9092647367311.350
5233.000 5575.000 27651710.000 1.000 1240.000 630.000 449.000 65145.000 1384670.519 60.155 6464740.508 354826685.377 2083274451227.767
5273.000 5773.000 27651720.000 1.000 1250.000 640.000 456.000 45099.293 1292132.900 42335.512 4327529.138 1461350.170 481436279916.093
5313.000 5907.000 27651730.000 1.000 1250.000 640.000 491.000 31680.598 1202795.281 115434.107 6951130.492 213965458.093 3723916766447.861
5350.000 5998.000 27651740.000 1.000 1270.000 630.000 522.000 10126.705 1123006.983 185550.691 1414083.810 1309097408.957 13012623552985.238
5369.000 6023.000 27651750.000 1.000 1290.000 640.000 533.000 5741.949 1083098.614 207713.488 2799522.203 1645617164.372 4936675321991.168
5380.000 6009.000 27651760.000 1.000 1300.000 630.000 584.000 14422.638 1060323.769 195148.321 4568370.848 1016686269.136 205222032590.878
5400.000 5969.000 27651770.000 1.000 1300.000 630.000 627.000 28588.129 1019534.959 161407.845 3807708.158 313999362.998 1473012041239.119
5417.000 5882.000 27651780.000 1.000 1320.000 630.000 642.000 40394.976 985493.471 99071.310 2677563.990 34965699.754 5493498016933.753
5425.000 5757.000 27651790.000 1.000 1320.000 630.000 640.000 48697.500 969673.947 36007.321 1560093.750 5708963.925 11980538727033.072
5425.000 5606.000 27651800.000 1.000 1320.000 630.000 643.000 43860.000 969673.947 1502.024 5679354.645 5993468.646 432923747746.431
5425.000 5470.000 27651810.000 1.000 1330.000 620.000 643.000 26249.598 969673.947 9456.405 3831669.585 402345755.964 1415423321977.159
5433.000 5389.000 27651820.000 1.000 1330.000 620.000 646.000 14368.452 953982.424 31770.941 3528224.175 1020144702.634 2229529943723.396
5440.000 5345.000 27651830.000 1.000 1330.000 620.000 637.000 3428.222 940357.340 49392.417 4207886.153 1838688754.648 661780752395.769
5448.000 5338.000 27651840.000 1.000 1320.000 630.000 637.000 16475.931 924905.816 52552.833 3718303.740 889961658.750 1698021376173.590
5481.000 5377.000 27651850.000 1.000 1320.000 630.000 600.000 28005.555 862521.281 36192.798 9622766.610 334985209.684 21172710580929.906
5531.000 5448.000 27651860.000 1.000 1320.000 630.000 515.000 57843.591 772149.257 14219.143 6129718.800 133066256.657 1228403296781.306
5614.000 5607.000 27651870.000 1.000 1320.000 630.000 394.000 76850.471 633170.697 1580.536 4128899.453 932832995.015 796530866662.845
5698.000 5830.000 27651880.000 1.000 1320.000 630.000 291.000 89653.260 506545.697 69040.691 1543521.120 1878798025.806 12095538785222.424
5782.000 6095.000 27651890.000 1.000 1320.000 630.000 307.000 84867.148 394032.697 278526.345 11054259.938 1486795850.744 36395577211902.609
5847.000 6350.000 27651900.000 1.000 1320.000 630.000 393.000 50590.373 316654.066 612706.881 8156371.688 18337380.957 9828140075981.846
5899.000 6498.000 27651910.000 1.000 1320.000 630.000 439.000 25299.298 260835.162 866306.643 7423588.478 441372121.717 5770580432547.744
5914.000 6575.000 27651920.000 1.000 1320.000 630.000 463.000 2280.419 245738.554 1015572.060 5192921.123 1938441640.541 29424561719.418
5919.000 6570.000 27651930.000 1.000 1330.000 630.000 515.000 18382.500 240806.352 1005519.500 3859842.217 779842272.671 1349182176925.972
5919.000 6513.000 27651940.000 1.000 1330.000 630.000 625.000 30351.003 240806.352 894454.321 17609898.682 254630737.374 158470670867493.094
5943.000 6422.000 27651950.000 1.000 1330.000 630.000 693.000 84955.340 217827.781 730607.738 20138334.480 1493604817.787 228522154550591.031
5958.000 6159.000 27651960.000 1.000 1330.000 630.000 722.000 147399.788 204051.174 350175.107 13515237.120 10219518025.523 72145519886281.719
5965.000 5702.000 27651970.000 1.000 1350.000 640.000 728.000 189307.500 197776.090 18159.167 4808025.435 20448812335.062 45522403201.941
5965.000 5115.000 27651980.000 1.000 1350.000 640.000 733.000 204216.106 197776.090 204524.679 12337285.553 24934920618.687 53522397499056.531
5982.000 4482.000 27651990.000 1.000 1350.000 640.000 721.000 165960.957 182944.602 1177754.643 8353031.865 14316792745.837 11099869283650.283
6007.000 3968.000 27652000.000 1.000 1350.000 640.000 733.000 140060.083 162183.590 2557581.524 14881942.455 8789423783.847 97230588737609.984
6023.000 3534.000 27652010.000 1.000 1350.000 650.000 721.000 93914.525 149552.543 4134081.357 4389878.062 2266366352.929 398801306430.505
6034.000 3243.000 27652020.000 1.000 1330.000 660.000 722.000 80302.500 141165.697 5402110.393 2912175.000 1155615412.254 4448767805008.250
6034.000 2994.000 27652030.000 1.000 1330.000 660.000 636.000 71272.500 141165.697 6621584.929 19050893.182 623218462.732 196827093304248.625
6034.000 2773.000 27652040.000 1.000 1330.000 670.000 184.000 12199.963 141165.697 7807799.798 21131.288 1163368841.501 25002539509785.441
8035.000 7024.000 27653282.000 0.000 1370.000 530.000 379.000 20337.966 2641534.304 2122137.905 1586096.603 674450777.602 11801207968176.465
8064.000 7080.000 27653292.000 1.000 1370.000 530.000 428.000 25256.095 2736641.531 2288430.571 2172197.138 443189279.616 8117872798010.130
7986.000 7087.000 27653302.000 1.000 1370.000 530.000 439.000 18520.600 2484657.888 2309658.155 14730620.940 772148278.046 94269258023215.094
7929.000 7080.000 27653312.000 1.000 1370.000 520.000 442.000 64196.944 2308210.995 2288430.571 6637669.523 320008729.933 2612374907620.880
7844.000 6900.000 27653322.000 1.000 1370.000 520.000 466.000 84778.865 2057158.435 1776238.429 5686327.740 1479995437.681 442148538240.809
7739.000 6659.000 27653332.000 1.000 1370.000 530.000 490.000 102410.889 1766984.685 1191931.060 1927556.055 3147516630.700 9571778979734.480
7593.000 6377.000 27653342.000 1.000 1370.000 530.000 496.000 96433.971 1400150.995 655704.702 7233297.352 2512597312.109 4892555224259.327
7471.000 6104.000 27653352.000 1.000 1370.000 530.000 498.000 74005.142 1126314.733 288106.952 5912094.510 767123023.922 793363016971.554
7364.000 5901.000 27653362.000 1.000 1370.000 540.000 492.000 55673.066 910649.864 111393.036 11776032.352 87701536.075 45625257708567.594
7288.000 5746.000 27653372.000 1.000 1360.000 550.000 498.000 19158.237 771375.340 31953.691 4501481.123 737118111.080 270300283105.934
7253.000 5698.000 27653382.000 1.000 1360.000 560.000 468.000 5200.156 711120.757 17097.119 491196.525 1689867678.192 20522609725830.164
7245.000 5684.000 27653392.000 1.000 1350.000 570.000 399.000 3677.066 697692.281 13631.952 9340944.825 1817409849.306 18658595072901.648
7252.000 5693.000 27653402.000 1.000 1350.000 580.000 168.000 32641.236 709435.197 15814.560 2098970.003 186784707.005 8540510773787.487
7492.000 6150.000 27653453.000 0.000 1320.000 610.000 103.000 65834.250 1171329.483 339604.500 14471139.375 381268340.156 89297853353133.438
7626.000 6304.000 27653463.000 1.000 1320.000 610.000 222.000 20962.500 1479336.459 542809.333 557412.225 642402286.821 19927055011954.305
7689.000 6320.000 27653473.000 1.000 1320.000 610.000 297.000 19234.090 1636556.709 566641.524 3612242.842 733005059.119 1985682276787.931
7723.000 6271.000 27653483.000 1.000 1320.000 610.000 364.000 30434.843 1724703.733 495272.441 9538031.993 251962071.076 20400097958866.293
7748.000 6180.000 27653493.000 1.000 1320.000 610.000 399.000 60010.136 1790992.721 375469.857 511924.890 187744251.190 20335232580848.637
7768.000 5995.000 27653503.000 1.000 1300.000 620.000 402.000 61597.500 1844923.912 182975.155 416025.000 233764034.672 21209342871366.578
7768.000 5804.000 27653513.000 1.000 1300.000 620.000 409.000 62887.500 1844923.912 56053.381 6416752.507 274874641.747 1947049830662.503
7768.000 5609.000 27653523.000 1.000 1300.000 620.000 407.000 42990.593 1844923.912 1743.560 6215232.577 11006225.404 1425271481898.642
7777.000 5476.000 27653533.000 1.000 1300.000 620.000 404.000 23718.554 1869453.947 8325.476 2786454.825 510290126.317 4994913926501.144
7792.000 5404.000 27653543.000 1.000 1300.000 620.000 399.000 15078.384 1910697.340 26648.619 65185.958 975298669.954 24563911248849.336
7827.000 5373.000 27653553.000 1.000 1300.000 620.000 359.000 15280.511 2008681.924 37730.750 10766179.718 962714764.958 33002663680289.270
7874.000 5367.000 27653563.000 1.000 1300.000 620.000 103.000 48664.014 2144115.221 40097.679 4828812.265 5550066.103 37084347823.219
8422.000 6270.000 27653633.000 0.000 1290.000 640.000 374.000 153475.443 4049269.840 493865.929 38591034.345 11484827365.942 1126921341534374.000
8715.000 6645.000 27653643.000 1.000 1290.000 640.000 473.000 33813.321 5314314.781 1161557.893 8623760.940 156120905.991 12977110737771.699
8772.000 6733.000 27653653.000 1.000 1290.000 640.000 494.000 7072.977 5580365.674 1358986.941 6351483.668 1539399284.708 1769161848040.376
8756.000 6718.000 27653663.000 1.000 1300.000 650.000 533.000 26767.500 5505028.721 1324239.262 11418041.228 381837243.657 40917207924385.352
8756.000 6635.000 27653673.000 1.000 1300.000 650.000 554.000 62172.279 5505028.721 1140102.774 1394409.052 251670393.082 13154956214130.254
8718.000 6446.000 27653683.000 1.000 1300.000 650.000 563.000 66496.028 5328155.459 772212.024 1212405.210 407550168.919 14508328812030.820
8651.000 6251.000 27653693.000 1.000 1320.000 640.000 574.000 70255.424 5023334.971 467522.202 98564.707 573471636.396 24234161926577.109
8567.000 6050.000 27653703.000 1.000 1330.000 650.000 574.000 69949.797 4653855.971 233053.310 5758339.088 558927181.011 543100985092.449
8488.000 5848.000 27653713.000 1.000 1330.000 650.000 569.000 52094.482 4319246.769 78823.905 8463735.150 33481566.581 11849772954307.361
8411.000 5706.000 27653723.000 1.000 1350.000 640.000 570.000 25850.342 4005120.685 19253.214 4608434.055 418522160.721 170528675023.217
8367.000 5639.000 27653733.000 1.000 1350.000 640.000 556.000 11560.624 3830944.066 5148.917 1381813.170 1207390992.087 13246484798347.141
8336.000 5621.000 27653743.000 1.000 1350.000 640.000 468.000 7275.932 3710553.721 2889.702 3313975.170 1523514523.862 2915249121627.883
8314.000 5626.000 27653753.000 1.000 1350.000 640.000 315.000 17551.824 3626281.412 3452.262 2907278.482 826926640.022 4469447352635.507
8295.000 5677.000 27653763.000 1.000 1350.000 640.000 180.000 26566.641 3554279.781 12046.369 1699184.775 389727421.311 11037015880010.955
8280.000 5758.000 27653773.000 1.000 1330.000 650.000 85.000 31835.431 3497946.388 36387.833 8057288.615 209459773.922 9216709347694.238
8254.000 6053.000 27653803.000 0.000 1320.000 640.000 3.000 106786.953 3401367.840 235958.845 25581147.308 3657684865.688 422703816599944.312
8263.000 6384.000 27653813.000 1.000 1320.000 640.000 130.000 27465.566 3434645.876 667090.286 3769836.015 355043204.413 1566375443899.357
8286.000 6466.000 27653823.000 1.000 1320.000 640.000 200.000 15776.152 3520425.745 807762.262 711413.715 932203278.797 18575854481917.793
8318.000 6503.000 27653833.000 1.000 1320.000 640.000 274.000 17982.086 3641531.650 875639.202 3208583.138 802366251.424 3286251433931.489
8365.000 6473.000 27653843.000 1.000 1320.000 640.000 376.000 27931.181 3823118.947 820393.845 3535623.938 337713216.495 2207486624322.752
8416.000 6403.000 27653853.000 1.000 1320.000 640.000 468.000 38894.356 4025158.483 698488.012 1186183.057 54964433.000 14708775727188.213
8489.000 6307.000 27653863.000 1.000 1330.000 630.000 526.000 42572.443 4323404.328 547238.869 1670689.320 13955552.908 11227163098243.648
8574.000 6206.000 27653873.000 1.000 1330.000 630.000 572.000 47752.875 4684106.888 408009.167 1137999.622 2087212.490 15080683800069.607
8685.000 6108.000 27653883.000 1.000 1330.000 630.000 630.000 51281.556 5176897.995 292417.000 1524383.002 24734705.843 12229024600330.127
8831.000 6045.000 27653893.000 1.000 1330.000 630.000 668.000 56008.325 5862595.685 228250.750 1442173.560 94093275.280 12810756196773.291
9000.000 6005.000 27653903.000 1.000 1350.000 630.000 678.000 51536.469 6709549.245 191630.274 83517.503 27335255.021 24382537714331.402
9159.000 5989.000 27653913.000 1.000 1350.000 630.000 675.000 51277.500 7558539.209 177878.083 398588.070 24694378.075 21370253605893.211
9318.000 5989.000 27653923.000 1.000 1350.000 630.000 664.000 50041.568 8458091.174 177878.083 5939427.353 13938363.873 842801334957.491
9472.000 6008.000 27653933.000 1.000 1380.000 630.000 640.000 31624.739 9377557.340 194265.810 3612828.180 215602739.865 1984032970231.328
9568.000 6028.000 27653943.000 1.000 1380.000 630.000 589.000 20422.171 9974731.054 212296.048 4399544.033 670084228.357 386686477432.613
9629.000 6045.000 27653953.000 1.000 1380.000 630.000 516.000 6780.174 10363762.185 228250.750 18243388.012 1562461374.639 174821357500318.781
9648.000 6054.000 27653963.000 1.000 1400.000 630.000 280.000 63348.819 10486455.816 236931.357 857772.774 290384189.596 17335668704824.242
7736.000 5006.000 27654074.000 0.000 1320.000 650.000 543.000 92872.161 1759018.007 314994.881 22003125.585 2168206545.564 288379505398716.125
7517.000 4819.000 27654084.000 1.000 1320.000 650.000 567.000 24645.415 1226068.471 559869.155 4490818.305 469274355.112 281501264588.371
7441.000 4827.000 27654094.000 1.000 1300.000 650.000 556.000 10720.397 1063537.947 547961.250 11818495.927 1266488602.928 46200713792881.703
7473.000 4836.000 27654104.000 1.000 1280.000 650.000 561.000 47366.896 1130563.852 534717.857 8391940.200 1120930.022 11360640788738.297
7619.000 4852.000 27654114.000 1.000 1270.000 640.000 570.000 73388.416 1462357.543 511574.048 948562.155 733340472.318 16587887820858.994
7841.000 4902.000 27654124.000 1.000 1270.000 640.000 565.000 76329.694 2048561.757 442549.643 470518.793 901292733.521 20710385350438.289
8068.000 4969.000 27654134.000 1.000 1250.000 650.000 570.000 74870.721 2749891.769 357895.941 281415.435 815820109.518 22467313681494.328
8292.000 5030.000 27654144.000 1.000 1250.000 650.000 566.000 73998.115 3542977.102 288631.167 3248579.588 766733819.862 3142839853276.583
8514.000 5088.000 27654154.000 1.000 1220.000 650.000 566.000 63925.000 4427993.316 229674.857 2572002.000 310353186.438 5999478219797.942
8705.000 5141.000 27654164.000 1.000 1220.000 650.000 560.000 55949.800 5268309.185 181683.988 6394182.023 92961295.694 1884571027925.386
8872.000 5188.000 27654174.000 1.000 1220.000 650.000 524.000 36122.879 6062821.626 143826.048 5130336.127 103739871.083 11870297405.865
8977.000 5227.000 27654184.000 1.000 1210.000 660.000 414.000 20214.860 6590925.376 115766.012 3911101.658 680860105.152 1232729615870.583
9029.000 5262.000 27654194.000 1.000 1210.000 660.000 237.000 32342.307 6860626.471 93173.929 549882.219 195044943.112 19994339200005.730
8482.000 5702.000 27654264.000 0.000 1270.000 690.000 400.000 44277.735 4294343.412 18159.167 3468421.387 4122610.138 2411696705522.584
8347.000 5727.000 27654274.000 1.000 1290.000 680.000 520.000 33522.940 3753052.876 25521.964 5732385.577 163461752.581 505521489836.799
8273.000 5654.000 27654284.000 1.000 1290.000 680.000 584.000 51297.779 3471811.471 7526.595 18270606.690 24896335.960 175541869229089.844
8223.000 5503.000 27654294.000 1.000 1290.000 680.000 616.000 107950.823 3287983.495 4127.298 12323185.852 3799818373.591 53316292286495.961
8189.000 5170.000 27654304.000 1.000 1290.000 680.000 611.000 146162.252 3165836.471 157802.833 2931611.107 9970840453.504 4367155895733.679
8175.000 4717.000 27654314.000 1.000 1270.000 690.000 627.000 137071.985 3116212.638 722914.941 903002.902 8238072623.406 16961073020419.750
8180.000 4292.000 27654324.000 1.000 1270.000 690.000 634.000 134271.976 3133890.435 1626247.381 380881.530 7737633598.624 21534274613192.422
8197.000 3876.000 27654334.000 1.000 1270.000 690.000 630.000 133090.948 3194368.947 2860306.429 14311981.755 7531252957.355 86315183743336.109
8244.000 3466.000 27654344.000 1.000 1250.000 700.000 588.000 88712.710 3364582.245 4415226.548 28609848.975 1798146185.299 556415621729833.250
8306.000 3198.000 27654354.000 1.000 1220.000 700.000 427.000 0.000 3595876.935 5613317.357 0.000 2144445328.108 25214309653467.965
