3366.000 5958.000 27683045.000 0.000 1350.000 760.000 663.000 17154.620 9696320.686 635247.410 1110717.946 901413778.875 52165275689431.203
3373.000 6023.000 27683055.000 1.000 1320.000 750.000 666.000 12921.701 9652775.205 743085.543 85673.862 1173505924.240 68022862058260.039
3349.000 6066.000 27683065.000 1.000 1330.000 710.000 667.000 12595.200 9802482.000 819068.615 1790197.760 1195982072.352 42811810206623.367
3349.000 6114.000 27683075.000 1.000 1350.000 680.000 666.000 5772.800 9802482.000 908254.928 1143008.102 1714404974.130 51699883600209.562
3371.000 6114.000 27683085.000 1.000 1350.000 640.000 667.000 10128.776 9665206.771 908254.928 2816840.909 1372657872.522 30431003294901.711
3408.000 6125.000 27683095.000 1.000 1390.000 610.000 673.000 20863.688 9436517.795 929342.458 1331946.336 692452159.494 49018550028237.812
3487.000 6134.000 27683105.000 1.000 1390.000 600.000 633.000 15787.673 8957399.927 946775.892 847761.395 985363536.390 56032857229963.117
3545.000 6118.000 27683115.000 1.000 1400.000 580.000 526.000 12556.875 8613588.506 915895.121 4066960.691 1198634326.094 18201405467043.797
3588.000 6097.000 27683125.000 1.000 1400.000 560.000 374.000 28055.963 8363036.831 876141.109 245116.346 365658943.391 65418249146728.867
3055.000 5283.000 27683216.000 0.000 1320.000 580.000 292.000 36556.568 11729882.241 14889.880 6460543.315 112818508.389 3507109778593.704
2955.000 5186.000 27683226.000 1.000 1310.000 580.000 362.000 11935.595 12424860.554 626.205 1775638.234 1242039355.888 43002550282527.906
2917.000 5211.000 27683236.000 1.000 1310.000 580.000 369.000 5168.681 12694196.313 2502.410 2607466.701 1764797479.847 32784837305500.375
2935.000 5219.000 27683246.000 1.000 1290.000 590.000 371.000 15105.673 12566256.217 3366.796 3768153.216 1028645303.393 20840302323233.172
2990.000 5236.000 27683256.000 1.000 1290.000 590.000 372.000 29466.013 12179343.144 5628.615 961160.966 313720637.900 54348009488593.109
3099.000 5263.000 27683266.000 1.000 1280.000 590.000 379.000 33128.974 11430427.783 10408.916 934919.130 197380013.192 54735613538682.180
3225.000 5255.000 27683276.000 1.000 1280.000 590.000 387.000 36691.928 10594319.108 8840.531 588878.080 109961349.614 59975624992859.141
3362.000 5227.000 27683286.000 1.000 1260.000 600.000 398.000 38936.128 9721247.819 4359.181 57377.696 67931317.897 68490413498740.000
3485.000 5144.000 27683296.000 1.000 1260.000 600.000 399.000 39154.793 8969375.494 288.181 1049033.741 64374638.418 53060115543223.188
3560.000 5015.000 27683306.000 1.000 1250.000 600.000 392.000 43152.635 8525766.759 21308.964 86579.405 16204962.107 68007925770172.781
3602.000 4856.000 27683316.000 1.000 1250.000 600.000 391.000 42822.683 8282259.867 93010.302 959224.717 18970299.542 54376561719839.188
3594.000 4693.000 27683326.000 1.000 1250.000 600.000 394.000 39167.101 8328370.132 219001.446 138862.605 64177286.364 67148332428940.758
3548.000 4551.000 27683336.000 1.000 1230.000 610.000 400.000 38637.899 8595988.156 372070.603 555049.210 72936292.548 60500737522330.461
3477.000 4422.000 27683346.000 1.000 1230.000 610.000 404.000 40753.178 9017357.759 546085.386 488168.698 41280570.194 61545633465188.109
3402.000 4286.000 27683356.000 1.000 1230.000 610.000 404.000 38892.779 9473416.494 765582.832 256156.454 68647765.914 65239782824216.688
3315.000 4166.000 27683366.000 1.000 1230.000 620.000 405.000 37916.573 10016538.626 989977.049 190274.899 85777248.173 66308388963931.016
3219.000 4058.000 27683376.000 1.000 1230.000 620.000 404.000 37191.440 10633413.807 1216555.844 1419766.106 99734850.693 47796552859517.320
3102.000 3978.000 27683386.000 1.000 1230.000 620.000 405.000 31780.746 11410151.433 1399431.989 465515.968 237080780.853 61901572589537.414
2987.000 3940.000 27683396.000 1.000 1230.000 620.000 405.000 30006.676 12200291.494 1490782.157 208870.138 294860334.461 66005892821588.031
2873.000 3931.000 27683406.000 1.000 1230.000 620.000 400.000 30802.675 13009666.771 1512840.723 595410.528 268156958.818 59874487974874.977
2765.000 3977.000 27683416.000 1.000 1210.000 630.000 397.000 33071.770 13800419.349 1401798.940 1403107.904 198990626.333 48027163484400.016
2687.000 4076.000 27683426.000 1.000 1210.000 630.000 396.000 38418.980 14386026.433 1177172.711 1221157.645 76723474.886 50582159398988.344
2628.000 4210.000 27683436.000 1.000 1210.000 630.000 396.000 43072.782 14837068.638 904355.169 767672.717 16854241.297 57238280597208.297
2635.000 4374.000 27683446.000 1.000 1210.000 630.000 394.000 40147.200 14783191.156 619331.073 663799.053 49434591.661 58820803207470.805
2707.000 4509.000 27683456.000 1.000 1210.000 630.000 405.000 42676.922 14234710.771 425072.579 511776.563 20261267.181 61175778554324.469
2821.000 4625.000 27683466.000 1.000 1210.000 630.000 418.000 44627.290 13387487.494 287270.169 2467656.045 6507007.829 34405441294831.422
2976.000 4695.000 27683476.000 1.000 1210.000 630.000 463.000 54031.467 12277256.108 217133.543 2071630.419 46967628.577 39208145428558.422
3180.000 4723.000 27683486.000 1.000 1210.000 630.000 491.000 61926.400 10889284.349 191822.892 830964.384 217510177.965 56284607751036.617
3416.000 4723.000 27683496.000 1.000 1210.000 630.000 513.000 65093.185 9387431.530 191822.892 1142033.286 320947628.627 51713902917524.727
3663.000 4700.000 27683506.000 1.000 1210.000 630.000 537.000 60740.924 7934878.096 212498.784 724074.432 183948194.752 57899875646480.078
3891.000 4660.000 27683516.000 1.000 1210.000 630.000 545.000 57981.494 6702359.542 250976.856 1970595.661 116711728.749 40483640175418.938
4106.000 4609.000 27683526.000 1.000 1210.000 630.000 546.000 50471.602 5635361.168 304677.398 4555887.987 10846669.737 14268624033335.502
4292.000 4560.000 27683536.000 1.000 1210.000 630.000 550.000 33109.224 4786869.506 361172.037 2946513.741 197935346.644 29017156058253.746
4412.000 4521.000 27683546.000 1.000 1210.000 630.000 550.000 21880.132 4276175.530 409569.157 2845393.178 639990915.623 30116805323068.277
4489.000 4489.000 27683556.000 1.000 1210.000 630.000 543.000 11036.408 3963649.229 451551.615 26312.422 1306227230.439 69005564349367.086
4529.000 4476.000 27683566.000 1.000 1190.000 630.000 537.000 10936.132 3805977.903 469191.989 820946.214 1313485589.117 56435026885169.703
4565.000 4497.000 27683576.000 1.000 1190.000 630.000 470.000 14064.738 3666809.711 440864.001 8068715.770 1096499626.172 69989582229.680
4597.000 4540.000 27683586.000 1.000 1190.000 630.000 289.000 44814.417 3545280.650 385611.073 2511087.023 5587345.902 33897828738077.105
4756.000 5379.000 27683636.000 0.000 1200.000 640.000 282.000 92662.874 2971802.132 47534.507 22555258.496 2068857958.202 202264922288094.781
4840.000 5722.000 27683646.000 1.000 1200.000 640.000 448.000 6705.334 2689244.349 314748.037 392771.603 1638050756.210 63051534050669.969
4853.000 5744.000 27683656.000 1.000 1220.000 650.000 473.000 5208.491 2646776.168 339917.097 1180881.082 1761454268.872 51156684580855.750
4838.000 5731.000 27683666.000 1.000 1240.000 640.000 515.000 9708.800 2695807.915 324927.470 6052518.400 1403953968.089 5201833392358.657
4850.000 5696.000 27683676.000 1.000 1240.000 640.000 567.000 32774.800 2656546.518 286250.784 2365596.877 207457174.948 35613136976239.023
4865.000 5572.000 27683686.000 1.000 1250.000 650.000 577.000 41790.032 2607874.771 168940.808 1572676.819 29032071.356 45705636555297.000
4885.000 5414.000 27683696.000 1.000 1250.000 650.000 589.000 47783.465 2543679.108 64021.193 2314119.507 366377.516 36230187255491.469
4905.000 5233.000 27683706.000 1.000 1280.000 650.000 589.000 38964.412 2480283.445 5187.470 2837629.811 67465881.838 30202074415403.734
4926.000 5086.000 27683716.000 1.000 1280.000 650.000 589.000 28150.274 2414579.000 5621.386 2008981.370 362060968.323 39996642013701.141
4948.000 4981.000 27683726.000 1.000 1280.000 650.000 594.000 20494.095 2346691.771 32391.326 3333957.837 712040057.932 24993134227838.516
4966.000 4905.000 27683736.000 1.000 1320.000 650.000 588.000 7788.463 2291867.674 65523.663 436285.395 1551549311.782 62362385003984.398
4982.000 4880.000 27683746.000 1.000 1320.000 650.000 589.000 6125.790 2243679.144 78947.458 2775500.838 1685298210.321 30888811537209.930
4998.000 4897.000 27683756.000 1.000 1320.000 650.000 589.000 16703.156 2196002.614 69683.278 6729030.733 928726705.945 2573587516510.929
5042.000 4943.000 27683766.000 1.000 1330.000 650.000 516.000 42347.328 2067532.156 47513.495 70322005.818 23337070.515 3842603217973936.500
5104.000 5092.000 27683776.000 1.000 1350.000 650.000 420.000 310342.777 1893077.602 4757.675 683810330.176 69255608411.657 456269257185792576.000
5142.000 5204.000 27683777.000 1.000 1350.000 650.000 278.000 49744.328 1789953.843 1851.073 7678482.624 6585147.712 428748095811.265
5310.000 5924.000 27683816.000 0.000 1350.000 650.000 226.000 163868.117 1368646.277 582205.772 31825787.258 13616542859.203 551898310141565.250
5376.000 6545.000 27683826.000 1.000 1370.000 650.000 430.000 42580.818 1218576.590 1915522.699 7455103.603 21135679.754 771178350618.287
5413.000 6703.000 27683836.000 1.000 1370.000 650.000 532.000 14169.600 1138257.614 2377838.314 2541529.517 1089565940.015 33544271868998.113
5413.000 6757.000 27683846.000 1.000 1380.000 640.000 540.000 4483.893 1138257.614 2547292.916 2199367.789 1822801607.474 37624771210524.734
5419.000 6741.000 27683856.000 1.000 1380.000 640.000 556.000 12865.630 1125490.915 2496476.145 10592380.832 1177350657.562 5103576272291.436
5429.000 6693.000 27683866.000 1.000 1400.000 630.000 589.000 53232.935 1104373.084 2347097.832 6956878.163 36660133.977 1894457827093.310
5463.000 6493.000 27683876.000 1.000 1400.000 630.000 636.000 79745.428 1034068.458 1774288.193 14955206.970 1060626050.365 43850033174622.164
5497.000 6191.000 27683886.000 1.000 1400.000 630.000 636.000 136739.357 966075.831 1060949.639 6865745.856 8021205547.838 2153630672377.103
5531.000 5671.000 27683896.000 1.000 1410.000 630.000 639.000 162904.547 900395.205 260124.579 4601459.258 13392593469.084 13926420464783.195
5563.000 5051.000 27683906.000 1.000 1410.000 630.000 611.000 180440.596 840690.144 12094.699 8686302.771 17758873187.951 124631281199.113
5593.000 4364.000 27683916.000 1.000 1410.000 630.000 591.000 147337.308 786576.650 635170.591 9847512.512 10031852176.726 2292926712691.852
5634.000 3804.000 27683926.000 1.000 1400.000 630.000 581.000 109808.678 715532.542 1841383.603 6501353.862 3922580064.496 3355921179570.563
5654.000 3386.000 27683936.000 1.000 1410.000 640.000 564.000 85032.177 682096.879 3150539.458 2413706.605 1432925563.191 35041245144006.953
5660.000 3062.000 27683946.000 1.000 1400.000 650.000 516.000 75833.600 672222.180 4405699.844 6867173.574 821133454.432 2149442286021.533
5660.000 2773.000 27683956.000 1.000 1380.000 650.000 414.000 49662.969 672222.180 5702428.916 5657191.808 6174207.509 7161400979930.622
5650.000 2584.000 27683966.000 1.000 1370.000 660.000 91.000 28103.549 688720.012 6640804.808 72832.842 363841308.779 68234842075117.664
8263.000 6899.000 27684437.000 0.000 1370.000 510.000 394.000 15030.276 3179475.686 3020727.760 1947185.382 1033487328.776 40782092236282.461
8303.000 6940.000 27684447.000 1.000 1370.000 520.000 425.000 7609.600 3323724.361 3164926.736 4404048.915 1565672027.417 15438787864259.969
8274.000 6940.000 27684457.000 1.000 1390.000 520.000 438.000 24393.323 3218825.072 3164926.736 5546658.694 519149423.013 7765209329033.085
8255.000 6849.000 27684467.000 1.000 1400.000 530.000 448.000 45531.504 3151009.952 2849425.350 2403381.427 2711521.216 35163592869820.410
8177.000 6694.000 27684477.000 1.000 1410.000 530.000 448.000 54690.732 2880177.036 2350162.880 1360034.944 56438531.686 48626024058256.094
8081.000 6509.000 27684487.000 1.000 1410.000 550.000 471.000 59873.792 2563548.217 1817168.964 1281493.901 161178723.132 49727563252940.227
7973.000 6308.000 27684497.000 1.000 1430.000 550.000 495.000 64757.534 2229372.795 1315664.278 2305852.070 309033907.329 36329781521045.648
7845.000 6097.000 27684507.000 1.000 1440.000 560.000 512.000 55969.988 1863521.036 876141.109 3519259.994 77295998.071 23174704013177.820
7729.000 5918.000 27684517.000 1.000 1440.000 570.000 513.000 42558.174 1560271.879 573085.483 4495552.256 21344397.551 14728086790142.883
7621.000 5797.000 27684527.000 1.000 1460.000 570.000 515.000 25425.734 1302128.458 404526.651 3577121.030 473168634.422 22620964559812.715
7571.000 5714.000 27684537.000 1.000 1460.000 580.000 520.000 11793.413 1190517.614 305835.651 2265482.618 1252081292.269 36818058429225.680
7547.000 5676.000 27684547.000 1.000 1450.000 590.000 448.000 3159.714 1138720.409 265249.820 5473337.574 1937624797.437 8179220417416.339
7539.000 5667.000 27684557.000 1.000 1450.000 590.000 282.000 24018.470 1121710.674 256060.386 910257.063 536371877.090 55101139065734.133
7853.000 6236.000 27684628.000 0.000 1400.000 620.000 249.000 48648.139 1885426.771 1155676.808 6102447.347 2160797.880 4976575119502.525
8027.000 6172.000 27684638.000 1.000 1400.000 620.000 367.000 25391.861 2393544.506 1022169.723 842235.514 474643422.585 56115615838277.148
8057.000 6080.000 27684648.000 1.000 1400.000 620.000 448.000 28601.600 2487271.012 844605.290 11114122.298 345089091.730 7733132758955.954
8057.000 5971.000 27684658.000 1.000 1400.000 620.000 458.000 70957.249 2487271.012 656139.037 1378772.666 565444420.461 48365050035197.711
8072.000 5701.000 27684668.000 1.000 1380.000 630.000 474.000 65702.780 2534809.265 291626.025 897537.626 343161037.276 55290133971464.602
8086.000 5451.000 27684678.000 1.000 1380.000 630.000 465.000 62282.286 2579584.301 84113.976 4706586.406 228134207.316 13152842686702.896
8099.000 5214.000 27684688.000 1.000 1400.000 630.000 465.000 44345.600 2621512.120 2811.555 4682055.680 8023473.964 13331374865781.016
8099.000 5045.000 27684698.000 1.000 1400.000 630.000 468.000 26502.400 2621512.120 13450.410 3127422.272 427487619.538 27100863192747.520
8099.000 4944.000 27684708.000 1.000 1400.000 630.000 467.000 14583.870 2621512.120 47078.543 1245939.226 1062388635.966 50230274688829.945
8107.000 4889.000 27684718.000 1.000 1400.000 630.000 468.000 9835.626 2647481.855 73970.892 502212.083 1394465871.336 61325487091895.297
8133.000 4862.000 27684728.000 1.000 1400.000 630.000 415.000 11749.544 2732767.494 89386.591 12300999.219 1255187804.895 15742865532465.008
8172.000 4884.000 27684738.000 1.000 1380.000 640.000 208.000 58628.352 2863230.952 76715.651 2464086.805 131106582.302 34447325610867.477
9049.000 6179.000 27684808.000 0.000 1350.000 670.000 1.000 124362.375 6600318.144 1036373.061 23147847.437 5957400924.925 219471668707415.531
9363.000 6534.000 27684818.000 1.000 1370.000 670.000 557.000 36146.493 8312314.241 1885195.169 7725360.122 121697979.838 369555894121.351
9487.000 6594.000 27684828.000 1.000 1390.000 670.000 588.000 6705.334 9042701.132 2053558.061 3301154.688 1638050756.210 25322196717540.363
9500.000 6616.000 27684838.000 1.000 1390.000 670.000 611.000 19285.954 9121054.952 2117095.121 4502109.370 777975921.742 14677801064489.611
9481.000 6545.000 27684848.000 1.000 1400.000 660.000 624.000 36443.383 9006651.831 1915522.699 5372333.517 115235732.123 8767152037453.323
9441.000 6412.000 27684858.000 1.000 1420.000 660.000 638.000 56917.215 8768163.156 1565061.290 860071.366 94848924.763 55848715947798.461
9346.000 6217.000 27684868.000 1.000 1440.000 660.000 658.000 60194.926 8214577.554 1115186.892 729753.818 169435839.530 57813476770571.008
9222.000 6024.000 27684878.000 1.000 1440.000 660.000 664.000 62976.000 7519158.662 744810.591 428369.837 249571314.701 62487465758572.242
9078.000 5832.000 27684888.000 1.000 1440.000 660.000 678.000 64608.507 6750167.433 450273.338 2709694.067 303816517.731 31624619912948.227
8919.000 5644.000 27684898.000 1.000 1470.000 650.000 672.000 54281.929 5949249.952 233312.278 4262632.371 50463338.866 16570100579056.438
8764.000 5507.000 27684908.000 1.000 1470.000 650.000 673.000 38037.141 5217151.337 119732.675 3115911.834 83558479.461 27220838885867.645
8661.000 5405.000 27684918.000 1.000 1470.000 650.000 664.000 26162.477 4757234.000 59547.760 2786356.589 441659509.255 30768261841935.207
8591.000 5334.000 27684928.000 1.000 1470.000 650.000 592.000 15543.740 4456778.819 29937.338 4730359.322 1000737397.730 12980974091704.656
8536.000 5312.000 27684938.000 1.000 1470.000 650.000 239.000 33571.024 4227581.891 22808.278 471653.417 185154523.909 61805034364700.734
8611.000 6461.000 27685028.000 0.000 1420.000 660.000 405.000 49748.161 4541623.156 1690062.651 9543050.842 6604834.543 1463566751617.927
8749.000 6331.000 27685038.000 1.000 1440.000 660.000 433.000 13379.827 5148853.084 1368956.386 3478722.605 1142328242.015 23566642183925.395
8795.000 6353.000 27685048.000 1.000 1420.000 650.000 453.000 26637.154 5359727.060 1420921.446 6888329.837 421933491.751 2087855579032.226
8828.000 6257.000 27685058.000 1.000 1420.000 650.000 464.000 52888.411 5513613.217 1201268.820 622787.507 32606809.623 59451558974917.586
8928.000 6082.000 27685068.000 1.000 1420.000 650.000 521.000 55261.839 5993234.903 848285.386 1189118.080 65345644.118 51038923982589.211
9055.000 5914.000 27685078.000 1.000 1430.000 640.000 581.000 50730.139 6631183.445 567045.290 1399689.094 12616457.244 48074560995904.258
9199.000 5785.000 27685088.000 1.000 1430.000 640.000 647.000 45395.958 7393550.674 389406.073 587286.624 3176292.926 60000277247425.938
9338.000 5682.000 27685098.000 1.000 1430.000 640.000 690.000 47634.093 8168783.819 271466.109 1143070.554 207862.376 51698985511486.234
9511.000 5627.000 27685108.000 1.000 1450.000 650.000 697.000 51990.307 9187618.337 217178.458 675610.989 23156626.561 58639760100696.016
9707.000 5598.000 27685118.000 1.000 1450.000 650.000 705.000 49415.570 10414228.843 190990.061 1245114.502 5005942.047 50241965554570.312
9895.000 5587.000 27685128.000 1.000 1450.000 650.000 707.000 44670.469 11662965.614 181496.531 862265.030 6288583.038 55815933381023.445
10065.000 5596.000 27685138.000 1.000 1440.000 660.000 705.000 41384.398 12853002.482 189245.964 2368170.758 33567837.267 35582423433929.039
10222.000 5611.000 27685148.000 1.000 1460.000 660.000 697.000 32359.357 14003375.530 202521.687 2716813.504 219597329.424 31544597192925.398
10344.000 5629.000 27685158.000 1.000 1460.000 660.000 664.000 22005.647 14931333.988 219046.555 1696185.613 633656102.221 44050905256929.422
10427.000 5641.000 27685168.000 1.000 1440.000 670.000 581.000 15541.525 15579664.988 230423.133 10779937.267 1000877543.178 5986174781564.628
10485.000 5653.000 27685178.000 1.000 1450.000 680.000 443.000 56623.603 16040893.566 242087.711 1775622.462 89216134.001 43002757136751.336
7856.000 4614.000 27685309.000 0.000 1430.000 700.000 602.000 145269.389 1893674.421 299182.639 26751142.605 9621886512.176 339217986625566.312
7438.000 4251.000 27685319.000 1.000 1410.000 700.000 667.000 43321.437 917971.771 828056.145 406447.891 14874418.243 62834527972472.828
7274.000 4270.000 27685329.000 1.000 1410.000 700.000 664.000 44870.400 630608.205 793838.061 10047149.318 5325819.612 2937378160037.352
7103.000 4270.000 27685339.000 1.000 1390.000 690.000 641.000 6580.959 388264.120 793838.061 9289757.958 1648133844.235 914866894052.136
7126.000 4260.000 27685349.000 1.000 1370.000 690.000 641.000 41984.000 417456.108 811757.579 6355298.874 26979440.789 3912374572419.257
7286.000 4260.000 27685359.000 1.000 1350.000 680.000 636.000 66203.889 649810.807 811757.579 732318.253 361977841.347 57774485894638.047
7536.000 4294.000 27685369.000 1.000 1350.000 680.000 637.000 68994.736 1115365.024 751647.217 933316.653 475962389.065 54759327484715.375
7792.000 4354.000 27685379.000 1.000 1350.000 680.000 652.000 72551.583 1721628.542 651210.109 758130.278 643809897.732 57382760179636.609
8060.000 4422.000 27685389.000 1.000 1310.000 680.000 673.000 75440.799 2496742.662 546085.386 1153649.472 798775986.873 51546968338649.727
8337.000 4499.000 27685399.000 1.000 1310.000 680.000 675.000 79837.329 3448851.735 438212.097 1274481.261 1066620422.627 49826515581353.367
8630.000 4581.000 27685409.000 1.000 1310.000 680.000 676.000 74980.312 4622966.277 336372.049 802747.987 772958892.110 56708780051881.641
8906.000 4655.000 27685419.000 1.000 1310.000 690.000 678.000 71921.059 5886002.132 256011.615 4382499.578 612210371.240 15608596509064.566
9171.000 4725.000 27685429.000 1.000 1310.000 690.000 667.000 55219.460 7242064.602 190074.989 5050843.136 64662284.797 10774334078305.055
9373.000 4784.000 27685439.000 1.000 1310.000 690.000 639.000 35970.820 8370076.409 142110.832 3926570.656 125604777.740 19419009795878.508
9499.000 4838.000 27685449.000 1.000 1330.000 700.000 564.000 21006.755 9115015.735 104313.434 3607771.712 684943158.600 22330345530535.188
9574.000 4866.000 27685459.000 1.000 1330.000 700.000 427.000 7257.625 9573507.000 87010.784 6635231.392 1593650211.299 2883339232474.197
9580.000 4893.000 27685469.000 1.000 1350.000 710.000 12.000 32544.330 9610672.301 71811.085 2119278.279 214149382.459 38613708179309.836
8893.000 5179.000 27685529.000 0.000 1420.000 720.000 214.000 81003.437 5823092.313 324.868 15242905.741 1144148434.951 47743049315524.734
8609.000 5300.000 27685539.000 1.000 1440.000 720.000 404.000 22913.095 4533102.723 19327.699 1687535.597 588794046.013 44165801872966.703
8524.000 5320.000 27685549.000 1.000 1440.000 720.000 472.000 29344.252 4178379.289 25288.663 547012.947 318048764.448 60625817779224.648
8429.000 5261.000 27685559.000 1.000 1460.000 710.000 527.000 31428.905 3799023.686 10004.820 10502656.038 248039465.685 4706230520508.521
8384.000 5150.000 27685569.000 1.000 1460.000 710.000 581.000 71454.271 3625628.927 120.470 8246166.394 589328898.423 7587249430.055
8371.000 4878.000 27685579.000 1.000 1460.000 710.000 644.000 102880.210 3576291.108 80075.362 5639026.643 3102716844.074 7258953801026.822
8400.000 4487.000 27685589.000 1.000 1480.000 700.000 705.000 124370.403 3686816.397 454243.519 3833332.326 5958640258.910 20249449983481.793
8453.000 4016.000 27685599.000 1.000 1460.000 710.000 722.000 138979.139 3893156.891 1310969.820 3696484.691 8427417223.597 21499789247248.922
8523.000 3491.000 27685609.000 1.000 1460.000 710.000 725.000 124891.926 4174292.072 2788819.519 2500408.550 6039427291.115 34022286841202.883
8576.000 3018.000 27685619.000 1.000 1430.000 700.000 711.000 115362.930 4393670.566 4592345.723 8633945.574 4649160986.926 90405071580.115
8614.000 2580.000 27685629.000 1.000 1420.000 710.000 697.000 82459.174 4554418.807 6661436.615 4594764.646 1244748979.703 13976431348799.557
8642.000 2267.000 27685639.000 1.000 1400.000 720.000 688.000 64948.638 4674712.879 8375096.531 2996355.571 315789400.196 28482668565966.215
8658.000 2020.000 27685649.000 1.000 1370.000 730.000 668.000 53529.600 4744156.349 9865729.627 7276053.126 40340615.600 1117710082715.677
8658.000 1816.000 27685659.000 1.000 1350.000 730.000 572.000 25800.739 4744156.349 11188863.796 6770113.914 456994715.847 2443460740286.971
8650.000 1718.000 27685669.000 1.000 1300.000 730.000 183.000 0.000 4709370.614 11854083.073 0.000 2225780076.964 69443409103390.375
