2899.000 6470.000 73313999.000 0.000 1270.000 490.000 222.000 283006.877 10044634.285 1281984.772 655362413.198 59619189667.240 421869879382104704.000
2936.000 6562.000 73314000.000 0.000 1270.000 485.000 243.000 53377.440 9811473.079 1498782.342 13788834.310 211439928.402 63067931855080.523
2978.000 6725.000 73314009.000 1.000 1270.000 480.000 276.000 9894.781 9550121.602 1924456.080 543282.017 837621123.607 28132630368210.758
2997.000 6754.000 73314019.000 1.000 1270.000 480.000 339.000 7991.200 9433050.172 2005757.445 1870227.342 951430427.116 15817124625993.020
3025.000 6754.000 73314029.000 1.000 1270.000 480.000 396.000 14544.204 9261839.855 2005757.445 75239.717 590113987.174 33316705597715.746
3074.000 6768.000 73314039.000 1.000 1280.000 470.000 455.000 14807.833 8965994.799 2045608.379 1022993.468 577375198.010 23273954984084.227
3120.000 6744.000 73314049.000 1.000 1280.000 470.000 499.000 18392.253 8692632.705 1977532.491 2635415.850 417965840.222 10316214086721.113
3163.000 6696.000 73314059.000 1.000 1300.000 480.000 540.000 27626.366 8440925.574 1844836.716 2503507.680 125666339.286 11180961960015.514
3216.000 6615.000 73314069.000 1.000 1300.000 480.000 574.000 36398.292 8135769.901 1631361.594 1893810.800 5944691.862 15630094448546.139
3269.000 6499.000 73314079.000 1.000 1310.000 470.000 611.000 43033.929 7836232.228 1348496.136 205712.324 17618696.656 31827536612488.762
3325.000 6359.000 73314089.000 1.000 1320.000 480.000 641.000 43754.715 7525843.593 1042946.790 842072.415 24189174.421 25052325452175.633
3365.000 6211.000 73314099.000 1.000 1320.000 480.000 637.000 40804.216 7307977.425 762561.482 1552559.732 3872040.541 18444813082263.574
3394.000 6071.000 73314109.000 1.000 1320.000 480.000 641.000 35364.273 7152025.453 537652.136 725850.114 12056123.386 26229271726558.680
3409.000 5948.000 73314119.000 1.000 1330.000 480.000 646.000 32821.000 7072020.640 372402.211 2808236.966 36185829.735 9235917649227.602
3409.000 5833.000 73314129.000 1.000 1330.000 480.000 650.000 22981.347 7072020.640 245270.248 548980.028 251384794.652 28072218104559.863
3389.000 5755.000 73314139.000 1.000 1330.000 480.000 661.000 21057.801 7178793.724 174095.613 799607.178 316080924.862 25479225288782.043
3349.000 5693.000 73314149.000 1.000 1320.000 490.000 673.000 23859.508 7394739.892 126200.902 952516.792 224309267.295 23958924436344.121
3282.000 5643.000 73314159.000 1.000 1320.000 490.000 664.000 27196.988 7763618.724 93176.136 1649961.900 135477445.284 17617665804930.242
3198.000 5598.000 73314169.000 1.000 1320.000 490.000 666.000 32978.214 8238777.677 67728.846 239908.096 34319115.072 31442868919358.613
3092.000 5552.000 73314179.000 1.000 1300.000 500.000 670.000 32137.611 8858523.023 45902.061 231128.907 44874656.683 31541402739232.293
2986.000 5514.000 73314189.000 1.000 1300.000 500.000 691.000 31327.769 9500740.369 31063.239 3696854.411 56380528.813 4624425801280.012
2881.000 5482.000 73314199.000 1.000 1290.000 500.000 719.000 18374.530 10159054.060 20807.388 2122191.875 418690819.896 13876447120617.100
2817.000 5475.000 73314209.000 1.000 1290.000 500.000 736.000 10938.679 10571127.929 18836.921 997860.573 778286512.718 23517084337376.176
2779.000 5480.000 73314219.000 1.000 1280.000 500.000 749.000 7442.321 10819672.789 20234.398 1553866.293 985592332.653 18433592103272.098
2757.000 5494.000 73314229.000 1.000 1280.000 500.000 748.000 1997.800 10964887.182 24413.332 450433.121 1357087303.708 29126196127071.582
2757.000 5501.000 73314239.000 1.000 1270.000 510.000 742.000 3576.052 10964887.182 26649.800 4080469.969 1243296786.883 3121696221287.886
2768.000 5507.000 73314249.000 1.000 1270.000 510.000 743.000 17873.424 10892158.986 28644.772 2806596.202 439449124.800 9245893119075.754
2827.000 5528.000 73314259.000 1.000 1260.000 510.000 742.000 27707.328 10506201.387 36194.173 4298622.023 123857709.919 2398410368457.548
2919.000 5559.000 73314269.000 1.000 1260.000 510.000 743.000 42769.073 9918261.200 48950.529 270937.640 15465398.772 31095841986249.340
3068.000 5575.000 73314279.000 1.000 1240.000 520.000 746.000 43718.399 9001962.724 56286.454 1091839.083 23833271.003 22614429696120.488
3220.000 5556.000 73314289.000 1.000 1240.000 520.000 749.000 39892.754 8112967.285 47632.043 249016.637 1115744.596 31340801526221.152
3353.000 5513.000 73314299.000 1.000 1240.000 520.000 757.000 40765.272 7373001.275 30711.744 275592.229 3720293.054 31043952280932.258
3472.000 5434.000 73314309.000 1.000 1240.000 520.000 759.000 41730.907 6740914.425 9263.613 190386.344 8377789.406 32000697286137.453
3566.000 5322.000 73314319.000 1.000 1240.000 520.000 776.000 42397.993 6261640.929 248.136 553557.844 12684475.437 28023729572704.867
3628.000 5187.000 73314329.000 1.000 1240.000 520.000 793.000 40458.407 5955196.369 22726.267 915504.122 2630693.002 24322632529998.871
3668.000 5051.000 73314339.000 1.000 1240.000 520.000 794.000 43666.200 5761570.200 82226.902 1117645.236 23326331.684 22369655234790.012
3668.000 4898.000 73314349.000 1.000 1240.000 520.000 811.000 47582.266 5761570.200 193382.117 1098494.611 76489019.765 22551173755982.672
3638.000 4734.000 73314359.000 1.000 1230.000 520.000 819.000 43733.301 5906489.827 364516.884 1083096.139 23978994.207 22697659631081.613
3578.000 4593.000 73314369.000 1.000 1230.000 520.000 828.000 47528.312 6201729.079 554656.043 1096988.555 75548189.000 22565479964587.543
3491.000 4451.000 73314379.000 1.000 1230.000 520.000 834.000 51372.000 6642614.995 786329.706 826102.287 157139615.711 25212448818638.227
3383.000 4307.000 73314389.000 1.000 1230.000 520.000 837.000 54266.542 7210981.649 1062450.379 1917222.733 238087249.115 15445524814430.676
3260.000 4162.000 73314399.000 1.000 1220.000 530.000 839.000 47548.873 7886701.116 1382393.557 2498509.756 75906037.851 11214411001276.135
3126.000 4063.000 73314409.000 1.000 1220.000 530.000 839.000 38794.459 8657288.780 1624993.519 1175798.626 1764.578 21822945876648.738
3000.000 4012.000 73314419.000 1.000 1220.000 530.000 836.000 34674.632 9414631.210 1757619.258 2211864.270 17320861.232 13216409125571.932
2880.000 3993.000 73314429.000 1.000 1220.000 530.000 827.000 26924.582 10165429.714 1808358.846 640300.893 141892977.535 27112862872763.684
2792.000 4027.000 73314439.000 1.000 1210.000 530.000 819.000 29168.103 10734319.285 1718071.688 462764.113 93477240.750 28993250680939.234
2710.000 4088.000 73314449.000 1.000 1210.000 530.000 817.000 27546.645 11278360.929 1561880.902 4156812.756 127460055.469 2857754645226.472
2656.000 4168.000 73314459.000 1.000 1210.000 530.000 830.000 12981.779 11643976.257 1368320.529 1389665.970 668464833.586 19870520983015.246
2618.000 4193.000 73314469.000 1.000 1190.000 530.000 817.000 8112.592 11904757.116 1310457.912 3739107.595 943956426.102 4444484598492.809
2636.000 4215.000 73314479.000 1.000 1190.000 530.000 814.000 21213.880 11780869.341 1260572.809 2931285.749 310555533.045 8503152089039.274
2709.000 4229.000 73314489.000 1.000 1190.000 530.000 821.000 31484.678 11285078.584 1229331.744 4849805.910 54048785.011 994998898690.283
2818.000 4212.000 73314499.000 1.000 1190.000 530.000 824.000 48477.691 10564626.275 1267318.323 1497478.103 92953221.843 18920969893430.684
2984.000 4176.000 73314509.000 1.000 1190.000 530.000 817.000 53724.636 9513073.677 1349668.491 3462413.385 221657609.567 5687694779758.339
3170.000 4085.000 73314520.000 1.000 1190.000 530.000 831.000 67069.607 8400299.995 1569388.416 347268.727 797110257.586 30250368480509.969
3369.000 3960.000 73314530.000 1.000 1190.000 530.000 846.000 68286.386 7286366.808 1898201.501 298459.333 867297795.162 30789657441499.098
3557.000 3812.000 73314540.000 1.000 1180.000 540.000 854.000 67240.628 6306763.817 2327920.192 4227682.714 806796425.824 2623167360820.568
3745.000 3670.000 73314550.000 1.000 1180.000 540.000 853.000 52427.444 5397848.827 2781397.856 2686852.636 184714686.299 9988441605407.760
3901.000 3573.000 73314560.000 1.000 1180.000 540.000 869.000 43013.104 4697306.771 3114350.809 157345.301 17444305.998 32375609798411.320
4036.000 3506.000 73314570.000 1.000 1170.000 540.000 857.000 43564.419 4130353.453 3355316.622 2736253.093 22353540.719 9678626702502.979
4178.000 3450.000 73314580.000 1.000 1160.000 530.000 800.000 33976.987 3573336.556 3563608.884 1551716.090 23614534.971 18452060244288.168
4295.000 3428.000 73314590.000 1.000 1160.000 530.000 697.000 28540.000 3144689.014 3647153.987 1272655.965 106017209.587 20927388405286.336
4395.000 3428.000 73314600.000 1.000 1140.000 530.000 497.000 32999.201 2800023.593 3647153.987 3472110.187 34073661.262 5641537217977.939
4483.000 3503.000 73314610.000 1.000 1140.000 530.000 27.000 45164.969 2513262.023 3366316.136 611401.355 40049951.759 27414657921787.957
4749.000 5543.000 73314740.000 0.000 1170.000 510.000 230.000 17315.573 1740624.004 42126.603 2498269.734 463148830.288 11216018626618.744
4740.000 5603.000 73314750.000 1.000 1180.000 510.000 241.000 8562.000 1764452.892 70356.323 323415.851 916543284.229 30513320674256.742
4710.000 5603.000 73314760.000 1.000 1190.000 500.000 254.000 9695.202 1845052.518 70356.323 2719450.739 849213260.437 9783454919261.680
4685.000 5580.000 73314770.000 1.000 1190.000 500.000 264.000 19223.761 1913593.873 58683.930 2001029.301 384658192.651 14793815406866.061
4664.000 5516.000 73314780.000 1.000 1190.000 500.000 320.000 26235.076 1972134.612 31772.230 7999109.290 158795026.870 4630273644440.938
4651.000 5425.000 73314790.000 1.000 1190.000 490.000 409.000 54262.789 2008816.116 7612.155 3024266.501 237971445.049 7969530699692.556
4644.000 5235.000 73314800.000 1.000 1190.000 490.000 465.000 43666.200 2028707.696 10558.043 2055118.309 23326331.684 14380658853725.994
4644.000 5082.000 73314810.000 1.000 1190.000 490.000 501.000 36465.365 2028707.696 65409.258 2763536.762 5622119.376 9509609431569.748
4658.000 4955.000 73314820.000 1.000 1210.000 490.000 512.000 46148.395 1989022.537 146499.351 5054812.155 53464307.478 628040511248.578
4673.000 4794.000 73314830.000 1.000 1210.000 490.000 515.000 28437.070 1946937.724 295666.603 3215193.393 108147434.638 6927996904156.578
4691.000 4696.000 73314840.000 1.000 1190.000 490.000 516.000 17171.501 1897029.948 411846.061 2370448.778 469370703.187 12088509892793.115
4713.000 4640.000 73314850.000 1.000 1190.000 490.000 522.000 8865.794 1836911.556 486858.323 907180.146 898241172.849 24404806156669.852
4739.000 4623.000 73314860.000 1.000 1190.000 490.000 510.000 12044.421 1767110.546 510870.902 1927322.182 717813668.772 15366243538507.432
4764.000 4657.000 73314870.000 1.000 1190.000 500.000 473.000 18797.477 1701269.191 463423.744 6223244.814 401561075.273 141332830129.159
4789.000 4725.000 73314881.000 1.000 1190.000 500.000 425.000 42783.354 1636677.836 375465.426 4067428.901 15577925.844 3167949049935.934
4823.000 4871.000 73314891.000 1.000 1190.000 500.000 302.000 57035.032 1550839.593 217857.744 1252713.926 331187808.878 21110241638467.090
4862.000 5067.000 73314901.000 1.000 1190.000 500.000 106.000 61424.359 1455225.079 73306.828 409914.149 510212915.668 29565189090399.027
5249.000 6523.000 73314971.000 0.000 1210.000 510.000 73.000 71478.315 671296.901 1404812.024 16418692.692 1065490314.070 111754296403110.938
5359.000 6748.000 73314981.000 1.000 1220.000 510.000 149.000 13949.609 503144.939 1988798.473 2759421.009 619355645.291 9535010404904.822
5384.000 6790.000 73314991.000 1.000 1230.000 510.000 219.000 4281.000 468303.584 2109023.276 488718.960 1194080222.081 28714414609290.223
5393.000 6802.000 73315001.000 1.000 1250.000 510.000 314.000 2568.600 456066.696 2144021.220 2687954.280 1315358095.381 9981479438372.939
5393.000 6793.000 73315011.000 1.000 1260.000 500.000 399.000 11986.800 456066.696 2117745.762 3525923.784 720904557.787 5388797866925.356
5393.000 6751.000 73315021.000 1.000 1260.000 500.000 443.000 24341.123 456066.696 1997268.959 2266256.373 210114965.165 12823889395030.029
5386.000 6666.000 73315031.000 1.000 1270.000 500.000 477.000 32281.755 465570.275 1764241.856 6262887.523 42964234.701 172711139808.881
5381.000 6553.000 73315041.000 1.000 1280.000 490.000 521.000 54226.000 472418.546 1476826.884 6046192.150 236837760.477 39557202216.319
5381.000 6363.000 73315051.000 1.000 1280.000 490.000 554.000 75410.976 472418.546 1051132.772 3985554.776 1337694790.627 3466103564327.792
5392.000 6099.000 73315061.000 1.000 1290.000 490.000 583.000 89375.779 457418.350 579498.005 2854699.801 2554222170.793 8955669268885.812
5402.000 5786.000 73315071.000 1.000 1290.000 490.000 622.000 99378.231 443991.808 200925.968 3180445.372 3665305324.026 7112125475066.007
5414.000 5438.000 73315081.000 1.000 1290.000 490.000 665.000 110522.048 428143.957 10049.594 2035078.663 5138822684.098 14533048487629.926
5428.000 5051.000 73315091.000 1.000 1290.000 490.000 697.000 117652.667 410018.799 82226.902 723254.687 6211993559.224 26255863172976.840
5442.000 4639.000 73315101.000 1.000 1290.000 490.000 707.000 115118.488 392285.640 488254.828 1204391.710 5818946898.944 21556618051469.137
5459.000 4236.000 73315111.000 1.000 1290.000 490.000 711.000 119338.501 371279.518 1213858.211 7908176.855 6480577658.702 4247204240057.607
5470.000 3818.000 73315121.000 1.000 1280.000 490.000 716.000 91629.402 357995.322 2309647.164 5690068.889 2787094104.328 24722321989.365
5476.000 3497.000 73315131.000 1.000 1260.000 500.000 707.000 71692.230 350851.397 3388369.164 251216.500 1079501236.007 31316175442960.867
5486.000 3246.000 73315141.000 1.000 1250.000 510.000 679.000 72572.456 339104.855 4375427.837 9526966.511 1138117029.478 13539929256735.379
5498.000 2992.000 73315151.000 1.000 1220.000 510.000 616.000 39191.354 325273.004 5502554.024 6103031.273 125945.579 65397345926.456
5517.000 2856.000 73315161.000 1.000 1220.000 530.000 475.000 17807.222 303961.574 6159094.659 7616779.744 442229098.102 3131050689799.893
5540.000 2798.000 73315171.000 1.000 1190.000 530.000 176.000 44495.308 279129.528 6450341.930 189159.948 32022494.156 32014574028202.496
7220.000 6487.000 73315431.000 0.000 1360.000 480.000 106.000 27262.797 1326350.462 1320770.192 4558508.690 133949811.309 1660988776183.004
7230.000 6582.000 73315441.000 1.000 1360.000 480.000 137.000 11290.447 1349483.920 1548152.248 443098.626 758783156.055 29205416540808.223
7216.000 6619.000 73315451.000 1.000 1360.000 480.000 188.000 12843.000 1317153.079 1641595.575 2932313.760 675660268.377 8497157751818.612
7216.000 6664.000 73315461.000 1.000 1380.000 480.000 267.000 2568.600 1317153.079 1758932.865 651625.280 1315358095.381 26995058918115.586
7225.000 6664.000 73315471.000 1.000 1380.000 480.000 309.000 4851.800 1337892.191 1758932.865 3121062.479 1154957514.874 7432383153358.072
7208.000 6664.000 73315481.000 1.000 1380.000 480.000 353.000 15787.548 1298854.313 1758932.865 2350345.202 531252615.370 12228708421591.428
7166.000 6628.000 73315491.000 1.000 1380.000 480.000 397.000 24022.815 1204885.789 1664739.033 3881194.841 219444252.350 3865578245915.442
7108.000 6567.000 73315501.000 1.000 1380.000 480.000 415.000 37621.956 1080919.733 1511049.818 1716506.335 1475034.245 17063474685883.238
7027.000 6463.000 73315511.000 1.000 1380.000 480.000 425.000 43636.344 919053.724 1266182.304 1197795.260 23038829.981 21617915018756.750
6931.000 6344.000 73315521.000 1.000 1380.000 480.000 431.000 47833.244 744204.528 1012534.360 288547.962 80942016.567 30899748957823.340
6824.000 6215.000 73315531.000 1.000 1380.000 480.000 436.000 48844.274 571041.528 769563.463 4897387.513 100156223.397 902337960313.740
6705.000 6092.000 73315541.000 1.000 1380.000 480.000 441.000 31684.542 405352.378 568889.538 3340465.442 51150015.164 6284230657234.354
6627.000 6013.000 73315551.000 1.000 1380.000 480.000 441.000 19980.038 312115.406 455959.407 5213583.885 355564872.337 401598934612.266
6577.000 5964.000 73315561.000 1.000 1380.000 480.000 417.000 1712.400 258748.116 392186.136 1418050.712 1378196267.352 19618268966530.453
6577.000 5958.000 73315571.000 1.000 1380.000 480.000 374.000 6681.043 258748.116 384707.164 1509900.709 1033971220.495 18813051912093.582
6585.000 5980.000 73315581.000 1.000 1380.000 480.000 344.000 11971.515 266950.883 412482.061 2973118.695 721725585.704 8260930964848.521
6608.000 6020.000 73315592.000 1.000 1380.000 480.000 338.000 23430.627 291246.836 465461.874 1750282.854 237339871.550 16785567727383.057
6654.000 6088.000 73315602.000 1.000 1370.000 470.000 345.000 29563.363 343012.743 562871.557 1390134.882 85990436.995 19866340724630.379
6733.000 6155.000 73315612.000 1.000 1370.000 470.000 336.000 34434.193 441790.060 667893.744 3027277.471 19380006.497 7952539613884.351
6834.000 6221.000 73315622.000 1.000 1370.000 470.000 364.000 23827.054 586254.986 780126.435 305350.887 225282444.939 30713224634158.422
6917.000 6230.000 73315632.000 1.000 1370.000 470.000 405.000 24896.959 720245.686 796105.893 1304224.916 194309852.016 20639551436697.059
6994.000 6189.000 73315642.000 1.000 1370.000 470.000 486.000 29466.773 856870.313 724622.585 2564919.482 87791144.638 10774036472372.467
7066.000 6115.000 73315652.000 1.000 1370.000 470.000 569.000 38453.877 995351.210 604113.930 1530379.586 146374.250 18635821072200.035
7121.000 5992.000 73315662.000 1.000 1360.000 480.000 645.000 43816.104 1108120.228 428040.005 1237313.742 24796795.821 21251993814555.898
7158.000 5843.000 73315672.000 1.000 1360.000 480.000 664.000 48151.471 1187387.023 255275.202 1840230.660 86769320.413 16056622528042.674
7182.000 5676.000 73315682.000 1.000 1360.000 480.000 691.000 41703.571 1240267.322 114411.482 2535085.763 8220291.778 10970777891979.586
7188.000 5530.000 73315692.000 1.000 1360.000 490.000 702.000 32821.000 1253667.397 36959.164 1689315.992 36185829.735 17288849514866.740
7188.000 5415.000 73315702.000 1.000 1360.000 490.000 702.000 26901.883 1253667.397 5967.202 3472889.044 142434268.484 5637837954705.688
7195.000 5321.000 73315712.000 1.000 1350.000 500.000 700.000 14733.386 1269391.817 280.641 1598407.244 580958459.630 18053108560639.137
7222.000 5277.000 73315722.000 1.000 1340.000 500.000 652.000 9132.800 1330961.154 3690.846 10038401.028 882307766.622 17565309175450.461
7254.000 5277.000 73315732.000 1.000 1350.000 510.000 492.000 44305.894 1405820.219 3690.846 2540149.402 29914643.976 10937259795511.383
8097.000 6189.000 73315812.000 0.000 1330.000 520.000 90.000 115508.400 4115513.724 724622.585 22254774.504 5878585481.931 269205146582013.281
8408.000 6448.000 73315822.000 1.000 1340.000 520.000 208.000 37530.914 5474069.266 1232649.874 4418835.642 1704465.707 2040516779108.149
8510.000 6531.000 73315832.000 1.000 1340.000 520.000 346.000 22047.958 5961766.537 1423839.987 2360737.187 281853996.787 12156135765083.727
8582.000 6559.000 73315842.000 1.000 1340.000 520.000 400.000 13776.279 6318551.434 1491445.856 2709952.627 628012966.386 9842962500862.428
8629.000 6570.000 73315852.000 1.000 1350.000 520.000 455.000 4281.000 6557045.686 1518434.304 733078.440 1194080222.081 26155284924350.230
8644.000 6570.000 73315862.000 1.000 1350.000 520.000 570.000 1712.400 6634090.873 1518434.304 2937158.710 1378196267.352 8468935278630.888
8638.000 6570.000 73315872.000 1.000 1360.000 510.000 588.000 12003.776 6603218.799 1518434.304 4224217.672 719993246.116 2634403466596.771
8598.000 6557.000 73315882.000 1.000 1370.000 520.000 594.000 26804.819 6399244.967 1486564.865 2782588.639 144760526.609 9392469364986.316
8509.000 6527.000 73315892.000 1.000 1380.000 510.000 597.000 36554.604 5956884.191 1414310.005 2657221.552 5206893.633 10176614701053.105
8388.000 6485.000 73315902.000 1.000 1380.000 510.000 595.000 45865.121 5380882.350 1316177.202 142183.426 49401992.817 32548380512142.809
8237.000 6430.000 73315912.000 1.000 1400.000 510.000 574.000 45366.931 4703142.135 1193004.959 111482.948 42646974.703 32899622779852.156
8089.000 6372.000 73315922.000 1.000 1400.000 510.000 522.000 45757.551 4083118.957 1069668.230 2050968.022 47901419.259 14412153381825.596
7942.000 6308.000 73315932.000 1.000 1400.000 510.000 490.000 38571.258 3510650.126 941380.529 5447902.708 70335.219 159519974280.616
7810.000 6279.000 73315942.000 1.000 1410.000 500.000 348.000 19482.601 3033424.481 885947.164 5560334.325 374572085.735 82350575702.822
7742.000 6273.000 73315952.000 1.000 1410.000 500.000 110.000 0.000 2801180.967 874688.192 6273611.999 1508271081.932 181740023300.358
7742.000 6273.000 73315972.000 0.000 1410.000 500.000 80.000 43963.644 2801180.967 874688.192 8649368.931 26287955.490 7851577824166.629
7717.000 6425.000 73315982.000 1.000 1410.000 500.000 146.000 13657.516 2718122.322 1182107.482 507015.669 633979516.984 28518660501541.887
7738.000 6468.000 73315992.000 1.000 1410.000 500.000 191.000 11881.007 2787807.584 1277459.781 1089084.402 726596763.351 22640636852315.527
7776.000 6485.000 73316002.000 1.000 1400.000 500.000 273.000 15697.000 2916146.724 1316177.202 1918168.834 535434881.142 15438089205262.621
7831.000 6485.000 73316012.000 1.000 1400.000 500.000 379.000 22417.984 3107015.743 1316177.202 803029.980 269566547.195 25444682482950.184
7898.000 6444.000 73316022.000 1.000 1400.000 500.000 438.000 25231.684 3347702.911 1223783.893 1295031.611 185090089.962 20723167744236.641
7952.000 6374.000 73316032.000 1.000 1400.000 500.000 515.000 29769.286 3548223.584 1073809.220 1427100.746 82213750.949 19538181116069.160
8008.000 6286.000 73316042.000 1.000 1400.000 500.000 580.000 34769.639 3762330.948 899173.631 1545454.128 16539080.860 18505897050748.027
8089.000 6195.000 73316052.000 1.000 1400.000 500.000 611.000 40184.685 4083118.957 734873.557 2270099.569 1817694.800 12796378842996.109
8185.000 6092.000 73316062.000 1.000 1400.000 500.000 641.000 48138.783 4480304.154 568889.538 785457.046 86533103.829 25622276617442.824
8312.000 5981.000 73316072.000 1.000 1400.000 500.000 644.000 50890.910 5034068.070 413767.557 1117498.255 145309623.078 22371045595821.258
8476.000 5911.000 73316082.000 1.000 1400.000 500.000 656.000 54806.461 5796888.780 328612.884 421245.263 255040744.181 29442094156237.852
8665.000 5877.000 73316092.000 1.000 1400.000 500.000 667.000 56282.443 6742710.135 290788.043 124051.679 304362117.724 32755596813733.484
8862.000 5868.000 73316102.000 1.000 1400.000 500.000 664.000 56717.102 7804608.257 281162.585 2396437.016 319717148.109 11908470691557.391
9060.000 5885.000 73316112.000 1.000 1410.000 500.000 670.000 48320.336 8950106.724 299480.005 1564778.562 89943792.481 18340008925235.570
9228.000 5906.000 73316122.000 1.000 1410.000 500.000 678.000 42837.580 9983532.817 322905.407 2122697.890 16008914.213 13872677453240.641
9376.000 5931.000 73316132.000 1.000 1410.000 500.000 678.000 35399.956 10940699.995 351942.790 4223831.526 11809600.145 2635657110921.206
9499.000 5947.000 73316142.000 1.000 1420.000 500.000 673.000 20600.266 11769516.528 371182.716 3028455.316 332558986.009 7945897897090.148
9570.000 5960.000 73316152.000 1.000 1420.000 500.000 666.000 9989.000 12261713.079 387192.155 2362141.640 832176287.611 12146344304116.971
9605.000 5960.000 73316162.000 1.000 1430.000 510.000 644.000 1712.400 12508055.182 387192.155 4887189.600 1378196267.352 921816252926.662
9599.000 5960.000 73316172.000 1.000 1430.000 510.000 557.000 18836.400 12465651.107 387192.155 3744663.192 400002635.145 4421090903625.746
9533.000 5960.000 73316182.000 1.000 1440.000 510.000 452.000 31957.154 12003958.285 387192.155 5045957.049 47324931.922 642154091300.679
9426.000 5927.000 73316192.000 1.000 1440.000 510.000 316.000 49637.452 11273967.285 347212.809 6309636.043 116661301.197 213752559149.794
9258.000 5882.000 73316202.000 1.000 1440.000 510.000 68.000 71745.497 10174013.191 296205.519 3776773.771 1083004329.356 4287088079346.097
7659.000 5089.000 73316273.000 0.000 1430.000 530.000 129.000 165701.677 2530240.266 61877.725 30328259.035 16094781792.902 599317246326908.000
7182.000 4758.000 73316283.000 1.000 1420.000 540.000 257.000 59435.878 1240267.322 336112.772 5764745.226 424335779.751 6815658104.718
7001.000 4655.000 73316293.000 1.000 1420.000 540.000 307.000 39237.051 869878.733 466150.753 2155486.069 160468.440 13629506530634.191
6875.000 4600.000 73316303.000 1.000 1400.000 540.000 337.000 31684.542 650721.163 544278.510 5312782.646 51150015.164 285711180469.215
6785.000 4535.000 73316313.000 1.000 1400.000 540.000 373.000 13069.326 513620.042 644411.314 612315.996 663945497.518 27405080819140.609
6761.000 4496.000 73316323.000 1.000 1390.000 550.000 441.000 15214.792 479795.743 708546.996 3640108.043 557983476.822 4871706157611.603
6810.000 4475.000 73316333.000 1.000 1370.000 540.000 501.000 27969.200 550078.686 744341.594 5228328.791 118097467.674 383128112153.941
6908.000 4475.000 73316343.000 1.000 1360.000 550.000 536.000 46288.502 705050.574 744341.594 5255970.066 55532842.356 349673722416.815
7067.000 4507.000 73316353.000 1.000 1350.000 540.000 583.000 64704.655 997347.556 690149.445 3595071.923 669163208.425 5072541333815.329
7289.000 4553.000 73316363.000 1.000 1330.000 540.000 614.000 77301.263 1490042.322 615836.230 360485.886 1479540617.598 30105153539301.883
7554.000 4609.000 73316373.000 1.000 1330.000 540.000 645.000 78564.353 2207223.957 531079.968 67714.004 1578305015.138 33403640005780.344
7821.000 4676.000 73316383.000 1.000 1310.000 550.000 667.000 78327.093 3071862.285 437916.155 254162.114 1559509630.449 31283216302688.441
8085.000 4751.000 73316393.000 1.000 1300.000 540.000 690.000 77436.546 4066969.574 344278.304 334709.700 1489966185.386 30388676348076.895
8342.000 4838.000 73316403.000 1.000 1300.000 540.000 699.000 76263.772 5169588.443 249752.398 1903631.985 1400803243.512 15552534962856.783
8595.000 4924.000 73316413.000 1.000 1300.000 540.000 705.000 69593.723 6384075.929 171190.996 4009832.042 946008865.638 3376296673877.713
8825.000 5005.000 73316423.000 1.000 1300.000 540.000 705.000 55543.856 7599245.462 110724.117 3067962.097 279136884.672 7724731547812.382
9005.000 5079.000 73316433.000 1.000 1300.000 540.000 705.000 44794.164 8624047.705 66952.772 4660960.440 35494166.907 1407406831136.341
9152.000 5134.000 73316443.000 1.000 1310.000 550.000 702.000 28462.838 9509038.537 41515.015 4720735.187 107612155.362 1269153291392.366
9241.000 5179.000 73316453.000 1.000 1310.000 550.000 649.000 11922.070 10065853.313 25202.304 2046907.922 724384705.505 14442996859233.832
9272.000 5207.000 73316463.000 1.000 1310.000 550.000 497.000 4750.003 10263520.032 17096.173 2952703.307 1161886951.568 8378702896817.181
9263.000 5221.000 73316473.000 1.000 1330.000 540.000 191.000 15095.845 10205934.920 13631.108 253432.598 563617079.697 31291377405284.648
8374.000 5356.000 73316643.000 0.000 1330.000 530.000 37.000 0.000 5316127.509 332.977 0.000 1508271081.932 34190943311965.434
8374.000 5356.000 73316653.000 1.000 1330.000 530.000 100.000 0.000 5316127.509 332.977 0.000 1508271081.932 34190943311965.434
8374.000 5356.000 73316663.000 1.000 1330.000 530.000 184.000 0.000 5316127.509 332.977 4739006.210 1508271081.932 1228320057144.543
8374.000 5356.000 73316673.000 1.000 1330.000 530.000 242.000 16604.787 5316127.509 332.977 1236520.330 494247545.757 21259309684423.254
8350.000 5303.000 73316683.000 1.000 1330.000 530.000 327.000 12272.200 5206031.210 1207.725 2236350.163 705660221.664 13038974794973.223
8350.000 5260.000 73316693.000 1.000 1330.000 530.000 404.000 20108.045 5206031.210 6045.426 1451683.675 350753748.602 19321462438213.273
8358.000 5190.000 73316703.000 1.000 1330.000 530.000 465.000 25194.533 5242601.976 21830.753 2389493.805 186102332.662 11956439070295.424
8365.000 5102.000 73316713.000 1.000 1330.000 530.000 544.000 33566.971 5274706.397 55579.164 4307451.728 27767576.275 2371139553499.706
8377.000 4985.000 73316723.000 1.000 1330.000 530.000 600.000 48659.654 5329970.546 124434.211 2762684.272 96495024.870 9514867916748.270
8390.000 4815.000 73316733.000 1.000 1310.000 540.000 644.000 58339.697 5390165.042 273270.005 711606.371 380376024.178 26375371906088.703
8403.000 4611.000 73316743.000 1.000 1310.000 540.000 702.000 60833.062 5450697.537 528168.959 4878686.107 483850240.932 938217184293.807
8411.000 4398.000 73316753.000 1.000 1310.000 540.000 731.000 77927.267 5488116.303 883134.454 3291973.128 1528090732.320 6529706794619.636
8416.000 4125.000 73316763.000 1.000 1310.000 540.000 746.000 89461.861 5511568.032 1470768.230 1291374.495 2562930631.208 20756477482132.574
8433.000 3812.000 73316773.000 1.000 1300.000 540.000 763.000 84937.073 5591677.911 2327920.192 944724.801 2125265976.970 24035265399551.570
8452.000 3515.000 73316783.000 1.000 1300.000 540.000 779.000 81626.895 5681896.481 3322426.080 707928.421 1831020824.402 26413163098538.277
8476.000 3230.000 73316793.000 1.000 1290.000 550.000 788.000 79146.417 5796888.780 4442619.912 3330097.145 1624892159.417 6336321415412.986
8503.000 2954.000 73316803.000 1.000 1290.000 550.000 803.000 67478.242 5927632.116 5682275.202 3325710.832 820351339.394 6358423153887.968
8529.000 2719.000 73316813.000 1.000 1270.000 550.000 806.000 55825.436 6054911.107 6857863.800 2242147.208 288625105.789 12997142697509.979
8554.000 2525.000 73316823.000 1.000 1260.000 560.000 812.000 47969.279 6178569.752 7911575.706 673972.671 83408275.512 26763338675595.254
8573.000 2358.000 73316833.000 1.000 1250.000 560.000 809.000 45607.777 6273386.322 8878923.987 2276990.838 45850654.304 12747123401042.779
8589.000 2199.000 73316843.000 1.000 1230.000 560.000 790.000 37629.533 6353791.855 9851766.230 10739468.718 1456686.973 23933292993997.453
8611.000 2069.000 73316853.000 1.000 1220.000 570.000 671.000 0.000 6465185.462 10684741.837 0.000 1508271081.932 34190943311965.434
