2719.000 5844.000 72494090.000 0.000 1370.000 470.000 108.000 11211.223 7441059.665 1531181.258 1003193.734 908325203.474 21250057423116.574
2718.000 5874.000 72494100.000 1.000 1370.000 470.000 170.000 8525.296 7446516.326 1606325.804 1868136.444 1077438674.516 14023794772411.395
2707.000 5894.000 72494110.000 1.000 1370.000 470.000 172.000 3523.592 7506671.599 1657422.167 2450499.138 1430811192.759 10001235811290.916
2702.000 5886.000 72494120.000 1.000 1370.000 470.000 195.000 10084.500 7534094.905 1636887.622 6003577.746 977510041.718 152572699554.891
2702.000 5859.000 72494130.000 1.000 1370.000 470.000 251.000 26158.336 7534094.905 1568528.531 6611132.641 230776233.474 996324283836.959
2690.000 5790.000 72494140.000 1.000 1380.000 470.000 301.000 43858.825 7600114.839 1400457.076 4483527.988 6295924.094 1275644207811.653
2680.000 5673.000 72494150.000 1.000 1380.000 470.000 356.000 55862.916 7655351.450 1137228.349 11725625.758 210634687.041 37364533629501.070
2667.000 5524.000 72494160.000 1.000 1370.000 470.000 396.000 87256.827 7727458.045 841639.440 577683.486 2107468258.168 25354132343241.574
2650.000 5291.000 72494170.000 1.000 1370.000 470.000 417.000 88803.503 7822261.285 468415.804 1123633.291 2251867500.976 20154163759535.543
2631.000 5054.000 72494180.000 1.000 1370.000 470.000 447.000 91811.892 7928901.847 200174.895 545296.927 2546437162.029 25681332581901.941
2611.000 4809.000 72494190.000 1.000 1350.000 470.000 461.000 93271.857 8041935.070 40969.440 1829202.430 2695914853.698 14316913604664.529
2592.000 4560.000 72494200.000 1.000 1360.000 480.000 468.000 88374.394 8150057.632 2170.713 2557655.167 2211325890.696 9334962117472.482
2575.000 4324.000 72494210.000 1.000 1360.000 480.000 475.000 81526.589 8247410.872 79857.622 1839973.424 1614185865.597 14235519696188.893
2564.000 4106.000 72494220.000 1.000 1350.000 490.000 480.000 76600.288 8310712.144 250591.258 127255.932 1242606986.481 30093082874846.344
2558.000 3901.000 72494230.000 1.000 1350.000 490.000 478.000 76941.000 8345342.111 497858.531 9486153.000 1266743697.132 15001529578789.758
2558.000 3695.000 72494240.000 1.000 1340.000 490.000 473.000 51543.000 8345342.111 830997.986 6417103.500 103904241.684 646627162027.657
2558.000 3557.000 72494250.000 1.000 1340.000 490.000 440.000 34362.000 8345342.111 1101641.076 5908092.471 48827350.234 87095979635.571
2558.000 3465.000 72494260.000 1.000 1330.000 500.000 369.000 18543.814 8345342.111 1303229.804 6303826.553 520106474.564 477279749420.201
2566.000 3416.000 72494270.000 1.000 1320.000 500.000 149.000 35421.529 8299184.822 1417506.713 238031.263 35142701.486 28889989980066.984
2571.000 4279.000 72494361.000 0.000 1270.000 520.000 216.000 29622.106 8270401.516 107315.804 6942043.183 137535452.264 1766429701633.066
2564.000 4358.000 72494371.000 1.000 1270.000 520.000 249.000 11035.645 8310712.144 61797.440 4121813.408 918939323.035 2223554516278.251
2537.000 4370.000 72494381.000 1.000 1270.000 520.000 260.000 0.000 8467113.996 55975.258 1116018.000 1709794133.334 20222596996435.617
2537.000 4370.000 72494391.000 1.000 1270.000 520.000 264.000 2988.000 8467113.996 55975.258 26470.692 1471616727.152 31208998998929.465
2537.000 4362.000 72494401.000 1.000 1270.000 520.000 277.000 2917.128 8467113.996 59824.713 2537511.192 1477059284.701 9458460356700.508
2543.000 4357.000 72494411.000 1.000 1270.000 520.000 332.000 9711.000 8432232.029 62295.622 2240333.676 1001004616.241 11374690553223.764
2569.000 4357.000 72494421.000 1.000 1270.000 520.000 362.000 15709.216 8281908.839 62295.622 7237654.240 657432214.251 2639591760168.283
2606.000 4377.000 72494431.000 1.000 1280.000 520.000 417.000 35087.139 8070318.376 52711.986 3149210.817 39219131.597 6070120108279.076
2691.000 4417.000 72494441.000 1.000 1280.000 520.000 456.000 43518.761 7594602.177 35944.713 2936811.451 4705012.199 7161836306604.873
2781.000 4491.000 72494451.000 1.000 1280.000 520.000 486.000 51381.710 7106652.673 13361.258 1792314.077 100642087.561 14597428424484.533
2895.000 4568.000 72494461.000 1.000 1290.000 510.000 497.000 56180.409 6511839.301 1489.258 1785724.042 219951205.131 14647828394435.129
3023.000 4647.000 72494471.000 1.000 1290.000 510.000 502.000 51399.354 5874954.673 1632.895 4633196.162 100996409.958 959961067108.277
3150.000 4700.000 72494481.000 1.000 1290.000 510.000 504.000 38994.545 5275430.706 8725.258 2822217.543 5546552.494 7788311505633.443
3250.000 4730.000 72494491.000 1.000 1290.000 510.000 501.000 31438.407 4826064.591 15229.804 3899041.947 98232876.399 2937556881482.046
3333.000 4744.000 72494501.000 1.000 1300.000 510.000 465.000 20999.205 4468279.715 18881.258 1358223.786 414140896.268 18102883990307.172
3389.000 4749.000 72494511.000 1.000 1300.000 510.000 363.000 17362.729 4234666.690 20280.349 8891417.745 575372714.481 10748205250190.125
3433.000 4764.000 72494521.000 1.000 1300.000 510.000 142.000 41168.399 4055513.599 24777.622 316143.506 32854.460 28056394118807.922
3638.000 5959.000 72494631.000 0.000 1340.000 490.000 161.000 50479.185 3271868.062 1829010.349 15978062.947 83348281.654 107435106379003.031
3709.000 6074.000 72494641.000 1.000 1340.000 490.000 186.000 7699.900 3020055.120 2153289.440 2886053.922 1132306145.603 7436083246098.938
3717.000 6093.000 72494651.000 1.000 1350.000 490.000 209.000 15426.952 2992313.830 2209411.986 5429557.548 671986634.089 33640931286.524
3712.000 6052.000 72494661.000 1.000 1350.000 490.000 287.000 29963.920 3009637.136 2089207.440 12265189.088 129635006.845 44251989644017.586
3718.000 5972.000 72494671.000 1.000 1350.000 490.000 351.000 62802.445 2988855.169 1864341.986 5356834.110 460222113.328 65606716565.882
3711.000 5804.000 72494681.000 1.000 1370.000 480.000 389.000 77144.705 3013107.797 1433788.531 3696164.217 1281285461.914 3674152809395.928
3696.000 5598.000 72494691.000 1.000 1370.000 480.000 422.000 87040.727 3065407.715 982891.986 5249040.516 2087673878.500 132446264107.407
3674.000 5366.000 72494701.000 1.000 1370.000 480.000 440.000 101094.383 3142928.260 576702.167 243514.530 3569432285.803 28831075573848.484
3655.000 5096.000 72494711.000 1.000 1380.000 480.000 463.000 101746.363 3210656.822 239521.258 102537.328 3647762096.649 30364892379957.875
3640.000 4824.000 72494721.000 1.000 1370.000 480.000 468.000 102020.894 3264636.739 47266.713 4066254.909 3680999000.113 2392334350603.647
3631.000 4551.000 72494731.000 1.000 1370.000 480.000 472.000 91134.000 3297240.690 3090.349 139502.250 2478480808.765 29958873195618.613
3631.000 4307.000 72494741.000 1.000 1370.000 480.000 478.000 91507.500 3297240.690 89754.713 3267361.939 2515809215.242 5501887454539.518
3631.000 4062.000 72494751.000 1.000 1360.000 490.000 478.000 82759.543 3297240.690 296579.258 2222025.453 1714778659.217 11498519780317.164
3647.000 3841.000 72494761.000 1.000 1360.000 490.000 478.000 76810.345 3239390.111 586129.440 7336159.637 1257460394.019 2969374973866.863
3673.000 3637.000 72494771.000 1.000 1350.000 500.000 483.000 57168.686 3146474.921 940106.531 2318241.294 250241678.764 10855251684000.410
3691.000 3485.000 72494781.000 1.000 1340.000 500.000 468.000 50961.882 3082941.020 1257966.167 1569160.525 92394869.610 16352412790512.164
3702.000 3349.000 72494791.000 1.000 1330.000 510.000 427.000 46760.649 3044433.748 1581534.895 8648825.013 29278834.514 9216402356519.191
3709.000 3224.000 72494801.000 1.000 1300.000 510.000 344.000 23604.491 3020055.120 1911557.622 1795110.471 314890916.074 14576068113451.551
3714.000 3161.000 72494811.000 1.000 1290.000 510.000 130.000 18798.305 3002701.814 2089733.076 37969.900 508563476.655 31080650545254.227
4672.000 4585.000 72495152.000 0.000 1300.000 480.000 61.000 15331.709 600362.425 466.167 482518.674 676933617.701 26321553290648.891
4674.000 4626.000 72495162.000 1.000 1300.000 480.000 70.000 14039.825 597267.103 376.713 2212647.988 745826923.417 11562204685872.918
4656.000 4659.000 72495172.000 1.000 1280.000 480.000 90.000 19963.916 625413.004 2746.713 1649139.201 457349917.766 15711971973038.217
4640.000 4710.000 72495182.000 1.000 1280.000 480.000 134.000 15548.550 650975.582 10693.440 772924.635 665697121.999 23426060344861.594
4623.000 4748.000 72495192.000 1.000 1280.000 480.000 178.000 17617.960 678696.822 19996.531 1390875.530 563193442.108 17826100215280.969
4606.000 4792.000 72495202.000 1.000 1280.000 480.000 233.000 21341.857 706996.062 34376.531 1433898.995 400312060.509 17464652777974.654
4575.000 4840.000 72495212.000 1.000 1280.000 480.000 270.000 17502.770 760088.558 54479.804 844977.267 568674019.197 22733775595802.043
4539.000 4870.000 72495222.000 1.000 1280.000 480.000 302.000 15240.448 824156.359 69384.349 445791.672 681690794.174 26699754516488.270
4500.000 4882.000 72495232.000 1.000 1280.000 480.000 304.000 16434.000 896488.144 75850.167 2067669.482 620789963.330 12569171298823.648
4456.000 4882.000 72495242.000 1.000 1280.000 480.000 314.000 21969.929 981745.235 75850.167 3540619.021 375573857.034 4294647661431.703
4408.000 4848.000 72495252.000 1.000 1280.000 480.000 317.000 31449.498 1079168.971 58278.349 3115022.494 98013148.062 6239752689010.772
4357.000 4781.000 72495262.000 1.000 1280.000 480.000 337.000 39789.585 1187730.690 30418.531 3184056.500 2433824.619 5899631434246.971
4300.000 4691.000 72495272.000 1.000 1280.000 480.000 351.000 48314.502 1315220.376 7124.895 3360289.113 48509065.989 5074581050149.584
4247.000 4573.000 72495282.000 1.000 1280.000 480.000 376.000 57311.260 1439593.417 1128.349 1992394.292 254772770.593 13108584323116.252
4203.000 4426.000 72495292.000 1.000 1280.000 480.000 397.000 62645.649 1547114.508 32613.076 3379212.491 453519275.616 4989682397584.084
4179.000 4260.000 72495302.000 1.000 1280.000 480.000 400.000 53598.226 1607394.376 120125.258 4379123.533 150027442.750 1522382510980.967
4167.000 4117.000 72495312.000 1.000 1290.000 490.000 402.000 41873.665 1637966.310 239699.258 2747360.300 274584.393 8211731510148.479
4172.000 4005.000 72495322.000 1.000 1290.000 490.000 418.000 34517.948 1625193.004 361911.622 4844733.489 46672247.748 590190703333.185
4193.000 3915.000 72495332.000 1.000 1290.000 490.000 417.000 21546.774 1572091.120 478297.986 1826169.984 392154174.784 14339870955346.926
4225.000 3867.000 72495342.000 1.000 1290.000 490.000 422.000 16657.430 1492869.963 546994.713 26644.743 609706073.811 31207054356878.391
4267.000 3852.000 72495352.000 1.000 1290.000 490.000 430.000 16586.092 1392000.194 569407.440 3096405.387 613234151.100 6333108479265.155
4311.000 3858.000 72495362.000 1.000 1290.000 490.000 441.000 24876.334 1290111.103 560388.349 4949539.083 271370370.390 440143488861.818
4361.000 3902.000 72495372.000 1.000 1280.000 490.000 448.000 38128.112 1179028.045 496448.349 3542267.651 10378352.134 4287817292199.088
4416.000 3988.000 72495382.000 1.000 1280.000 490.000 439.000 47612.095 1062611.682 382654.713 977212.327 39218129.807 21490269517171.371
4471.000 4103.000 72495392.000 1.000 1280.000 490.000 443.000 50228.460 952245.318 253603.804 563627.560 78833142.860 25495881203151.023
4518.000 4229.000 72495402.000 1.000 1270.000 500.000 448.000 51737.503 862726.244 142574.895 61530.390 107907344.691 30818506070486.578
4560.000 4361.000 72495412.000 1.000 1270.000 500.000 452.000 51572.763 786468.475 60314.895 6293968.767 104511896.456 463756336450.558
4589.000 4496.000 72495422.000 1.000 1270.000 500.000 455.000 34721.441 735873.301 12230.349 5690236.644 43933247.233 5969795689.088
4608.000 4587.000 72495432.000 1.000 1270.000 500.000 456.000 19486.537 703636.739 383.804 3790665.320 477996015.773 3320802332289.601
4619.000 4638.000 72495442.000 1.000 1270.000 500.000 465.000 9337.500 685303.467 986.531 2790045.000 1024778195.264 7968917925990.447
4619.000 4663.000 72495452.000 1.000 1270.000 500.000 465.000 1867.500 685303.467 3181.986 418506.750 1558840720.720 26982471218301.418
4624.000 4663.000 72495462.000 1.000 1270.000 500.000 458.000 2988.000 677050.161 3181.986 5122712.358 1471616727.152 240354703905.862
4624.000 4655.000 72495472.000 1.000 1270.000 500.000 465.000 16703.428 677050.161 2343.440 3693398.823 607436603.513 3684761915341.102
4632.000 4611.000 72495482.000 1.000 1260.000 490.000 490.000 26592.046 663948.872 19.440 4487977.494 217787082.183 1265613068398.992
4645.000 4541.000 72495492.000 1.000 1260.000 490.000 501.000 38608.050 642932.277 4302.167 451775.515 7516408.897 26637951128907.973
4667.000 4440.000 72495502.000 1.000 1260.000 490.000 513.000 39817.623 608135.731 27752.531 231773.184 2347128.152 28957302753515.941
4698.000 4338.000 72495512.000 1.000 1260.000 490.000 526.000 40438.167 560747.235 72141.076 2563962.835 830814.005 9296458053303.121
4737.000 4237.000 72495522.000 1.000 1260.000 490.000 537.000 33573.474 503859.450 136597.440 1185032.210 60469021.921 19606652475814.020
4785.000 4161.000 72495532.000 1.000 1270.000 500.000 544.000 30400.697 438019.715 198551.258 1669546.494 119879724.901 15550606228183.619
4840.000 4101.000 72495542.000 1.000 1270.000 500.000 536.000 25930.693 368243.351 255622.167 1257053.467 237744450.578 18974027930561.789
4892.000 4055.000 72495552.000 1.000 1270.000 500.000 540.000 22565.088 307836.971 304252.531 530458.519 352860032.205 25831945226612.988
4945.000 4026.000 72495562.000 1.000 1260.000 500.000 505.000 21144.851 251833.930 337085.804 647510.058 408234185.164 24655814194790.398
4999.000 4009.000 72495572.000 1.000 1270.000 510.000 388.000 19411.223 200552.227 357114.895 18668.277 481294886.010 31296236282796.777
5050.000 4019.000 72495582.000 1.000 1270.000 510.000 115.000 19361.241 157474.508 345263.076 512866.916 483490437.826 26011073816630.781
5318.000 4699.000 72495723.000 0.000 1290.000 510.000 221.000 0.000 16597.318 8539.440 6128579.979 1709794133.334 265851390990.855
5318.000 4699.000 72495733.000 1.000 1290.000 510.000 218.000 16408.514 16597.318 8539.440 157622.976 622060613.734 29760835058187.242
5309.000 4742.000 72495743.000 1.000 1290.000 510.000 225.000 15986.498 18997.268 18335.622 1841168.997 643289834.040 14226499334673.846
5283.000 4776.000 72495753.000 1.000 1290.000 510.000 228.000 20916.000 26840.458 28699.440 2447693.033 417534338.056 10018992148409.266
5283.000 4832.000 72495763.000 1.000 1300.000 510.000 239.000 27469.395 26840.458 50809.258 544611.555 192661672.959 25688279537098.875
5298.000 4904.000 72495773.000 1.000 1300.000 510.000 251.000 26011.265 22150.541 88452.167 2577624.345 235266268.892 9213336546542.957
5323.000 4969.000 72495783.000 1.000 1300.000 510.000 260.000 32912.535 15334.012 131340.349 55088343.423 71185027.503 2447812358538898.000
5364.000 5047.000 72495793.000 1.000 1300.000 510.000 274.000 180404.753 6860.905 193960.167 506294275.905 19336319725.868 250681767888696864.000
5386.000 5090.000 72495794.000 1.000 1310.000 505.000 290.000 44850.730 3700.359 233684.349 11603580.110 12257512.209 35887383238541.867
5454.000 5174.000 72495803.000 1.000 1320.000 500.000 307.000 16890.296 51.401 321953.076 1425946.806 598260340.124 17531181575084.256
5497.000 5188.000 72495813.000 1.000 1320.000 500.000 334.000 13072.500 2516.971 338036.531 2222455.725 799597607.535 11495601906581.406
5532.000 5188.000 72495823.000 1.000 1320.000 500.000 356.000 19022.850 7253.830 338036.531 3086270.838 498486310.446 6384219727523.500
5567.000 5151.000 72495833.000 1.000 1320.000 500.000 362.000 27285.958 14440.690 296381.258 3134628.257 197787629.330 6142188655460.872
5591.000 5082.000 72495843.000 1.000 1330.000 510.000 384.000 35678.537 20784.822 226013.804 5367367.930 32161601.961 60321453047.744
5608.000 4988.000 72495853.000 1.000 1330.000 510.000 407.000 50049.000 25975.582 145472.895 3208551.750 75678568.775 5781237657356.967
5608.000 4854.000 72495863.000 1.000 1330.000 510.000 431.000 58639.500 25975.582 61211.258 2118473.698 298938671.250 12211519717954.719
5608.000 4697.000 72495873.000 1.000 1330.000 510.000 464.000 64311.451 25975.582 8173.804 4878196.474 527243984.078 539895354371.809
5600.000 4525.000 72495883.000 1.000 1320.000 510.000 488.000 77372.218 23460.872 6657.076 3369948.197 1297624901.594 5031156637900.705
5592.000 4318.000 72495893.000 1.000 1320.000 510.000 504.000 86394.837 21074.161 83284.713 2104610.872 2029068241.977 12308599145032.359
5580.000 4087.000 72495903.000 1.000 1320.000 510.000 514.000 92029.672 17734.095 269974.713 314482.145 2568463921.238 28073996768130.359
5566.000 3841.000 72495913.000 1.000 1300.000 520.000 522.000 92871.659 14201.351 586129.440 4918294.314 2654516690.940 482577352867.865
5548.000 3593.000 72495923.000 1.000 1300.000 520.000 516.000 79703.535 10235.252 1027366.531 3403345.073 1471019958.273 4882452000838.388
5535.000 3380.000 72495933.000 1.000 1290.000 520.000 524.000 70591.500 7773.847 1504525.258 5278463.352 855085382.520 111896163405.068
5535.000 3191.000 72495943.000 1.000 1290.000 520.000 519.000 56459.068 7773.847 2003897.622 7119810.135 228294301.017 2270560589316.251
5528.000 3040.000 72495953.000 1.000 1280.000 530.000 521.000 37396.658 6588.475 2454207.076 4847575.450 15626201.029 585832171215.655
5523.000 2940.000 72495963.000 1.000 1280.000 530.000 516.000 24417.875 5801.781 2777525.258 4715250.003 286685241.416 805905126923.958
5530.000 2875.000 72495973.000 1.000 1270.000 530.000 494.000 11793.377 6917.153 2998407.076 3428310.559 873573686.950 4772746446567.625
5536.000 2844.000 72495983.000 1.000 1270.000 530.000 412.000 2614.500 7951.186 3106726.713 17748875.749 1500412387.174 147280155167773.219
5543.000 2844.000 72495993.000 1.000 1250.000 540.000 282.000 50134.917 9248.558 3106726.713 189169.844 77180793.413 29417631899905.449
5433.000 4451.000 72496113.000 0.000 1230.000 530.000 93.000 44057.171 191.285 24208.531 4318657.618 7330632.105 1675250214019.235
5448.000 4568.000 72496123.000 1.000 1230.000 530.000 104.000 32494.500 1.368 1489.258 3339201.303 78413805.348 5170034051360.602
5448.000 4655.000 72496133.000 1.000 1240.000 530.000 101.000 23554.202 1.368 2343.440 1124870.697 316678218.363 20143055020927.238
5464.000 4716.000 72496143.000 1.000 1240.000 530.000 137.000 20542.500 294.789 11970.349 1711430.410 432937782.079 15222028269307.834
5497.000 4760.000 72496153.000 1.000 1250.000 530.000 180.000 25124.643 2516.971 23534.349 942882.075 263251079.032 21809741692062.648
5542.000 4810.000 72496163.000 1.000 1250.000 530.000 221.000 27649.093 9057.219 41375.258 1275257.111 187705453.692 18815772115725.457
5600.000 4856.000 72496173.000 1.000 1270.000 520.000 252.000 31063.436 23460.872 62204.895 1401481.809 105806342.291 17736651238130.988
5679.000 4882.000 72496183.000 1.000 1280.000 520.000 282.000 34815.730 53902.640 75850.167 1511873.096 42692201.933 16819013787450.443
5771.000 4897.000 72496193.000 1.000 1280.000 520.000 317.000 30767.877 105085.814 84337.440 1725648.062 111974067.793 15111288884323.266
5852.000 4882.000 72496203.000 1.000 1290.000 510.000 342.000 26147.668 164162.260 75850.167 1222692.588 231100469.305 19274554992989.535
5901.000 4832.000 72496213.000 1.000 1290.000 510.000 349.000 29421.276 206269.863 50809.258 1167876.234 142286273.084 19758878067415.328
5928.000 4758.000 72496223.000 1.000 1320.000 510.000 373.000 32548.120 231524.012 22924.713 1632141.216 77467053.417 15847015251947.152
5933.000 4671.000 72496233.000 1.000 1320.000 510.000 384.000 36917.976 236360.706 4148.531 1432231.691 19639796.413 17478591128789.434
5914.000 4574.000 72496243.000 1.000 1320.000 510.000 388.000 40752.599 218247.268 1062.167 372786.615 356478.245 27459544871481.457
5878.000 4471.000 72496253.000 1.000 1320.000 510.000 402.000 39754.509 185907.070 18384.895 728916.997 2544497.116 23853995138563.129
5830.000 4376.000 72496263.000 1.000 1330.000 520.000 409.000 37802.924 146818.806 53172.167 307964.943 12579314.915 28143101901902.508
5768.000 4296.000 72496273.000 1.000 1330.000 520.000 410.000 36978.386 103149.797 96466.713 5594993.397 19108010.083 323237035.626
5697.000 4227.000 72496283.000 1.000 1330.000 520.000 394.000 21998.484 62584.739 144089.258 2599843.860 374467896.156 9078942339398.578
5652.000 4189.000 72496293.000 1.000 1330.000 520.000 322.000 15037.724 42094.492 174382.167 1255057.857 692317817.762 18991417342950.883
5613.000 4179.000 72496303.000 1.000 1330.000 520.000 54.000 18397.986 27612.277 182833.986 51241.899 526779201.313 30932843841547.957
6258.000 4994.000 72496514.000 0.000 1320.000 500.000 34.000 21292.776 657995.830 150085.804 3410987.630 402278475.117 4848736007118.945
6223.000 5039.000 72496524.000 1.000 1320.000 500.000 149.000 12160.279 602438.971 186977.622 547127.824 852019787.544 25662779151209.906
6199.000 5061.000 72496534.000 1.000 1320.000 500.000 141.000 10695.412 565758.839 206487.622 72418.288 939682736.013 30697737552643.816
6193.000 5089.000 72496544.000 1.000 1330.000 510.000 148.000 10889.303 556768.806 232718.531 1773643.185 927833165.302 14740447216725.447
6204.000 5116.000 72496554.000 1.000 1330.000 510.000 173.000 15638.013 573305.533 259497.622 3813120.887 661088636.758 3239464716703.877
6236.000 5143.000 72496564.000 1.000 1330.000 510.000 188.000 25847.172 622788.376 287734.713 2541163.275 240327040.919 9436010016747.133
6291.000 5185.000 72496574.000 1.000 1330.000 510.000 213.000 32650.822 712622.012 334557.076 805599.535 75669730.213 23110831854173.000
6362.000 5236.000 72496584.000 1.000 1330.000 510.000 218.000 34807.715 837535.070 396155.804 1472527.485 42797005.023 17143282363888.275
6440.000 5287.000 72496594.000 1.000 1330.000 510.000 240.000 30865.205 986385.500 462956.531 2730659.621 109923733.567 8307725751489.680
6517.000 5317.000 72496604.000 1.000 1330.000 510.000 247.000 23554.202 1145262.591 504681.076 1049152.163 316678218.363 20828453248464.262
6578.000 5333.000 72496614.000 1.000 1330.000 510.000 267.000 20745.227 1279544.260 527670.167 2928821.166 424542535.284 7204666725296.936
6629.000 5311.000 72496624.000 1.000 1340.000 510.000 294.000 28586.783 1397524.541 496192.167 3127216.896 162890952.529 6178979386887.606
6666.000 5244.000 72496634.000 1.000 1340.000 510.000 329.000 36959.519 1486374.078 406290.349 8336081.511 19273311.586 7415324368378.290
6690.000 5148.000 72496644.000 1.000 1350.000 510.000 346.000 59278.345 1545470.211 293123.804 4364965.643 321437853.698 1557520343984.962
6705.000 4990.000 72496654.000 1.000 1340.000 510.000 371.000 70965.000 1582990.293 147002.531 3069049.500 877068541.497 6471542658058.002
6705.000 4800.000 72496664.000 1.000 1340.000 510.000 422.000 79182.000 1582990.293 37407.076 1693949.490 1431286177.495 15358738931374.395
6705.000 4588.000 72496674.000 1.000 1340.000 510.000 441.000 83717.340 1582990.293 345.622 2277441.274 1795020563.489 11125766498621.230
6697.000 4364.000 72496684.000 1.000 1330.000 520.000 463.000 89814.907 1562923.582 58850.349 1656551.309 2348880458.364 15653266195950.734
6682.000 4124.000 72496694.000 1.000 1330.000 520.000 475.000 94250.118 1525643.500 232893.986 685466.622 2798458774.887 24280311133055.434
6656.000 3873.000 72496704.000 1.000 1330.000 520.000 493.000 96085.370 1462090.690 538155.622 6348634.227 2995998278.523 541198631132.627
6622.000 3618.000 72496714.000 1.000 1310.000 520.000 494.000 79087.688 1381023.169 977311.986 4334086.156 1424158984.381 1635549490655.424
6588.000 3409.000 72496724.000 1.000 1310.000 520.000 502.000 67483.709 1302267.649 1434223.986 4769156.884 682988674.371 712024272418.165
6557.000 3231.000 72496734.000 1.000 1300.000 530.000 501.000 54714.882 1232476.144 1892250.349 7462299.177 178629239.522 3420010300949.152
6545.000 3085.000 72496744.000 1.000 1300.000 530.000 497.000 34735.500 1205976.078 2315238.895 4805974.647 43747072.711 651245036108.736
6545.000 2992.000 72496754.000 1.000 1290.000 530.000 494.000 21868.098 1205976.078 2606903.804 4611111.106 379531140.748 1003725633745.016
6553.000 2934.000 72496764.000 1.000 1280.000 540.000 468.000 9522.419 1223610.789 2797560.349 1218139.623 1012973078.183 19314553301225.660
6564.000 2911.000 72496774.000 1.000 1280.000 540.000 442.000 6261.001 1248067.516 2875028.531 3660112.877 1231213779.306 3813659500486.367
6569.000 2927.000 72496784.000 1.000 1260.000 540.000 371.000 16060.500 1259264.211 2821025.622 16068409.983 639541461.353 109316179421258.484
6569.000 2970.000 72496794.000 1.000 1260.000 540.000 208.000 59081.678 1259264.211 2678429.804 912396.351 314424569.038 22095413228096.738
6541.000 4868.000 72496914.000 0.000 1240.000 540.000 81.000 29767.739 1197206.723 68334.713 6026896.098 134140824.367 171333000741.672
6517.000 4944.000 72496924.000 1.000 1250.000 540.000 90.000 13631.471 1145262.591 113844.895 70228.831 768297834.672 30722003955419.602
6511.000 4980.000 72496934.000 1.000 1250.000 540.000 120.000 13819.500 1132456.558 139434.349 461932.101 757909543.990 26533214009340.641
6511.000 5017.000 72496944.000 1.000 1270.000 530.000 148.000 15056.266 1132456.558 168435.622 2808008.109 691342409.844 7867823501611.471
6531.000 5052.000 72496954.000 1.000 1280.000 530.000 205.000 22574.360 1175423.334 198389.258 2054369.893 352511777.128 12663650315713.217
6578.000 5090.000 72496964.000 1.000 1290.000 520.000 239.000 28074.681 1279544.260 233684.349 1469864.430 176224987.581 17165341919703.572
6641.000 5131.000 72496974.000 1.000 1290.000 520.000 259.000 32010.061 1426040.607 275004.895 495327.483 87228053.289 26190287357870.246
6722.000 5159.000 72496984.000 1.000 1300.000 520.000 281.000 30683.883 1626057.053 305155.804 333431.293 113758734.843 27873552094221.887
6804.000 5164.000 72496994.000 1.000 1310.000 520.000 306.000 29791.162 1841908.839 310704.895 1166499.139 133598806.474 19771122602639.922
6883.000 5153.000 72497004.000 1.000 1310.000 520.000 327.000 26668.005 2062582.607 298562.895 3087994.914 215550905.206 6375510249637.620
6940.000 5110.000 72497014.000 1.000 1330.000 520.000 353.000 34935.729 2229554.921 253420.713 2448189.787 41138472.283 10015847665008.045
6985.000 5028.000 72497024.000 1.000 1340.000 520.000 372.000 41490.454 2365965.169 177585.622 3633443.483 19823.798 3918533906008.831
7011.000 4920.000 72497034.000 1.000 1340.000 520.000 391.000 51218.549 2446625.979 98225.258 2213502.930 97395029.471 11556391256849.125
7017.000 4783.000 72497044.000 1.000 1340.000 520.000 415.000 45292.169 2465432.012 31120.167 594265.766 15543400.935 25187414180875.492
7009.000 4662.000 72497054.000 1.000 1340.000 520.000 422.000 43701.096 2440373.301 3070.167 273132.333 5529265.410 28513889709659.180
6972.000 4551.000 72497064.000 1.000 1350.000 530.000 433.000 44432.374 2326141.764 3090.349 458391.321 9503144.153 26569703945923.762
6918.000 4445.000 72497074.000 1.000 1340.000 540.000 441.000 43205.088 2164339.467 26111.622 540859.000 3442624.226 25726332222861.152
6852.000 4350.000 72497084.000 1.000 1340.000 540.000 449.000 44653.171 1974501.103 65838.895 3341077.393 10913204.803 5161505973423.554
6770.000 4263.000 72497094.000 1.000 1340.000 540.000 448.000 35707.850 1750777.318 118054.713 5482521.342 31829986.132 17017424018.836
6694.000 4205.000 72497104.000 1.000 1340.000 540.000 448.000 21029.078 1555431.566 161275.258 3362041.575 412925930.559 5066688638287.979
6647.000 4174.000 72497114.000 1.000 1330.000 540.000 439.000 12027.628 1440406.640 187134.895 3402771.750 859781384.192 4884985989634.060
6618.000 4160.000 72497124.000 1.000 1330.000 540.000 369.000 2917.128 1371637.814 199443.440 6349087.283 1477059284.701 541865428591.080
6613.000 4166.000 72497134.000 1.000 1330.000 540.000 176.000 19916.023 1359951.120 194120.349 264720.092 459400666.092 28603800515032.523
7305.000 5495.000 72497415.000 0.000 1330.000 510.000 184.000 0.000 3452793.599 789270.713 0.000 1709794133.334 31505456817542.398
7305.000 5495.000 72497425.000 1.000 1330.000 510.000 187.000 0.000 3452793.599 789270.713 3531914.978 1709794133.334 4330799124002.917
7305.000 5495.000 72497435.000 1.000 1330.000 510.000 176.000 9456.265 3452793.599 789270.713 2683376.014 1017188452.739 8582533760607.772
7330.000 5491.000 72497445.000 1.000 1330.000 510.000 218.000 16640.672 3546327.070 782179.440 2826564.336 610533939.322 7764068734705.073
7362.000 5460.000 72497455.000 1.000 1330.000 510.000 254.000 24208.448 3667873.913 728307.076 3765788.352 293821045.698 3412088135261.240
7402.000 5409.000 72497465.000 1.000 1330.000 510.000 287.000 34290.880 3822687.467 643860.349 2647543.545 49826332.619 8793767054836.001
7452.000 5332.000 72497475.000 1.000 1330.000 510.000 309.000 41379.350 4020704.409 526218.349 1077448.149 881.675 20570978336047.312
7509.000 5237.000 72497485.000 1.000 1330.000 510.000 346.000 44264.084 4252542.723 397415.622 56598.696 8493884.787 30873286416535.488
7562.000 5131.000 72497495.000 1.000 1340.000 510.000 371.000 44112.548 4473941.682 275004.895 1378180.638 7633566.724 17933459497815.137
7612.000 5024.000 72497505.000 1.000 1340.000 510.000 394.000 40422.640 4687958.624 174230.349 745386.106 859360.503 23693394295408.605
7660.000 4927.000 72497515.000 1.000 1340.000 510.000 394.000 38426.961 4898118.888 102661.986 2984106.263 8542151.860 6910936067681.746
7708.000 4836.000 72497525.000 1.000 1330.000 520.000 402.000 30437.386 5112887.153 52628.531 4845980.606 119077658.197 588276091543.217
7748.000 4765.000 72497535.000 1.000 1330.000 520.000 417.000 17462.873 5295380.706 25093.440 1639804.316 570578449.468 15786062963358.896
7783.000 4734.000 72497545.000 1.000 1330.000 520.000 443.000 13072.500 5457687.566 16233.076 1174132.732 799597607.535 19703295743252.324
7818.000 4734.000 72497555.000 1.000 1310.000 520.000 461.000 16216.095 5622444.425 16233.076 9928322.842 631695938.392 18622251240622.480
7856.000 4755.000 72497565.000 1.000 1330.000 530.000 473.000 42797.950 5804097.301 22025.258 7100375.436 2097552.638 2212368413076.725
7917.000 4852.000 72497575.000 1.000 1330.000 530.000 468.000 61808.326 6101736.971 60225.622 1270420.659 418557137.590 18857753808542.113
7993.000 4999.000 72497585.000 1.000 1330.000 530.000 475.000 65209.720 6482978.723 153984.895 1169482.284 569302606.758 19744602554088.277
8084.000 5148.000 72497595.000 1.000 1330.000 530.000 477.000 62078.576 6954662.558 293123.804 1384239.555 429688083.251 17882179707225.848
8167.000 5292.000 72497605.000 1.000 1340.000 540.000 480.000 58372.446 7399321.682 469785.622 4839529.887 289775345.620 598212997699.927
8244.000 5428.000 72497615.000 1.000 1340.000 540.000 481.000 45415.204 7824156.773 674712.895 3777586.470 16528672.476 3368640745047.884
8307.000 5532.000 72497625.000 1.000 1340.000 540.000 485.000 35301.184 8180569.120 856381.986 3008974.639 36584025.532 6780803251101.768
8354.000 5614.000 72497635.000 1.000 1330.000 540.000 485.000 27245.027 8451634.045 1014873.076 3544156.440 198940587.204 4279998611807.969
8389.000 5678.000 72497645.000 1.000 1340.000 550.000 486.000 17755.987 8656360.905 1147917.440 1699711.848 556661263.679 15313606512516.918
8401.000 5724.000 72497655.000 1.000 1340.000 550.000 491.000 13205.219 8727116.971 1248603.076 1584095.296 792109389.871 16231849035497.705
8406.000 5759.000 72497665.000 1.000 1340.000 550.000 498.000 8964.000 8756683.665 1328046.713 2232036.000 1048830778.786 11430729527976.838
8406.000 5783.000 72497675.000 1.000 1340.000 550.000 488.000 2988.000 8756683.665 1383938.349 1116018.000 1471616727.152 20222596996435.617
8406.000 5791.000 72497685.000 1.000 1350.000 550.000 496.000 0.000 8756683.665 1402824.895 2232036.000 1709794133.334 11430729527976.838
8406.000 5791.000 72497695.000 1.000 1350.000 550.000 498.000 5976.000 8756683.665 1402824.895 11178332.100 1251295608.969 30973230916106.539
8406.000 5775.000 72497705.000 1.000 1350.000 550.000 527.000 35904.600 8756683.665 1365179.804 7654471.650 29648645.643 4167720040877.955
8401.000 5679.000 72497715.000 1.000 1360.000 560.000 561.000 56398.500 8727116.971 1150061.258 15430665.829 226467675.887 96387108368570.891
8401.000 5528.000 72497725.000 1.000 1360.000 560.000 600.000 97712.197 8727116.971 848994.713 5984017.551 3176735916.183 137674659137.664
8372.000 5268.000 72497735.000 1.000 1360.000 560.000 624.000 113733.663 8556616.144 437461.986 4669141.801 5239444325.804 890815805188.958
8333.000 4966.000 72497745.000 1.000 1380.000 550.000 633.000 126234.712 8329973.930 129174.895 3775962.119 7205472563.756 3374606004826.814
8260.000 4636.000 72497755.000 1.000 1360.000 560.000 645.000 136344.383 7913922.194 864.895 5222732.296 9023997969.385 152287175691.538
8167.000 4283.000 72497765.000 1.000 1360.000 560.000 645.000 150327.602 7399321.682 104711.076 3293696.677 11876192498.224 5379038910089.149
8060.000 3895.000 72497775.000 1.000 1360.000 560.000 645.000 159146.067 6828654.425 506361.622 1851254.244 13875994210.835 14150521913186.055
7944.000 3485.000 72497785.000 1.000 1360.000 560.000 634.000 164102.571 6235855.120 1257966.167 910677.785 15068277897.520 22111572681204.109
7815.000 3065.000 72497795.000 1.000 1360.000 560.000 616.000 166540.798 5608226.409 2376502.531 11288680.061 15672821786.951 32213659824970.125
7677.000 2641.000 72497805.000 1.000 1350.000 570.000 572.000 136316.755 4973655.649 3863547.622 7991118.405 9018749704.111 5655579414907.026
7567.000 2293.000 72497815.000 1.000 1350.000 570.000 489.000 114921.525 4495118.376 5352702.895 42923189.587 5412819762.225 1392052322132772.250
7483.000 1997.000 72497825.000 1.000 1350.000 570.000 301.000 0.000 4145985.913 6809964.713 0.000 1709794133.334 31505456817542.398
