2291.000 5599.000 62779862.000 0.000 1430.000 490.000 188.000 33651.143 8028798.317 1536551.588 2720660.949 150675855.836 23339417696483.988
2332.000 5648.000 62779872.000 1.000 1430.000 490.000 225.000 28485.658 7798131.217 1660431.152 11951854.279 304170845.010 19360921056221.762
2287.000 5678.000 62779882.000 1.000 1430.000 490.000 277.000 5793.700 8051482.425 1738645.783 3051541.790 1610613735.854 20251870466077.000
2287.000 5689.000 62779892.000 1.000 1420.000 490.000 284.000 0.000 8051482.425 1767775.481 0.000 2109211474.515 57028922244104.781
2287.000 5689.000 62779902.000 1.000 1420.000 490.000 282.000 0.000 8051482.425 1767775.481 14148057.390 2109211474.515 43511276265624.453
2287.000 5689.000 62779912.000 1.000 1420.000 490.000 317.000 26861.700 8051482.425 1767775.481 6103083.580 363453345.414 2098633280282.027
2287.000 5638.000 62779922.000 1.000 1420.000 490.000 349.000 38449.100 8051482.425 1634759.608 15535121.840 55906312.632 63734232086652.094
2287.000 5565.000 62779932.000 1.000 1420.000 490.000 387.000 67944.300 8051482.425 1453416.340 13410549.402 484798823.617 34325534946903.758
2287.000 5436.000 62779942.000 1.000 1410.000 500.000 420.000 93405.757 8051482.425 1159018.427 8848810.709 2254312852.717 1682367482177.842
2298.000 5259.000 62779952.000 1.000 1420.000 500.000 440.000 110206.233 7989178.129 809239.105 9145588.778 4131928761.597 2540323278261.334
2308.000 5050.000 62779962.000 1.000 1420.000 500.000 469.000 127570.176 7932747.861 476896.843 8657091.909 6665746589.159 1221781587424.480
2318.000 4808.000 62779972.000 1.000 1410.000 510.000 472.000 111133.700 7876517.592 201221.488 5825670.690 4252024263.656 2979348454518.230
2318.000 4597.000 62779982.000 1.000 1410.000 510.000 480.000 100073.000 7876517.592 56442.917 6935322.250 2931881104.727 379982696031.241
2318.000 4407.000 62779992.000 1.000 1410.000 510.000 486.000 86905.500 7876517.592 2263.588 14365380.657 1679306929.502 46425567979707.094
2318.000 4242.000 62780002.000 1.000 1400.000 520.000 490.000 59631.187 7876517.592 13788.118 9705616.774 187827973.314 4639143739630.634
2311.000 4129.000 62780012.000 1.000 1400.000 520.000 488.000 41203.967 7915857.780 53094.675 11069577.002 22299034.977 12375109526379.951
2305.000 4051.000 62780022.000 1.000 1400.000 520.000 478.000 20187.113 7949655.941 95124.635 7858423.517 662498149.373 94048882311.984
2310.000 4013.000 62780032.000 1.000 1400.000 520.000 474.000 5267.000 7921485.807 120008.769 1321823.174 1653166674.105 38811983457344.055
2316.000 4005.000 62780042.000 1.000 1380.000 510.000 425.000 7776.632 7887747.646 125615.534 20223983.265 1455385906.955 160585505686145.844
2323.000 4018.000 62780052.000 1.000 1370.000 520.000 127.000 46174.170 7848477.458 116569.541 729163.555 61512.729 46547680542901.031
2256.000 4628.000 62780122.000 0.000 1390.000 520.000 205.000 55864.971 8228369.257 72133.702 15670442.657 98780115.110 65913176714033.430
2205.000 4721.000 62780132.000 1.000 1390.000 520.000 304.000 26112.849 8523558.626 130738.058 8837868.517 392566991.727 1654101830685.916
2168.000 4754.000 62780142.000 1.000 1390.000 520.000 389.000 9333.148 8740971.619 155691.152 3251291.712 1339047971.215 18493938173454.777
2163.000 4771.000 62780152.000 1.000 1390.000 520.000 412.000 3160.200 8770561.754 169395.776 6881460.855 1828926684.909 449287021467.431
2163.000 4777.000 62780162.000 1.000 1390.000 520.000 425.000 16225.438 8770561.754 174370.702 3622341.328 882132436.030 15440249484098.209
2188.000 4795.000 62780172.000 1.000 1390.000 520.000 448.000 23102.866 8623111.082 189727.481 7882359.399 520902402.219 109302829431.850
2228.000 4813.000 62780182.000 1.000 1390.000 520.000 472.000 38068.424 8389790.009 205732.259 9100163.010 61743895.650 2397584042542.881
2298.000 4831.000 62780192.000 1.000 1390.000 520.000 499.000 55346.121 7989178.129 222385.038 6058784.950 88735808.374 2228943490237.156
2399.000 4860.000 62780202.000 1.000 1390.000 520.000 520.000 66849.415 7428423.418 250577.514 5449150.241 437782917.716 4420924126557.374
2521.000 4895.000 62780212.000 1.000 1400.000 520.000 521.000 77195.248 6778282.143 286842.917 3085928.980 977756339.474 19943553941893.727
2662.000 4935.000 62780222.000 1.000 1400.000 520.000 522.000 71336.260 6063972.358 331289.092 2096482.474 645673568.107 29759939577111.387
2792.000 4973.000 62780232.000 1.000 1400.000 520.000 524.000 67355.849 5440618.868 376476.957 5923062.787 459231896.253 2652620782935.531
2915.000 5008.000 62780242.000 1.000 1400.000 520.000 524.000 56110.239 4881949.566 420652.360 5841356.343 103715619.822 2925445144099.313
3020.000 5026.000 62780252.000 1.000 1400.000 520.000 521.000 45019.758 4428976.747 444325.139 4015591.349 821550.813 12504415280538.814
3105.000 5035.000 62780262.000 1.000 1410.000 510.000 516.000 37395.700 4078434.465 456404.528 9736458.219 72768618.194 4772951685418.022
3176.000 5035.000 62780272.000 1.000 1410.000 510.000 516.000 18909.924 3796704.559 456404.528 6908315.181 729876597.106 414007870554.610
3211.000 5043.000 62780282.000 1.000 1410.000 510.000 519.000 5793.700 3661533.619 467277.763 884877.595 1610613735.854 44447182527926.742
3222.000 5043.000 62780292.000 1.000 1410.000 510.000 515.000 4113.659 3619557.324 467277.763 4427364.882 1748284604.550 9761779958335.621
3217.000 5049.000 62780302.000 1.000 1410.000 510.000 423.000 12519.516 3638607.458 475516.689 21516454.501 1116003355.741 195012982559632.938
3208.000 5071.000 62780312.000 1.000 1410.000 510.000 70.000 53370.958 3673023.700 506342.085 512876.972 55425130.382 49545728081066.891
3076.000 6188.000 62780423.000 0.000 1440.000 490.000 309.000 64179.643 4196407.243 3343694.508 23095136.625 333189918.986 241596879749939.125
3124.000 6300.000 62780433.000 1.000 1440.000 490.000 329.000 20330.893 4002053.955 3765839.796 6986396.876 655117303.891 319623719229.195
3113.000 6337.000 62780443.000 1.000 1440.000 490.000 335.000 7066.422 4046186.250 3910811.508 1240628.156 1510078646.969 39830254067285.289
3125.000 6343.000 62780453.000 1.000 1450.000 480.000 344.000 9421.896 3998053.928 3934578.434 7056222.548 1332560735.513 245547073896.821
3141.000 6335.000 62780463.000 1.000 1450.000 480.000 364.000 22818.939 3934325.499 3902905.199 15889883.785 533943311.237 69524481440838.906
3155.000 6294.000 62780473.000 1.000 1470.000 480.000 389.000 52987.695 3878983.123 3742588.870 10929185.644 49865383.854 11407074131574.041
3166.000 6194.000 62780483.000 1.000 1470.000 480.000 430.000 73738.000 3835774.827 3365673.434 23879599.391 773498866.776 266598678315294.156
3166.000 6054.000 62780493.000 1.000 1470.000 480.000 473.000 119076.142 3835774.827 2871591.823 11364823.954 5350920978.087 14539535916531.709
3160.000 5828.000 62780503.000 1.000 1480.000 470.000 510.000 140653.556 3859312.988 2156718.937 7216789.677 8973280992.289 112198159907.597
3155.000 5561.000 62780513.000 1.000 1480.000 470.000 539.000 154355.454 3878983.123 1443787.722 18301868.513 11756913444.882 115565056326187.219
3149.000 5268.000 62780523.000 1.000 1480.000 470.000 574.000 189103.638 3902653.284 825512.494 5013570.921 20499792381.969 6442351081483.091
3144.000 4909.000 62780533.000 1.000 1470.000 480.000 602.000 198622.474 3922433.418 302035.078 3137509.237 23316166629.351 19485518112691.742
3153.000 4532.000 62780543.000 1.000 1480.000 480.000 619.000 204579.393 3886865.176 29782.883 4044801.604 25170850752.030 12298684350209.268
3171.000 4144.000 62780553.000 1.000 1470.000 490.000 627.000 196899.876 3816214.693 46406.991 27932810.288 22793065216.839 415387634166082.500
3196.000 3771.000 62780563.000 1.000 1460.000 500.000 631.000 143866.251 3719164.022 346241.414 18685909.184 9592262913.252 123969509313185.188
3221.000 3499.000 62780573.000 1.000 1460.000 500.000 634.000 108388.922 3623363.351 740327.427 15896600.790 3901597585.767 69636541136819.336
3239.000 3294.000 62780583.000 1.000 1450.000 510.000 641.000 78207.413 3555160.868 1135125.783 18934753.866 1042079785.752 129572785783631.891
3251.000 3146.000 62780593.000 1.000 1440.000 510.000 641.000 42257.624 3510052.545 1472394.937 12500199.015 13458100.641 24487151466685.184
3265.000 3067.000 62780603.000 1.000 1430.000 520.000 645.000 18524.571 3457790.170 1670356.743 7199271.108 750846663.368 124241097731.353
3274.000 3033.000 62780613.000 1.000 1420.000 530.000 647.000 4855.934 3424399.928 1759397.494 1048747.132 1686762839.644 42289041290849.008
3280.000 3026.000 62780623.000 1.000 1410.000 530.000 650.000 6847.100 3402229.767 1778016.414 3606367.570 1527172336.692 15566039479154.814
3280.000 3039.000 62780633.000 1.000 1400.000 540.000 646.000 13694.200 3402229.767 1743516.420 15535121.840 1038898755.689 63734232086652.094
3280.000 3065.000 62780643.000 1.000 1390.000 550.000 633.000 43189.400 3402229.767 1675530.434 6657909.360 7489813.714 798950401038.532
3280.000 3147.000 62780653.000 1.000 1380.000 550.000 554.000 55830.200 3402229.767 1469969.092 20534308.584 98090158.810 168546837389661.719
3280.000 3253.000 62780663.000 1.000 1380.000 550.000 339.000 16843.474 3402229.767 1224171.454 282117.591 845802183.074 52847549760951.016
4205.000 4482.000 62781144.000 0.000 1370.000 480.000 160.000 42607.393 845504.935 15025.165 8053236.153 11014163.973 251488748030.827
4285.000 4494.000 62781154.000 1.000 1370.000 480.000 187.000 27317.406 704782.787 18111.018 4822359.860 346285442.679 7449568433416.672
4242.000 4523.000 62781164.000 1.000 1360.000 490.000 200.000 18161.606 778829.941 26757.494 3493329.850 770870036.947 16470770987035.980
4252.000 4556.000 62781174.000 1.000 1360.000 490.000 253.000 24794.091 761279.673 38642.588 2721820.743 446564019.127 23328212906310.051
4262.000 4602.000 62781184.000 1.000 1370.000 500.000 302.000 29961.778 743929.405 58843.689 3771741.889 254861250.069 14288458406843.816
4272.000 4658.000 62781194.000 1.000 1360.000 500.000 344.000 22800.696 726779.136 89148.333 910691.688 534786733.832 44103650386649.523
4267.000 4701.000 62781204.000 1.000 1360.000 500.000 361.000 24529.748 735329.270 116674.971 243536.599 457806121.363 53409977483798.359
4255.000 4746.000 62781214.000 1.000 1360.000 500.000 384.000 24067.366 756053.592 149441.917 66957.791 477806542.998 56022108645100.836
4237.000 4788.000 62781224.000 1.000 1360.000 500.000 394.000 23940.239 787680.076 183678.400 290192.212 483380388.150 52730215913652.570
4208.000 4823.000 62781234.000 1.000 1360.000 500.000 404.000 23389.276 839996.854 214903.803 1341868.850 507910797.990 38562619112599.547
4172.000 4849.000 62781244.000 1.000 1370.000 510.000 413.000 25936.967 907281.821 239685.816 2151534.211 399567533.063 29162326407061.824
4124.000 4860.000 62781254.000 1.000 1370.000 510.000 413.000 30021.900 1001027.109 250577.514 1820104.549 252945244.488 32851755159909.371
4067.000 4860.000 62781264.000 1.000 1370.000 510.000 417.000 33477.576 1118334.639 250577.514 2141665.960 154967054.453 29269005151556.465
4005.000 4846.000 62781274.000 1.000 1370.000 510.000 418.000 37543.773 1253310.304 236757.353 2007465.433 70264284.451 30739087088170.664
3946.000 4806.000 62781284.000 1.000 1370.000 510.000 423.000 41355.175 1388893.888 199431.179 3481086.708 20893834.416 16570296500513.264
3892.000 4749.000 62781294.000 1.000 1370.000 510.000 415.000 47964.415 1519089.337 151770.380 6109339.196 4154514.416 2080547816162.100
3845.000 4671.000 62781304.000 1.000 1370.000 510.000 427.000 59563.692 1637154.599 97080.340 3516817.509 185982486.268 16280677098133.959
3803.000 4566.000 62781314.000 1.000 1370.000 510.000 444.000 66240.771 1746397.727 42674.132 5413264.590 412683728.754 4573118201144.576
3782.000 4442.000 62781324.000 1.000 1370.000 510.000 455.000 76518.471 1802342.290 6818.991 7149407.365 935889957.160 161879285946.039
3773.000 4297.000 62781334.000 1.000 1370.000 510.000 474.000 62944.506 1826588.532 3896.608 3735330.592 289624359.163 14565054157323.297
3784.000 4178.000 62781344.000 1.000 1370.000 510.000 473.000 55852.555 1796976.237 32914.239 8181407.544 98533468.524 396469107848.386
3813.000 4076.000 62781354.000 1.000 1370.000 510.000 483.000 40319.220 1720067.458 80328.494 2767850.636 31437690.968 22885689439029.734
3855.000 4012.000 62781364.000 1.000 1370.000 510.000 495.000 35064.140 1611664.331 120702.615 1241858.000 117983313.436 39814732190082.875
3911.000 3976.000 62781374.000 1.000 1380.000 510.000 488.000 32706.331 1472614.827 147013.058 3688373.180 174763677.919 14925677476698.266
3971.000 3960.000 62781384.000 1.000 1380.000 510.000 497.000 39709.128 1330593.217 159538.588 9328296.794 38651392.424 3156119880047.492
4041.000 3988.000 62781394.000 1.000 1370.000 520.000 490.000 57419.963 1174001.337 137954.910 6443645.693 132107682.047 1227894301431.187
4127.000 4055.000 62781404.000 1.000 1370.000 520.000 474.000 69653.959 995033.029 92673.253 2313210.570 563008805.920 27442291323528.406
4222.000 4147.000 62781414.000 1.000 1370.000 520.000 427.000 74045.853 814530.478 45123.454 1177066.000 790717561.683 40636591188354.594
4312.000 4255.000 62781424.000 1.000 1370.000 520.000 420.000 71811.059 660178.062 10904.125 583368.706 670028389.552 48558332489641.867
4382.000 4372.000 62781434.000 1.000 1360.000 510.000 423.000 70703.467 551326.183 158.185 11426697.510 613915318.654 15015221190785.408
4438.000 4494.000 62781444.000 1.000 1360.000 510.000 417.000 49008.579 471300.680 18111.018 12818756.129 9501353.728 27741357620992.918
4471.000 4581.000 62781454.000 1.000 1350.000 520.000 435.000 24670.709 427079.794 49096.447 8555456.190 451793874.245 1007426889169.778
4484.000 4626.000 62781464.000 1.000 1350.000 520.000 468.000 8427.200 410257.445 71063.394 3051541.790 1406171431.299 20251870466077.000
4484.000 4642.000 62781474.000 1.000 1350.000 520.000 478.000 2633.500 410257.445 79849.863 1953429.174 1874253752.060 31341191757488.297
4479.000 4642.000 62781484.000 1.000 1350.000 520.000 475.000 6342.308 416687.579 79849.863 8972389.277 1566880737.696 2018217049914.903
4471.000 4633.000 62781494.000 1.000 1350.000 520.000 480.000 23377.412 427079.794 74844.474 6023668.281 508445693.748 2335032562601.315
4460.000 4590.000 62781504.000 1.000 1350.000 520.000 485.000 34814.033 441578.089 53165.836 2103715.645 123479197.620 29681074135714.441
4448.000 4525.000 62781514.000 1.000 1350.000 520.000 496.000 38808.177 457670.411 27415.803 207901.131 50665573.833 53932110552498.906
4438.000 4452.000 62781524.000 1.000 1350.000 520.000 499.000 39202.901 471300.680 8570.534 1084082.382 45202109.424 41830719433783.320
4446.000 4378.000 62781534.000 1.000 1350.000 520.000 510.000 41261.155 460380.465 345.112 2600814.578 21762200.767 24511757738268.211
4465.000 4302.000 62781544.000 1.000 1350.000 520.000 515.000 36323.212 434957.955 3297.380 1709552.853 92216464.378 34131263003178.578
4499.000 4242.000 62781554.000 1.000 1350.000 520.000 517.000 33077.431 391267.042 13788.118 470710.737 165089641.684 50141111588420.781
4537.000 4192.000 62781564.000 1.000 1350.000 520.000 521.000 33971.129 345172.022 28030.400 973522.785 142922584.559 43273068223841.352
4593.000 4160.000 62781574.000 1.000 1350.000 520.000 515.000 35819.473 282506.519 39769.461 304312.512 102144968.549 52525344558536.133
4658.000 4140.000 62781584.000 1.000 1350.000 520.000 512.000 35241.701 217634.774 48146.373 1639617.627 114157501.776 34953304640755.266
4724.000 4129.000 62781594.000 1.000 1360.000 510.000 516.000 32128.700 160411.002 53094.675 8322386.700 190369692.804 593881517139.348
4785.000 4129.000 62781604.000 1.000 1370.000 520.000 515.000 16327.700 115269.364 53094.675 5270844.910 876068384.634 5202526272219.551
4816.000 4129.000 62781614.000 1.000 1370.000 520.000 520.000 6320.400 95180.532 53094.675 3328954.680 1568615623.383 17831997061077.758
4828.000 4129.000 62781624.000 1.000 1370.000 520.000 519.000 0.000 87920.210 53094.675 0.000 2109211474.515 57028922244104.781
4828.000 4129.000 62781634.000 1.000 1390.000 520.000 494.000 0.000 87920.210 53094.675 6409542.395 2109211474.515 1304637332883.512
4828.000 4129.000 62781644.000 1.000 1370.000 530.000 202.000 12169.247 87920.210 53094.675 199674.218 1139528662.366 54053012639718.648
4697.000 4859.000 62781965.000 0.000 1400.000 460.000 287.000 0.000 182767.727 249577.360 20104301.750 2109211474.515 157566565107790.344
4697.000 4859.000 62781975.000 1.000 1380.000 460.000 279.000 38170.309 182767.727 249577.360 5742.610 60153106.887 56942221715963.898
4731.000 4923.000 62781985.000 1.000 1370.000 460.000 291.000 38159.406 154852.814 317619.239 12211409.405 60322349.684 21712429360731.980
4799.000 4948.000 62781995.000 1.000 1360.000 460.000 304.000 61344.159 105958.988 346423.098 8083863.231 237714927.435 283144900582.587
4900.000 5006.000 62782005.000 1.000 1360.000 470.000 342.000 76692.295 50406.277 418062.051 16813736.126 946555530.318 85784394134297.266
5021.000 5087.000 62782015.000 1.000 1360.000 470.000 367.000 44769.500 10715.029 529368.555 11035019.688 1337844.781 12133170403093.885
5096.000 5127.000 62782025.000 1.000 1350.000 470.000 389.000 23818.257 813.015 589174.729 1602981.428 488759039.136 35387842939868.492
5139.000 5141.000 62782035.000 1.000 1360.000 480.000 396.000 26861.700 209.861 610862.890 320028.714 363453345.414 52297787186562.742
5190.000 5141.000 62782045.000 1.000 1350.000 490.000 422.000 27469.311 4288.492 610862.890 3398682.386 340654994.564 17247967406642.594
5234.000 5113.000 62782055.000 1.000 1360.000 490.000 444.000 33922.097 11987.311 567878.568 3152636.061 144097346.111 19352200058919.770
5272.000 5061.000 62782065.000 1.000 1360.000 500.000 466.000 39907.736 21752.290 492210.541 5030832.987 36221335.996 6355020644142.547
5301.000 4991.000 62782075.000 1.000 1360.000 500.000 485.000 49459.346 31147.512 398889.736 6684483.482 12483456.996 752150545041.325
5314.000 4898.000 62782085.000 1.000 1380.000 500.000 505.000 62150.600 35905.163 290065.380 4781718.635 263232699.838 7673071628858.382
5314.000 4780.000 62782095.000 1.000 1400.000 510.000 519.000 71229.238 35905.163 176885.165 1715667.313 640246140.745 34059856632975.785
5306.000 4645.000 62782105.000 1.000 1400.000 510.000 537.000 74486.628 32937.378 81554.326 10437972.056 815700766.345 8330279980287.966
5286.000 4505.000 62782115.000 1.000 1410.000 510.000 559.000 94304.308 26077.915 21192.716 6749183.310 2340445938.998 644112673544.302
5259.000 4328.000 62782125.000 1.000 1420.000 520.000 575.000 107118.402 18086.639 987.394 2719154.061 3744491410.780 23353979786270.172
5228.000 4127.000 62782135.000 1.000 1420.000 520.000 616.000 112281.026 10709.472 54020.367 1016699.544 4402969250.116 42706879427406.898
5186.000 3918.000 62782145.000 1.000 1410.000 520.000 637.000 114211.346 3780.599 194854.105 64571.313 4662867664.623 56057838922422.070
5136.000 3707.000 62782155.000 1.000 1410.000 520.000 670.000 114333.942 131.941 425655.534 3499095.634 4679625677.591 16424004287811.186
5085.000 3496.000 62782165.000 1.000 1410.000 520.000 688.000 107690.510 1561.311 745498.964 8325756.000 3814835869.409 599085884384.402
5034.000 3298.000 62782175.000 1.000 1400.000 530.000 700.000 91883.113 8192.680 1126618.400 5737247.767 2112042227.343 3292416955542.946
4987.000 3130.000 62782185.000 1.000 1410.000 530.000 719.000 80990.294 18909.941 1511480.467 9418939.231 1229494025.957 3486397062975.449
4949.000 2981.000 62782195.000 1.000 1400.000 540.000 731.000 63107.364 30804.962 1900049.467 9612905.460 295194031.952 4248363418346.013
4919.000 2865.000 62782205.000 1.000 1400.000 540.000 720.000 44856.167 42235.767 2233299.561 6833668.097 1144868.762 515641066155.824
4896.000 2783.000 62782215.000 1.000 1400.000 540.000 731.000 31881.669 52218.384 2485108.904 14295359.052 197247514.048 45476268241963.664
4888.000 2723.000 62782225.000 1.000 1390.000 550.000 728.000 4740.300 55938.599 2677879.642 3997353.308 1696274438.136 12633733105545.355
4888.000 2714.000 62782235.000 1.000 1390.000 550.000 728.000 12329.731 55938.599 2707416.253 5702636.730 1128719531.067 3419218460604.295
4896.000 2736.000 62782245.000 1.000 1390.000 550.000 719.000 23156.837 52218.384 2635501.649 15794515.796 518441723.907 67943194318509.805
4909.000 2778.000 62782255.000 1.000 1390.000 550.000 687.000 53144.526 46446.035 2500898.132 7037239.227 52104917.390 264720939118.189
4943.000 2873.000 62782265.000 1.000 1380.000 550.000 517.000 66505.527 32947.123 2209452.796 2484288.019 423510658.817 25679167024554.145
5205.000 4634.000 62782406.000 0.000 1390.000 520.000 334.000 0.000 6478.089 75392.628 14093557.634 2109211474.515 42795252160526.109
5205.000 4634.000 62782416.000 1.000 1390.000 520.000 376.000 26758.226 6478.089 75392.628 1441564.206 367409402.579 37334365729485.883
5196.000 4684.000 62782426.000 1.000 1390.000 520.000 394.000 29495.200 5110.331 105350.347 1888212.126 269976196.859 32075656886647.652
5196.000 4740.000 62782436.000 1.000 1400.000 520.000 410.000 25910.214 5110.331 144838.991 2065536.742 400637790.140 30098531685293.457
5218.000 4784.000 62782446.000 1.000 1400.000 520.000 423.000 29831.871 8739.740 180265.783 765038.597 259025893.869 46059446438654.148
5256.000 4826.000 62782456.000 1.000 1400.000 520.000 445.000 31284.384 17288.720 217694.266 1837547.273 214381381.958 32652108402633.711
5298.000 4868.000 62782466.000 1.000 1410.000 510.000 474.000 27795.591 30097.592 258650.749 887751.797 328717256.777 44408866915177.961
5345.000 4892.000 62782476.000 1.000 1410.000 510.000 485.000 29481.089 48614.331 283638.454 730890.529 270440110.318 46524118667864.266
5398.000 4910.000 62782486.000 1.000 1430.000 510.000 491.000 28093.410 74794.908 303135.232 1110471.632 318006701.601 41490062051254.391
5451.000 4916.000 62782496.000 1.000 1430.000 510.000 498.000 25985.053 106593.485 309778.159 781758.689 397647445.388 45832777134941.742
5498.000 4901.000 62782506.000 1.000 1430.000 510.000 492.000 27469.311 139492.223 293305.843 1431811.302 340654994.564 37453644952050.094
5542.000 4873.000 62782516.000 1.000 1430.000 510.000 501.000 30187.768 174295.042 263761.521 1479970.116 247696743.607 36866506281624.125
5581.000 4831.000 62782526.000 1.000 1430.000 510.000 522.000 32997.660 208379.995 222385.038 1581866.552 167145915.806 35639503783089.570
5611.000 4776.000 62782536.000 1.000 1430.000 510.000 526.000 36001.014 236669.190 173536.548 341897.824 98508372.312 51981962844798.664
5635.000 4712.000 62782546.000 1.000 1430.000 510.000 537.000 36650.146 260596.545 124310.669 162142.488 86044294.783 54606293487937.508
5644.000 4643.000 62782556.000 1.000 1430.000 510.000 561.000 36342.300 269866.304 80416.018 882264.636 91850226.876 44482029881973.258
5644.000 4574.000 62782566.000 1.000 1440.000 510.000 570.000 38017.380 269866.304 46043.367 309863.930 62548680.917 52444908271205.633
5631.000 4503.000 62782576.000 1.000 1440.000 510.000 589.000 37429.068 256528.653 20614.407 2235062.511 72200443.346 28267161759342.090
5614.000 4434.000 62782586.000 1.000 1440.000 510.000 605.000 41672.589 239597.109 5561.756 759965.423 18092801.621 46128332507510.258
5586.000 4360.000 62782596.000 1.000 1430.000 520.000 625.000 43115.470 212969.861 0.333 1935591.425 7899935.569 31541232812465.566
5551.000 4286.000 62782606.000 1.000 1430.000 520.000 638.000 46790.411 181890.801 5390.910 322650.626 746942.923 52259872189364.539
5505.000 4210.000 62782616.000 1.000 1430.000 520.000 664.000 47403.000 144770.035 22327.179 1224441.085 2181078.826 40034833230838.148
5451.000 4138.000 62782626.000 1.000 1430.000 520.000 669.000 45078.259 106593.485 49028.065 3882978.296 718923.222 13459882989393.385
5392.000 4076.000 62782636.000 1.000 1430.000 520.000 693.000 37705.982 71549.069 80328.494 2985373.522 67571201.449 20851790620576.629
5345.000 4022.000 62782646.000 1.000 1420.000 530.000 691.000 32037.910 48614.331 113854.159 44219484.571 192883277.036 1344522786820691.000
5301.000 3980.000 62782656.000 1.000 1420.000 530.000 697.000 115993.643 31147.512 143961.675 545406530.016 4909453238.605 289287764800460736.000
5284.000 3966.000 62782657.000 1.000 1420.000 530.000 701.000 12441.995 25435.968 154781.514 5799669.267 1121188796.968 3069785545024.658
5268.000 3952.000 62782666.000 1.000 1420.000 530.000 710.000 22352.195 20588.398 165993.353 11772901.106 555731467.624 17818119911954.641
5233.000 3928.000 62782676.000 1.000 1420.000 530.000 707.000 0.000 11769.337 186125.649 2774128.900 2109211474.515 22825659694152.547
5233.000 3928.000 62782686.000 1.000 1420.000 530.000 699.000 5267.000 11769.337 186125.649 3570136.404 1653166674.105 15853243760139.143
5233.000 3938.000 62782696.000 1.000 1420.000 530.000 536.000 12045.311 11769.337 177597.192 142188.782 1147911414.154 54901591734446.594
5901.000 4783.000 62783167.000 0.000 1400.000 480.000 206.000 24760.503 602931.405 179417.628 4401381.717 447984714.637 9924817891268.873
5944.000 4764.000 62783177.000 1.000 1420.000 480.000 226.000 16403.978 671558.250 163682.696 3132925.894 871558781.463 19526003075196.297
5967.000 4785.000 62783187.000 1.000 1420.000 480.000 276.000 22352.195 709783.633 181115.937 7638073.305 555731467.624 7451779495.772
6002.000 4809.000 62783197.000 1.000 1410.000 490.000 312.000 36853.948 769982.693 202119.642 1841460.127 82304892.724 32607406034080.562
6062.000 4845.000 62783207.000 1.000 1420.000 490.000 359.000 40350.170 878881.082 235785.199 2345570.491 31091579.755 27104301068727.504
6124.000 4890.000 62783217.000 1.000 1420.000 490.000 394.000 35896.837 998973.418 281512.145 132753.155 100587167.447 55041508470007.031
6190.000 4907.000 62783227.000 1.000 1430.000 500.000 431.000 35644.790 1135261.646 299840.769 4250280.968 105706412.855 10899695225572.955
6254.000 4929.000 62783237.000 1.000 1420.000 500.000 447.000 27575.147 1275739.928 324418.165 4158828.994 336759399.289 11511910338813.008
6300.000 4954.000 62783247.000 1.000 1420.000 500.000 464.000 19679.136 1381768.693 353522.024 510857.917 688905870.043 49574155899657.461
6336.000 4944.000 62783257.000 1.000 1430.000 510.000 491.000 20649.058 1467699.727 341730.481 2785141.670 638931501.442 22720551299097.738
6360.000 4913.000 62783267.000 1.000 1430.000 510.000 522.000 25936.967 1526427.082 306447.696 6927447.032 399567533.063 389753714847.169
6380.000 4868.000 62783277.000 1.000 1430.000 520.000 546.000 39089.515 1576246.545 258650.749 566615.433 46739610.976 48792099537263.141
6398.000 4796.000 62783287.000 1.000 1430.000 520.000 564.000 38013.731 1621768.062 190599.635 5131119.827 62606412.454 5859448569415.698
6403.000 4724.000 62783297.000 1.000 1430.000 520.000 585.000 47755.747 1634527.928 132916.521 3736640.495 3347416.391 14555057595714.809
6392.000 4634.000 62783307.000 1.000 1450.000 530.000 614.000 54850.185 1606522.223 75392.628 11077124.086 79638357.798 12428265162434.770
6371.000 4532.000 62783317.000 1.000 1450.000 530.000 625.000 75881.368 1553728.787 29782.883 6943139.005 897314941.482 370406874318.643
6337.000 4392.000 62783327.000 1.000 1450.000 530.000 645.000 89063.709 1470123.700 1061.273 4396531.864 1860848789.187 9955399054743.154
6300.000 4227.000 62783337.000 1.000 1430.000 530.000 656.000 97411.026 1381768.693 17535.803 6627759.472 2650692209.332 853757783927.063
6262.000 4046.000 62783347.000 1.000 1430.000 530.000 688.000 109994.583 1293875.713 98233.863 2967934.485 4104763799.203 21011361143863.414
6209.000 3844.000 62783357.000 1.000 1430.000 530.000 727.000 115629.545 1176111.136 265660.682 1997276.949 4858562939.575 30852166594731.617
6145.000 3634.000 62783367.000 1.000 1420.000 540.000 749.000 119421.603 1041392.854 526238.266 1356318.337 5401581258.502 38383368717510.062
6073.000 3419.000 62783377.000 1.000 1420.000 540.000 760.000 121996.728 899626.787 884395.078 8484645.589 5786732471.707 870294898743.689
5992.000 3202.000 62783387.000 1.000 1420.000 540.000 784.000 105887.661 752532.962 1339627.581 5153250.181 3595382513.266 5752799533771.489
5911.000 3018.000 62783397.000 1.000 1420.000 540.000 785.000 96103.628 618561.136 1799415.179 10292594.429 2517779057.319 7512230295718.360
5829.000 2855.000 62783407.000 1.000 1420.000 540.000 794.000 76561.964 496301.337 2263288.018 17868446.029 938552952.226 106434224903487.297
5762.000 2726.000 62783417.000 1.000 1410.000 550.000 790.000 42636.682 406389.136 2668070.105 12158779.434 10820615.530 21224723755319.590
5725.000 2654.000 62783427.000 1.000 1410.000 550.000 790.000 19551.853 360584.129 2908466.991 10297960.975 695603668.982 7541676835083.237
5708.000 2621.000 62783437.000 1.000 1400.000 550.000 793.000 0.000 340456.586 3022113.897 8706523.231 2109211474.515 1333502104752.238
5708.000 2621.000 62783447.000 1.000 1400.000 550.000 776.000 16530.327 340456.586 3022113.897 5872837.202 864114551.105 2818746889736.716
5720.000 2650.000 62783457.000 1.000 1400.000 550.000 727.000 27680.578 354604.264 2922126.373 19509710.647 332900985.284 142992832048448.438
5739.000 2699.000 62783467.000 1.000 1390.000 560.000 560.000 64721.988 377593.754 2757003.937 1018615.020 353283435.801 42681847633316.508
6263.000 4594.000 62783627.000 0.000 1400.000 530.000 341.000 33778.680 1296151.686 55026.454 3569929.937 147561085.774 15854887946237.338
6200.000 4582.000 62783637.000 1.000 1400.000 530.000 423.000 27000.761 1156671.378 49540.602 7551842.508 358170439.745 8629.153
6182.000 4630.000 62783647.000 1.000 1410.000 520.000 449.000 12662.727 1118277.861 73212.011 4206400.538 1106455469.520 11191360445413.086
6189.000 4653.000 62783657.000 1.000 1410.000 520.000 465.000 20649.058 1133131.673 86187.561 2860982.257 638931501.442 22003298404674.551
6213.000 4684.000 62783667.000 1.000 1410.000 520.000 494.000 26080.959 1184803.029 105350.347 816277.553 393831701.190 45366583894818.156
6247.000 4720.000 62783677.000 1.000 1430.000 520.000 505.000 27630.755 1259976.116 130015.904 3824217.872 334721566.122 13894492893321.396
6298.000 4747.000 62783688.000 1.000 1430.000 520.000 513.000 35617.540 1377070.747 150216.071 3879581.081 106267489.669 13484821740374.496
6360.000 4774.000 62783698.000 1.000 1430.000 520.000 537.000 42983.367 1526427.082 171874.239 1242549.557 8659985.926 39806005368903.094
6438.000 4798.000 62783708.000 1.000 1450.000 530.000 542.000 40624.245 1725246.988 192349.944 1267622.058 28110222.107 39490259149694.461
6513.000 4816.000 62783718.000 1.000 1450.000 530.000 557.000 38217.520 1927894.975 208462.722 924990.013 59423013.520 43913942819585.898
6585.000 4807.000 62783728.000 1.000 1450.000 530.000 562.000 39973.719 2133021.042 200325.333 25601.834 35431463.413 56642900417915.391
6657.000 4783.000 62783738.000 1.000 1450.000 530.000 570.000 39925.111 2348515.109 179417.628 937656.622 36012497.917 43746226116944.359
6722.000 4744.000 62783748.000 1.000 1430.000 530.000 566.000 38144.863 2551963.364 147899.608 1585151.580 60548464.768 35600292108462.711
6781.000 4702.000 62783758.000 1.000 1430.000 530.000 575.000 35135.272 2743947.780 117359.125 836049.344 116443099.865 45100630126754.383
6824.000 4651.000 62783768.000 1.000 1450.000 540.000 594.000 33547.937 2888254.626 85017.253 4223082.707 153220216.555 11080023382850.453
6848.000 4592.000 62783778.000 1.000 1450.000 540.000 613.000 41565.941 2970405.982 54092.145 3840909.187 19011443.476 13770336680335.844
6860.000 4514.000 62783788.000 1.000 1450.000 540.000 631.000 48858.345 3011913.660 23894.105 6120509.976 8597753.428 2048446903572.444
6842.000 4423.000 62783798.000 1.000 1450.000 540.000 644.000 60478.831 2949760.143 4042.058 1566606.999 211780454.357 35821932131047.461
6803.000 4315.000 62783808.000 1.000 1450.000 540.000 676.000 57504.449 2817317.190 1973.387 174818.050 134056952.095 54419119311227.617
6751.000 4219.000 62783818.000 1.000 1460.000 540.000 693.000 57836.361 2645458.586 19718.568 553292.556 141853068.832 48978401203379.008
6684.000 4132.000 62783828.000 1.000 1460.000 540.000 731.000 58886.850 2431998.384 51721.139 1640049.521 167979682.209 34948197998622.254
6608.000 4050.000 62783838.000 1.000 1460.000 540.000 742.000 55773.029 2200732.425 95742.481 2410893.405 96960978.723 26428402569480.359
6526.000 3983.000 62783848.000 1.000 1460.000 540.000 752.000 51195.673 1964164.626 141694.139 9072167.325 27767847.326 2311670013595.945
6448.000 3925.000 62783858.000 1.000 1460.000 540.000 758.000 33971.129 1751616.720 188723.185 5848272.967 142922584.559 2901832689481.010
6392.000 3893.000 62783868.000 1.000 1460.000 540.000 761.000 22867.516 1606522.223 217550.246 6496062.877 531700712.751 1114474488293.111
6350.000 3882.000 62783878.000 1.000 1460.000 540.000 763.000 10534.000 1501817.351 227932.548 547125.953 1252604451.695 49064752642959.469
6330.000 3882.000 62783888.000 1.000 1460.000 540.000 750.000 9495.219 1453197.888 227932.548 285112.717 1327212908.591 52804011803961.141
6315.000 3892.000 62783898.000 1.000 1460.000 540.000 755.000 8953.900 1417258.290 218484.092 2219303.120 1366947447.728 28434985619532.562
6315.000 3909.000 62783908.000 1.000 1460.000 540.000 691.000 13167.500 1417258.290 202880.716 2355812.699 1073129307.240 26997760432610.504
6315.000 3934.000 62783918.000 1.000 1460.000 540.000 409.000 8694.721 1417258.290 180984.575 84648.975 1386179484.293 55757591964380.320
6882.000 4624.000 62784459.000 0.000 1430.000 500.000 136.000 0.000 3088759.069 70001.085 0.000 2109211474.515 57028922244104.781
6882.000 4624.000 62784469.000 1.000 1440.000 500.000 212.000 0.000 3088759.069 70001.085 11319669.963 2109211474.515 14197223750642.633
6882.000 4624.000 62784479.000 1.000 1440.000 500.000 292.000 21491.684 3088759.069 70001.085 7990715.283 597043246.122 192690857888.915
6849.000 4648.000 62784489.000 1.000 1430.000 510.000 373.000 6320.400 2973853.955 83276.790 0.000 1568615623.383 57028922244104.781
6849.000 4660.000 62784499.000 1.000 1430.000 510.000 436.000 6320.400 2973853.955 90346.642 472814.376 1568615623.383 50111324114630.250
6849.000 4672.000 62784509.000 1.000 1440.000 510.000 465.000 5422.708 2973853.955 97704.494 2692117.496 1640529008.481 23616024329733.336
6854.000 4681.000 62784519.000 1.000 1440.000 510.000 495.000 10534.000 2991123.821 103411.883 3118397.928 1252604451.695 19654607178542.922
6866.000 4697.000 62784529.000 1.000 1430.000 520.000 515.000 16454.634 3032775.499 113958.353 3265324.053 868570396.960 18373444096553.219
6890.000 4717.000 62784539.000 1.000 1430.000 520.000 541.000 22654.224 3116942.854 127861.441 2071189.813 541582651.580 30036535740723.473
6925.000 4742.000 62784549.000 1.000 1450.000 530.000 546.000 26586.614 3241751.915 146365.300 928242.386 374017745.629 43870848009503.492
6967.000 4770.000 62784559.000 1.000 1450.000 530.000 567.000 28348.988 3394756.787 168573.622 1380708.234 308956708.439 38081751723115.188
7011.000 4801.000 62784569.000 1.000 1450.000 530.000 569.000 25727.556 3558831.606 194990.407 2176775.255 407983296.639 28890349368132.211
7056.000 4820.000 62784579.000 1.000 1460.000 530.000 581.000 21594.700 3730640.398 212131.340 232424.283 592019576.024 53572523312218.242
7097.000 4820.000 62784589.000 1.000 1460.000 530.000 594.000 21153.416 3890703.297 212131.340 8303140.555 613688468.877 564588345067.092
7135.000 4807.000 62784599.000 1.000 1460.000 530.000 595.000 36917.875 4042056.277 200325.333 4024223.435 81149061.764 12443440948928.135
7182.000 4755.000 62784609.000 1.000 1460.000 530.000 611.000 44558.322 4233251.015 156481.306 3377189.866 1870960.011 17426949096009.701
7223.000 4681.000 62784619.000 1.000 1460.000 530.000 616.000 50970.302 4403645.915 103411.883 6124087.323 25443445.160 2038219619327.968
7261.000 4592.000 62784629.000 1.000 1460.000 530.000 641.000 62597.580 4564574.894 54092.145 4746786.837 277936498.133 7867816184647.685
7291.000 4477.000 62784639.000 1.000 1460.000 530.000 649.000 71609.896 4693664.089 13824.394 3092002.884 659654685.173 19889340902569.969
7314.000 4343.000 62784649.000 1.000 1470.000 530.000 668.000 77480.416 4793851.472 269.709 6742451.557 995671551.169 654963346302.357
7332.000 4197.000 62784659.000 1.000 1470.000 530.000 676.000 64679.103 4872996.988 26381.172 3543500.658 351673156.105 16066059699408.482
7346.000 4075.000 62784669.000 1.000 1470.000 530.000 690.000 57951.363 4935002.613 80896.340 2454884.443 144605689.910 25978034579152.047
7361.000 3966.000 62784679.000 1.000 1470.000 530.000 702.000 53290.485 5001872.210 154781.514 6707305.919 54233394.604 713085155317.415
7367.000 3865.000 62784689.000 1.000 1480.000 540.000 699.000 40555.900 5028746.049 244453.924 9154625.370 28839610.869 2569210686719.860
7367.000 3788.000 62784699.000 1.000 1480.000 540.000 707.000 23174.800 5028746.049 326524.038 6103083.580 517624036.151 2098633280282.027
7367.000 3744.000 62784709.000 1.000 1470.000 550.000 708.000 11587.400 5028746.049 378745.246 6103083.580 1179149916.573 2098633280282.027
7367.000 3722.000 62784719.000 1.000 1470.000 550.000 713.000 0.000 5028746.049 406307.850 10501461.001 2109211474.515 8700797262083.837
7367.000 3722.000 62784729.000 1.000 1470.000 550.000 705.000 19938.221 5028746.049 406307.850 5950316.352 675372578.591 2564588495090.459
7375.000 3759.000 62784739.000 1.000 1460.000 550.000 697.000 31235.575 5064689.834 360507.561 8350750.022 215813064.424 638401650761.543
7381.000 3818.000 62784749.000 1.000 1460.000 550.000 564.000 47090.426 5091731.673 293138.669 761207.381 1355533.009 46111463828547.469
7753.000 4631.000 62784849.000 0.000 1480.000 560.000 285.000 61542.816 6908941.686 73754.165 22470210.235 243880181.912 222560467277499.562
7855.000 4688.000 62784859.000 1.000 1480.000 560.000 369.000 18880.560 7455556.948 107962.964 107760.186 731464068.412 55412978615566.508
7869.000 4721.000 62784869.000 1.000 1480.000 560.000 474.000 19085.155 7532206.572 130738.058 434282.058 720439141.571 50658344421603.711
7892.000 4749.000 62784879.000 1.000 1480.000 560.000 526.000 18260.621 7658981.955 151770.380 7953391.741 765381627.793 161316397566.495
7921.000 4768.000 62784889.000 1.000 1480.000 560.000 568.000 3160.200 7820337.176 166935.313 1664477.340 1828926684.909 34659974837217.797
7921.000 4774.000 62784899.000 1.000 1490.000 550.000 589.000 0.000 7820337.176 171874.239 8864199.303 2109211474.515 1722524184147.894
7921.000 4774.000 62784909.000 1.000 1490.000 550.000 619.000 16829.693 7820337.176 171874.239 15831780.875 846603949.772 68558917670467.203
7910.000 4744.000 62784919.000 1.000 1490.000 560.000 633.000 46888.134 7758935.472 147899.608 9204056.692 925408.594 2730118677480.549
7855.000 4674.000 62784929.000 1.000 1490.000 560.000 649.000 64363.085 7455556.948 98958.803 10590798.801 339920483.598 9235819956355.035
7782.000 4576.000 62784939.000 1.000 1490.000 560.000 691.000 84470.924 7062234.908 46905.675 10261502.274 1485699417.489 7342759474230.633
7697.000 4440.000 62784949.000 1.000 1490.000 560.000 722.000 103953.556 6617687.190 6492.682 7162962.517 3367179568.246 151155407388.606
7602.000 4267.000 62784959.000 1.000 1480.000 560.000 742.000 117553.257 6137939.740 8541.977 6322068.059 5130442112.995 1512116728588.869
7499.000 4069.000 62784969.000 1.000 1480.000 560.000 763.000 129556.424 5638186.505 84345.414 4649931.974 6994022327.441 8420545620255.514
7391.000 3848.000 62784979.000 1.000 1490.000 560.000 793.000 138384.850 5136961.405 261553.300 956655.217 8548610761.392 43495270115432.555
7257.000 3622.000 62784989.000 1.000 1490.000 560.000 817.000 140201.169 4547499.002 543792.414 576485.791 8887778754.424 48654305411126.070
7123.000 3392.000 62784999.000 1.000 1490.000 560.000 849.000 139106.645 3993948.599 935906.910 1777785.784 8682604200.678 33338658318983.547
6988.000 3165.000 62785009.000 1.000 1490.000 560.000 867.000 135731.316 3472582.223 1426645.870 6923360.893 8064967408.741 394872385641.573
6849.000 2948.000 62785019.000 1.000 1490.000 560.000 853.000 122586.526 2973853.955 1992114.373 4194751.514 5876812880.080 11269436248540.469
6716.000 2757.000 62785029.000 1.000 1480.000 570.000 854.000 114622.312 2532829.525 2567758.890 20162968.230 4719162343.420 159042834961247.375
6588.000 2581.000 62785039.000 1.000 1480.000 570.000 860.000 76340.618 2141792.962 3162787.722 13691355.820 925039717.570 37694764355358.938
6496.000 2469.000 62785049.000 1.000 1480.000 570.000 854.000 50346.018 1880975.431 3573698.434 9057857.939 19535211.898 2268362284329.667
6432.000 2398.000 62785059.000 1.000 1470.000 560.000 869.000 33148.642 1709521.150 3847179.474 10607796.990 163264772.091 9339425559680.145
6387.000 2354.000 62785069.000 1.000 1470.000 560.000 866.000 13008.530 1593872.358 4021720.682 3078369.255 1083569864.646 20011131843132.105
6364.000 2345.000 62785079.000 1.000 1470.000 560.000 851.000 7163.895 1536326.975 4057899.293 2884685.863 1502512598.952 21781484063039.699
6356.000 2356.000 62785089.000 1.000 1450.000 560.000 828.000 12640.800 1516559.190 4013702.991 6069871.458 1107914684.571 2195962871497.521
6356.000 2380.000 62785099.000 1.000 1450.000 560.000 802.000 24165.143 1516559.190 3918114.696 3773040.205 473541530.224 14278644803447.283
6372.000 2423.000 62785109.000 1.000 1440.000 570.000 728.000 31328.690 1556222.760 3749733.333 2768894.029 213085908.598 22875707554284.391
6399.000 2476.000 62785119.000 1.000 1440.000 570.000 614.000 36585.751 1624316.035 3547281.514 19269715.052 87243098.363 137310713988231.812
6434.000 2536.000 62785129.000 1.000 1440.000 570.000 284.000 0.000 1714755.096 3324870.776 0.000 2109211474.515 57028922244104.781
