2415.000 6323.000 24355544.000 0.000 1420.000 570.000 344.000 15811.040 12241821.590 2157564.883 230305.977 423263274.607 12665653764265.627
2475.000 6311.000 24355554.000 1.000 1420.000 570.000 428.000 16702.317 11825561.815 2122456.119 3581402.553 387384518.378 43175522421.632
2422.000 6348.000 24355564.000 1.000 1420.000 580.000 440.000 2842.400 12192886.950 2231633.142 9072389.374 1125065980.704 27912198186064.227
2411.000 6348.000 24355574.000 1.000 1420.000 580.000 455.000 37952.266 12269828.242 2231633.142 6031837.660 2458193.664 5029469613856.888
2427.000 6202.000 24355584.000 1.000 1420.000 580.000 465.000 61295.291 12157993.635 1816740.513 9008918.066 620552329.473 27245563612855.430
2437.000 5965.000 24355594.000 1.000 1390.000 580.000 478.000 96159.525 12088357.006 1234021.423 3142705.762 3573065182.578 417941556648.299
2447.000 5593.000 24355604.000 1.000 1390.000 580.000 490.000 108321.699 12018920.377 545921.737 2086086.198 5174974522.652 2900561734936.522
2460.000 5174.000 24355614.000 1.000 1390.000 580.000 490.000 116394.788 11928951.759 102313.726 8682621.398 6401661670.990 23945673218652.008
2480.000 4724.000 24355624.000 1.000 1380.000 590.000 498.000 82793.312 11791198.500 16935.074 5886769.574 2153786813.191 4399841085904.682
2510.000 4405.000 24355634.000 1.000 1360.000 600.000 488.000 60011.696 11586068.613 201722.097 3870922.957 558248963.623 6680315873.874
2534.000 4174.000 24355644.000 1.000 1350.000 600.000 498.000 45031.344 11423260.703 462583.389 5067762.764 74769584.674 1634748932533.827
2555.000 4001.000 24355654.000 1.000 1340.000 610.000 495.000 25419.259 11281748.781 727839.041 15536652.199 120234387.992 138002873810625.281
2584.000 3907.000 24355664.000 1.000 1320.000 610.000 453.000 85545.622 11087777.556 897064.389 159396357.848 2416825430.919 24213590761094416.000
2598.000 3877.000 24355665.000 1.000 1310.000 615.000 361.000 23859.725 10994738.276 954792.479 519820.386 156867564.773 10688776088367.623
2474.000 4792.000 24355765.000 0.000 1190.000 640.000 338.000 43976.613 11832440.478 3860.737 8158569.919 57641649.187 19091482994286.012
2466.000 4962.000 24355775.000 1.000 1190.000 640.000 485.000 12403.200 11887541.781 11634.895 179609.964 575098108.375 13029066286819.676
2466.000 5010.000 24355785.000 1.000 1190.000 640.000 533.000 11708.115 11887541.781 24293.951 432477.362 608919200.827 11267518107197.125
2449.000 5052.000 24355795.000 1.000 1190.000 640.000 538.000 10034.441 12005057.051 39150.625 2759168.068 694320509.540 1060944681176.065
2481.000 5074.000 24355805.000 1.000 1200.000 640.000 536.000 20712.336 11784331.837 48340.692 3788429.532 245613691.272 577943.059
2548.000 5118.000 24355815.000 1.000 1200.000 640.000 554.000 35373.441 11328821.422 69624.827 660001.921 1022044.631 9791816517119.189
2672.000 5176.000 24355825.000 1.000 1200.000 640.000 592.000 37927.628 10509471.219 103597.187 464375.291 2381542.690 11054391237731.062
2810.000 5226.000 24355835.000 1.000 1220.000 630.000 603.000 39724.746 9633769.736 138283.704 823507.622 11157889.819 8795270529790.202
2957.000 5271.000 24355845.000 1.000 1220.000 630.000 611.000 36537.797 8742852.287 173776.569 696462.419 23529.649 9564962391313.051
3094.000 5306.000 24355855.000 1.000 1220.000 630.000 605.000 33842.509 7951449.467 204182.131 517210.598 6461226.278 10705847621268.492
3221.000 5338.000 24355865.000 1.000 1220.000 630.000 584.000 31840.920 7251341.276 234125.501 1325736.187 20643239.864 6068603494811.910
3341.000 5366.000 24355875.000 1.000 1240.000 630.000 499.000 26710.362 6619461.725 262005.951 1126786.534 93587073.726 7088390925370.729
3442.000 5388.000 24355885.000 1.000 1240.000 630.000 346.000 22349.733 6109950.770 285012.018 1382621.397 196971968.474 5791571274543.834
3527.000 5404.000 24355895.000 1.000 1240.000 630.000 32.000 27700.435 5696964.422 302351.704 215955.647 75411304.226 12768002009605.059
3657.000 6360.000 24355985.000 0.000 1260.000 610.000 495.000 35222.110 5093288.242 2267629.906 6689321.214 1350925.553 8410762464035.808
3691.000 6492.000 24355995.000 1.000 1280.000 610.000 536.000 9334.644 4940979.703 2682602.310 1610825.290 731689474.419 4745271753976.374
3664.000 6516.000 24356005.000 1.000 1280.000 610.000 539.000 3100.800 5061741.601 2761795.838 8306267.483 1107798243.995 20403991176736.363
3676.000 6516.000 24356015.000 1.000 1290.000 600.000 561.000 35245.798 5007889.646 2761795.838 8719725.054 1296421.871 24310178308425.734
3714.000 6385.000 24356025.000 1.000 1310.000 610.000 566.000 68990.864 4839258.455 2343548.164 5930416.694 1063181283.924 4584852792895.461
3737.000 6119.000 24356035.000 1.000 1320.000 600.000 592.000 91941.393 4738595.208 1599883.895 5139420.443 3086579112.266 1823122903625.830
3761.000 5764.000 24356045.000 1.000 1320.000 600.000 616.000 111830.791 4634683.298 827854.625 129384.756 5692157427.490 13394172650196.955
3787.000 5332.000 24356055.000 1.000 1320.000 600.000 617.000 112331.506 4523412.062 228355.119 125981.370 5767962419.106 13419095691443.998
3812.000 4898.000 24356065.000 1.000 1320.000 600.000 620.000 112819.050 4417695.489 1924.153 12062700.635 5842255226.803 68450982237414.906
3835.000 4462.000 24356075.000 1.000 1320.000 600.000 613.000 66136.772 4321540.242 153769.726 5168625.586 885203447.406 1902843204499.995
3857.000 4207.000 24356085.000 1.000 1340.000 610.000 613.000 46134.351 4230555.658 418783.490 3554789.162 95061481.511 54943639247.134
3887.000 4031.000 24356095.000 1.000 1320.000 610.000 614.000 32377.427 4108045.770 677550.951 2918078.642 16055858.510 758834575831.504
3905.000 3907.000 24356105.000 1.000 1320.000 610.000 537.000 21084.553 4035403.837 897064.389 2756641.174 234085417.071 1066156577624.311
3932.000 3830.000 24356115.000 1.000 1300.000 620.000 366.000 10416.437 3927655.939 1048852.153 6389220.622 674335270.140 6760160495505.404
3969.000 3814.000 24356125.000 1.000 1290.000 630.000 12.000 35142.523 3782369.410 1081880.468 1012276.134 1542266.507 7711249273284.751
4766.000 4916.000 24356225.000 0.000 1180.000 650.000 336.000 74317.296 1317517.062 3827.299 14472293.297 1438904353.875 114128701232196.359
4940.000 5145.000 24356235.000 1.000 1180.000 650.000 461.000 18309.969 948347.714 84602.546 148439.689 326685172.747 13255061062469.084
4951.000 5215.000 24356245.000 1.000 1180.000 650.000 486.000 18884.426 927044.422 130223.670 182484.922 306249203.062 13008319771594.320
4930.000 5285.000 24356255.000 1.000 1180.000 650.000 491.000 18178.215 967924.343 185644.793 837819.881 331465289.878 8710584148873.323
4923.000 5355.000 24356265.000 1.000 1200.000 650.000 512.000 14935.878 981746.983 250865.917 52923.421 460039234.556 13959686138480.586
4894.000 5405.000 24356275.000 1.000 1200.000 650.000 556.000 14731.066 1040056.208 303452.434 97144.188 468867013.211 13631200488467.625
4849.000 5440.000 24356285.000 1.000 1200.000 650.000 595.000 15107.011 1133866.040 343237.996 1383042.072 452727420.124 5789546685221.047
4792.000 5453.000 24356295.000 1.000 1230.000 650.000 614.000 20459.341 1258505.826 358639.490 1755938.854 253607607.040 4134109237246.097
4722.000 5416.000 24356305.000 1.000 1230.000 650.000 647.000 27254.770 1420462.231 315692.468 4416448.251 83350202.920 393453217463.499
4644.000 5345.000 24356315.000 1.000 1230.000 650.000 658.000 44346.288 1612471.939 240948.614 2502194.694 63391609.085 1656356293892.733
4577.000 5187.000 24356325.000 1.000 1250.000 650.000 667.000 54029.704 1787118.354 110799.220 1752661.825 311356639.252 4147446020516.323
4523.000 4985.000 24356335.000 1.000 1250.000 650.000 667.000 60812.451 1934412.152 17125.692 4750544.722 596729517.837 924203367455.541
4478.000 4754.000 24356345.000 1.000 1250.000 650.000 670.000 42427.990 2061611.983 10026.984 3655752.243 36524941.042 17805570319.418
4470.000 4590.000 24356355.000 1.000 1250.000 650.000 668.000 28280.342 2084649.287 69767.209 1899637.161 65675808.425 3570409015555.599
4493.000 4483.000 24356365.000 1.000 1230.000 650.000 667.000 20928.805 2018762.040 137741.063 346636.106 238875516.658 11851175644577.732
4537.000 4415.000 24356375.000 1.000 1230.000 650.000 670.000 19587.334 1895664.871 192839.400 614130.494 282141534.729 10081001327771.750
4602.000 4376.000 24356385.000 1.000 1230.000 650.000 661.000 21964.000 1720901.781 228612.917 977477.587 207948029.326 7905725330654.011
4687.000 4376.000 24356395.000 1.000 1220.000 650.000 639.000 25746.808 1505115.433 228612.917 1840282.164 113158432.284 3798240808637.008
4785.000 4394.000 24356405.000 1.000 1200.000 650.000 585.000 32868.643 1274260.467 211724.063 1770530.960 12360569.997 4074983341381.922
4887.000 4470.000 24356415.000 1.000 1200.000 650.000 515.000 39720.543 1054382.849 147559.569 1278251.828 11129828.563 6304809286619.933
4989.000 4585.000 24356425.000 1.000 1190.000 640.000 417.000 44667.338 855313.231 72433.558 2208480.975 68607008.398 2498640255587.703
5089.000 4726.000 24356435.000 1.000 1170.000 650.000 396.000 53214.091 680346.939 16418.535 3803276.162 283238390.424 198426787.148
5166.000 4917.000 24356445.000 1.000 1170.000 650.000 399.000 38495.530 559251.894 3952.029 3290920.126 4456856.238 248272625837.506
5229.000 5052.000 24356455.000 1.000 1170.000 650.000 467.000 25759.771 468994.130 39150.625 5670469.394 112882810.030 3539213070096.559
5252.000 5149.000 24356465.000 1.000 1170.000 650.000 536.000 3815.230 438020.882 86945.468 6760.261 1060751044.908 14306772897225.740
5259.000 5162.000 24356475.000 1.000 1170.000 650.000 603.000 3841.392 428804.242 94780.962 1077271.667 1059047579.938 7354499730464.837
5254.000 5148.000 24356485.000 1.000 1180.000 650.000 655.000 8010.400 435377.556 86356.737 4748887.603 805084059.315 921019954344.626
5254.000 5117.000 24356495.000 1.000 1180.000 650.000 682.000 26388.448 435377.556 69098.097 2462332.877 99919120.967 1760549181762.545
5259.000 5015.000 24356505.000 1.000 1180.000 650.000 693.000 35917.600 428804.242 25877.602 1602493.440 217905.256 4781640785680.592
5259.000 4876.000 24356515.000 1.000 1180.000 650.000 691.000 42119.200 428804.242 478.086 3537018.994 32887893.989 63590094046.342
5259.000 4713.000 24356525.000 1.000 1190.000 660.000 691.000 28431.046 428804.242 19919.041 1582229.195 63255891.233 4870674925149.449
5274.000 4604.000 24356535.000 1.000 1190.000 660.000 667.000 22307.868 409384.298 62567.434 770379.290 198148844.091 9113216639671.242
5301.000 4522.000 24356545.000 1.000 1190.000 660.000 616.000 19326.524 375562.399 110313.546 923707.131 290971243.837 8210990683707.050
5338.000 4457.000 24356555.000 1.000 1190.000 660.000 496.000 15751.806 331581.871 157716.074 1312144.606 425704068.469 6135752683376.800
5384.000 4417.000 24356565.000 1.000 1200.000 670.000 136.000 20829.765 280721.377 191086.861 444827.378 241946770.477 11184759726504.656
5825.000 5287.000 24356686.000 0.000 1190.000 660.000 497.000 0.000 7891.028 187372.254 0.000 1323824798.428 14357959019577.609
5825.000 5287.000 24356696.000 1.000 1190.000 660.000 589.000 0.000 7891.028 187372.254 5576840.997 1323824798.428 3195696953503.385
5825.000 5287.000 24356706.000 1.000 1190.000 660.000 589.000 21582.202 7891.028 187372.254 1752222.286 219105161.263 4149236480612.846
5801.000 5367.000 24356716.000 1.000 1220.000 670.000 585.000 14801.156 12730.939 263030.681 3540752.098 465836561.006 61721270738.791
5856.000 5383.000 24356726.000 1.000 1220.000 670.000 592.000 28503.757 3344.478 279698.366 2410760.371 62104585.008 1900067574015.925
5958.000 5425.000 24356736.000 1.000 1220.000 670.000 591.000 37833.325 1950.860 325887.041 2878050.414 2099374.295 830174903570.504
6092.000 5484.000 24356746.000 1.000 1220.000 670.000 594.000 26695.359 31744.028 396730.131 436498.066 93877578.097 11240541579345.598
6184.000 5531.000 24356756.000 1.000 1240.000 660.000 588.000 25006.125 72991.040 458146.456 960401.740 129465215.487 8002041648873.334
6278.000 5554.000 24356766.000 1.000 1240.000 660.000 588.000 21289.400 132618.725 489811.254 464538.083 227859122.524 11053308757838.984
6360.000 5562.000 24356776.000 1.000 1240.000 660.000 589.000 19491.652 199066.365 501073.097 319171.804 285365044.130 12041024598743.027
6433.000 5543.000 24356786.000 1.000 1240.000 660.000 589.000 20726.837 269535.972 474535.220 1065972.094 245159380.257 7415914443685.754
6480.000 5478.000 24356796.000 1.000 1240.000 660.000 592.000 24852.116 320546.815 389207.749 5269926.914 132993648.763 2192582526157.210
6495.000 5383.000 24356806.000 1.000 1260.000 670.000 605.000 45246.570 337756.871 279698.366 4806020.360 78537999.853 1033944473849.181
6489.000 5208.000 24356816.000 1.000 1260.000 670.000 611.000 63845.720 330818.849 125220.558 3190525.524 754123918.724 358398864667.216
6457.000 4963.000 24356826.000 1.000 1260.000 670.000 639.000 76192.955 295032.062 11851.625 1313177.947 1584720793.998 6130634486542.293
6416.000 4671.000 24356836.000 1.000 1250.000 680.000 659.000 81274.913 252173.242 33538.366 1304726.975 2015157867.380 6172555318437.199
6369.000 4360.000 24356846.000 1.000 1250.000 680.000 673.000 86324.166 207178.399 244169.232 810146.791 2493979905.490 8874696997223.834
6317.000 4030.000 24356856.000 1.000 1250.000 680.000 679.000 89459.409 162544.871 679198.220 8007858.119 2816956237.450 17797162742946.449
6270.000 3687.000 24356866.000 1.000 1230.000 690.000 685.000 58469.246 126856.028 1362203.715 3843208.782 487740280.161 2918054990.330
6238.000 3463.000 24356876.000 1.000 1210.000 690.000 687.000 43596.147 105085.242 1935256.119 2601265.771 52009248.199 1411163398089.135
6214.000 3296.000 24356886.000 1.000 1170.000 690.000 670.000 33529.329 90101.152 2427784.153 4190351.094 8151448.861 160930417771.748
6200.000 3167.000 24356896.000 1.000 1150.000 690.000 627.000 17312.800 81892.433 2846423.940 3872692.480 363726049.775 6972704637.703
6200.000 3100.000 24356906.000 1.000 1120.000 700.000 491.000 2325.600 81892.433 3076989.007 10060234.745 1160002077.483 39326005233205.461
6209.000 3100.000 24356916.000 1.000 1120.000 700.000 307.000 41258.397 87124.467 3076989.007 970417.944 23755815.267 7945474537500.569
6446.000 4679.000 24357016.000 0.000 1010.000 710.000 315.000 78813.271 283203.354 30672.209 14857283.974 1800208820.216 122502709581714.266
6584.000 4951.000 24357026.000 1.000 1040.000 700.000 439.000 21316.042 449125.871 9382.861 2606041.262 227055510.168 1399840362789.440
6626.000 5022.000 24357036.000 1.000 1070.000 700.000 468.000 11230.743 507184.028 28178.715 2121767.362 632706622.983 2780297445558.286
6643.000 5062.000 24357046.000 1.000 1100.000 700.000 473.000 19441.917 531686.759 43207.928 1039107.796 287047839.665 7562950795863.796
6712.000 5092.000 24357056.000 1.000 1120.000 700.000 467.000 23463.232 637073.017 56579.838 563889.782 166956665.964 10402559933011.258
6799.000 5118.000 24357066.000 1.000 1130.000 710.000 490.000 25645.468 783523.343 69624.827 2321770.254 115324729.881 2153319999730.342
6898.000 5111.000 24357076.000 1.000 1160.000 700.000 524.000 16660.289 968587.714 65979.715 734279.001 389040682.171 9332479731174.838
6957.000 5085.000 24357086.000 1.000 1180.000 700.000 583.000 19501.926 1088200.601 53298.726 1126774.647 285018037.433 7088454221486.271
6997.000 5021.000 24357096.000 1.000 1210.000 690.000 606.000 23862.509 1173254.085 27843.984 711295.354 156797835.116 9473433960099.545
7025.000 4933.000 24357106.000 1.000 1220.000 700.000 614.000 26615.200 1234695.523 6219.715 1252205.108 95437331.756 6436291112625.310
7025.000 4830.000 24357116.000 1.000 1220.000 700.000 637.000 31461.195 1234695.523 582.490 183034.539 24237979.279 13004355461089.842
6995.000 4712.000 24357126.000 1.000 1250.000 700.000 662.000 30752.857 1168925.410 20202.310 428577.072 31714312.944 11293717623038.570
6945.000 4604.000 24357136.000 1.000 1250.000 700.000 671.000 32411.437 1063308.556 62567.434 196062.292 15784460.667 12910564984501.268
6872.000 4502.000 24357146.000 1.000 1250.000 700.000 663.000 31652.682 918086.950 123998.940 681102.606 22389185.802 9660205742332.150
6790.000 4411.000 24357156.000 1.000 1220.000 700.000 663.000 29016.836 767671.309 196368.479 1825202.974 54281046.894 3857244086402.636
6703.000 4340.000 24357166.000 1.000 1220.000 700.000 644.000 21953.357 622786.983 264334.625 2328215.525 208255095.302 2134445708505.020
6640.000 4283.000 24357176.000 1.000 1220.000 700.000 592.000 12943.235 527320.748 326194.996 1124975.666 549488368.003 7098036726215.298
6595.000 4261.000 24357186.000 1.000 1200.000 710.000 465.000 8589.614 463990.579 351808.928 4612966.102 772550308.359 678607465489.357
6563.000 4270.000 24357196.000 1.000 1200.000 710.000 190.000 26441.650 421419.792 341213.501 410198.340 98858341.799 11417583000639.697
7330.000 5242.000 24357317.000 0.000 1160.000 700.000 211.000 45649.854 2005533.332 150439.389 6905235.086 85848577.965 9709738488251.316
7489.000 5319.000 24357327.000 1.000 1180.000 700.000 450.000 18926.808 2481155.927 216099.625 1395581.707 304767631.226 5729359500198.363
7551.000 5358.000 24357337.000 1.000 1180.000 700.000 470.000 13525.950 2680320.826 253880.108 1874011.633 522508884.084 3667907249187.394
7587.000 5396.000 24357347.000 1.000 1180.000 700.000 473.000 20778.317 2799492.961 293617.861 1462395.420 243549927.429 5413971889780.245
7662.000 5425.000 24357357.000 1.000 1210.000 690.000 477.000 26437.742 3056093.242 325887.041 1608022.942 98936069.631 4757488677749.141
7764.000 5433.000 24357367.000 1.000 1210.000 690.000 490.000 20214.743 3423123.624 335084.883 890085.415 261457911.965 8404805989647.024
7842.000 5427.000 24357377.000 1.000 1220.000 700.000 546.000 16770.140 3717833.916 328174.501 1789860.314 384719322.069 3997318224297.497
7896.000 5391.000 24357387.000 1.000 1250.000 700.000 585.000 23696.844 3928992.118 288224.209 1573907.165 160974159.223 4907476965355.366
7935.000 5308.000 24357397.000 1.000 1250.000 700.000 620.000 29787.816 4085122.264 205993.591 4212158.503 43514963.087 178902559532.021
7943.000 5193.000 24357407.000 1.000 1250.000 700.000 619.000 46088.739 4117524.961 114829.602 4502243.253 94174132.730 508445287212.422
7921.000 5016.000 24357417.000 1.000 1250.000 700.000 625.000 63512.281 4028725.545 26200.333 3091945.924 735921752.286 486148963580.972
7878.000 4774.000 24357427.000 1.000 1270.000 700.000 631.000 75478.016 3857958.051 6421.591 2607317.499 1528310559.384 1396822035797.002
7814.000 4489.000 24357437.000 1.000 1240.000 710.000 638.000 85568.254 3610640.478 133323.445 1719453.290 2419051176.532 4283809045573.798
7741.000 4166.000 24357447.000 1.000 1240.000 710.000 639.000 78914.023 3338544.871 473529.546 1521758.686 1808768557.752 5141243664742.478
7662.000 3871.000 24357457.000 1.000 1240.000 710.000 636.000 73024.864 3056093.242 966554.097 6890867.271 1342523365.413 9620403396740.871
7606.000 3594.000 24357467.000 1.000 1220.000 710.000 645.000 46357.421 2863434.365 1587939.793 3530236.769 99461083.434 67056650337.461
7555.000 3422.000 24357477.000 1.000 1190.000 720.000 611.000 32695.514 2693434.174 2051010.175 2407722.104 13607903.754 1908452878116.944
7512.000 3303.000 24357487.000 1.000 1160.000 720.000 554.000 23377.704 2554142.680 2406019.265 3755159.498 169174224.868 1158058572.726
7476.000 3220.000 24357497.000 1.000 1120.000 720.000 374.000 37910.055 2440370.545 2670396.647 986684.755 2327613.322 7854034289950.717
7841.000 4792.000 24357607.000 0.000 990.000 720.000 223.000 79912.889 3713978.579 3860.737 17115693.772 1894729073.400 177595709244142.188
8010.000 5051.000 24357617.000 1.000 1000.000 730.000 433.000 13675.684 4393922.545 38755.895 2198385.546 515685929.082 2530658039844.497
8059.000 5071.000 24357627.000 1.000 1030.000 730.000 510.000 5168.000 4601748.062 47030.501 2084910.219 974463830.639 2904568745905.109
8075.000 5059.000 24357637.000 1.000 1030.000 730.000 540.000 13236.538 4670649.455 41969.737 2057306.898 535823664.722 2999418239594.227
8115.000 5027.000 24357647.000 1.000 1060.000 720.000 566.000 21198.252 4845142.939 29882.366 823262.917 230619189.191 8796722024164.754
8172.000 4968.000 24357657.000 1.000 1090.000 720.000 614.000 24384.254 5099325.152 12965.277 709699.476 144003581.550 9483260394856.396
8215.000 4884.000 24357667.000 1.000 1090.000 720.000 638.000 27130.769 5295376.646 891.928 467075.830 85629746.469 11036440948371.979
8247.000 4784.000 24357677.000 1.000 1120.000 720.000 656.000 25323.200 5443675.433 4918.895 344540.741 122350216.903 11865606847996.850
8247.000 4686.000 24357687.000 1.000 1120.000 720.000 666.000 26656.562 5443675.433 28269.322 756517.422 94630895.003 9197101495495.213
8226.000 4585.000 24357697.000 1.000 1130.000 730.000 685.000 29584.261 5346123.354 72433.558 844746.293 46241934.353 8669747316596.203
8174.000 4483.000 24357707.000 1.000 1160.000 720.000 687.000 32853.403 5108361.826 137741.063 610110.307 12467962.627 10106546153627.279
8112.000 4372.000 24357717.000 1.000 1160.000 720.000 688.000 30492.295 4831944.927 232453.996 734447.219 34716939.398 9331451977516.805
8042.000 4277.000 24357727.000 1.000 1160.000 720.000 662.000 27650.007 4529101.332 333084.614 2136969.809 76289677.509 2729830758759.716
7977.000 4192.000 24357737.000 1.000 1160.000 720.000 600.000 19380.000 4256664.422 438422.535 2736611.298 289149729.220 1107921413746.374
7917.000 4147.000 24357747.000 1.000 1160.000 720.000 439.000 8789.399 4012684.197 500039.670 5677951.366 761484258.472 3567420413128.060
7886.000 4133.000 24357757.000 1.000 1130.000 730.000 47.000 30762.895 3889448.748 520035.445 284256.988 31601354.784 12284553719857.016
8448.000 5196.000 24357858.000 0.000 1130.000 730.000 477.000 41873.559 6422010.186 116871.793 7316740.446 30130831.064 12443613858787.383
8606.000 5160.000 24357868.000 1.000 1120.000 720.000 638.000 13558.000 7247771.444 93553.501 427578.873 521044684.434 11300427739884.246
8613.000 5108.000 24357878.000 1.000 1150.000 710.000 669.000 15212.717 7285510.804 64447.524 4247269.120 448240297.836 209836702199.142
8634.000 5053.000 24357888.000 1.000 1150.000 710.000 676.000 31649.517 7399316.882 39547.355 1035345.492 22419147.614 7583658239524.568
8663.000 4934.000 24357898.000 1.000 1150.000 710.000 681.000 27642.762 7557927.658 6378.445 752420.490 76416291.400 9221967585022.010
8701.000 4834.000 24357908.000 1.000 1170.000 710.000 679.000 24730.918 7768308.467 405.411 987414.618 135803718.014 7849943933233.198
8743.000 4748.000 24357918.000 1.000 1170.000 710.000 670.000 20909.654 8004194.624 11264.602 1217759.871 239467863.742 6612251662023.297
8795.000 4686.000 24357928.000 1.000 1170.000 710.000 647.000 16196.961 8301132.152 28269.322 616347.308 407532823.803 10066929210383.023
8847.000 4651.000 24357938.000 1.000 1170.000 710.000 550.000 13811.716 8603477.680 41263.760 4873944.676 509526208.799 1176693232856.476
8898.000 4635.000 24357948.000 1.000 1170.000 710.000 381.000 32673.731 8905261.871 48020.074 699051.440 13769088.401 9548954822288.646
9400.000 5364.000 24358018.000 0.000 1180.000 730.000 270.000 13736.579 12153371.085 259962.490 1571382.597 512923942.368 4918668601887.740
9451.000 5349.000 24358028.000 1.000 1190.000 740.000 591.000 19817.781 12511561.276 244891.535 7601461.845 274452972.123 14533418467889.385
9402.000 5290.000 24358038.000 1.000 1190.000 740.000 652.000 49235.203 12167319.759 189978.445 5107488.663 165143054.720 1737912003812.932
9314.000 5121.000 24358048.000 1.000 1190.000 740.000 661.000 69001.026 11561146.096 71217.018 3815024.835 1063844080.898 667451221.013
9199.000 4880.000 24358058.000 1.000 1210.000 750.000 667.000 83765.054 10792332.332 669.007 2447071.773 2244926067.357 1801280684755.669
9101.000 4571.000 24358068.000 1.000 1210.000 750.000 710.000 93235.146 10158043.298 80165.333 1627447.903 3232006953.462 4673127846201.499
8986.000 4229.000 24358078.000 1.000 1210.000 750.000 733.000 99533.319 9438219.534 390793.558 1874091.737 3987785562.884 3667600428747.049
8860.000 3865.000 24358088.000 1.000 1210.000 750.000 721.000 92280.642 8679909.062 978387.715 4285190.354 3124389508.595 246016591566.734
8739.000 3529.000 24358098.000 1.000 1180.000 750.000 733.000 75697.088 7981577.276 1755982.322 2897427.572 1545487183.799 795239795778.316
8623.000 3260.000 24358108.000 1.000 1180.000 750.000 711.000 64484.133 7339594.174 2541265.861 4203771.614 789594813.128 171878115603.896
8513.000 3036.000 24358118.000 1.000 1180.000 750.000 667.000 48215.667 6755677.096 3305614.265 12458928.353 139978802.387 75164367311477.297
8424.000 2872.000 24358128.000 1.000 1140.000 760.000 483.000 0.000 6300946.096 3928858.490 0.000 1323824798.428 14357959019577.609
