1955.000 5799.000 51149104.000 0.000 1310.000 570.000 53.000 27209.741 13164649.912 738305.771 11628030.486 1358025102.749 651828937534879.375
1970.000 5830.000 51149114.000 1.000 1310.000 570.000 113.000 12492.578 13056025.544 792540.098 9870385.878 2659315879.358 744666892930301.375
1961.000 5843.000 51149124.000 1.000 1310.000 570.000 172.000 0.000 13121146.164 815855.526 0.000 4103828779.343 1380789146163086.500
1961.000 5843.000 51149134.000 1.000 1320.000 580.000 170.000 0.000 13121146.164 815855.526 8115354.130 4103828779.343 843531696823765.625
1961.000 5843.000 51149144.000 1.000 1340.000 570.000 195.000 10271.300 13121146.164 815855.526 13081859.522 2893346149.365 579707310331987.250
1961.000 5830.000 51149154.000 1.000 1340.000 570.000 242.000 26828.520 13121146.164 792540.098 9084126.554 1386267481.327 788196906068076.000
1969.000 5797.000 51149164.000 1.000 1340.000 570.000 272.000 38325.959 13063253.168 734872.782 3939160.485 662299188.081 1103555828875850.375
1981.000 5750.000 51149174.000 1.000 1340.000 570.000 307.000 43311.607 12976653.674 656500.544 12868584.669 430542835.087 590022881434175.500
1995.000 5697.000 51149184.000 1.000 1350.000 580.000 336.000 59598.893 12875984.930 573423.340 8029750.746 19911587.078 848511488585420.125
2014.000 5624.000 51149194.000 1.000 1350.000 580.000 384.000 69761.848 12739990.064 468194.247 17606552.055 32498149.901 382297097326638.500
2034.000 5538.000 51149204.000 1.000 1350.000 580.000 422.000 92045.802 12597617.573 357899.727 18896039.501 783141691.133 333534676955637.688
2058.000 5424.000 51149214.000 1.000 1350.000 580.000 455.000 115961.812 12427826.584 234495.362 13439544.903 2693680465.998 562611187382777.750
2073.000 5278.000 51149224.000 1.000 1350.000 580.000 475.000 132971.741 12322292.216 114411.176 3559921.176 4748671875.461 1128896167507019.000
2083.000 5110.000 51149234.000 1.000 1350.000 580.000 491.000 137477.400 12252185.971 28984.113 9363870.150 5389948239.473 772567646509191.000
2083.000 4936.000 51149244.000 1.000 1350.000 580.000 505.000 149328.900 12252185.971 14.083 7265726.416 7270592065.076 893606088157341.250
2083.000 4747.000 51149254.000 1.000 1350.000 580.000 520.000 158524.858 12252185.971 37153.637 1044171.667 8923395314.187 1304278750674302.750
2067.000 4547.000 51149264.000 1.000 1350.000 580.000 520.000 159846.427 12364451.964 154254.753 4592757.278 9174822519.604 1060558294051784.125
2044.000 4346.000 51149274.000 1.000 1340.000 580.000 513.000 165659.308 12526731.328 352542.373 3310630.404 10322189134.626 1145710179670959.250
2000.000 4141.000 51149284.000 1.000 1340.000 580.000 513.000 169849.449 12840126.808 638006.017 2158994.866 11191167772.228 1224998348580458.500
1942.000 3934.000 51149294.000 1.000 1340.000 580.000 515.000 167116.890 13259155.031 1011538.671 12453312.059 10620489021.727 610369597261762.500
1865.000 3737.000 51149304.000 1.000 1320.000 590.000 515.000 151355.199 13825846.120 1446614.269 5421599.041 7620253934.149 1007260796274045.875
1766.000 3573.000 51149314.000 1.000 1320.000 590.000 516.000 144493.284 14571872.949 1868013.184 170547.035 6469330891.762 1368143527705275.500
1652.000 3430.000 51149324.000 1.000 1310.000 600.000 513.000 144709.139 15455216.146 2279353.481 26822712.220 6504100848.991 106838251237274.422
1521.000 3302.000 51149334.000 1.000 1310.000 600.000 512.000 110760.636 16502380.960 2682234.195 18289674.096 2180843567.253 356050376002408.188
1417.000 3208.000 51149344.000 1.000 1290.000 600.000 512.000 87612.080 17358157.912 2998967.719 4810335.806 554647097.943 1046434216659941.625
1331.000 3138.000 51149354.000 1.000 1280.000 590.000 409.000 93700.342 18082159.622 3246313.109 1464887.441 878482701.772 1274067620697528.500
2693.000 6049.000 51149625.000 0.000 1370.000 530.000 287.000 43455.500 8353905.005 1230429.377 29037185.538 424592117.152 65963403546111.242
2693.000 5994.000 51149635.000 1.000 1370.000 530.000 277.000 6704.221 8353905.005 1111437.184 14305093.922 3289815370.381 522299710033253.812
2687.000 6000.000 51149645.000 1.000 1370.000 530.000 279.000 24809.643 8388624.752 1124124.150 3705391.228 1540679478.310 1119142017913151.750
2692.000 6031.000 51149655.000 1.000 1390.000 520.000 287.000 29499.418 8359686.629 1190820.477 14168792.981 1194512153.506 528548297957001.125
2727.000 6044.000 51149665.000 1.000 1390.000 520.000 294.000 47432.329 8158519.770 1219361.905 11027399.627 276517127.169 682859036757153.250
2779.000 6074.000 51149675.000 1.000 1390.000 520.000 316.000 61389.296 7864167.295 1286516.738 12087946.116 7138713.709 628556302487325.000
2845.000 6115.000 51149685.000 1.000 1390.000 520.000 340.000 76688.557 7498354.075 1381206.009 6215645.591 159451833.308 957489404341802.625
2931.000 6160.000 51149695.000 1.000 1390.000 520.000 359.000 84555.467 7034760.365 1489003.258 14153959.644 420017720.313 529230560109516.312
3029.000 6203.000 51149705.000 1.000 1390.000 520.000 369.000 102469.604 6524511.161 1595793.518 4126762.619 1475210633.706 1091126808646239.750
3153.000 6241.000 51149715.000 1.000 1400.000 530.000 386.000 97246.515 5906417.718 1693244.306 2797366.432 1101269569.110 1180719887337296.250
3271.000 6276.000 51149725.000 1.000 1400.000 530.000 398.000 93705.993 5346788.023 1785556.611 10118449.624 878817716.044 731189811119494.625
3386.000 6305.000 51149735.000 1.000 1400.000 530.000 392.000 80899.450 4828181.202 1863899.950 8191607.471 283528914.635 839108165711826.000
3486.000 6327.000 51149745.000 1.000 1400.000 530.000 404.000 70531.639 4398718.748 1924454.827 5227700.601 41867446.068 1019606046810546.625
3574.000 6342.000 51149755.000 1.000 1400.000 530.000 418.000 63915.134 4037335.789 1966297.243 10855277.132 21315.749 691884325530842.000
3654.000 6354.000 51149765.000 1.000 1410.000 530.000 430.000 50176.016 3722245.826 2000095.176 13240096.009 192796478.027 572112593956229.500
3717.000 6362.000 51149775.000 1.000 1410.000 530.000 436.000 33418.522 3483121.480 2022787.132 8924749.952 938969617.555 797171253675734.000
3759.000 6367.000 51149785.000 1.000 1410.000 530.000 440.000 22122.800 3328115.250 2037034.604 17479224.280 1758823786.668 387292441759042.312
3787.000 6367.000 51149795.000 1.000 1400.000 540.000 449.000 0.000 3226737.763 2037034.604 0.000 4103828779.343 1380789146163086.500
3787.000 6367.000 51149805.000 1.000 1400.000 540.000 448.000 0.000 3226737.763 2037034.604 17389815.774 4103828779.343 390819509194421.375
3787.000 6367.000 51149815.000 1.000 1400.000 540.000 473.000 22009.639 3226737.763 2037034.604 2586440.546 1768328159.513 1195259880958163.250
3797.000 6341.000 51149825.000 1.000 1400.000 540.000 478.000 25283.200 3190911.518 1963493.749 11854781.285 1503728098.708 640302031013796.375
3797.000 6309.000 51149835.000 1.000 1400.000 540.000 495.000 40287.353 3190911.518 1874837.927 2571186.085 565192622.205 1196314884300075.000
3787.000 6259.000 51149845.000 1.000 1400.000 540.000 496.000 43541.607 3226737.763 1740413.206 5143424.584 421050953.062 1024995229877774.750
3776.000 6205.000 51149855.000 1.000 1400.000 540.000 509.000 50051.447 3266377.633 1600850.507 9628292.917 196271305.777 757938250812242.625
3763.000 6143.000 51149865.000 1.000 1400.000 540.000 515.000 62237.617 3313536.752 1447803.853 6511132.720 3325211.117 939290008049475.875
3752.000 6065.000 51149875.000 1.000 1410.000 550.000 515.000 70478.514 3353704.622 1266181.288 21813484.541 41182777.086 235483963081404.875
3746.000 5976.000 51149885.000 1.000 1410.000 550.000 529.000 98087.025 3375716.369 1073808.284 1843628.031 1157761316.782 1247173468390986.500
3740.000 5852.000 51149895.000 1.000 1410.000 550.000 541.000 100420.436 3397800.116 832194.976 3059870.836 1321998904.373 1162748650700201.000
3735.000 5725.000 51149905.000 1.000 1410.000 550.000 548.000 104293.200 3416258.239 616613.184 19976256.320 1618619203.726 295245693200185.688
3735.000 5593.000 51149915.000 1.000 1400.000 550.000 561.000 129576.400 3416258.239 426731.920 13109418.210 4292250191.571 578381002591826.875
3735.000 5429.000 51149925.000 1.000 1400.000 550.000 572.000 146168.500 3416258.239 239362.834 5267069.703 6741619692.475 1017093385832486.625
3735.000 5244.000 51149935.000 1.000 1400.000 550.000 594.000 152834.833 3416258.239 92566.366 11056800.828 7880769786.609 681323302006878.000
3748.000 5051.000 51149945.000 1.000 1390.000 560.000 606.000 166829.012 3368371.120 12375.942 7967837.719 10561236925.124 852122278242445.625
3770.000 4841.000 51149955.000 1.000 1390.000 560.000 611.000 176913.606 3288101.380 9752.113 8759595.349 12735680630.332 806524552945618.125
3806.000 4620.000 51149965.000 1.000 1380.000 570.000 630.000 165826.914 3158838.897 102241.846 3278352.449 10356274153.788 1147896331984209.500
3851.000 4415.000 51149975.000 1.000 1380.000 570.000 641.000 169976.202 3000905.793 275365.489 6208400.374 11218001811.351 957937839053526.125
3902.000 4206.000 51149985.000 1.000 1360.000 570.000 644.000 177833.942 2826810.941 538393.154 5011144.462 12944252035.606 1033482768752626.000
3958.000 3988.000 51149995.000 1.000 1350.000 580.000 641.000 184176.360 2641639.967 905833.370 11651146.442 14427667723.326 650649127674500.000
4011.000 3761.000 51150005.000 1.000 1350.000 580.000 661.000 169429.940 2472165.867 1389458.135 7896340.780 11102585458.834 856301543445018.000
4059.000 3552.000 51150015.000 1.000 1340.000 580.000 675.000 159435.837 2323527.889 1925857.801 12019009.101 9096334136.142 632017698074166.000
4107.000 3356.000 51150025.000 1.000 1320.000 590.000 688.000 174647.847 2179497.912 2508272.894 15175325.074 12229421282.074 483280700259274.750
4137.000 3137.000 51150035.000 1.000 1290.000 590.000 697.000 155441.006 2091819.176 3249917.615 907211777.659 8350281163.679 756991885897919360.000
4154.000 2941.000 51150045.000 1.000 1280.000 590.000 693.000 1303665.000 2042933.558 3995012.708 9351384989.800 1536617746731.131 86754806324181385216.000
4154.000 2776.000 51150046.000 1.000 1260.000 600.000 700.000 120095.200 2042933.558 4681826.128 36080919.927 3139816648.729 1162194707381.515
4154.000 2624.000 51150056.000 1.000 1260.000 600.000 710.000 74428.930 2042933.558 5362710.976 23054239.409 107491211.704 198943460991566.562
4139.000 2531.000 51150066.000 1.000 1250.000 600.000 719.000 45250.042 2086037.927 5802089.994 15000760.380 353857149.925 490986310035579.812
4127.000 2475.000 51150076.000 1.000 1230.000 610.000 727.000 26264.141 2120845.421 6075006.306 15757233.724 1428612614.927 458034370171249.500
4118.000 2443.000 51150086.000 1.000 1230.000 610.000 721.000 6320.800 2147140.042 6233774.485 3121290.050 3333946071.264 1158563743125997.000
4118.000 2435.000 51150096.000 1.000 1230.000 610.000 736.000 10271.300 2147140.042 6273786.530 4275813.404 2893346149.365 1081302071522041.000
4106.000 2440.000 51150106.000 1.000 1220.000 610.000 730.000 15683.037 2182451.536 6248764.002 25064313.066 2340440186.253 146280757175219.062
4091.000 2453.000 51150116.000 1.000 1200.000 600.000 717.000 47406.000 2226995.904 6183939.429 17265995.252 277393459.953 395730495023178.500
4055.000 2501.000 51150126.000 1.000 1200.000 600.000 637.000 69258.924 2335738.387 5947515.161 10899889.338 27017029.811 689539384136493.000
4005.000 2573.000 51150136.000 1.000 1200.000 600.000 489.000 83054.506 2491069.614 5601518.760 12080856.549 360748212.551 628911838174521.625
3946.000 2660.000 51150146.000 1.000 1190.000 610.000 213.000 67764.218 2680791.462 5197272.775 1846224.436 13712837.471 1246990089264758.750
2387.000 4598.000 51150436.000 0.000 1250.000 590.000 1.000 0.000 10216412.112 116794.968 24970320.400 4103828779.343 148563210135191.719
2387.000 4598.000 51150446.000 1.000 1250.000 590.000 94.000 31604.000 10216412.112 116794.968 24970320.400 1053465491.750 148563210135191.719
2355.000 4622.000 51150456.000 1.000 1250.000 590.000 148.000 0.000 10422000.098 100966.834 0.000 4103828779.343 1380789146163086.500
2355.000 4622.000 51150466.000 1.000 1250.000 590.000 148.000 0.000 10422000.098 100966.834 7945507.123 4103828779.343 853426487718373.625
2355.000 4622.000 51150476.000 1.000 1250.000 590.000 198.000 10056.331 10422000.098 100966.834 13288443.809 2916518654.317 569802081470892.625
2364.000 4631.000 51150486.000 1.000 1250.000 590.000 245.000 26875.017 10363971.477 95328.284 12226511.484 1382807233.672 621627551194143.875
2395.000 4645.000 51150496.000 1.000 1250.000 590.000 282.000 42349.655 10165335.116 86879.206 14611457.568 471388283.079 508390374335078.875
2438.000 4677.000 51150506.000 1.000 1250.000 590.000 314.000 60842.830 9892989.261 69039.028 10131561.334 10357475.109 730480888080179.250
2499.000 4724.000 51150516.000 1.000 1250.000 590.000 344.000 73665.968 9512982.164 46549.266 10331406.067 92252852.664 719718254951091.625
2572.000 4782.000 51150526.000 1.000 1250.000 590.000 344.000 86742.042 9068001.573 24885.942 2175350.726 514423626.658 1223853706666340.000
2654.000 4855.000 51150536.000 1.000 1250.000 590.000 361.000 83988.782 8580870.361 7183.035 13680888.849 397111189.037 551220354368444.062
2734.000 4925.000 51150546.000 1.000 1250.000 590.000 364.000 66673.393 8118580.399 217.645 14349002.940 6823901.570 520294655411053.062
2789.000 4989.000 51150556.000 1.000 1270.000 590.000 373.000 48512.397 7808181.049 2425.288 11226492.975 241763195.591 672493430742851.625
2826.000 5038.000 51150566.000 1.000 1270.000 590.000 373.000 34303.445 7602770.941 9652.515 7751153.585 885520003.513 864819741246183.125
2847.000 5076.000 51150576.000 1.000 1270.000 590.000 362.000 24493.100 7487404.826 18563.303 335169.111 1565629246.668 1355992405760702.250
2847.000 5107.000 51150586.000 1.000 1280.000 580.000 364.000 24068.889 7487404.826 27971.630 3499768.493 1599379591.454 1132941931871617.500
2835.000 5135.000 51150596.000 1.000 1290.000 590.000 371.000 28498.415 7553220.321 38121.474 2242139.459 1264706921.595 1219185144016850.750
2809.000 5160.000 51150606.000 1.000 1290.000 590.000 373.000 31336.207 7696808.558 48508.834 1799754.568 1070920790.951 1250274206081975.250
2776.000 5182.000 51150616.000 1.000 1310.000 580.000 369.000 33614.089 7881002.168 58683.712 5967438.046 927022496.940 972911745131164.250
2737.000 5199.000 51150626.000 1.000 1310.000 580.000 369.000 26061.326 8101493.525 67209.117 1863313.373 1443985342.773 1245783466684493.250
2705.000 5207.000 51150636.000 1.000 1310.000 580.000 361.000 23703.000 8284681.510 71421.072 1677380.720 1628778910.648 1258943268261877.750
2675.000 5207.000 51150646.000 1.000 1310.000 580.000 361.000 21580.002 8458280.246 71421.072 7708377.571 1804646503.041 867337469475929.375
2650.000 5196.000 51150656.000 1.000 1320.000 580.000 361.000 31336.207 8604320.860 65662.634 7029422.518 1070920790.951 907789708257313.500
2628.000 5163.000 51150666.000 1.000 1320.000 580.000 373.000 40233.084 8733870.599 49839.318 14254836.451 567775925.878 524599392003185.125
2611.000 5115.000 51150676.000 1.000 1320.000 580.000 367.000 58274.897 8834640.216 30711.585 10485970.960 33480528.682 711448945765810.875
2595.000 5043.000 51150686.000 1.000 1320.000 580.000 371.000 71546.598 8930010.209 10659.987 7145349.940 56032184.151 900817465597806.250
2585.000 4953.000 51150696.000 1.000 1340.000 570.000 372.000 80590.200 8989876.454 175.489 3745548.060 273210051.221 1116456850896873.750
2585.000 4851.000 51150706.000 1.000 1340.000 570.000 372.000 75849.600 8989876.454 7877.057 13005490.826 138967950.880 583390617765652.625
2585.000 4755.000 51150716.000 1.000 1340.000 570.000 381.000 59389.037 8989876.454 34133.593 7501001.604 21828482.353 879595164963504.125
2590.000 4680.000 51150726.000 1.000 1320.000 580.000 386.000 49895.300 8959918.332 67471.511 6248381.014 200670828.586 955464590239183.375
2602.000 4618.000 51150736.000 1.000 1320.000 580.000 389.000 41986.958 8888222.837 103524.857 5452341.042 487269208.167 1005310400686805.500
2620.000 4568.000 51150746.000 1.000 1320.000 580.000 389.000 35086.134 8781219.596 138200.135 1495287.163 839550575.236 1271898364389472.750
2646.000 4532.000 51150756.000 1.000 1310.000 580.000 391.000 33193.605 8627803.358 166262.336 1944316.005 952804293.552 1240071945734533.000
2679.000 4506.000 51150766.000 1.000 1310.000 580.000 399.000 30732.757 8435029.748 188141.481 2062920.286 1110780656.214 1231732794972252.250
2716.000 4494.000 51150776.000 1.000 1310.000 580.000 392.000 33343.718 8221479.640 198695.548 6044434.871 943559592.961 968114375591304.625
2757.000 4504.000 51150786.000 1.000 1300.000 580.000 396.000 40993.933 7988041.034 189880.492 10023500.937 532095722.357 736333750425636.750
2803.000 4528.000 51150796.000 1.000 1280.000 580.000 397.000 53680.303 7730136.306 169540.359 1802436.958 107761634.422 1250084518858590.250
2853.000 4574.000 51150806.000 1.000 1280.000 580.000 400.000 51399.026 7454605.079 133775.102 843616.633 160328957.257 1318804982722249.750
2899.000 4620.000 51150816.000 1.000 1280.000 580.000 402.000 50331.292 7205532.350 102241.846 17537558.153 188508537.764 384999852876108.062
2942.000 4667.000 51150826.000 1.000 1270.000 590.000 394.000 28134.661 6976530.495 74394.083 14738099.536 1290711400.517 502695489504596.188
2970.000 4689.000 51150836.000 1.000 1270.000 590.000 384.000 9481.200 6829401.008 62876.961 1248516.020 2978969101.705 1289560796569955.500
2982.000 4689.000 51150846.000 1.000 1250.000 590.000 373.000 11061.400 6766825.514 62876.961 13733676.220 2808971713.045 548744448380277.062
2982.000 4675.000 51150856.000 1.000 1250.000 590.000 310.000 28443.600 6766825.514 70094.039 11144034.189 1268608667.069 676776951551300.750
2982.000 4639.000 51150866.000 1.000 1250.000 590.000 253.000 42548.187 6766825.514 90452.240 6144531.850 462806851.677 961895452802600.875
2962.000 4589.000 51150876.000 1.000 1250.000 590.000 202.000 50325.091 6871278.005 123027.518 1311286.305 188678853.707 1285056517657052.250
2938.000 4530.000 51150886.000 1.000 1250.000 590.000 151.000 51984.737 6997676.993 167897.347 1394760.370 145839343.761 1279078781606129.000
2911.000 4470.000 51150896.000 1.000 1250.000 590.000 148.000 53750.033 7141252.856 220667.682 1324601.860 106318786.123 1284102031319395.000
2883.000 4408.000 51150906.000 1.000 1260.000 600.000 148.000 52073.534 7291686.343 282761.028 5596679.814 143702533.172 996178242223936.000
2853.000 4342.000 51150917.000 1.000 1260.000 600.000 146.000 59865.393 7454605.079 357308.396 2091747.875 17604235.333 1229710156935313.000
2824.000 4272.000 51150927.000 1.000 1260.000 600.000 149.000 62512.840 7613804.190 445893.786 5500730.717 2397211.651 1002244195182881.250
2796.000 4198.000 51150937.000 1.000 1260.000 600.000 137.000 69474.909 7769109.677 550197.199 2339091.840 29308969.049 1212424003818095.750
2770.000 4114.000 51150947.000 1.000 1260.000 600.000 151.000 72435.410 7914725.915 681867.667 447655.648 70128512.907 1347720695012666.500
2748.000 4025.000 51150957.000 1.000 1280.000 590.000 182.000 73001.991 8038995.655 836772.663 1332498.119 79938939.250 1283536178746307.250
2732.000 3934.000 51150967.000 1.000 1280.000 590.000 202.000 74688.484 8129981.648 1011538.671 917397.752 112940586.275 1313451651371139.500
2722.000 3840.000 51150977.000 1.000 1280.000 590.000 240.000 75849.600 8187107.893 1209456.195 2375024.008 138967950.880 1209922987423647.750
2722.000 3744.000 51150987.000 1.000 1280.000 590.000 274.000 72843.621 8187107.893 1429824.730 8083513.100 77132092.989 845382268044556.250
2728.000 3652.000 51150997.000 1.000 1280.000 590.000 306.000 62612.621 8152808.146 1658307.243 3068919.062 2098187.423 1162131659836270.500
2742.000 3574.000 51151007.000 1.000 1280.000 590.000 341.000 58728.405 8073055.402 1865280.678 4431856.574 28437989.429 1071064036605565.375
2764.000 3503.000 51151017.000 1.000 1260.000 600.000 373.000 53119.170 7948521.663 2064258.574 6425101.891 119726557.385 944570727268780.750
2790.000 3441.000 51151027.000 1.000 1260.000 600.000 372.000 44987.159 7802593.425 2246259.920 3829835.928 363816489.542 1110831262930938.250
2819.000 3392.000 51151037.000 1.000 1260.000 600.000 387.000 40139.879 7641422.313 2395538.693 12272112.895 572226399.691 619355719990553.750
2849.000 3351.000 51151047.000 1.000 1260.000 600.000 389.000 24607.525 7476463.577 2524135.422 6318132.622 1556587195.364 951157328776233.875
2872.000 3330.000 51151057.000 1.000 1260.000 600.000 399.000 16610.901 7351214.213 2591304.039 8754466.810 2251524530.260 806815873861547.250
2891.000 3321.000 51151067.000 1.000 1250.000 600.000 422.000 5530.700 7248545.347 2620360.589 3121290.050 3425811603.704 1158563743125997.000
2898.000 3321.000 51151077.000 1.000 1250.000 600.000 458.000 9481.200 7210901.975 2620360.589 15606450.250 2978969101.705 464511162502217.250
2898.000 3333.000 51151087.000 1.000 1250.000 600.000 466.000 29233.700 7210901.975 2581654.522 10362916.045 1212950099.209 718028575850855.000
2898.000 3370.000 51151097.000 1.000 1230.000 610.000 468.000 42349.655 7210901.975 2464123.816 2291595.769 471388283.079 1215733874626500.250
2885.000 3422.000 51151107.000 1.000 1230.000 610.000 473.000 45250.042 7280889.094 2303573.526 135991.222 353857149.925 1370701051951841.750
2873.000 3478.000 51151117.000 1.000 1230.000 610.000 473.000 45422.161 7345792.588 2136721.214 1276897.202 347411282.483 1287523239728898.000
2860.000 3534.000 51151127.000 1.000 1220.000 610.000 473.000 43806.040 7416429.707 1976140.901 347296.356 410268798.161 1355099410289442.250
2853.000 3589.000 51151137.000 1.000 1220.000 610.000 464.000 44245.600 7454605.079 1824533.095 262954.761 392655353.673 1361316034548548.500
2853.000 3645.000 51151147.000 1.000 1220.000 610.000 464.000 43912.788 7454605.079 1676384.782 5198451.889 405955811.931 1021474799377134.250
2861.000 3700.000 51151157.000 1.000 1220.000 610.000 467.000 50492.274 7410984.083 1536986.976 6360160.412 184113938.395 948566750530762.000
2883.000 3760.000 51151167.000 1.000 1220.000 610.000 472.000 58542.091 7291686.343 1391816.641 6063330.113 30459826.157 966938899231359.250
2922.000 3823.000 51151177.000 1.000 1220.000 610.000 470.000 50867.961 7082582.986 1247136.790 658790.911 174059791.149 1332263166552285.750
2966.000 3870.000 51151187.000 1.000 1220.000 610.000 473.000 51701.768 6850323.506 1144371.028 4209290.934 152753906.695 1085681434526918.375
3017.000 3911.000 51151197.000 1.000 1230.000 610.000 475.000 46374.226 6585958.655 1058332.299 1498375.664 312826684.224 1271678079280228.750
3071.000 3934.000 51151207.000 1.000 1230.000 610.000 478.000 44477.788 6311712.930 1011538.671 6095449.258 383507406.922 964942400056180.000
3126.000 3946.000 51151217.000 1.000 1230.000 610.000 478.000 36763.006 6038383.581 987544.604 2303485.193 745187745.421 1214904909962604.500
3172.000 3939.000 51151227.000 1.000 1250.000 600.000 480.000 39678.441 5814426.852 1001506.143 2984254.316 594515676.056 1167911279178845.250
3213.000 3910.000 51151237.000 1.000 1250.000 600.000 491.000 43455.500 5618380.246 1060390.805 6847916.795 424592117.152 918760023646141.375
3246.000 3866.000 51151247.000 1.000 1260.000 610.000 488.000 52122.652 5463028.637 1152945.050 3872717.025 142527331.960 1107974721947997.875
3262.000 3802.000 51151257.000 1.000 1260.000 610.000 498.000 57024.205 5388490.644 1294481.407 3801092.880 49518357.665 1112748050967860.125
3267.000 3730.000 51151267.000 1.000 1280.000 610.000 491.000 61835.106 5365302.521 1463501.808 6770554.944 4955196.834 923455847062690.250
3253.000 3653.000 51151277.000 1.000 1280.000 610.000 502.000 53265.868 5430355.265 1655732.738 4067076.095 116537749.470 1095073526556740.250
3229.000 3590.000 51151287.000 1.000 1280.000 610.000 514.000 48118.322 5542786.254 1821832.589 1650233.674 254173227.086 1260870445965844.500
3199.000 3537.000 51151297.000 1.000 1280.000 610.000 522.000 46029.683 5684944.990 1967715.385 9409067.030 325133194.197 770057185566948.375
3162.000 3492.000 51151307.000 1.000 1280.000 610.000 548.000 34120.979 5862753.098 2095988.135 8179296.133 896412830.003 839821571294371.750
3130.000 3463.000 51151317.000 1.000 1260.000 600.000 595.000 23768.750 6018741.083 2180798.797 18779689.375 1623476139.202 337798003133359.875
3102.000 3452.000 51151327.000 1.000 1260.000 600.000 611.000 0.000 6156910.570 2213408.359 15606450.250 4103828779.343 464511162502217.250
3102.000 3452.000 51151337.000 1.000 1250.000 600.000 613.000 19752.500 6156910.570 2213408.359 26483541.253 1963254970.847 113964806139338.281
3109.000 3476.000 51151347.000 1.000 1250.000 600.000 617.000 53271.727 6122221.198 2142572.225 18466253.545 116411284.881 349417696106699.938
3148.000 3531.000 51151357.000 1.000 1250.000 600.000 586.000 76643.773 5930745.841 1984584.418 17153221.119 158322825.815 400230039275658.125
3207.000 3608.000 51151367.000 1.000 1250.000 600.000 512.000 98353.963 5646859.993 1773565.489 49952829.673 1175998179.720 163682812726388.000
3293.000 3698.000 51151377.000 1.000 1230.000 610.000 307.000 35130.536 5245530.283 1541949.987 188660.834 836979450.950 1366803854050995.250
4468.000 5485.000 51151858.000 0.000 1290.000 560.000 3.000 46615.900 1243921.454 297294.522 16164605.334 304336159.353 440763401234570.000
4409.000 5485.000 51151868.000 1.000 1290.000 560.000 53.000 26156.964 1379009.302 297294.522 5684425.016 1436726038.290 990647062164879.000
4379.000 5471.000 51151878.000 1.000 1290.000 560.000 94.000 18962.400 1450368.038 282223.600 2685735.574 2033895730.947 1188403979647356.750
4355.000 5471.000 51151888.000 1.000 1290.000 560.000 137.000 15563.165 1508751.027 282223.600 3601548.385 2352052913.831 1126100630970262.750
4337.000 5463.000 51151898.000 1.000 1270.000 550.000 220.000 11004.820 1553294.269 273787.645 4949360.222 2814972364.144 1037459044139435.625
4324.000 5458.000 51151908.000 1.000 1270.000 550.000 277.000 4740.600 1585867.387 268580.173 3745548.060 3518925652.164 1116456850896873.750
4318.000 5458.000 51151918.000 1.000 1270.000 550.000 349.000 0.000 1601015.135 268580.173 6752382.644 4103828779.343 924560632131335.000
4318.000 5458.000 51151928.000 1.000 1270.000 550.000 391.000 8546.238 1601015.135 268580.173 26102809.445 3081903582.546 122238714395323.391
4327.000 5464.000 51151938.000 1.000 1260.000 540.000 450.000 41583.587 1578320.514 274835.139 18539102.345 505240080.533 346699518943727.312
4368.000 5497.000 51151948.000 1.000 1260.000 540.000 491.000 65047.835 1476983.908 310524.455 24806106.806 973580.558 152593260571801.062
4431.000 5550.000 51151958.000 1.000 1260.000 540.000 521.000 96443.996 1327823.562 372401.660 14388018.868 1048649806.928 518516273489265.188
4531.000 5620.000 51151968.000 1.000 1260.000 540.000 548.000 114654.373 1107361.109 462736.269 9405944.555 2559675919.404 770230492081308.875
4654.000 5697.000 51151978.000 1.000 1260.000 540.000 577.000 126559.125 863621.291 573423.340 11596256.615 3905998986.375 653452380751988.875
4791.000 5780.000 51151988.000 1.000 1260.000 540.000 597.000 111882.177 627758.729 706015.377 2169116.047 2286852235.739 1224289968826315.250
4905.000 5864.000 51151998.000 1.000 1260.000 540.000 614.000 109136.808 460107.532 854232.909 14583586.000 2031816463.970 509648020282372.875
5019.000 5942.000 51152008.000 1.000 1270.000 550.000 630.000 90678.909 318448.335 1004499.474 406918.739 708505991.666 1350713365556298.000
5126.000 6009.000 51152019.000 1.000 1290.000 550.000 638.000 91245.433 209134.510 1143289.600 15975727.978 738986158.810 448729796549574.188
5227.000 6065.000 51152029.000 1.000 1290.000 550.000 641.000 71025.552 126958.432 1266181.288 19238483.853 48503130.040 321143869416409.188
5307.000 6106.000 51152039.000 1.000 1310.000 550.000 645.000 46676.123 76348.469 1360132.559 15755256.894 302238577.612 458118989272789.312
5356.000 6139.000 51152049.000 1.000 1310.000 550.000 645.000 26735.284 51670.867 1438193.875 10456222.115 1393219014.116 713036812663658.875
5384.000 6158.000 51152059.000 1.000 1310.000 550.000 644.000 13501.235 39725.380 1484126.269 1303455.624 2556303300.055 1285618002547783.250
5390.000 6174.000 51152069.000 1.000 1340.000 550.000 634.000 11851.500 37369.633 1523366.180 5527006.283 2725845792.745 1000581209209836.250
5381.000 6186.000 51152079.000 1.000 1340.000 550.000 622.000 18846.825 40930.254 1553132.113 7617066.504 2044333660.693 872724137456546.875
5361.000 6199.000 51152089.000 1.000 1350.000 540.000 605.000 28487.461 49422.744 1585703.541 5409723.838 1265486149.614 1008014712770405.875
5327.000 6211.000 51152099.000 1.000 1360.000 550.000 589.000 35334.346 65695.979 1616069.474 4308802.449 825228299.459 1079133591849681.125
5283.000 6219.000 51152109.000 1.000 1370.000 540.000 566.000 40787.836 90187.458 1636473.429 1945129.018 541646359.826 1240014686450474.500
5232.000 6227.000 51152119.000 1.000 1370.000 540.000 559.000 38325.959 123420.309 1657005.385 2977633.278 662299188.081 1168363867216229.750
5184.000 6234.000 51152129.000 1.000 1390.000 540.000 554.000 34557.280 159450.287 1675075.846 5950797.750 870477350.181 973950094721840.250
5141.000 6242.000 51152139.000 1.000 1400.000 540.000 550.000 27025.578 195640.142 1695847.801 6370716.938 1371632344.622 947916605075729.625
5108.000 6251.000 51152149.000 1.000 1400.000 540.000 551.000 18962.400 225921.752 1719369.251 4994064.080 2033895730.947 1034581254816922.750
5084.000 6251.000 51152159.000 1.000 1410.000 530.000 551.000 12641.600 249312.741 1719369.251 174055.870 2643968388.466 1367883967462067.000
5068.000 6251.000 51152169.000 1.000 1410.000 530.000 551.000 12861.896 265546.733 1719369.251 2134272.637 2621361883.847 1226729514632585.250
5056.000 6240.000 51152179.000 1.000 1410.000 530.000 554.000 15563.165 278058.228 1690642.812 17043669.803 2352052913.831 404625353280652.750
5048.000 6222.000 51152189.000 1.000 1410.000 530.000 556.000 37134.700 286559.224 1644157.912 11236644.180 725032801.711 671967041983066.500
5048.000 6175.000 51152199.000 1.000 1410.000 530.000 564.000 51356.500 286559.224 1525835.674 17479224.280 161407703.254 387292441759042.312
5048.000 6110.000 51152209.000 1.000 1410.000 530.000 560.000 73479.300 286559.224 1369478.537 14357934.230 88701866.979 519887290294825.375
5048.000 6017.000 51152219.000 1.000 1410.000 530.000 575.000 91651.600 286559.224 1160461.556 10224251.125 761233861.483 725479149520262.250
5048.000 5901.000 51152229.000 1.000 1410.000 530.000 586.000 104592.052 286559.224 923996.202 14248442.962 1642755383.533 524892307547980.938
5038.000 5769.000 51152239.000 1.000 1400.000 540.000 600.000 86558.331 297365.469 687650.938 322709.234 506123911.495 1356910201100491.000
5027.000 5660.000 51152249.000 1.000 1400.000 540.000 614.000 86149.890 309483.339 518756.046 83066.373 487913179.564 1374622724249077.750
5012.000 5552.000 51152259.000 1.000 1400.000 540.000 624.000 86044.756 326397.707 374846.648 8126764.754 483279673.995 842869015436438.750
4998.000 5444.000 51152269.000 1.000 1390.000 550.000 645.000 75759.014 342590.451 254265.251 4635938.613 136840416.585 1057747653486966.125
4985.000 5349.000 51152279.000 1.000 1390.000 550.000 647.000 69891.480 357977.570 167483.280 20887067.798 33992944.493 264774842741513.406
4976.000 5261.000 51152289.000 1.000 1380.000 550.000 661.000 43455.500 368828.190 103199.771 14982192.240 424592117.152 491809528335472.062
4976.000 5206.000 51152299.000 1.000 1380.000 550.000 673.000 24493.100 368828.190 70887.578 8684672.536 1565629246.668 810785688637059.625
4976.000 5175.000 51152309.000 1.000 1360.000 560.000 679.000 13501.235 368828.190 55341.251 39273315.027 2556303300.055 4470449504647.844
4982.000 5159.000 51152319.000 1.000 1360.000 560.000 721.000 63208.000 361576.443 48069.340 253586853.639 727836.157 46841028264875232.000
4990.000 5159.000 51152320.000 1.000 1355.000 565.000 736.000 31112.461 352019.447 48069.340 9683396.247 1085614995.872 754907223079929.125
5024.000 5169.000 51152329.000 1.000 1350.000 570.000 770.000 42142.782 312830.213 52554.284 13700951.858 480414116.752 550278674934771.750
5070.000 5196.000 51152339.000 1.000 1340.000 570.000 784.000 59483.564 263489.484 65662.634 5208819.581 20954139.243 1020812193223878.250
5128.000 5244.000 51152349.000 1.000 1340.000 570.000 790.000 66076.172 207309.261 92566.366 1206506.403 4060381.602 1292579730320932.500
5191.000 5299.000 51152359.000 1.000 1320.000 580.000 794.000 67603.202 153908.915 129058.559 9271582.519 12546251.800 777706451588357.750
5252.000 5359.000 51152369.000 1.000 1310.000 580.000 793.000 55868.507 109767.819 175768.225 5715596.832 67119123.091 988685796317698.000
5302.000 5409.000 51152379.000 1.000 1310.000 580.000 793.000 48634.490 79136.592 220192.946 11208175.297 237981318.608 673443811854635.625
5344.000 5454.000 51152389.000 1.000 1310.000 580.000 776.000 34448.722 57270.361 264450.195 15963964.179 876894893.599 449228325769152.188
5370.000 5489.000 51152399.000 1.000 1310.000 580.000 740.000 14243.730 45502.124 301672.500 11253971.073 2481773655.739 671069035428540.250
5380.000 5504.000 51152409.000 1.000 1310.000 580.000 661.000 0.000 41335.878 318374.916 13733676.220 4103828779.343 548744448380277.062
5380.000 5504.000 51152419.000 1.000 1310.000 580.000 467.000 17382.200 41335.878 318374.916 41633519.919 2178922799.207 20021585573927.012
5358.000 5504.000 51152429.000 1.000 1310.000 580.000 67.000 70076.188 50765.618 318374.916 2205920.911 36180884.954 1221715729698289.500
4590.000 4644.000 51152559.000 0.000 1270.000 570.000 279.000 33780.818 986669.261 87469.712 23568934.252 916897485.054 184689106267058.312
4582.000 4602.000 51152569.000 1.000 1270.000 570.000 302.000 3950.500 1002626.257 114076.946 3121290.050 3613288216.644 1158563743125997.000
4577.000 4602.000 51152579.000 1.000 1270.000 570.000 297.000 0.000 1012664.380 114076.946 0.000 4103828779.343 1380789146163086.500
4577.000 4602.000 51152589.000 1.000 1240.000 570.000 302.000 0.000 1012664.380 114076.946 20448619.185 4103828779.343 279235866947848.562
4577.000 4602.000 51152599.000 1.000 1240.000 570.000 305.000 25881.052 1012664.380 114076.946 12637055.345 1457718595.953 601324360842887.625
4584.000 4570.000 51152609.000 1.000 1240.000 570.000 339.000 41875.300 998625.008 136717.124 3745548.060 492211192.172 1116456850896873.750
4584.000 4517.000 51152619.000 1.000 1230.000 560.000 407.000 46615.900 998625.008 178719.920 13979698.348 304336159.353 537278693391176.938
4584.000 4458.000 51152629.000 1.000 1230.000 560.000 463.000 64309.481 998625.008 232085.749 14602263.964 61676.659 508805044681833.562
4569.000 4378.000 51152639.000 1.000 1230.000 560.000 494.000 82791.020 1028829.376 315566.195 6101830.106 350808661.741 964546017546740.250
4545.000 4276.000 51152649.000 1.000 1220.000 570.000 533.000 90513.878 1078092.365 440567.764 2980127.624 699747710.561 1168193353270580.250
4513.000 4166.000 51152659.000 1.000 1220.000 570.000 545.000 86742.042 1145568.350 598693.377 2691201.485 514423626.658 1188027154247100.250
4475.000 4063.000 51152669.000 1.000 1220.000 570.000 557.000 83335.889 1228356.083 768695.451 1970772.503 371516213.414 1238209332767414.750
4436.000 3965.000 51152679.000 1.000 1220.000 570.000 564.000 80841.556 1316325.440 950142.998 7395673.373 281582591.318 885853901960595.125
4398.000 3870.000 51152689.000 1.000 1220.000 570.000 568.000 71481.129 1404965.172 1144371.028 10957742.831 55056338.544 686504371937170.750
4362.000 3787.000 51152699.000 1.000 1220.000 570.000 567.000 57612.324 1491603.655 1328838.990 9571774.694 41587139.340 761053415159250.500
4331.000 3721.000 51152709.000 1.000 1200.000 570.000 562.000 45497.687 1568286.016 1485358.359 16355566.183 344601532.640 432781663392074.062
4311.000 3667.000 51152719.000 1.000 1200.000 570.000 551.000 24797.059 1618778.506 1619899.660 12725318.206 1541667518.171 597003402261279.250
4299.000 3638.000 51152729.000 1.000 1200.000 570.000 524.000 8691.100 1649458.001 1694560.321 6866838.110 3065840570.065 917613331642733.500
4299.000 3627.000 51152739.000 1.000 1190.000 580.000 386.000 0.000 1649458.001 1723319.883 49697574.436 4103828779.343 157216569246986.781
4299.000 3627.000 51152749.000 1.000 1190.000 580.000 141.000 62900.360 1649458.001 1723319.883 2770133.696 1347394.285 1182592149985619.000
4825.000 4434.000 51152870.000 0.000 1170.000 580.000 195.000 105323.620 575037.495 255785.883 65736967.882 1702592821.767 816701890110609.375
4912.000 4535.000 51152880.000 1.000 1180.000 590.000 210.000 22122.800 450660.161 163824.819 14357934.230 1758823786.668 519887290294825.375
4912.000 4563.000 51152890.000 1.000 1180.000 590.000 215.000 3950.500 450660.161 141942.663 3121290.050 3613288216.644 1158563743125997.000
4917.000 4563.000 51152900.000 1.000 1200.000 580.000 233.000 0.000 443972.038 141942.663 4875610.708 4103828779.343 1042215369452720.750
4917.000 4563.000 51152910.000 1.000 1200.000 580.000 262.000 6170.878 443972.038 141942.663 11933050.962 3351281640.321 636347055601718.125
4912.000 4557.000 51152920.000 1.000 1210.000 590.000 304.000 21274.094 450660.161 146499.697 9395307.439 1830730718.476 770821029558674.000
4905.000 4531.000 51152930.000 1.000 1230.000 590.000 351.000 33165.383 460107.532 167078.842 8754479.452 954547376.791 806815155682216.250
4896.000 4490.000 51152940.000 1.000 1230.000 590.000 391.000 44245.600 472398.153 202277.570 2497032.040 392655353.673 1201450031481218.000
4896.000 4434.000 51152950.000 1.000 1230.000 590.000 445.000 47406.000 472398.153 255785.883 5780865.412 277393459.953 984585527504721.000
4896.000 4374.000 51152960.000 1.000 1250.000 590.000 485.000 54722.625 472398.153 320076.217 5858282.571 87207734.304 979733113299909.875
4902.000 4305.000 51152970.000 1.000 1250.000 590.000 513.000 62137.234 464186.406 402911.102 568224.908 3701387.906 1338882719641748.500
4918.000 4228.000 51152980.000 1.000 1250.000 590.000 536.000 62856.415 442640.413 506592.031 6620727.491 1451345.800 932584333367302.875
4938.000 4151.000 51152990.000 1.000 1260.000 600.000 561.000 54476.808 416427.923 622130.961 3398055.759 91859288.413 1139799416430165.250
4961.000 4086.000 51153000.000 1.000 1260.000 600.000 564.000 50176.016 387272.558 728893.823 3431724.290 192796478.027 1137527189138915.250
4989.000 4029.000 51153010.000 1.000 1260.000 600.000 581.000 45832.611 353207.071 829470.641 4999445.451 332279019.455 1034235101178490.375
5023.000 3982.000 51153020.000 1.000 1260.000 600.000 592.000 39505.000 313949.837 917290.403 1294069.236 603003674.851 1286291198215730.000
5063.000 3952.000 51153030.000 1.000 1260.000 600.000 610.000 37867.145 270724.856 975655.570 1578617.430 686125014.745 1265961579684477.250
5107.000 3933.000 51153040.000 1.000 1250.000 600.000 633.000 35869.148 226873.376 1013551.176 915457.266 794788026.205 1313592307668700.750
5152.000 3927.000 51153050.000 1.000 1250.000 600.000 650.000 34710.488 186030.272 1025668.210 1100487.625 861460370.208 1300214243085704.000
5195.000 3936.000 51153060.000 1.000 1250.000 600.000 669.000 36103.334 150786.417 1007519.660 1315333.197 781638532.823 1284766390615346.000
5237.000 3954.000 51153070.000 1.000 1250.000 600.000 687.000 37768.102 119932.187 971708.559 1750825.255 691323486.595 1253736804522959.250
5275.000 3983.000 51153080.000 1.000 1250.000 600.000 700.000 39984.056 95056.454 915375.898 3154598.296 579705643.666 1156297381646272.500
5300.000 4027.000 51153090.000 1.000 1230.000 610.000 694.000 43976.713 80265.841 833117.652 4582253.689 403383932.411 1061242528631372.125
5317.000 4080.000 51153100.000 1.000 1230.000 610.000 700.000 49776.300 70922.224 739174.857 4369806.070 204056457.874 1075129354793849.000
5317.000 4143.000 51153110.000 1.000 1230.000 610.000 703.000 55307.000 70922.224 634815.005 4917973.500 76634847.055 1039481937481405.875
5317.000 4213.000 51153120.000 1.000 1230.000 610.000 707.000 61531.495 70922.224 528169.615 5614670.248 6399069.126 995042927236841.375
5300.000 4289.000 51153130.000 1.000 1240.000 620.000 710.000 54425.217 80265.841 423479.191 7594321.105 92850879.881 874068539632162.750
5289.000 4357.000 51153140.000 1.000 1240.000 620.000 708.000 44813.369 86619.711 339600.812 4818400.357 370476424.438 1045912527255895.750
5280.000 4413.000 51153150.000 1.000 1230.000 620.000 710.000 38714.900 91998.332 277468.500 6817605.399 642431534.451 920598483177867.250
5280.000 4462.000 51153160.000 1.000 1230.000 620.000 710.000 30086.112 91998.332 228247.727 3079315.197 1154302061.549 1161422958345981.750
5289.000 4499.000 51153170.000 1.000 1230.000 620.000 708.000 33983.486 86619.711 194263.020 3178988.683 904664857.554 1154639216903985.000
5314.000 4534.000 51153180.000 1.000 1230.000 620.000 710.000 38007.013 72529.098 164635.325 2730825.000 678817176.335 1185297255883516.750
5349.000 4567.000 51153190.000 1.000 1230.000 620.000 708.000 41463.316 54902.239 138944.641 5746990.665 510661339.550 986712525798053.625
5394.000 4594.000 51153200.000 1.000 1230.000 620.000 710.000 48737.067 35839.135 119544.990 3485506.397 234827003.102 1133902236841700.000
5452.000 4615.000 51153210.000 1.000 1230.000 620.000 713.000 53148.542 17242.912 105464.373 8668480.227 119084645.416 811708080115387.625
5518.000 4628.000 51153220.000 1.000 1230.000 620.000 716.000 64119.913 4265.692 97189.801 528013.559 3455.072 1341827063138947.250
5599.000 4633.000 51153230.000 1.000 1230.000 620.000 721.000 64788.200 246.105 94097.273 1828690.401 528626.217 1248228746585159.250
5681.000 4633.000 51153240.000 1.000 1230.000 620.000 724.000 67102.705 9542.893 94097.273 8590145.763 9251159.372 816177791094209.250
5764.000 4615.000 51153250.000 1.000 1240.000 630.000 728.000 56230.479 32648.057 105464.373 4783631.216 61319144.280 1048162643889548.875
5831.000 4591.000 51153260.000 1.000 1240.000 630.000 731.000 50176.016 61349.213 121628.507 11552459.792 192796478.027 655693430292358.125
5888.000 4563.000 51153270.000 1.000 1240.000 630.000 731.000 35554.500 92834.614 141942.663 69620224.051 812628133.051 1053732931833832.000
5924.000 4536.000 51153280.000 1.000 1240.000 630.000 730.000 123670.212 116068.131 163016.314 666922043.127 3553242282.387 396601526669368640.000
5931.000 4522.000 51153281.000 1.000 1245.000 635.000 722.000 39260.385 120886.759 174517.392 13404863.815 615077108.366 564257621187226.625
5939.000 4478.000 51153290.000 1.000 1250.000 640.000 673.000 23990.954 126513.763 213215.637 5683345.740 1605619256.413 990715002774490.375
5930.000 4449.000 51153300.000 1.000 1250.000 640.000 565.000 16797.756 120192.384 240838.299 9945371.108 2233826818.797 740580034010389.500
5916.000 4433.000 51153310.000 1.000 1250.000 640.000 281.000 29385.240 110681.127 256798.388 28600.029 1202417565.144 1378664468812636.000
7208.000 6257.000 51153911.000 0.000 1400.000 560.000 10.000 27209.741 2639610.228 1735140.217 18377126.314 1358025102.749 352757700112157.188
7177.000 6242.000 51153921.000 1.000 1400.000 560.000 47.000 3950.500 2539840.588 1695847.801 3121290.050 3613288216.644 1158563743125997.000
7172.000 6242.000 51153931.000 1.000 1400.000 560.000 88.000 0.000 2523928.711 1695847.801 5370070.300 4103828779.343 1010534225152854.000
7172.000 6242.000 51153941.000 1.000 1400.000 560.000 137.000 6796.697 2523928.711 1695847.801 7739347.910 3279215646.577 865514238896343.250
7179.000 6237.000 51153951.000 1.000 1400.000 560.000 215.000 16592.100 2546219.339 1682850.329 6492680.724 2253309107.366 940421376114456.875
7200.000 6237.000 51153961.000 1.000 1400.000 560.000 272.000 24809.643 2613679.224 1682850.329 13577669.395 1540679478.310 556077798321937.812
7231.000 6242.000 51153971.000 1.000 1410.000 560.000 337.000 41994.391 2714874.863 1695847.801 13410125.529 486941108.729 564007674233308.750
7283.000 6253.000 51153981.000 1.000 1410.000 560.000 374.000 58967.085 2888938.387 1724618.240 9402256.368 25949326.466 770435222388745.625
7354.000 6276.000 51153991.000 1.000 1410.000 560.000 396.000 70867.169 3135335.045 1785556.611 6884609.039 46322124.110 916537008753208.750
7437.000 6310.000 51154001.000 1.000 1410.000 560.000 425.000 79580.761 3436158.209 1877577.422 1093697.505 240858848.874 1300703972053426.750
7529.000 6351.000 51154011.000 1.000 1410.000 560.000 427.000 80965.013 3785700.752 1991618.693 1093697.505 285741154.279 1300703972053426.750
7619.000 6400.000 51154021.000 1.000 1410.000 560.000 435.000 79580.761 4144024.544 2132321.920 6427126.127 240858848.874 944446306156662.250
7707.000 6449.000 51154031.000 1.000 1410.000 560.000 436.000 71446.188 4510049.584 2277827.147 10002152.435 54539035.267 737492809469707.125
7783.000 6498.000 51154041.000 1.000 1410.000 560.000 441.000 58786.838 4838626.120 2428134.373 5279569.875 27818189.237 1016296233576690.500
7843.000 6542.000 51154051.000 1.000 1410.000 560.000 440.000 52104.684 5106188.648 2567196.128 11907585.249 142956676.068 637632496197923.750
7893.000 6585.000 51154061.000 1.000 1410.000 560.000 443.000 37033.699 5334657.421 2706838.388 6366136.728 730482196.260 948198659394840.500
7919.000 6624.000 51154071.000 1.000 1400.000 560.000 449.000 28976.318 5455437.183 2836688.671 2675551.975 1230944253.497 1189106206570253.500
7926.000 6660.000 51154081.000 1.000 1420.000 570.000 443.000 25589.972 5488185.811 2959250.470 3013491.966 1480030239.557 1165913757192472.250
7921.000 6692.000 51154091.000 1.000 1420.000 570.000 441.000 29404.036 5464783.934 3070370.292 2025724.748 1201114382.259 1234345011476668.250
7902.000 6724.000 51154101.000 1.000 1420.000 570.000 443.000 26840.152 5376312.800 3183538.113 633706.816 1385401437.118 1334094943747607.000
7877.000 6747.000 51154111.000 1.000 1420.000 570.000 440.000 27642.211 5261003.413 3266142.485 5253163.153 1326337889.931 1017980591872211.875
7847.000 6765.000 51154121.000 1.000 1420.000 570.000 441.000 20993.479 5124282.150 3331527.385 356239.498 1854822833.232 1354441066197126.750
7822.000 6774.000 51154131.000 1.000 1420.000 570.000 443.000 20542.600 5011722.763 3364462.834 0.000 1893862726.767 1380789146163086.500
7796.000 6774.000 51154141.000 1.000 1420.000 570.000 444.000 20542.600 4895987.001 3364462.834 4892839.628 1893862726.767 1041103251415350.000
7770.000 6774.000 51154151.000 1.000 1420.000 570.000 448.000 26735.284 4781603.239 3364462.834 6244310.419 1393219014.116 955716255797248.125
7742.000 6755.000 51154161.000 1.000 1420.000 570.000 439.000 34638.474 4659932.726 3295122.440 5487333.781 865692870.943 1003092621506012.500
7711.000 6724.000 51154171.000 1.000 1420.000 570.000 440.000 41583.587 4527055.086 3183538.113 3726540.624 505240080.533 1117727419186070.000
7678.000 6683.000 51154181.000 1.000 1420.000 570.000 447.000 46300.130 4387716.696 3038910.842 5466573.904 315453232.584 1004408051076004.000
7653.000 6630.000 51154191.000 1.000 1420.000 570.000 453.000 53218.968 4283607.309 2856935.637 3419794.571 117552544.950 1138332044615442.500
7632.000 6566.000 51154201.000 1.000 1420.000 570.000 463.000 57547.274 4197121.425 2644679.994 1975507.573 42430360.912 1237876118019590.750
7621.000 6494.000 51154211.000 1.000 1420.000 570.000 465.000 60047.600 4152171.295 2415684.396 1248516.020 16108448.276 1289560796569955.500
7621.000 6418.000 51154221.000 1.000 1420.000 570.000 473.000 58467.400 4152171.295 2185214.819 4407091.679 31289850.456 1072685617024000.875
7621.000 6344.000 51154231.000 1.000 1420.000 570.000 490.000 52889.509 4152171.295 1971910.232 2499401.550 124805185.954 1201285773472525.750
7637.000 6279.000 51154241.000 1.000 1400.000 560.000 504.000 49726.110 4217633.302 1793583.095 2706866.798 205492888.461 1186947502844809.500
7656.000 6219.000 51154251.000 1.000 1400.000 560.000 512.000 46300.130 4296034.436 1636473.429 4867214.315 315453232.584 1042757567517486.625
7681.000 6166.000 51154261.000 1.000 1400.000 560.000 538.000 40139.879 4400293.822 1503682.225 3993912.835 572226399.691 1099921101281143.375
7711.000 6125.000 51154271.000 1.000 1400.000 560.000 556.000 45194.825 4527055.086 1404810.953 2661860.332 355937582.881 1190050663364271.750
7757.000 6091.000 51154281.000 1.000 1390.000 560.000 575.000 48563.842 4724918.358 1325370.143 7409575.182 240166032.717 885026567855621.000
7814.000 6068.000 51154291.000 1.000 1400.000 560.000 602.000 57941.864 4975967.759 1272941.771 520555.015 37445454.823 1342373545988589.000
7887.000 6061.000 51154301.000 1.000 1400.000 560.000 617.000 58600.711 5306977.168 1257195.310 3209181.564 29816209.961 1152588221372526.250
7961.000 6066.000 51154311.000 1.000 1400.000 560.000 634.000 62662.452 5653398.953 1268432.782 3699008.800 1956308.935 1119569088780514.250
8038.000 6085.000 51154321.000 1.000 1400.000 560.000 642.000 67344.149 6025491.863 1311591.176 2644167.622 10778193.129 1191271671155738.250
8117.000 6117.000 51154331.000 1.000 1400.000 560.000 637.000 70690.773 6419573.525 1385910.998 2953517.846 43952124.657 1170013044234526.750
8196.000 6159.000 51154341.000 1.000 1420.000 570.000 641.000 74428.930 6826137.187 1486563.764 1798192.541 107491211.704 1250384672624292.000
8271.000 6216.000 51154351.000 1.000 1420.000 570.000 646.000 76704.835 7223665.347 1628806.946 1395337.143 159863196.693 1279037526276364.250
8344.000 6280.000 51154361.000 1.000 1420.000 570.000 647.000 74938.809 7621396.756 1796262.589 6734335.180 118323832.088 925658481469627.750
8408.000 6350.000 51154371.000 1.000 1420.000 570.000 647.000 66415.413 7978860.785 1988797.199 5822232.678 5542633.653 981991185851854.875
8453.000 6421.000 51154381.000 1.000 1430.000 570.000 650.000 59046.431 8235107.681 2194093.303 13122316.593 25147237.566 577760768267306.875
8484.000 6489.000 51154391.000 1.000 1430.000 570.000 650.000 42438.006 8413989.321 2400166.924 9433586.204 467559627.367 768696977295544.125
8506.000 6538.000 51154401.000 1.000 1430.000 570.000 652.000 30498.269 8542103.581 2554394.150 15981328.207 1126465849.365 448492565885295.125
8517.000 6575.000 51154411.000 1.000 1430.000 590.000 650.000 10271.300 8606523.711 2674033.444 3121290.050 2893346149.365 1158563743125997.000
8517.000 6588.000 51154421.000 1.000 1430.000 590.000 655.000 6320.800 8606523.711 2716718.872 4994064.080 3333946071.264 1034581254816922.750
8517.000 6596.000 51154431.000 1.000 1430.000 590.000 653.000 0.000 8606523.711 2743154.827 0.000 4103828779.343 1380789146163086.500
8517.000 6596.000 51154441.000 1.000 1430.000 590.000 653.000 0.000 8606523.711 2743154.827 0.000 4103828779.343 1380789146163086.500
8517.000 6596.000 51154451.000 1.000 1430.000 590.000 650.000 0.000 8606523.711 2743154.827 3121290.050 4103828779.343 1158563743125997.000
8517.000 6596.000 51154461.000 1.000 1450.000 590.000 647.000 3950.500 8606523.711 2743154.827 3121290.050 3613288216.644 1158563743125997.000
8517.000 6591.000 51154471.000 1.000 1450.000 590.000 644.000 0.000 8606523.711 2726617.355 5618322.090 4103828779.343 994812550966094.500
8517.000 6591.000 51154481.000 1.000 1450.000 590.000 646.000 7110.900 8606523.711 2726617.355 8410131.749 3243329054.844 826495774050549.500
8517.000 6582.000 51154491.000 1.000 1450.000 590.000 647.000 17755.289 8606523.711 2696975.905 8139298.901 2144231201.635 842141384652760.625
8525.000 6561.000 51154501.000 1.000 1450.000 590.000 649.000 28056.895 8653526.715 2628442.522 4935399.155 1296305164.133 1038358600126717.125
8531.000 6526.000 51154511.000 1.000 1450.000 590.000 650.000 34303.445 8688862.967 2516180.217 7282076.745 885520003.513 892628826713978.750
8537.000 6483.000 51154521.000 1.000 1450.000 590.000 650.000 43520.097 8724271.220 2381611.957 1148159.888 421934165.757 1296778536698544.000
8552.000 6430.000 51154531.000 1.000 1450.000 590.000 650.000 44973.280 8813106.852 2220836.753 2003119.987 364346137.542 1235933879733649.750
8570.000 6376.000 51154541.000 1.000 1460.000 580.000 653.000 42438.006 8920303.611 2062806.054 279160063.794 467559627.367 58564528780736008.000
8592.000 6327.000 51154551.000 1.000 1460.000 580.000 656.000 395760.451 9052201.871 1924454.827 2864417857.848 110024437467.951 7993392811710046208.000
8614.000 6282.000 51154552.000 1.000 1460.000 580.000 655.000 33221.803 9185068.131 1801627.578 4470976.795 951064283.562 1068504983077721.500
8632.000 6244.000 51154562.000 1.000 1460.000 580.000 656.000 27563.055 9294496.889 1701060.790 4365358.597 1332109708.006 1075421032427742.250
8648.000 6213.000 51154572.000 1.000 1460.000 580.000 652.000 22037.984 9392310.897 1621158.463 1315529.142 1765945063.749 1284752343890414.250
8655.000 6186.000 51154582.000 1.000 1460.000 580.000 646.000 23703.000 9435265.525 1553132.113 240847.763 1628778910.648 1362947843594443.750
8655.000 6156.000 51154592.000 1.000 1460.000 580.000 616.000 23398.168 9435265.525 1479257.280 1923575.880 1653476734.080 1241533088591551.750
8649.000 6127.000 51154602.000 1.000 1440.000 580.000 527.000 25832.766 9398441.272 1409555.942 1580786.254 1461408054.287 1265807249337582.750
8636.000 6097.000 51154612.000 1.000 1440.000 580.000 371.000 27833.508 9318902.391 1339221.109 44155430.628 1312440823.376 48950443488195.742
8616.000 6068.000 51154622.000 1.000 1430.000 590.000 51.000 83719.384 9197194.882 1272941.771 1564735.896 386446826.825 1266949592164706.500
6699.000 5140.000 51154823.000 0.000 1320.000 570.000 415.000 43912.788 1244759.116 40098.946 9455040.579 405955811.931 767507775969116.250
6707.000 5085.000 51154833.000 1.000 1310.000 560.000 425.000 55879.679 1262674.120 21096.753 29259657.945 66936191.866 62399151074208.773
6668.000 5144.000 51154843.000 1.000 1310.000 560.000 422.000 18846.825 1176547.477 41716.924 14772876.578 2044333660.693 501137235751008.500
6681.000 5164.000 51154853.000 1.000 1310.000 560.000 428.000 37544.302 1204918.358 50286.812 20421039.164 703142333.774 280158371328486.562
6728.000 5157.000 51154863.000 1.000 1300.000 560.000 433.000 63390.447 1310310.005 47196.351 17764328.705 449819.900 376152160390295.188
6802.000 5188.000 51154873.000 1.000 1300.000 560.000 448.000 85874.093 1485199.789 61626.678 12275069.450 475805217.799 619208570000620.125
6900.000 5235.000 51154883.000 1.000 1310.000 570.000 445.000 101410.189 1733666.584 87170.916 14586262.859 1394951973.539 509527165201447.062
7015.000 5292.000 51154893.000 1.000 1310.000 570.000 464.000 119871.476 2049729.763 124078.098 13906852.708 3114794370.010 540661017820543.688
7148.000 5365.000 51154903.000 1.000 1310.000 570.000 496.000 137472.859 2448247.700 180835.191 9912836.371 5389281493.558 742351867167967.625
7305.000 5440.000 51154913.000 1.000 1320.000 580.000 515.000 150019.165 2964208.648 250247.273 289676.733 7388783241.027 1359344879971976.750
7479.000 5516.000 51154923.000 1.000 1320.000 580.000 532.000 149652.532 3593631.979 332060.849 8323901.025 7325887558.595 831461276281161.250
7655.000 5586.000 51154933.000 1.000 1340.000 580.000 543.000 160187.782 4291890.060 417635.459 5897534.739 9240332620.811 977277414249608.750
7846.000 5654.000 51154943.000 1.000 1340.000 580.000 562.000 167652.071 5119755.774 510149.080 10590812.489 10731082406.453 705867061240079.875
8047.000 5722.000 51154953.000 1.000 1350.000 590.000 560.000 154247.676 6069757.242 611910.701 3144273.269 8133612512.811 1156999680390692.500
8230.000 5790.000 51154963.000 1.000 1350.000 590.000 569.000 158227.265 7004955.953 722920.321 20331556.389 8867260389.237 283161891721487.938
8418.000 5859.000 51154973.000 1.000 1360.000 600.000 567.000 132494.375 8035454.540 845015.437 18416407.716 4683108591.296 351283688736327.125
8573.000 5923.000 51154983.000 1.000 1360.000 600.000 570.000 109185.417 8938232.737 966775.080 25252763.768 2036200993.764 141757777182700.781
8704.000 5967.000 51154993.000 1.000 1380.000 600.000 566.000 77223.939 9738691.923 1055236.834 26794133.513 173259458.075 107429861817745.156
8796.000 6000.000 51155003.000 1.000 1380.000 600.000 565.000 43311.607 10321362.466 1124124.150 15659975.575 430542835.087 462206816077845.312
8849.000 6014.000 51155013.000 1.000 1380.000 600.000 526.000 23491.362 10664716.365 1154007.072 12317945.016 1645906330.455 617076585564770.625
8877.000 6024.000 51155023.000 1.000 1390.000 600.000 458.000 7901.000 10848378.878 1175592.017 67716300.329 3153960554.444 933750358958171.375
8877.000 6014.000 51155033.000 1.000 1390.000 600.000 304.000 93606.987 10848378.878 1154007.072 2579058.405 872957480.242 1195770374047294.500
6943.000 4645.000 51155233.000 0.000 1340.000 600.000 241.000 28322.633 1848750.729 86879.206 15625329.689 1277240392.347 463697719923485.688
6929.000 4612.000 51155243.000 1.000 1340.000 600.000 242.000 8546.238 1810875.473 107421.890 738713.476 3081903582.546 1326435178093489.000
6920.000 4606.000 51155253.000 1.000 1340.000 600.000 249.000 9481.200 1786734.094 111390.924 10612386.170 2978969101.705 704721180699009.500
6932.000 4606.000 51155263.000 1.000 1310.000 600.000 275.000 22912.900 1818958.599 111390.924 7966297.814 1693177090.648 852212183758788.000
6961.000 4606.000 51155273.000 1.000 1310.000 600.000 315.000 32995.545 1898023.488 111390.924 12538445.334 965070766.563 606170297576212.750
7001.000 4618.000 51155283.000 1.000 1310.000 600.000 394.000 48864.986 2009838.506 103524.857 13321636.700 230922887.939 568218519606370.250
7058.000 4642.000 51155293.000 1.000 1310.000 600.000 449.000 65725.683 2174703.908 88656.723 9631600.276 2770726.232 757756154077184.125
7132.000 4680.000 51155303.000 1.000 1310.000 600.000 467.000 77916.039 2398433.692 67471.511 11997749.090 191958416.354 633087101806921.000
7217.000 4730.000 51155313.000 1.000 1310.000 600.000 498.000 93101.141 2668935.607 43996.232 1347371.752 843322056.435 1282470660344474.000
7319.000 4789.000 51155323.000 1.000 1310.000 610.000 499.000 91395.823 3012611.904 22726.403 2761908.324 747185269.673 1183157939605821.500
7414.000 4855.000 51155333.000 1.000 1310.000 610.000 512.000 87900.179 3351417.573 7183.035 10369261.339 568300107.455 717688558416670.875
7505.000 4919.000 51155343.000 1.000 1310.000 610.000 514.000 74776.193 3692883.741 430.678 13612568.902 114812507.776 554433064677516.062
7579.000 4978.000 51155353.000 1.000 1320.000 610.000 514.000 57547.274 3982769.525 1462.849 7006511.988 42430360.912 909170801011033.125
7630.000 5030.000 51155363.000 1.000 1340.000 610.000 514.000 48679.394 4188930.674 8144.559 12722771.714 236597899.010 597127848950039.000
7666.000 5080.000 51155373.000 1.000 1340.000 610.000 514.000 32576.658 4337588.190 19669.280 3265529.126 991272174.921 1148765420659095.250
7682.000 5118.000 51155383.000 1.000 1340.000 610.000 512.000 28443.600 4404490.198 31772.069 947698.877 1268608667.069 1311256248630324.750
7682.000 5154.000 51155393.000 1.000 1340.000 610.000 505.000 27244.133 4404490.198 45901.868 99683390.784 1355491499.402 3909303035026915.000
7665.000 5184.000 51155403.000 1.000 1340.000 610.000 514.000 153409.670 4333423.815 59656.701 836636937.406 7983161038.797 639165018330104704.000
7649.000 5195.000 51155404.000 1.000 1340.000 610.000 512.000 47519.664 4267065.808 65151.139 11197704.540 273620201.351 673987370448657.250
7596.000 5206.000 51155413.000 1.000 1340.000 610.000 509.000 34764.400 4050911.908 70887.578 4080846.747 858298572.750 1094162322242527.750
7552.000 5206.000 51155423.000 1.000 1350.000 600.000 510.000 39929.375 3875731.387 70887.578 3660173.804 582341750.988 1122169431955126.625
7507.000 5183.000 51155433.000 1.000 1350.000 600.000 512.000 44561.920 3700574.492 59169.206 3197449.369 380219313.128 1153384970123106.000
7462.000 5149.000 51155443.000 1.000 1350.000 600.000 514.000 48608.812 3529467.596 43784.396 8380222.513 238774228.653 828216380265123.250
7418.000 5106.000 51155453.000 1.000 1360.000 600.000 519.000 59215.346 3366079.075 27638.135 673989.274 23481653.018 1331153911561070.500
7379.000 5042.000 51155463.000 1.000 1380.000 600.000 512.000 60068.389 3224494.432 10454.492 807449.016 15942005.778 1321433170494539.500
7345.000 4974.000 51155473.000 1.000 1380.000 600.000 521.000 59046.431 3103543.666 1172.872 5955942.091 25147237.566 973629030212892.500
7329.000 4901.000 51155483.000 1.000 1380.000 600.000 532.000 51508.218 3047425.659 1501.779 2616904.432 157575678.544 1193154381736837.000
7324.000 4836.000 51155493.000 1.000 1380.000 600.000 544.000 48196.100 3029993.782 10764.641 9815255.070 251699276.573 747678815860440.375
7324.000 4775.000 51155503.000 1.000 1360.000 600.000 551.000 35773.299 3029993.782 27143.481 4281273.785 800201560.404 1080942992196891.875
7347.000 4736.000 51155513.000 1.000 1360.000 600.000 564.000 30354.651 3110594.417 41515.199 5036396.058 1136126938.339 1031859838525843.125
7377.000 4712.000 51155523.000 1.000 1350.000 600.000 586.000 36729.029 3217315.681 51871.332 944778.667 747043916.789 1311467746197485.500
7421.000 4697.000 51155533.000 1.000 1350.000 600.000 589.000 37924.800 3377096.202 58928.916 8038523.226 683107910.071 848000494532825.500
7469.000 4697.000 51155543.000 1.000 1340.000 610.000 594.000 48098.858 3555818.224 58928.916 6424793.752 254794227.685 944589667971286.125
7528.000 4712.000 51155553.000 1.000 1340.000 610.000 602.000 56230.479 3781810.376 51871.332 3546841.070 61319144.280 1129775296869761.750
7595.000 4736.000 51155563.000 1.000 1340.000 610.000 602.000 60719.583 4046887.532 41515.199 5943427.697 11165957.347 974410160825335.750
7660.000 4777.000 51155573.000 1.000 1320.000 610.000 606.000 68241.957 4312631.938 26488.470 3231478.186 17479288.138 1151074787255580.000
7724.000 4835.000 51155583.000 1.000 1320.000 610.000 608.000 72331.918 4582543.967 10973.147 3115960.035 68405882.179 1158926614238037.750
7783.000 4905.000 51155593.000 1.000 1320.000 610.000 606.000 68388.164 4838626.120 1207.756 1354840.567 18723196.052 1281935775704299.250
7839.000 4971.000 51155603.000 1.000 1320.000 610.000 606.000 66673.393 5088127.146 976.388 7103537.848 6823901.570 903329078441808.375
7894.000 5035.000 51155613.000 1.000 1320.000 610.000 611.000 57682.711 5339277.796 9072.031 10633386.238 40684269.012 703606661517150.250
7937.000 5094.000 51155623.000 1.000 1300.000 620.000 609.000 44224.432 5539845.941 23792.202 5794824.109 393494712.168 983709727405611.750
7974.000 5136.000 51155633.000 1.000 1300.000 620.000 609.000 36890.140 5715387.834 38512.968 4728913.631 738262868.283 1051708638746743.125
8008.000 5168.000 51155643.000 1.000 1300.000 620.000 613.000 30904.931 5879110.599 52096.790 1569448.319 1099333740.432 1266614144184709.000
8041.000 5189.000 51155653.000 1.000 1320.000 630.000 614.000 32891.323 6040228.990 62124.173 4293905.904 971557064.242 1080112521793061.125
8079.000 5206.000 51155663.000 1.000 1320.000 630.000 616.000 38325.959 6228457.257 70887.578 3796515.041 662299188.081 1113053485917811.125
8126.000 5218.000 51155673.000 1.000 1320.000 630.000 619.000 43131.066 6465260.904 77421.511 2943328.716 438067710.538 1170710195676276.750
8180.000 5226.000 51155683.000 1.000 1330.000 620.000 619.000 46856.327 6742787.179 81937.466 1058554.647 296005354.358 1303240080663505.500
8239.000 5232.000 51155693.000 1.000 1330.000 620.000 620.000 48196.100 7052677.332 85408.433 1248516.020 251699276.573 1289560796569955.500
8300.000 5232.000 51155703.000 1.000 1350.000 630.000 611.000 46615.900 7380392.235 85408.433 5762233.274 304336159.353 985755157058496.875
8359.000 5232.000 51155713.000 1.000 1370.000 620.000 613.000 39322.857 7704442.387 85408.433 2482334.600 611982306.441 1202469131040319.500
8405.000 5213.000 51155723.000 1.000 1370.000 620.000 616.000 36181.059 7961921.659 74664.039 1454761.354 777298534.122 1274790606031728.500
8444.000 5189.000 51155733.000 1.000 1370.000 620.000 622.000 34339.822 8183534.302 62124.173 3456749.128 883356335.956 1135839777597496.750
8461.000 5149.000 51155743.000 1.000 1380.000 610.000 634.000 38714.900 8281086.685 43784.396 5945120.882 642431534.451 974304456311907.500
8461.000 5100.000 51155753.000 1.000 1400.000 620.000 647.000 46239.417 8281086.685 25679.169 4582051.423 317613566.220 1061255706997001.750
8444.000 5044.000 51155763.000 1.000 1400.000 620.000 636.000 52038.748 8183534.302 10867.481 8326838.617 144537744.485 831291873567240.500
8411.000 4987.000 51155773.000 1.000 1400.000 620.000 644.000 62577.716 7995817.912 2232.299 5406858.936 2200526.415 1008196637943026.750
8363.000 4924.000 51155783.000 1.000 1410.000 610.000 644.000 69420.975 7726663.889 248.150 6072440.756 28727904.751 966372379664221.750
8305.000 4858.000 51155793.000 1.000 1400.000 620.000 636.000 77106.636 7407584.112 6683.518 2013029.422 170185144.837 1235237228684150.000
8237.000 4788.000 51155803.000 1.000 1400.000 620.000 613.000 74558.820 7042058.581 23028.909 23148.350 110201429.384 1379069344263800.000
8165.000 4727.000 51155813.000 1.000 1400.000 620.000 509.000 74588.118 6665111.547 45263.749 2669186.139 110817410.216 1189545278678078.750
8089.000 4671.000 51155823.000 1.000 1380.000 630.000 307.000 77966.407 6278471.012 72228.061 1197979.145 193356641.086 1293192954922448.000
6555.000 3968.000 51155994.000 0.000 1290.000 600.000 264.000 52038.748 944177.049 944303.481 13556396.742 144537744.485 557081524552036.000
6522.000 3911.000 51156004.000 1.000 1310.000 600.000 282.000 34880.924 881134.659 1058332.299 20279381.345 851484605.528 284920556180796.375
6479.000 3921.000 51156014.000 1.000 1290.000 590.000 279.000 9214.070 802256.514 1037857.243 14281729.875 3008200335.222 523368174041127.938
6485.000 3931.000 51156024.000 1.000 1290.000 590.000 284.000 27289.921 813040.767 1017582.188 10899649.938 1352122042.338 689551957042236.375
6517.000 3944.000 51156034.000 1.000 1290.000 590.000 294.000 41085.200 871772.782 991523.615 17964567.698 527893503.712 368425128649276.000
6565.000 3964.000 51156044.000 1.000 1290.000 590.000 334.000 63822.281 963710.804 952093.503 18327470.109 57050.345 354625436138104.312
6634.000 4006.000 51156054.000 1.000 1280.000 580.000 389.000 87018.674 1103944.711 871894.269 5101835.300 527048682.281 1027659966873753.250
6727.000 4065.000 51156064.000 1.000 1290.000 590.000 450.000 93475.876 1308021.629 765192.440 4398881.750 865227097.446 1073223465639122.625
6836.000 4111.000 51156074.000 1.000 1290.000 590.000 491.000 99043.376 1569226.555 686831.184 5545346.084 1223757315.428 999421297671778.750
6953.000 4156.000 51156084.000 1.000 1290.000 590.000 512.000 106061.913 1876044.484 614268.433 17187602.321 1764065508.742 398855577868208.500
7075.000 4212.000 51156094.000 1.000 1310.000 600.000 546.000 127815.618 2225132.291 529624.121 13245273.535 4064634339.603 571864939565851.500
7224.000 4275.000 51156104.000 1.000 1310.000 600.000 568.000 144579.665 2691856.235 441896.269 5319127.812 6483233972.686 1013775631702769.000
7390.000 4352.000 51156114.000 1.000 1310.000 600.000 584.000 151311.886 3264120.562 345453.340 2487327.242 7612693874.416 1202122899901436.250
7564.000 4432.000 51156124.000 1.000 1310.000 600.000 602.000 154460.003 3923123.893 257812.894 1542498.008 8171955671.737 1268533167927945.000
7741.000 4515.000 51156134.000 1.000 1320.000 600.000 619.000 152507.721 4655616.350 180414.931 734765.346 7822798903.853 1326722777506061.750
7918.000 4592.000 51156144.000 1.000 1320.000 600.000 614.000 151577.756 5450766.808 120932.002 15493677.697 7659159276.598 469384945789916.750
8095.000 4666.000 51156154.000 1.000 1320.000 600.000 622.000 131967.988 6308575.265 74940.589 14262110.902 4611340936.805 524266214907883.500
8248.000 4733.000 51156164.000 1.000 1340.000 610.000 624.000 113916.968 7100560.711 42746.715 10482088.409 2485604269.462 711656079408099.500
8380.000 4791.000 51156174.000 1.000 1320.000 610.000 625.000 100650.181 7821462.272 22127.392 30959804.607 1338758423.209 38429667368768.906
8498.000 4839.000 51156184.000 1.000 1330.000 620.000 627.000 61465.515 8495404.577 10151.124 23710907.321 6737233.535 180850424091624.875
8572.000 4863.000 51156194.000 1.000 1330.000 620.000 619.000 31455.507 8932254.361 5890.990 14864867.921 1063126856.064 497027044326922.875
8611.000 4871.000 51156204.000 1.000 1330.000 620.000 614.000 12641.600 9166893.005 4726.946 15137772.411 2643968388.466 484933199376314.312
8627.000 4871.000 51156214.000 1.000 1370.000 620.000 592.000 31800.912 9264035.012 4726.946 22107788.890 1040721868.083 226538091164990.312
8609.000 4835.000 51156224.000 1.000 1370.000 620.000 557.000 59781.913 9154786.254 10973.147 17364196.781 18311725.017 391833097239979.188
8555.000 4782.000 51156234.000 1.000 1350.000 630.000 522.000 81759.127 8830927.979 24885.942 24303555.800 313218986.624 165261707016468.500
8477.000 4714.000 51156244.000 1.000 1350.000 630.000 465.000 112519.228 8373428.692 50964.321 8732590.521 2348186957.338 808059122730692.875
8362.000 4630.000 51156254.000 1.000 1350.000 630.000 382.000 123571.741 7721105.514 95946.790 9318327.206 3541512447.716 775101462136894.375
8237.000 4536.000 51156264.000 1.000 1350.000 630.000 309.000 135365.599 7042058.581 163016.314 843822.059 5084326851.400 1318790062528364.750
8104.000 4428.000 51156274.000 1.000 1350.000 630.000 262.000 136433.593 6353866.644 261890.916 796006.788 5237772946.004 1322265186230773.750
7977.000 4311.000 51156284.000 1.000 1370.000 630.000 240.000 137441.069 5729740.960 395330.069 18896500.129 5384614986.632 333517852332342.000
7853.000 4189.000 51156294.000 1.000 1370.000 630.000 239.000 113524.476 5151482.402 563629.749 14057356.487 2446622286.761 533684605780073.125
7756.000 4083.000 51156304.000 1.000 1370.000 630.000 240.000 95732.606 4720571.982 734025.340 16006168.951 1003082193.042 447441046127942.250
7676.000 3992.000 51156314.000 1.000 1370.000 630.000 247.000 75474.197 4379341.945 898235.347 9051852.549 130258026.644 790010123037227.750
7627.000 3910.000 51156324.000 1.000 1370.000 620.000 251.000 64017.606 4176659.547 1060390.805 8923072.570 1894.612 797265975638604.375
7594.000 3836.000 51156334.000 1.000 1370.000 620.000 252.000 52724.007 4042865.157 1218270.217 7323047.381 128530429.143 890182354565853.500
7572.000 3773.000 51156344.000 1.000 1370.000 620.000 284.000 43455.500 3954878.897 1361312.069 13405248.242 424592117.152 564239357894474.250
7572.000 3718.000 51156354.000 1.000 1370.000 620.000 316.000 26488.979 3954878.897 1492679.875 1536711.316 1411666766.815 1268945404535585.750
7582.000 3686.000 51156364.000 1.000 1370.000 620.000 359.000 24544.021 3994752.651 1571896.054 7710920.902 1561602151.985 867187670728594.000
7608.000 3669.000 51156374.000 1.000 1350.000 630.000 409.000 34303.445 4099360.413 1614812.648 14277197.071 885520003.513 523575590690087.438
7651.000 3663.000 51156384.000 1.000 1330.000 620.000 471.000 52373.559 4275332.558 1630097.682 15615466.871 136599389.308 464122581974330.500
7716.000 3676.000 51156394.000 1.000 1330.000 620.000 502.000 72137.471 4548356.964 1597071.109 21484614.107 65227233.208 245685472607597.125
7796.000 3720.000 51156404.000 1.000 1320.000 630.000 527.000 99329.743 4895987.001 1487796.864 4686576.122 1243874841.368 1054456446926097.500
7903.000 3786.000 51156414.000 1.000 1320.000 630.000 550.000 105261.367 5380951.176 1331145.496 1637380.327 1697459270.015 1261783423426190.750
8008.000 3868.000 51156424.000 1.000 1320.000 630.000 566.000 103188.996 5879110.599 1148654.039 3367636.909 1530989651.892 1141854278186444.250
8112.000 3947.000 51156434.000 1.000 1300.000 620.000 580.000 98926.704 6394261.648 985558.098 3488100.296 1215608031.306 1133727552436269.000
8213.000 4021.000 51156444.000 1.000 1320.000 610.000 583.000 94511.946 6915257.570 844106.686 4199057.559 927252003.758 1086355912118986.750
8310.000 4091.000 51156454.000 1.000 1320.000 610.000 584.000 89197.356 7434825.990 720381.295 12365161.392 631829699.604 614733008478859.125
8403.000 4155.000 51156464.000 1.000 1300.000 620.000 578.000 73547.234 7950638.908 615836.938 11897708.208 89986109.502 638131411704020.000
8475.000 4214.000 51156474.000 1.000 1300.000 620.000 554.000 58488.750 8361857.941 526717.109 3483335.993 31051453.873 1134048411598080.500
8521.000 4272.000 51156484.000 1.000 1300.000 620.000 461.000 54080.022 8630009.213 445893.786 6743829.021 99622579.614 925080878287520.500
8550.000 4334.000 51156494.000 1.000 1320.000 630.000 289.000 62615.434 8801236.101 366936.440 544795.781 2090046.007 1340597847053021.250
7733.000 5793.000 51156705.000 0.000 1350.000 590.000 39.000 48066.401 4621157.347 728030.805 20801657.988 255831456.271 267561697945653.312
7759.000 5848.000 51156715.000 1.000 1360.000 600.000 65.000 21738.521 4733617.109 824912.998 2089729.169 1791203498.460 1229851741839046.000
7768.000 5874.000 51156725.000 1.000 1380.000 590.000 90.000 19093.629 4772860.488 872817.853 4041624.603 2022076428.695 1096758650546026.000
7778.000 5896.000 51156735.000 1.000 1380.000 590.000 136.000 13978.296 4816654.242 914408.730 4801671.570 2508290576.118 1046994844152877.500
7791.000 5908.000 51156745.000 1.000 1390.000 580.000 179.000 7901.000 4873885.124 937502.663 8370925.407 3153960554.444 828751584856865.250
7801.000 5908.000 51156755.000 1.000 1390.000 580.000 235.000 18495.767 4918138.878 937502.663 11908278.166 2076202591.587 637597502448756.750
7809.000 5886.000 51156765.000 1.000 1390.000 580.000 294.000 33567.629 4953685.882 895383.786 22703642.015 929853794.813 208956543994321.094
7828.000 5848.000 51156775.000 1.000 1400.000 580.000 344.000 62302.779 5038623.016 824912.998 1370290.973 3091809.286 1280829637707535.750
7845.000 5771.000 51156785.000 1.000 1400.000 580.000 364.000 64037.105 5115231.399 690971.927 1051966.793 577.352 1303715772611485.500
7858.000 5691.000 51156795.000 1.000 1400.000 580.000 396.000 65368.540 5174204.280 564372.373 8747464.154 1709312.694 807213736845966.125
7869.000 5609.000 51156805.000 1.000 1420.000 580.000 431.000 76439.878 5224368.410 447891.831 14268302.916 153233324.278 523982697888958.500
7881.000 5513.000 51156815.000 1.000 1420.000 580.000 463.000 94498.735 5279368.915 328612.366 8821577.114 926447606.911 803007907795315.375
7893.000 5394.000 51156825.000 1.000 1420.000 580.000 498.000 105663.875 5334657.421 206340.530 16054277.350 1730788130.165 445408105637723.062
7907.000 5261.000 51156835.000 1.000 1420.000 580.000 512.000 125983.173 5399524.677 103199.771 23439522.983 3834339020.267 188223261417223.906
7919.000 5102.000 51156845.000 1.000 1430.000 590.000 545.000 155649.700 5455437.183 26324.158 14982192.240 8388465579.237 491809528335472.062
7919.000 4905.000 51156855.000 1.000 1430.000 590.000 569.000 174612.100 5455437.183 1207.756 3569999.692 12221516273.401 1128219011955502.750
7919.000 4684.000 51156865.000 1.000 1420.000 590.000 589.000 170093.685 5455437.183 65409.489 26119783.953 11242902053.676 121863656714404.234
7908.000 4469.000 51156875.000 1.000 1420.000 590.000 617.000 203152.518 5404173.053 221608.188 16659733.350 19346413341.921 420218755476416.062
7884.000 4213.000 51156885.000 1.000 1440.000 600.000 633.000 224238.119 5293164.042 528169.615 2616853.075 25656666798.790 1193157929693328.250
7852.000 3931.000 51156895.000 1.000 1420.000 610.000 644.000 227550.172 5146944.027 1017582.188 3678021.373 26728665826.953 1120974006292309.875
7828.000 3644.000 51156905.000 1.000 1410.000 610.000 646.000 222895.038 5038623.016 1678975.288 3362389.855 25228209332.674 1142208915630313.750
7803.000 3363.000 51156915.000 1.000 1400.000 620.000 656.000 218639.387 4927013.629 2486149.355 16666726.525 23894436566.016 419932094864570.438
7783.000 3087.000 51156925.000 1.000 1380.000 630.000 662.000 239733.839 4838626.120 3432692.894 24759813.267 30860899583.730 153739119289602.719
7767.000 2784.000 51156935.000 1.000 1380.000 630.000 667.000 208396.270 4768492.112 4647270.083 16990809.743 20832631732.030 406754739551976.250
7747.000 2521.000 51156945.000 1.000 1370.000 630.000 673.000 186891.638 4681544.603 5850365.050 16011605.629 15087332923.852 447211073735351.062
7731.000 2285.000 51156955.000 1.000 1350.000 640.000 675.000 207156.928 4612562.596 7047712.366 30671102.857 20476406506.253 42092436599995.266
7721.000 2023.000 51156965.000 1.000 1330.000 650.000 673.000 168337.661 4569708.841 8507446.827 20637144.156 10873594262.274 272970771326474.875
7716.000 1810.000 51156975.000 1.000 1320.000 650.000 666.000 142218.000 4548356.964 9795352.515 44322318.710 6108495837.174 51313546484774.555
7716.000 1630.000 51156985.000 1.000 1300.000 660.000 671.000 86120.900 4548356.964 10954463.518 19895252.108 486633313.862 298035999452332.312
7716.000 1521.000 51156995.000 1.000 1280.000 660.000 617.000 60940.224 4548356.964 11687870.626 48148870.982 9740073.868 120777895585649.406
7734.000 1446.000 51157005.000 1.000 1240.000 670.000 433.000 0.000 4625457.722 12206308.544 0.000 4103828779.343 1380789146163086.500
