1802.000 6682.000 41129971.000 0.000 1390.000 520.000 55.000 73339.482 21297269.316 2559729.707 22005905.504 1010718.958 69490244389293.312
1750.000 6812.000 41129981.000 1.000 1400.000 530.000 148.000 31327.444 21779922.548 2992607.746 961729.276 1850495256.813 161495687447961.031
1729.000 6868.000 41129991.000 1.000 1400.000 530.000 235.000 29491.382 21976373.199 3189494.285 6924543.811 2011831545.723 45498813285558.133
1710.000 6921.000 41130001.000 1.000 1410.000 520.000 289.000 16271.558 22154874.264 3381610.331 6602477.000 3372504594.816 49947402479668.641
1693.000 6947.000 41130011.000 1.000 1410.000 520.000 309.000 3666.600 22315197.744 3477909.939 274366.440 4995411799.210 179438300037402.438
1693.000 6954.000 41130021.000 1.000 1410.000 520.000 310.000 3142.800 22315197.744 3504067.756 7218852.365 5069728676.458 41615043124003.633
1693.000 6948.000 41130031.000 1.000 1420.000 520.000 317.000 16924.496 22315197.744 3481640.770 16661351.489 3297094434.367 8949232966572.926
1705.000 6918.000 41130041.000 1.000 1420.000 520.000 339.000 48733.109 22201968.229 3370585.838 10806178.901 655960108.821 8200466843554.318
1745.000 6834.000 41130051.000 1.000 1430.000 520.000 384.000 69363.462 21826616.512 3069208.029 21501495.533 24813999.191 61335069181209.922
1801.000 6714.000 41130061.000 1.000 1430.000 520.000 400.000 110412.518 21306500.109 2663148.301 21806424.131 1300878320.116 66204251489867.516
1888.000 6522.000 41130071.000 1.000 1440.000 510.000 414.000 152043.721 20510903.125 2073356.737 14779830.461 6037118098.760 1232112951701.547
1992.000 6251.000 41130081.000 1.000 1440.000 510.000 431.000 180260.274 19579708.662 1366363.519 2625137.888 11218081872.229 121985105160776.672
2108.000 5927.000 41130091.000 1.000 1430.000 520.000 450.000 185271.992 18566588.684 713882.255 1930495.280 12304835892.017 137811853515352.344
2186.000 5582.000 41130101.000 1.000 1430.000 520.000 465.000 181586.434 17900484.836 249915.538 174274.546 11500762230.448 182129871986499.312
2220.000 5237.000 41130111.000 1.000 1430.000 520.000 495.000 181253.722 17613939.877 23998.822 10195217.010 11429511788.756 12072898091527.455
2225.000 4891.000 41130121.000 1.000 1420.000 530.000 514.000 161789.772 17571995.913 36513.274 3694459.874 7646618372.219 99507901953709.609
2191.000 4584.000 41130131.000 1.000 1420.000 530.000 543.000 154736.584 17858200.872 248088.138 9943135.641 6462834562.442 13888210797744.152
2103.000 4302.000 41130141.000 1.000 1410.000 520.000 561.000 173719.279 18609702.648 608531.778 9610393.786 9875281671.850 16478978752176.205
1980.000 3994.000 41130151.000 1.000 1400.000 530.000 566.000 155371.830 19686050.177 1183927.811 7026409.816 6565375183.811 44134960349891.883
1855.000 3725.000 41130161.000 1.000 1390.000 540.000 566.000 141957.531 20810899.291 1841678.255 15983677.906 4571477716.031 5353916997129.929
1735.000 3482.000 41130171.000 1.000 1370.000 540.000 566.000 111442.682 21920154.441 2560270.307 11837213.726 1376250831.247 3358462714154.449
1620.000 3303.000 41130181.000 1.000 1350.000 550.000 560.000 88843.954 23010215.627 3165141.547 8081092.116 210224678.152 31233931078564.254
1532.000 3158.000 41130191.000 1.000 1340.000 560.000 562.000 73416.134 23862213.403 3702101.043 28685459.675 862471.048 225469295897262.562
1463.000 3036.000 41130201.000 1.000 1310.000 560.000 491.000 18651.988 24541090.114 4186461.653 58228592.089 3101692337.429 1985483757740116.500
1441.000 3008.000 41130211.000 1.000 1300.000 560.000 256.000 129817.685 24759545.558 4301826.383 4223509.528 3077237953.225 89232868947999.625
2529.000 6847.000 41130372.000 0.000 1250.000 540.000 465.000 0.000 15115738.866 3114926.833 9218875.810 5527153330.426 19810945370801.797
2529.000 6847.000 41130382.000 1.000 1280.000 530.000 453.000 17599.992 15115738.866 3114926.833 7698657.879 3219976321.133 35654832331412.188
2502.000 6867.000 41130392.000 1.000 1330.000 520.000 463.000 32297.697 15326414.275 3185923.454 16502280.763 1767961157.506 8022807762842.539
2563.000 6858.000 41130402.000 1.000 1360.000 510.000 464.000 63802.624 14852517.907 3153875.974 17337976.949 111138048.172 13455341458013.660
2684.000 6872.000 41130412.000 1.000 1360.000 510.000 473.000 96903.000 13934515.964 3203797.609 21170707.976 508871160.370 56263251016572.578
2860.000 6929.000 41130422.000 1.000 1370.000 510.000 481.000 137320.541 12651512.411 3411096.980 15958313.415 3965940529.443 5237180933188.300
3108.000 7014.000 41130432.000 1.000 1400.000 510.000 490.000 167786.966 10948795.768 3732297.620 5421553.139 8731433304.741 68033982538360.359
3405.000 7134.000 41130442.000 1.000 1420.000 490.000 495.000 157436.540 9071520.272 4210357.348 22824785.615 6904232737.124 83813310693348.453
3687.000 7238.000 41130452.000 1.000 1440.000 490.000 496.000 113861.157 7452334.670 4647971.778 15909355.400 1561540321.379 5015498083592.304
3883.000 7332.000 41130462.000 1.000 1440.000 490.000 488.000 83488.199 6420631.259 5062119.898 11457180.589 83601247.993 4895793638523.156
4022.000 7410.000 41130472.000 1.000 1450.000 480.000 498.000 61615.002 5735529.043 5419190.721 13003723.660 162048449.456 443690498125.810
4128.000 7461.000 41130482.000 1.000 1440.000 490.000 495.000 36789.260 5239046.994 5659239.105 10383959.959 1410420627.223 10796906615855.676
4190.000 7494.000 41130492.000 1.000 1440.000 490.000 491.000 16964.976 4959067.834 5817336.530 8886254.429 3292447322.984 22882543838385.676
4222.000 7499.000 41130502.000 1.000 1440.000 490.000 486.000 0.000 4817570.460 5841480.686 1371832.200 5527153330.426 151240617732471.875
4222.000 7499.000 41130512.000 1.000 1430.000 500.000 486.000 2619.000 4817570.460 5841480.686 1097465.760 5144594286.586 158064207478509.688
4227.000 7499.000 41130522.000 1.000 1430.000 500.000 491.000 4714.200 4795646.496 5841480.686 5019448.640 4848424243.355 74829004715004.938
4227.000 7490.000 41130532.000 1.000 1430.000 500.000 495.000 14296.958 4795646.496 5798057.206 6833602.179 3605746594.675 46733937357384.273
4214.000 7466.000 41130542.000 1.000 1430.000 500.000 489.000 27343.163 4852752.804 5683053.261 4577097.969 2209156436.955 82677678075567.844
4199.000 7416.000 41130552.000 1.000 1430.000 500.000 491.000 36081.418 4919064.697 5447161.707 12613303.568 1464088483.106 1116236747932.003
4183.000 7349.000 41130562.000 1.000 1430.000 500.000 501.000 60161.799 4990293.384 5138906.026 24882735.578 201158288.736 125729371996949.953
4169.000 7235.000 41130572.000 1.000 1430.000 500.000 530.000 107666.067 5053038.485 4635045.285 16311620.705 1110305022.245 6979086518182.461
4154.000 7030.000 41130582.000 1.000 1440.000 490.000 545.000 138807.000 5120700.379 3794374.917 19238814.673 4155371722.940 31013650133387.855
4154.000 6765.000 41130592.000 1.000 1430.000 500.000 575.000 175536.314 5120700.379 2832204.686 16371850.372 10239717002.118 7300943127099.266
4163.000 6430.000 41130602.000 1.000 1430.000 500.000 614.000 206792.233 5080049.242 1816876.280 11151407.624 17542315304.882 6342424200574.057
4188.000 6036.000 41130612.000 1.000 1430.000 500.000 659.000 228081.671 4967979.419 909954.841 9538589.187 23635017143.596 17067106260014.096
4234.000 5603.000 41130622.000 1.000 1420.000 500.000 699.000 209871.306 4765036.945 271352.991 713948.828 18367426457.699 167854717716925.250
4295.000 5207.000 41130632.000 1.000 1420.000 500.000 725.000 211234.324 4502444.577 15603.890 17608420.651 18738734335.948 15512538640933.961
4360.000 4809.000 41130642.000 1.000 1410.000 510.000 760.000 177617.637 4230823.038 74575.127 11763424.973 10665273245.338 3634359640449.274
4424.000 4476.000 41130652.000 1.000 1410.000 510.000 793.000 155159.781 3971636.291 367338.383 308091.303 6531056758.753 178535917419434.906
4489.000 4187.000 41130662.000 1.000 1400.000 520.000 812.000 154571.596 3716784.752 801176.206 373225.309 6436334433.138 176799553421191.875
4538.000 3896.000 41130672.000 1.000 1390.000 520.000 821.000 153859.062 3530251.899 1406796.367 5414972.116 6322513536.869 68142589976968.508
4578.000 3605.000 41130682.000 1.000 1370.000 530.000 833.000 143521.200 3381540.182 2181778.528 3240056.565 4785370554.669 108780061825353.344
4578.000 3331.000 41130692.000 1.000 1360.000 540.000 842.000 137335.525 3381540.182 3066296.816 10399313.061 3967828010.155 10696245902787.279
4568.000 3069.000 41130702.000 1.000 1350.000 540.000 843.000 117481.930 3418418.112 4052509.078 17136270.473 1860809638.542 12016246803836.250
4544.000 2846.000 41130712.000 1.000 1340.000 550.000 845.000 84766.637 3507741.142 5000073.751 11761535.102 108614119.644 3641568910902.358
4509.000 2688.000 41130722.000 1.000 1320.000 550.000 849.000 62312.389 3640068.894 5731640.443 16275853.022 144779568.879 6791383995986.512
4475.000 2574.000 41130732.000 1.000 1310.000 560.000 849.000 31239.741 3770961.853 6290487.702 7648192.368 1858048455.746 36260055061612.211
4441.000 2525.000 41130742.000 1.000 1280.000 570.000 848.000 16638.381 3904166.812 6538680.980 4414332.357 3330033932.279 85664137158466.234
4413.000 2510.000 41130752.000 1.000 1270.000 570.000 817.000 25065.896 4015601.013 6615618.514 9041600.938 2428413059.570 21420454514638.930
4366.000 2519.000 41130762.000 1.000 1260.000 580.000 716.000 42327.448 4206176.280 6569401.994 56611598.441 1025112570.418 1843995938299990.750
4305.000 2572.000 41130772.000 1.000 1260.000 580.000 488.000 150406.101 4460106.648 6300524.040 1200723.209 5785317373.073 155478490170263.188
2746.000 5352.000 41130883.000 0.000 1200.000 550.000 592.000 175850.980 13475480.804 72854.394 21119785.711 10303499057.585 55501920154372.969
2841.000 5674.000 41130893.000 1.000 1200.000 550.000 585.000 135530.656 12787035.477 350363.996 35064665.354 3743705646.743 457739209737312.125
2811.000 5931.000 41130903.000 1.000 1190.000 540.000 585.000 68587.805 13002489.264 720657.579 10491472.528 33143304.536 10101922064680.793
2850.000 6056.000 41130913.000 1.000 1200.000 540.000 592.000 48558.266 12722750.340 948511.462 9009917.323 664946738.184 21714736081085.359
2935.000 6093.000 41130923.000 1.000 1220.000 530.000 585.000 65759.330 12123602.943 1021950.211 3312312.156 73710762.059 107278064585170.797
3054.000 6133.000 41130933.000 1.000 1230.000 520.000 594.000 72082.950 11309072.586 1104423.454 3146561.408 5116088.438 110739068774580.547
3191.000 6146.000 41130943.000 1.000 1250.000 530.000 594.000 78090.131 10406407.956 1131916.258 13663845.229 14027300.603 35753199.432
3340.000 6141.000 41130953.000 1.000 1270.000 520.000 589.000 52004.134 9467291.812 1121302.103 3100195.679 499106572.364 111717056096614.062
3429.000 6097.000 41130963.000 1.000 1280.000 520.000 567.000 46085.471 8927525.242 1030053.536 2339279.276 798591212.469 128381257949153.625
3475.000 6022.000 41130973.000 1.000 1290.000 510.000 540.000 50551.449 8654754.768 883441.206 16623760.459 566124845.857 8725736900072.545
3492.000 5927.000 41130983.000 1.000 1300.000 510.000 522.000 82288.296 8555019.289 713882.255 7986307.887 63098696.680 32302362532900.109
3434.000 5781.000 41130993.000 1.000 1320.000 500.000 498.000 97535.161 8897671.278 488482.920 6726282.892 537791582.059 48212771824513.828
3321.000 5633.000 41131003.000 1.000 1330.000 510.000 491.000 110376.480 9584574.877 303507.923 6596783.818 1298280003.971 50027906284584.523
3171.000 5485.000 41131013.000 1.000 1340.000 500.000 489.000 97782.391 10535843.815 162340.925 24218750.984 549319397.186 111279847287191.344
3028.000 5365.000 41131023.000 1.000 1340.000 500.000 516.000 51545.753 11484619.201 80041.198 15800942.943 519797784.079 4541665277150.686
2950.000 5305.000 41131033.000 1.000 1350.000 510.000 559.000 21379.768 12019371.049 49691.334 11198722.478 2805297495.367 6106345830374.974
2915.000 5284.000 41131043.000 1.000 1350.000 520.000 562.000 0.000 12263278.801 40769.882 9328458.960 5527153330.426 18847455853872.961
2915.000 5284.000 41131053.000 1.000 1360.000 520.000 561.000 17809.200 12263278.801 40769.882 9394915.037 3196277142.158 18274852001951.805
2949.000 5284.000 41131063.000 1.000 1360.000 520.000 580.000 35745.273 12026305.842 40769.882 17478443.347 1489925583.934 14505576554977.822
3005.000 5323.000 41131073.000 1.000 1350.000 530.000 583.000 69113.817 11641037.439 58040.293 10337072.002 27363467.644 11107240058881.387
3122.000 5384.000 41131083.000 1.000 1350.000 530.000 574.000 88848.586 10856342.667 91152.988 1719195.932 210359019.518 142817526203738.594
3256.000 5488.000 41131093.000 1.000 1350.000 530.000 560.000 92130.747 9991266.417 164767.419 12914831.133 316338943.365 570015175854.788
3400.000 5589.000 41131103.000 1.000 1340.000 540.000 488.000 67474.712 9101664.237 256963.356 13416028.115 47198482.771 64412669460.492
3495.000 5676.000 41131113.000 1.000 1340.000 540.000 250.000 41861.829 8537478.910 352735.658 2021062.265 1055145171.636 135693664564379.984
3560.000 5989.000 41131153.000 0.000 1330.000 540.000 60.000 57295.676 8161857.370 822495.781 15655003.882 290673556.417 3940936674817.716
3518.000 6090.000 41131163.000 1.000 1340.000 540.000 195.000 27408.307 8403600.673 1015893.718 195334.972 2203036927.871 181561871460425.781
3471.000 6067.000 41131173.000 1.000 1350.000 540.000 254.000 27035.388 8678305.940 970058.604 15597189.457 2238183036.800 3714735188246.521
3429.000 6037.000 41131183.000 1.000 1350.000 540.000 325.000 56812.382 8927525.242 911863.672 12420997.207 307386634.462 1559569924732.891
3387.000 5937.000 41131193.000 1.000 1360.000 540.000 371.000 80525.626 9180272.545 730880.566 843671.565 38202273.887 164510202367685.281
3342.000 5790.000 41131203.000 1.000 1360.000 540.000 394.000 78914.951 9454988.226 501144.400 1339576.596 20886031.607 152035016503896.438
3309.000 5643.000 41131213.000 1.000 1360.000 540.000 396.000 81472.371 9659020.392 314626.233 3438743.857 50801880.714 104675013720535.484
3276.000 5491.000 41131223.000 1.000 1360.000 520.000 392.000 88037.365 9865230.558 167211.912 16647830.640 187485591.584 8868519813967.234
3244.000 5326.000 41131233.000 1.000 1360.000 520.000 384.000 56254.565 10067271.932 59494.786 1512782.814 327257586.228 147793665640976.656
2738.000 4770.000 41131303.000 0.000 1350.000 530.000 477.000 76471.212 13534279.147 97396.716 22674988.768 4521512.345 81092981207873.562
2721.000 4625.000 41131313.000 1.000 1340.000 520.000 515.000 33181.810 13659650.627 208926.211 8600905.998 1694393984.469 25693936066566.949
2708.000 4563.000 41131323.000 1.000 1340.000 520.000 522.000 16761.600 13755912.934 269448.686 31548407.477 3315828054.014 319643724727334.188
2708.000 4531.000 41131333.000 1.000 1330.000 530.000 524.000 76991.473 13755912.934 303694.092 582837.498 7004734.025 171269232112400.875
2725.000 4385.000 41131343.000 1.000 1310.000 540.000 526.000 78104.183 13630099.455 485926.756 10693272.240 14132756.080 8859864112052.566
2750.000 4238.000 41131353.000 1.000 1310.000 540.000 524.000 57689.383 13446129.632 712478.590 5022253.589 277403821.281 74780484855795.562
2809.000 4145.000 41131363.000 1.000 1310.000 540.000 527.000 48101.270 13016916.850 878127.301 1012257.643 688724294.166 160214001952308.625
2881.000 4088.000 41131373.000 1.000 1300.000 540.000 529.000 46168.743 12502563.760 988203.931 6681705.417 793891720.477 48833810091990.516
2961.000 4051.000 41131383.000 1.000 1300.000 540.000 527.000 33412.528 11943220.327 1063135.182 3832635.172 1675453117.263 96770296371901.391
3024.000 4041.000 41131393.000 1.000 1300.000 540.000 526.000 26095.546 11511746.373 1083856.871 526799.279 2327993135.686 172739115295950.281
3073.000 4050.000 41131403.000 1.000 1300.000 540.000 516.000 27101.272 11181643.520 1065198.350 5589198.995 2231953507.318 65296510603170.336
3112.000 4084.000 41131413.000 1.000 1290.000 550.000 513.000 37771.755 10922340.597 996172.607 6106102.645 1337589609.668 57209890219712.273
3136.000 4152.000 41131423.000 1.000 1290.000 550.000 517.000 49429.072 10764281.567 865057.119 6316447.106 620794856.860 54072160965105.891
3157.000 4244.000 41131433.000 1.000 1290.000 550.000 520.000 61487.963 10626924.915 702385.577 415686.109 165298956.889 175672187852092.219
3175.000 4360.000 41131443.000 1.000 1290.000 560.000 515.000 62281.560 10509892.643 521405.980 10877052.708 145522415.381 7799574991083.167
3212.000 4473.000 41131453.000 1.000 1290.000 560.000 520.000 41515.900 10271361.305 370983.890 971940.757 1077738460.674 161236254773861.125
3251.000 4542.000 41131463.000 1.000 1290.000 560.000 515.000 39660.343 10022900.381 291691.233 801653.900 1203013443.766 165589817857045.875
3314.000 4584.000 41131473.000 1.000 1290.000 560.000 519.000 41190.801 9627966.428 248088.138 3689817.435 1099189452.837 99600543550685.797
3392.000 4574.000 41131483.000 1.000 1270.000 560.000 512.000 48235.126 9149998.580 258149.827 2888769.571 681716496.412 116231148118681.906
3468.000 4522.000 41131493.000 1.000 1270.000 560.000 518.000 53750.150 8695990.319 313694.612 9709234.322 424140728.703 15686275563390.926
3531.000 4441.000 41131503.000 1.000 1270.000 560.000 526.000 72286.298 8328398.365 410989.296 2418222.222 4237542.440 126598556678301.031
3585.000 4314.000 41131513.000 1.000 1260.000 560.000 540.000 67669.608 8019637.548 589953.751 3124374.811 44558551.281 111206511819992.969
3578.000 4185.000 41131523.000 1.000 1260.000 560.000 550.000 73634.432 8059333.098 804760.544 4155755.344 504661.331 90517514320116.953
3527.000 4054.000 41131533.000 1.000 1260.000 560.000 578.000 81568.291 8351501.537 1056957.675 3090202.099 52178429.364 111928412833177.906
3446.000 3921.000 41131543.000 1.000 1260.000 560.000 611.000 75668.707 8826225.763 1348117.143 3268517.238 1752657.742 108187195398708.906
3356.000 3808.000 41131553.000 1.000 1260.000 560.000 614.000 69428.697 9369087.125 1623291.233 15011945.622 24168336.079 1801288765446.518
3269.000 3708.000 41131563.000 1.000 1260.000 560.000 627.000 40769.007 9909252.109 1888108.127 9698267.522 1127335701.664 15773265837605.066
3212.000 3655.000 41131573.000 1.000 1250.000 560.000 624.000 22253.796 10271361.305 2036570.081 11656538.345 2713475530.798 4053321652949.276
3174.000 3636.000 41131583.000 1.000 1250.000 560.000 561.000 0.000 10516377.436 2091160.291 34181082.324 5527153330.426 420711692316206.688
3174.000 3636.000 41131593.000 1.000 1250.000 560.000 340.000 65255.980 10516377.436 2091160.291 1284428.642 82607143.306 153398033703161.875
5429.000 5424.000 41131824.000 0.000 1290.000 490.000 369.000 121900.313 975939.411 116906.231 12372752.084 2261524230.296 1682397181585.370
5225.000 5312.000 41131834.000 1.000 1310.000 480.000 400.000 98279.175 1420617.166 52861.152 39294784.584 572853004.924 656638572802182.125
5065.000 5410.000 41131844.000 1.000 1300.000 480.000 446.000 23260.495 1827624.033 107528.596 5302772.060 2609608995.652 70007568657527.852
5029.000 5436.000 41131854.000 1.000 1300.000 480.000 463.000 13136.837 1926256.577 125256.203 4367948.819 3746418063.523 86524893545884.281
5039.000 5413.000 41131864.000 1.000 1300.000 480.000 553.000 21475.800 1898598.648 109505.089 28263553.965 2795134036.383 212976935993267.219
5080.000 5413.000 41131874.000 1.000 1280.000 480.000 625.000 75434.475 1787292.139 109505.089 23005052.957 1187332.342 87146487974811.562
5222.000 5437.000 41131884.000 1.000 1280.000 480.000 659.000 119354.011 1427777.545 125965.034 15425620.339 2025826626.931 3082818582574.199
5447.000 5473.000 41131894.000 1.000 1270.000 490.000 673.000 148803.458 940699.139 152814.953 6768914.450 5544087701.585 47622561269856.398
5727.000 5521.000 41131904.000 1.000 1270.000 490.000 685.000 161726.166 475957.122 192646.844 4187601.860 7635498371.623 89912548601411.312
6026.000 5598.000 41131914.000 1.000 1270.000 500.000 702.000 153731.508 152800.041 266168.835 4520602.996 6302245089.479 83708256451612.703
6303.000 5695.000 41131924.000 1.000 1270.000 500.000 702.000 145101.109 12972.403 375665.449 12614030.602 5006451415.086 1114701023047.345
6566.000 5782.000 41131934.000 1.000 1270.000 510.000 699.000 121019.340 22231.866 489881.751 29154539.336 2178510145.728 239776389621736.750
6782.000 5864.000 41131944.000 1.000 1280.000 520.000 696.000 65359.662 133300.597 611391.898 17743708.238 80733193.554 16596527676662.584
6893.000 5921.000 41131954.000 1.000 1290.000 520.000 688.000 31484.694 226674.583 703779.269 190529.107 1836991017.361 181691407713215.000
6935.000 5964.000 41131964.000 1.000 1300.000 530.000 658.000 31120.950 268431.280 777775.004 6905122.355 1868303559.635 45761196827659.195
6942.000 6023.000 41131974.000 1.000 1310.000 540.000 614.000 44303.696 275733.730 885322.037 6778850.413 902469563.383 47485525616848.828
6907.000 6100.000 41131984.000 1.000 1330.000 540.000 559.000 57245.373 240201.482 1036152.029 12563792.420 292391333.714 1223307242734.449
6845.000 6190.000 41131994.000 1.000 1330.000 540.000 450.000 81231.231 183272.643 1227476.825 5069271.973 47422557.387 73969505952773.562
6714.000 6273.000 41132004.000 1.000 1340.000 550.000 362.000 90909.108 88270.515 1418279.803 3295823.456 274375398.638 107619900294156.891
6565.000 6362.000 41132014.000 1.000 1360.000 550.000 362.000 97201.249 21934.659 1638183.767 15031750.500 522416017.798 1854842083776.882
6405.000 6456.000 41132024.000 1.000 1360.000 550.000 394.000 68503.749 141.526 1887643.887 14089553.203 34118194.462 176172077581.892
6285.000 6508.000 41132034.000 1.000 1390.000 550.000 396.000 41605.022 17396.676 2033235.103 395646.044 1071894844.106 176203817051133.500
6207.000 6493.000 41132044.000 1.000 1390.000 550.000 415.000 40849.684 44056.523 1990682.637 14879533.172 1121924617.550 1463394764050.374
6156.000 6434.000 41132054.000 1.000 1400.000 540.000 469.000 69256.582 68066.962 1827675.604 28960910.905 25890239.149 233817319563823.062
6127.000 6305.000 41132064.000 1.000 1410.000 550.000 537.000 124546.599 84039.956 1495522.397 19449327.798 2520217892.516 33402656904575.391
6098.000 6069.000 41132074.000 1.000 1420.000 540.000 583.000 161677.809 101694.951 974002.266 11848051.148 7627049711.221 3318858608480.011
6066.000 5762.000 41132084.000 1.000 1420.000 540.000 624.000 184297.227 123128.324 462285.130 18610471.526 12089530223.217 24409991781432.945
6030.000 5412.000 41132094.000 1.000 1420.000 540.000 666.000 148767.499 149688.869 108844.258 12330176.573 5538734078.824 1794656908359.683
6006.000 5129.000 41132104.000 1.000 1430.000 530.000 730.000 125227.643 168835.899 2201.067 19765187.579 2589060944.402 37153449517643.844
6012.000 4890.000 41132114.000 1.000 1420.000 540.000 751.000 87493.417 163941.142 36896.443 16374565.228 172885413.901 7315621719154.754
6038.000 4725.000 41132124.000 1.000 1420.000 540.000 777.000 56232.315 143562.526 127509.318 10223375.974 328063097.958 11878008317183.309
6084.000 4628.000 41132134.000 1.000 1420.000 540.000 793.000 36714.606 110820.052 206192.705 4744146.694 1416033547.069 79667726562135.328
6131.000 4576.000 41132144.000 1.000 1410.000 550.000 791.000 27657.434 81736.785 256121.489 7796.763 2179712683.201 186651005354404.469
6179.000 4554.000 41132154.000 1.000 1390.000 550.000 803.000 27642.549 56594.725 278873.206 3806898.259 2181102788.459 97277316538923.531
6231.000 4563.000 41132164.000 1.000 1390.000 550.000 811.000 34910.396 34557.493 269448.686 13730276.164 1555074363.552 3654388335.875
6290.000 4594.000 41132174.000 1.000 1380.000 550.000 811.000 61123.218 16102.711 238226.449 9161481.996 174810949.665 20325153277730.414
6371.000 4678.000 41132184.000 1.000 1380.000 550.000 802.000 78613.638 2106.485 163284.258 5088526.861 18222745.702 73638671347306.953
6465.000 4795.000 41132194.000 1.000 1360.000 560.000 790.000 88328.275 2313.951 82417.492 17794304.699 195536812.558 17011335865021.881
6559.000 4935.000 41132204.000 1.000 1350.000 570.000 773.000 54356.712 20193.417 21633.841 27823240.876 399524748.987 200319191519848.125
6614.000 5023.000 41132214.000 1.000 1350.000 570.000 749.000 107474.774 38849.806 3490.974 500402545.416 1097593375.404 236908741486744896.000
6628.000 5038.000 41132215.000 1.000 1345.000 570.000 738.000 11941.642 44564.706 1943.440 3293159.700 3894157522.289 107675175005478.969
6642.000 5053.000 41132224.000 1.000 1340.000 570.000 707.000 17599.992 50671.605 845.906 987882.610 3219976321.133 160831653320407.688
6662.000 5026.000 41132234.000 1.000 1340.000 570.000 697.000 15714.000 60075.746 3145.468 4100244.592 3437573897.389 91576862044654.000
6662.000 4996.000 41132244.000 1.000 1340.000 570.000 700.000 23541.882 60075.746 7410.536 20239883.948 2580939240.330 43165679482568.844
6638.000 4958.000 41132254.000 1.000 1340.000 570.000 649.000 62182.363 48886.776 15396.955 3084556.059 147925535.257 112047910654900.594
6571.000 4860.000 41132264.000 1.000 1340.000 570.000 490.000 56293.558 23747.902 49321.511 329174.088 325848319.495 177972956801467.375
5600.000 4167.000 41132375.000 0.000 1320.000 570.000 616.000 49317.933 667319.823 837379.585 15160619.443 626345432.971 2222469183664.314
5552.000 4086.000 41132385.000 1.000 1320.000 570.000 614.000 20374.406 748045.883 992184.269 34344053.266 2912806363.800 427423729821140.312
5525.000 4058.000 41132395.000 1.000 1320.000 570.000 613.000 85941.518 795479.291 1048748.999 5384432.480 134483237.662 68647723028169.609
5499.000 3896.000 41132405.000 1.000 1300.000 560.000 636.000 96221.076 842533.907 1406796.367 5309301.751 478570261.846 69898342758706.961
5515.000 3713.000 41132415.000 1.000 1300.000 560.000 675.000 106357.200 813417.221 1874392.282 3262835.056 1024792012.705 108305431929144.719
5560.000 3515.000 41132425.000 1.000 1300.000 560.000 711.000 100128.038 734271.539 2455753.732 13143654.734 664773959.494 276854756210.744
5581.000 3325.000 41132435.000 1.000 1280.000 570.000 719.000 75035.150 698722.888 3087345.830 6787804.774 476545.577 47362197255923.555
5626.000 3189.000 41132445.000 1.000 1270.000 560.000 724.000 62076.378 625517.207 3583768.806 5255123.022 150514845.613 70807203099768.078
5688.000 3088.000 41132455.000 1.000 1270.000 560.000 721.000 52043.688 531290.046 3976372.868 9094193.077 497340809.326 20936404080582.445
5764.000 3024.000 41132465.000 1.000 1260.000 570.000 710.000 34681.731 426273.785 4235711.680 4925444.873 1573161199.652 76464177280687.922
5824.000 2996.000 41132475.000 1.000 1260.000 570.000 685.000 25278.438 351526.210 4351748.410 32174881.182 2407510548.484 342437118106874.312
5872.000 2991.000 41132485.000 1.000 1260.000 570.000 619.000 86704.328 296912.150 4372634.255 269602416.144 152757260.187 65501491400650808.000
5887.000 2998.000 41132486.000 1.000 1250.000 570.000 569.000 35233.840 280790.256 4343408.073 273041.226 1529669319.247 179473805491046.000
5918.000 3050.000 41132495.000 1.000 1240.000 570.000 389.000 34764.697 248897.676 4129367.288 11453565.845 1566586706.131 4911802988417.728
5925.000 3116.000 41132505.000 1.000 1240.000 570.000 247.000 56630.993 241962.125 3865488.138 5234112.356 313779921.833 71161241517674.922
5930.000 3224.000 41132515.000 1.000 1230.000 580.000 170.000 66623.571 237068.161 3452477.893 3576536.257 59617797.205 101874470118272.219
5937.000 3351.000 41132525.000 1.000 1230.000 580.000 187.000 73451.628 230300.610 2996653.438 13918549.788 797804.799 61864205756.492
5945.000 3491.000 41132535.000 1.000 1240.000 580.000 276.000 46879.368 222686.267 2531549.786 15385661.208 754351448.708 2944095172987.622
5966.000 3578.000 41132545.000 1.000 1230.000 590.000 315.000 17506.208 203307.616 2262270.089 7082841.933 3230628631.819 43388341009942.766
5992.000 3599.000 41132555.000 1.000 1230.000 590.000 389.000 31028.243 180537.000 2199539.541 6201915.093 1876326466.189 55769672806746.555
6047.000 3577.000 41132565.000 1.000 1230.000 590.000 444.000 42868.478 136823.389 2265279.258 6629628.173 990760558.549 49564366109724.883
6120.000 3540.000 41132575.000 1.000 1230.000 590.000 467.000 55525.271 88147.507 2378024.508 7483876.832 354175695.319 38265950121420.367
6214.000 3491.000 41132585.000 1.000 1240.000 600.000 483.000 69812.932 41166.973 2531549.786 1474058.056 20538074.045 148736722252260.875
6334.000 3433.000 41132595.000 1.000 1240.000 600.000 496.000 72627.094 6871.823 2719479.585 6721006.655 2950607.324 48286071206816.328
6470.000 3406.000 41132605.000 1.000 1240.000 600.000 488.000 59795.848 2819.986 2809259.146 2490386.672 211672795.572 124979832987806.031
6584.000 3412.000 41132615.000 1.000 1240.000 600.000 497.000 55041.387 27923.594 2789182.132 813596.540 372622803.303 165282600622795.844
6685.000 3441.000 41132625.000 1.000 1240.000 600.000 488.000 56594.645 71879.509 2693158.233 118315.420 315068967.901 183643401785116.500
6778.000 3496.000 41132635.000 1.000 1240.000 600.000 498.000 56368.766 130395.768 2515663.942 4391837.242 323138776.031 86081049914651.797
6863.000 3562.000 41132645.000 1.000 1250.000 600.000 498.000 47984.197 199008.370 2310656.792 909019.805 694882824.196 162838139703022.781
6917.000 3636.000 41132655.000 1.000 1250.000 600.000 486.000 49719.630 250103.553 2091160.291 8410335.511 606400336.817 27662225760433.977
6950.000 3725.000 41132665.000 1.000 1250.000 600.000 468.000 65776.017 284199.387 1841678.255 7019439.610 73424508.132 44227620873214.633
6987.000 3845.000 41132675.000 1.000 1250.000 600.000 466.000 79177.009 325018.049 1530377.983 4300567.711 23349981.011 87782975156431.062
7044.000 3985.000 41132685.000 1.000 1260.000 610.000 466.000 70966.685 393258.853 1203594.331 12509874.020 11411844.679 1345485410483.719
7114.000 4101.000 41132695.000 1.000 1260.000 610.000 465.000 47083.764 485953.349 962526.735 2987526.823 743165566.438 114111486371538.641
7190.000 4149.000 41132705.000 1.000 1280.000 610.000 491.000 41380.200 597689.087 870646.626 2878931.560 1086666646.004 116443373181605.750
7269.000 4149.000 41132715.000 1.000 1290.000 610.000 562.000 46876.442 726080.447 870646.626 8667125.842 754512185.136 25026995132595.367
7354.000 4121.000 41132725.000 1.000 1290.000 610.000 647.000 63423.074 878163.049 923683.356 6414262.565 119284692.819 52643180834308.000
7444.000 4040.000 41132735.000 1.000 1290.000 610.000 694.000 75668.707 1054941.686 1085940.040 17116817.589 1752657.742 11881760480659.846
7534.000 3927.000 41132745.000 1.000 1320.000 610.000 736.000 108346.862 1247920.324 1334220.130 7207098.293 1156138370.985 41766831667085.336
7603.000 3732.000 41132755.000 1.000 1320.000 610.000 750.000 94587.606 1406841.613 1822728.073 6438012.181 409770093.810 52299111252898.836
7658.000 3560.000 41132765.000 1.000 1320.000 610.000 800.000 82296.632 1540338.003 2316741.130 4072884.422 63231199.681 92101261296724.219
7664.000 3403.000 41132775.000 1.000 1320.000 610.000 831.000 90072.280 1555267.245 2819324.653 6520317.923 247352771.782 51115446109333.188
7623.000 3236.000 41132785.000 1.000 1320.000 610.000 852.000 102520.386 1454685.755 3408027.865 10581853.171 793862114.061 9535567712549.107
7551.000 3054.000 41132795.000 1.000 1320.000 610.000 858.000 82318.299 1286190.845 4113126.612 10164642.804 63576252.650 12286299611697.477
7474.000 2917.000 41132805.000 1.000 1320.000 610.000 857.000 62912.719 1117467.899 4687590.756 12330522.281 130693097.747 1793730773774.857
7409.000 2816.000 41132815.000 1.000 1330.000 620.000 845.000 39372.203 984269.439 5135138.819 9751876.357 1223084442.977 15350318645734.127
7368.000 2753.000 41132825.000 1.000 1330.000 620.000 791.000 20754.646 904597.948 5424634.462 6638414.395 2871907520.348 49440729849486.484
7339.000 2726.000 41132835.000 1.000 1330.000 620.000 568.000 33428.213 850274.943 5551134.023 329613.532 1674169317.056 177961232056907.531
8437.000 6534.000 41133456.000 0.000 1510.000 490.000 539.000 72506.106 4080818.321 2108058.710 21903072.565 3380895.627 67786371609972.117
8557.000 6465.000 41133466.000 1.000 1510.000 490.000 543.000 30690.389 4580043.171 1912455.367 7463991.289 1905709973.987 38512367417983.875
8530.000 6517.000 41133476.000 1.000 1510.000 490.000 546.000 44940.086 4465206.580 2058982.582 20367586.388 864638804.654 44860012608245.281
8610.000 6548.000 41133486.000 1.000 1480.000 500.000 550.000 83824.367 4809703.147 2148908.345 13791348.101 89861674.944 14767954753.558
8761.000 6601.000 41133496.000 1.000 1480.000 500.000 556.000 110153.783 5494821.417 2307104.391 11276268.973 1282281315.955 5729108668391.027
8960.000 6669.000 41133506.000 1.000 1480.000 500.000 553.000 88625.969 6467375.627 2518300.904 10095917.101 203951011.298 12772815003795.701
9108.000 6751.000 41133516.000 1.000 1490.000 510.000 551.000 69351.595 7242038.275 2785279.051 17665413.233 24932367.738 15964728309071.990
9221.000 6820.000 41133526.000 1.000 1480.000 510.000 540.000 35626.102 7862996.676 3020350.394 5617720.429 1499139680.607 64836382014088.984
9266.000 6871.000 41133536.000 1.000 1480.000 510.000 458.000 24901.168 8117390.994 3200218.778 7259884.762 2444675434.439 41087329071833.383
9284.000 6915.000 41133546.000 1.000 1480.000 510.000 381.000 38761.200 8220282.722 3359579.345 265218.797 1266194524.243 179683457455405.531
9284.000 6989.000 41133556.000 1.000 1480.000 530.000 304.000 39267.536 8220282.722 3636326.844 1891201.376 1230416357.471 138735965687008.047
9272.000 7063.000 41133566.000 1.000 1480.000 530.000 294.000 42878.077 8151616.237 3924026.342 5777244.767 990156367.738 62292816845144.312
9237.000 7137.000 41133576.000 1.000 1480.000 530.000 332.000 31848.591 7952983.989 4222677.841 909204.183 1805930090.610 162833434113675.094
9188.000 7173.000 41133586.000 1.000 1480.000 530.000 389.000 30112.806 7679014.842 4371927.759 4585567.815 1956471698.859 82523721824833.812
9132.000 7160.000 41133596.000 1.000 1490.000 530.000 465.000 38867.231 7371787.245 4317732.955 17802944.780 1258659831.666 17082682199832.961
9073.000 7115.000 41133606.000 1.000 1490.000 530.000 562.000 72855.289 7054886.027 4132745.558 8399928.652 2218724.030 27771803586430.949
9012.000 6990.000 41133616.000 1.000 1490.000 530.000 616.000 88891.808 6734562.395 3640141.675 7351302.004 211614650.586 39923728136295.414
8988.000 6822.000 41133626.000 1.000 1510.000 530.000 664.000 102926.367 6610573.425 3027306.056 13436573.647 816904417.713 54406019631.557
9002.000 6626.000 41133636.000 1.000 1510.000 530.000 694.000 77274.260 6682760.324 2383675.168 11165239.611 8581576.568 6272946101948.623
9042.000 6484.000 41133646.000 1.000 1510.000 530.000 710.000 55958.415 6891168.607 1965367.157 6757829.271 338060153.348 47775679800197.914
9104.000 6397.000 41133656.000 1.000 1510.000 530.000 722.000 43056.870 7220525.447 1729002.855 2436760.028 978936265.340 126181740283409.453
9170.000 6348.000 41133666.000 1.000 1510.000 530.000 724.000 47708.951 7579579.114 1602542.132 5647091.467 709469900.593 64364247355208.305
9260.000 6334.000 41133676.000 1.000 1510.000 530.000 728.000 58489.958 8083237.752 1567292.498 7666323.181 251376877.142 36042029611109.922
9365.000 6372.000 41133686.000 1.000 1510.000 530.000 721.000 73125.932 8691314.496 1663882.078 2587363.004 1485705.493 122820955623395.625
9484.000 6445.000 41133696.000 1.000 1500.000 540.000 702.000 78065.533 9407124.139 1857538.746 6393578.751 13843651.699 52943754046777.828
9598.000 6541.000 41133706.000 1.000 1500.000 540.000 647.000 65859.388 10119419.746 2128434.528 3112456.790 72002678.306 111458015643938.578
9678.000 6638.000 41133716.000 1.000 1500.000 540.000 540.000 59917.317 10634796.313 2420873.141 1298061.779 208153050.382 153060515965063.094
9737.000 6736.000 41133726.000 1.000 1500.000 540.000 519.000 57439.154 11023087.531 2735436.585 3439163.421 285801786.124 104666428710225.109
9790.000 6832.000 41133736.000 1.000 1470.000 550.000 520.000 50873.359 11377827.507 3062204.367 21793427.606 550909819.157 65992925361789.977
9818.000 6925.000 41133746.000 1.000 1470.000 550.000 514.000 9266.968 11567505.305 3396337.656 421512.336 4235127757.204 175517778557623.656
9830.000 6938.000 41133756.000 1.000 1490.000 550.000 519.000 8462.248 11649275.790 3444422.459 5217219.283 4340514241.183 71446537099989.469
9836.000 6923.000 41133766.000 1.000 1490.000 550.000 546.000 18422.575 11690269.033 3388969.994 6201893.617 3127298290.389 55769993568858.055
9845.000 6889.000 41133776.000 1.000 1490.000 550.000 599.000 30262.769 11751893.896 3264943.737 8972081.154 1943227854.572 22068793737320.520
9868.000 6836.000 41133786.000 1.000 1490.000 550.000 656.000 47391.599 11910115.659 3076219.691 4017400.907 726476510.049 93169283668788.062
9899.000 6751.000 41133796.000 1.000 1470.000 550.000 693.000 55061.322 12125045.079 2785279.051 7874066.452 371853572.546 33590812822100.246
9904.000 6646.000 41133806.000 1.000 1470.000 550.000 708.000 40028.740 12159891.114 2445831.789 4819009.761 1177593840.269 78336923790711.438
9912.000 6570.000 41133816.000 1.000 1470.000 550.000 724.000 30828.645 12215748.771 2213892.628 2282355.835 1893658112.694 129674445486850.281
9922.000 6512.000 41133826.000 1.000 1470.000 550.000 722.000 26471.341 12285750.842 2044658.427 1067148.216 2291870680.315 158827452718246.875
9945.000 6467.000 41133836.000 1.000 1470.000 550.000 717.000 24434.021 12447514.605 1917991.029 1986274.219 2491088574.881 136505350134303.250
9969.000 6427.000 41133846.000 1.000 1470.000 550.000 694.000 20641.974 12617439.575 1808797.786 3678738.541 2883996441.118 99821801176175.016
9992.000 6395.000 41133856.000 1.000 1490.000 550.000 627.000 13618.800 12781365.338 1723747.192 1920565.080 3687650378.701 138045099900785.844
9992.000 6369.000 41133866.000 1.000 1490.000 550.000 488.000 9952.200 12781365.338 1656151.585 46896144.518 4146410436.876 1103988333504675.000
9992.000 6350.000 41133876.000 1.000 1490.000 550.000 1.000 99482.831 12781365.338 1607609.795 7829953.490 631919235.378 34104094895779.141
8553.000 5806.000 41133957.000 0.000 1460.000 550.000 414.000 220564.586 4562938.343 524053.697 104282706.107 21380217865.443 8210694290123837.000
8445.000 5399.000 41133967.000 1.000 1450.000 560.000 515.000 21475.800 4113203.978 100435.454 9921684.983 2795134036.383 14048550790291.279
8436.000 5359.000 41133977.000 1.000 1450.000 560.000 533.000 40417.543 4076779.114 76682.211 10524256.123 1151060612.744 9894601212825.418
8411.000 5432.000 41133987.000 1.000 1450.000 560.000 611.000 60509.670 3976448.937 122440.879 25664027.801 191411574.568 143860909781217.844
8524.000 5408.000 41133997.000 1.000 1450.000 560.000 688.000 109505.523 4439885.338 106220.934 19174983.358 1236274529.600 30306772654435.508
8729.000 5449.000 41134007.000 1.000 1430.000 560.000 731.000 146112.975 5345822.790 134627.007 1936744.214 5150667039.581 137665175975942.188
8995.000 5533.000 41134017.000 1.000 1430.000 560.000 761.000 149810.463 6646617.874 203324.816 8642244.294 5695062187.685 25276564003919.082
9269.000 5615.000 41134027.000 1.000 1430.000 560.000 771.000 166309.593 8134494.616 283998.964 5719438.199 8457518149.852 63208644353183.539
9576.000 5696.000 41134037.000 1.000 1400.000 560.000 774.000 177228.719 9979935.191 376892.280 29591682.388 10585095193.260 253505554564205.625
9905.000 5775.000 41134047.000 1.000 1420.000 570.000 773.000 120734.480 12166866.321 480131.934 30093439.313 2151999887.511 269735119356969.344
10132.000 5815.000 41134057.000 1.000 1420.000 570.000 768.000 63282.324 13801994.330 537165.176 19633515.782 122378976.905 35565612193232.695
10252.000 5829.000 41134067.000 1.000 1400.000 580.000 759.000 25799.476 14708019.180 557882.811 13513765.529 2356651122.496 24354442042.210
10301.000 5834.000 41134077.000 1.000 1420.000 580.000 748.000 0.000 15086260.327 565376.966 24406278.718 5527153330.426 115271446449964.391
10301.000 5834.000 41134087.000 1.000 1420.000 580.000 703.000 46594.652 15086260.327 565376.966 15906919.207 770072223.268 5004592160243.291
10218.000 5802.000 41134097.000 1.000 1420.000 590.000 620.000 76962.959 14448388.139 518278.372 27550773.734 6854614.156 192680748113469.031
10083.000 5744.000 41134107.000 1.000 1420.000 590.000 480.000 129560.847 13440315.182 438132.171 8931679.936 3048808843.276 22450015112051.062
9853.000 5653.000 41134117.000 1.000 1440.000 600.000 277.000 146612.546 11806807.553 325944.544 76795651.595 5222623181.501 3984870030404539.500
9589.000 5560.000 41134127.000 1.000 1440.000 600.000 1.000 0.000 10062240.883 228403.255 113377096.918 5527153330.426 9941540147728460.000
9589.000 5560.000 41134147.000 0.000 1440.000 600.000 205.000 432902.241 10062240.883 228403.255 182430637.495 128563418995.634 28480211959896620.000
8827.000 5240.000 41134157.000 1.000 1440.000 600.000 387.000 84619.237 5808599.084 24937.315 21944604.143 105563496.873 68471976039811.102
8680.000 5173.000 41134167.000 1.000 1440.000 600.000 471.000 42724.231 5121637.643 8265.634 4610679.835 999862103.630 82068104360890.375
8618.000 5120.000 41134177.000 1.000 1440.000 600.000 536.000 33921.864 4844856.804 1437.588 4826433.055 1634015953.340 78205574494226.719
8603.000 5057.000 41134187.000 1.000 1440.000 600.000 611.000 24707.597 4779048.697 629.231 4974100.132 2463854621.279 75615624491474.016
8620.000 5013.000 41134197.000 1.000 1440.000 600.000 669.000 34203.779 4853665.218 4772.664 11504024.546 1611303750.070 4690689990493.745
8678.000 4983.000 41134207.000 1.000 1440.000 600.000 690.000 56166.407 5112589.229 9817.732 9752031.401 330454960.730 15349103761029.650
8785.000 4976.000 41134217.000 1.000 1420.000 590.000 694.000 74784.260 5607914.387 11253.914 1265712.415 193101.191 153861999765792.094
8925.000 5004.000 41134227.000 1.000 1420.000 590.000 694.000 72367.856 6290583.379 6097.184 5404569.971 3908415.100 68314434527133.430
9053.000 5056.000 41134237.000 1.000 1420.000 590.000 691.000 62049.853 6949041.885 680.400 5450517.707 151166390.418 67557006243771.391
9150.000 5124.000 41134247.000 1.000 1410.000 590.000 650.000 51644.130 7469854.973 1756.912 8891121.055 515321653.069 22836007828238.297
9225.000 5188.000 41134257.000 1.000 1410.000 590.000 561.000 34669.863 7885445.504 11218.100 1698087.839 1574102783.752 143322481719130.188
9255.000 5247.000 41134267.000 1.000 1410.000 590.000 452.000 31428.000 8054831.716 27197.132 497766.092 1841854056.353 173503126047241.188
9255.000 5307.000 41134277.000 1.000 1410.000 590.000 430.000 32378.298 8054831.716 50586.996 5547955.507 1761189572.546 65964758001037.539
9245.000 5368.000 41134287.000 1.000 1410.000 590.000 438.000 21786.554 7998169.646 81747.691 3414148.828 2762372081.078 105178886092461.797
9208.000 5387.000 41134297.000 1.000 1410.000 590.000 473.000 28304.593 7790258.983 92973.481 8005892.245 2119703164.589 32080130026911.383
9166.000 5353.000 41134307.000 1.000 1410.000 590.000 546.000 43588.847 7557570.286 73395.225 10398230.890 945930317.661 10703325579424.951
9121.000 5283.000 41134317.000 1.000 1410.000 590.000 602.000 63440.376 7312175.967 40367.051 1065736.051 118907055.831 158863048829524.469
9083.000 5168.000 41134327.000 1.000 1410.000 590.000 636.000 65475.000 7108108.098 7381.479 11154495.949 78673834.442 6326878357944.309
9048.000 5048.000 41134337.000 1.000 1420.000 590.000 667.000 44179.666 6922705.850 1161.751 3291887.623 909936949.827 107701576457239.359
9063.000 4965.000 41134347.000 1.000 1420.000 590.000 710.000 37895.039 7001863.956 13708.773 6637955.022 1328587059.348 49447190140534.953
9110.000 4910.000 41134357.000 1.000 1420.000 590.000 727.000 50567.729 7252806.689 29613.064 15806012.279 565350398.501 4563297684918.144
9204.000 4888.000 41134367.000 1.000 1420.000 590.000 731.000 80743.392 7767946.155 37668.781 12373737.352 40941631.583 1679842224197.978
9355.000 4919.000 41134377.000 1.000 1420.000 590.000 737.000 104366.411 8632452.425 26596.544 5928738.203 901295494.253 59924419022529.406
9543.000 4985.000 41134387.000 1.000 1420.000 590.000 731.000 115685.117 9772523.357 9425.394 14919002.026 1709019561.289 1560444174383.426
9746.000 5072.000 41134397.000 1.000 1420.000 590.000 731.000 87202.868 11082930.395 101.697 10135022.438 165329213.383 12494826514762.062
9892.000 5152.000 41134407.000 1.000 1420.000 590.000 714.000 67853.837 12076344.629 4888.182 10705993.247 42132953.692 8784296448572.016
10001.000 5222.000 41134417.000 1.000 1420.000 590.000 700.000 47414.751 12845798.201 19576.356 10180979.602 725229003.786 12172039607877.881
10064.000 5287.000 41134427.000 1.000 1420.000 590.000 699.000 27977.982 13301364.248 41990.375 6548278.891 2149884333.194 50716413668736.742
10097.000 5329.000 41134437.000 1.000 1440.000 600.000 697.000 15476.495 13543162.082 60967.280 8106588.081 3465480535.240 30949600865810.211
10109.000 5356.000 41134447.000 1.000 1440.000 600.000 699.000 0.000 13631628.567 75029.718 9054092.520 5527153330.426 21304982882810.926
10109.000 5356.000 41134457.000 1.000 1440.000 600.000 702.000 17285.400 13631628.567 75029.718 3440881.485 3255778231.646 104631277800540.875
10109.000 5323.000 41134467.000 1.000 1440.000 600.000 710.000 23854.475 13631628.567 58040.293 5273298.358 2549275664.620 70501653384588.625
10102.000 5278.000 41134477.000 1.000 1440.000 600.000 705.000 33921.864 13579988.117 38382.895 135057.640 1634015953.340 183189917390098.625
10087.000 5215.000 41134487.000 1.000 1440.000 600.000 703.000 34179.706 13469660.011 17666.538 3130038.661 1613236960.485 111087088207310.062
10070.000 5152.000 41134497.000 1.000 1440.000 600.000 652.000 40155.343 13345165.490 4888.182 39651172.866 1168920829.415 675030456320577.125
10031.000 5086.000 41134507.000 1.000 1420.000 610.000 420.000 115854.413 13061744.414 15.331 58370.094 1723045713.830 185271694501626.844
7968.000 4229.000 41134608.000 0.000 1390.000 600.000 589.000 116979.915 2405922.199 727753.111 59334015.942 1817750712.271 2085218368460635.500
7892.000 4019.000 41134618.000 1.000 1390.000 600.000 605.000 3703.825 2175930.460 1130148.588 19462277.705 4990151190.896 33552512661810.172
7897.000 4014.000 41134628.000 1.000 1390.000 600.000 617.000 40859.758 2190706.496 1140804.432 30400629.156 1121249858.891 279919820190433.219
7943.000 4077.000 41134638.000 1.000 1380.000 590.000 665.000 98898.378 2328992.022 1010194.789 26560715.260 602876857.209 166175061314144.844
8123.000 4134.000 41134648.000 1.000 1360.000 600.000 702.000 149606.120 2910789.297 898864.160 26793494.075 5664262194.912 172230699782585.594
8392.000 4230.000 41134658.000 1.000 1360.000 600.000 728.000 200758.266 3901034.003 726047.942 12497407.056 15980357510.895 1374562960591.484
8755.000 4353.000 41134668.000 1.000 1350.000 590.000 746.000 224617.386 5466728.174 531564.162 7014395.939 22581841930.265 44294731019929.109
9170.000 4461.000 41134678.000 1.000 1350.000 590.000 763.000 238008.749 7579579.114 385745.917 8511161.773 26785879301.097 26611802440367.973
9620.000 4524.000 41134688.000 1.000 1350.000 590.000 760.000 221759.872 10259872.302 311458.274 31927323.874 21731195435.314 333336278757289.938
10042.000 4558.000 41134698.000 1.000 1350.000 590.000 750.000 160806.600 13141375.692 274664.530 20822756.540 7475638156.850 51164434953222.172
10349.000 4558.000 41134708.000 1.000 1350.000 590.000 756.000 121053.342 15461438.267 274664.530 20276323.666 2181685355.433 43645829553423.922
10580.000 4565.000 41134718.000 1.000 1350.000 590.000 762.000 82343.293 17331431.103 267376.348 20317719.580 63975455.258 44194507307245.875
10737.000 4573.000 41134728.000 1.000 1350.000 600.000 760.000 43554.214 18663294.616 259166.996 13611167.186 948061860.829 3440695374.760
10820.000 4578.000 41134738.000 1.000 1350.000 600.000 760.000 17568.786 19387320.804 254101.152 6672996.718 3223518853.602 48955600786979.344
10853.000 4584.000 41134748.000 1.000 1360.000 610.000 763.000 4829.197 19679014.637 248088.138 15522444.245 4832422841.194 3432199449311.426
10847.000 4591.000 41134758.000 1.000 1360.000 610.000 687.000 34463.493 19625817.395 241163.955 18773593.322 1590520817.050 26048454892924.191
10787.000 4618.000 41134768.000 1.000 1380.000 610.000 472.000 70304.641 19097804.970 215374.394 146344.908 16323104.478 182884503707919.812
9397.000 6255.000 41134928.000 0.000 1470.000 560.000 131.000 65834.388 8881017.122 1375730.844 22214012.292 72427575.266 73003142856181.516
9363.000 6376.000 41134938.000 1.000 1480.000 560.000 195.000 23425.048 8679526.082 1674217.402 3490314.062 2592823913.111 103622435341226.969
9323.000 6396.000 41134948.000 1.000 1470.000 550.000 215.000 16761.600 8445437.798 1726374.023 13893303.152 3315828054.014 49942651173.928
9291.000 6396.000 41134958.000 1.000 1470.000 550.000 304.000 43285.661 8260471.171 1726374.023 16878584.444 964671804.633 10296139563735.941
9261.000 6319.000 41134968.000 1.000 1480.000 540.000 397.000 75508.999 8088924.959 1529960.032 10786216.883 1355295.995 8315193620769.645
9231.000 6178.000 41134978.000 1.000 1480.000 540.000 488.000 96101.242 7919178.746 1201030.852 17997040.442 473341585.234 18724796710317.125
9201.000 5997.000 41134988.000 1.000 1480.000 540.000 575.000 130459.853 7751232.534 837070.429 3601476.994 3148896121.269 101371624057235.844
9169.000 5750.000 41134998.000 1.000 1480.000 540.000 668.000 137335.525 7574073.907 446111.157 2703931.551 3967828010.155 120250810952412.250
9159.000 5488.000 41135008.000 1.000 1480.000 540.000 720.000 142497.670 7519131.836 164767.419 17546844.294 4644809982.613 15031281498959.734
9154.000 5216.000 41135018.000 1.000 1490.000 550.000 762.000 175996.800 7491735.801 17933.370 641604.715 10333123575.461 169734514073232.438
9154.000 4880.000 41135028.000 1.000 1480.000 560.000 793.000 174771.896 7491735.801 40838.132 655656.698 10085596149.073 169368566882013.656
9175.000 4547.000 41135038.000 1.000 1480.000 560.000 821.000 173520.165 7607135.150 286315.389 17818123.457 9835747629.041 17208383183680.160
9204.000 4217.000 41135048.000 1.000 1470.000 560.000 828.000 207537.201 7767946.155 748371.138 7876768.212 17740208440.221 33559502626394.027
9235.000 3822.000 41135058.000 1.000 1460.000 570.000 854.000 222574.941 7941707.575 1587812.868 5479021.856 21972166639.100 67089250032037.594
9263.000 3398.000 41135068.000 1.000 1460.000 570.000 882.000 233035.082 8100305.373 2836140.498 3221987.036 25182596970.564 109157310326147.719
9304.000 2955.000 41135078.000 1.000 1440.000 580.000 888.000 239186.260 8335366.864 4524488.337 39683433.708 27172697969.713 676707857423480.250
9353.000 2501.000 41135088.000 1.000 1420.000 590.000 908.000 163425.600 8620704.011 6661997.034 25149495.919 7935384083.810 131782852974308.203
9353.000 2189.000 41135098.000 1.000 1410.000 600.000 911.000 115412.053 8620704.011 8369937.743 6106111.549 1686517035.445 57209755525030.500
9321.000 1971.000 41135108.000 1.000 1390.000 610.000 930.000 103754.719 8433817.384 9678846.571 9645195.582 864941736.072 16197638949177.729
9265.000 1781.000 41135118.000 1.000 1380.000 610.000 947.000 85340.829 8111693.787 10897158.669 6437488.905 120912055.729 52306679994495.500
9209.000 1628.000 41135128.000 1.000 1350.000 630.000 940.000 73050.854 7795842.191 11930699.517 16698765.476 1674366.625 9174482667252.520
9156.000 1499.000 41135138.000 1.000 1320.000 640.000 947.000 41170.813 7502688.215 12838494.310 11281104.171 1100515217.708 5705985416509.330
9109.000 1436.000 41135148.000 1.000 1290.000 640.000 946.000 19633.768 7247421.482 13293931.953 7266136.838 2993299998.070 41007217297905.938
9083.000 1409.000 41135158.000 1.000 1250.000 650.000 934.000 5761.800 7108108.098 13491549.514 3018030.840 4703631619.019 113460710878972.391
9072.000 1409.000 41135168.000 1.000 1230.000 650.000 918.000 0.000 7049574.820 13491549.514 6584794.560 5527153330.426 50197651049097.156
9072.000 1409.000 41135178.000 1.000 1210.000 660.000 885.000 12571.200 7049574.820 13491549.514 5468607.664 3815981016.637 67259959672813.516
9072.000 1433.000 41135188.000 1.000 1190.000 660.000 824.000 23011.459 7049574.820 13315817.459 507271.491 2635114690.085 173252805055799.875
9081.000 1476.000 41135198.000 1.000 1170.000 670.000 671.000 23979.904 7097447.684 13003845.195 11418794.287 2536625488.283 5067137591220.247
9087.000 1526.000 41135209.000 1.000 1150.000 670.000 165.000 0.000 7129452.926 12645736.748 0.000 5527153330.426 186864105330626.438
