1690.000 6264.000 72579243.000 0.000 1370.000 450.000 37.000 26751.990 12826250.870 1375376.442 11012584.670 2432398593.710 50752166454255.430
1696.000 6300.000 72579253.000 1.000 1370.000 450.000 63.000 11728.000 12783310.363 1461111.482 4298312.000 4140065805.860 191499325932959.906
1680.000 6300.000 72579263.000 1.000 1370.000 450.000 47.000 5864.000 12897978.381 1461111.482 12564347.136 4929071030.154 31050449412079.641
1688.000 6300.000 72579273.000 1.000 1370.000 450.000 56.000 23004.992 12840580.372 1461111.482 8137162.008 2816037622.842 99989563073227.234
1700.000 6271.000 72579283.000 1.000 1390.000 450.000 86.000 34106.168 12754723.359 1391844.144 13520465.739 1761075924.158 21309066174717.066
1722.000 6230.000 72579293.000 1.000 1390.000 450.000 103.000 52551.551 12598066.834 1296784.460 17548593.939 553180622.100 345798343971.574
1750.000 6164.000 72579303.000 1.000 1390.000 450.000 131.000 76492.334 12400085.803 1150823.553 11401013.098 177233.308 45368671757290.789
1783.000 6065.000 72579313.000 1.000 1400.000 460.000 168.000 92046.240 12168764.017 948217.193 19579215.043 255197329.830 2081022327555.950
1820.000 5945.000 72579323.000 1.000 1400.000 460.000 193.000 118757.311 11911993.225 728913.727 4299502.392 1822091852.524 191466381279751.375
1860.000 5788.000 72579333.000 1.000 1410.000 460.000 216.000 124622.935 11637483.181 485480.691 1695510.363 2357257072.572 270310748608676.438
1901.000 5623.000 72579343.000 1.000 1410.000 460.000 253.000 126936.046 11359431.385 282773.424 36246189.567 2587217997.488 327955780157592.625
1934.000 5453.000 72579353.000 1.000 1400.000 470.000 260.000 176385.145 11138075.599 130873.513 13826374.493 10062858844.499 18578390017055.949
1962.000 5214.000 72579363.000 1.000 1420.000 470.000 284.000 195247.866 10951966.568 15071.109 9473390.222 14203043602.059 75051899281109.516
1976.000 4948.000 72579373.000 1.000 1420.000 470.000 277.000 208172.000 10859500.052 20516.424 18330166.184 17450583544.018 37452326592.661
1976.000 4664.000 72579383.000 1.000 1400.000 480.000 291.000 183164.952 10859500.052 182530.220 12163911.435 11469041059.611 35673488279625.852
1955.000 4415.000 72579393.000 1.000 1390.000 480.000 315.000 199759.647 10998346.825 457294.527 9427964.746 15298796512.863 75841027258174.438
1918.000 4145.000 72579403.000 1.000 1410.000 490.000 315.000 212621.809 11245127.617 895361.727 19523238.032 18646029727.797 1922653691789.956
1864.000 3860.000 72579413.000 1.000 1400.000 500.000 315.000 185987.105 11610208.177 1515940.993 24576310.603 12081474706.241 41469355568427.156
1798.000 3615.000 72579423.000 1.000 1380.000 500.000 320.000 152458.714 12064337.750 2179271.415 13933171.127 5835030427.582 17669151810880.559
1723.000 3421.000 72579433.000 1.000 1370.000 510.000 320.000 133450.295 12590969.083 2789686.811 7810729.987 3292344117.062 106624420653961.453
1638.000 3260.000 72579443.000 1.000 1360.000 510.000 324.000 122794.456 13201417.928 3353423.660 20307641.856 2183049275.744 4713248415945.820
1546.000 3120.000 72579453.000 1.000 1350.000 520.000 327.000 95089.624 13878423.030 3885769.615 11363380.145 361695007.039 45877051068841.992
1461.000 3022.000 72579463.000 1.000 1330.000 520.000 329.000 79587.059 14518961.874 4281735.784 16632472.947 12360258.040 2262518968697.955
1378.000 2952.000 72579473.000 1.000 1310.000 520.000 315.000 56896.100 15158373.217 4576328.762 35119662.391 367689949.308 288423044504722.375
1303.000 2932.000 72579483.000 1.000 1290.000 520.000 211.000 104808.327 15748004.550 4662298.184 2482735.845 825814241.625 245044719928874.188
2501.000 6163.000 72579724.000 0.000 1340.000 480.000 67.000 23179.495 7674980.719 1148679.024 2714446.333 2797547599.195 237844062068795.906
2491.000 6133.000 72579734.000 1.000 1350.000 470.000 103.000 19476.294 7730488.230 1085273.158 172927.161 3202999586.656 322694984280910.250
2482.000 6158.000 72579744.000 1.000 1350.000 470.000 91.000 19240.377 7780615.990 1137986.380 8849800.001 3229758711.901 86245399916756.969
2499.000 6178.000 72579754.000 1.000 1350.000 470.000 98.000 31313.774 7686066.221 1181056.958 19370237.476 2003239994.924 1521762367539.021
2535.000 6201.000 72579764.000 1.000 1360.000 470.000 107.000 57739.746 7487751.181 1231577.122 14150926.369 336047453.540 15885914328464.949
2609.000 6228.000 72579774.000 1.000 1360.000 470.000 122.000 77045.239 7088243.599 1292233.402 11526337.773 948473.155 43696097489518.570
2707.000 6266.000 72579784.000 1.000 1360.000 470.000 137.000 92770.120 6576021.990 1380071.500 11585406.578 278849148.769 42918661289277.625
2820.000 6323.000 72579794.000 1.000 1370.000 460.000 178.000 108575.586 6009242.114 1517243.647 26978972.454 1056525804.191 78186840608944.828
2950.000 6394.000 72579804.000 1.000 1370.000 460.000 218.000 145381.824 5388784.470 1697195.198 12917614.287 4803942757.661 27238230938250.973
3123.000 6491.000 72579814.000 1.000 1380.000 470.000 212.000 163004.763 4615517.528 1959340.500 3602319.704 7557419489.328 211246470770169.062
3325.000 6584.000 72579824.000 1.000 1380.000 470.000 223.000 158090.275 3788377.803 2228345.687 3335117.748 6727105184.184 219085065359018.250
3521.000 6674.000 72579834.000 1.000 1380.000 470.000 233.000 153540.319 3063814.585 2505143.287 6436257.498 6001442221.486 136898954157461.672
3715.000 6753.000 72579844.000 1.000 1380.000 470.000 240.000 144759.613 2422304.870 2761461.069 14080114.171 4718078416.971 16455403002436.611
3896.000 6832.000 72579854.000 1.000 1380.000 470.000 240.000 125550.726 1891657.919 3030260.851 11095764.777 2448209328.646 49573925990580.602
4049.000 6909.000 72579864.000 1.000 1380.000 470.000 240.000 110413.257 1494201.999 3304267.575 24515014.211 1179367047.873 40683655686983.812
4190.000 6962.000 72579874.000 1.000 1380.000 470.000 240.000 76968.490 1169373.092 3499759.607 29954033.272 804872.496 139650780246111.422
4289.000 6997.000 72579884.000 1.000 1380.000 470.000 240.000 36103.506 965061.732 3631938.118 16777755.013 1597428005.294 1846568810244.829
4338.000 7002.000 72579894.000 1.000 1380.000 470.000 237.000 13214.345 871189.928 3651020.762 1912360.350 3951002214.613 263227254965233.938
4353.000 6992.000 72579904.000 1.000 1380.000 470.000 246.000 15823.295 843413.661 3612905.473 14353195.520 3629827304.144 14314453253478.566
4348.000 6971.000 72579914.000 1.000 1380.000 470.000 249.000 35404.735 852622.417 3533514.367 15143036.005 1653773017.251 8961665765253.016
4326.000 6928.000 72579924.000 1.000 1380.000 470.000 241.000 56063.720 893734.941 3373703.624 8899161.687 400304983.534 85331008318260.500
4293.000 6859.000 72579934.000 1.000 1380.000 470.000 252.000 68204.459 957218.728 3124991.131 15985571.127 61887866.002 4627097933297.216
4260.000 6772.000 72579944.000 1.000 1380.000 470.000 275.000 90012.878 1022880.514 2824969.118 18873106.614 194366394.377 542382855477.027
4226.000 6654.000 72579954.000 1.000 1380.000 470.000 287.000 115760.636 1092810.052 2442232.709 12224440.376 1575239968.080 34954106144562.711
4191.000 6500.000 72579964.000 1.000 1380.000 470.000 289.000 132437.908 1167211.341 1984617.260 6357774.455 3177189634.618 138741677014780.000
4160.000 6322.000 72579974.000 1.000 1380.000 470.000 292.000 141111.543 1235155.625 1514781.118 17532847.633 4230227598.407 364565401223.726
4129.000 6132.000 72579984.000 1.000 1380.000 470.000 304.000 165030.844 1305021.910 1083190.629 11856926.637 7913792794.051 39434801780794.469
4098.000 5909.000 72579994.000 1.000 1370.000 470.000 319.000 181206.733 1376810.194 668738.687 7458319.713 11053450201.949 114026527313488.344
4065.000 5664.000 72580004.000 1.000 1370.000 470.000 346.000 191381.794 1455341.981 328059.109 24915820.077 13296500078.561 45957280509153.492
4032.000 5405.000 72580014.000 1.000 1370.000 470.000 371.000 225373.363 1536051.768 98448.127 15829450.190 22291093135.603 5323125502501.249
4002.000 5099.000 72580024.000 1.000 1360.000 480.000 394.000 246968.793 1611314.301 60.287 24677026.269 29205938370.170 42776650611187.734
3977.000 4763.000 72580034.000 1.000 1360.000 480.000 414.000 213303.000 1675408.079 107738.580 15165318.472 18832527645.761 8828752502531.717
3977.000 4472.000 72580044.000 1.000 1350.000 490.000 440.000 233992.384 1675408.079 383452.673 10899330.306 24939055147.710 52378653749753.766
3989.000 4153.000 72580054.000 1.000 1340.000 490.000 440.000 248861.866 1644487.065 880285.958 23061772.076 29856564791.768 24256924507766.926
4021.000 3815.000 72580064.000 1.000 1330.000 500.000 448.000 217399.694 1563439.030 1628777.193 14879171.398 19973702758.064 10611102657516.285
4067.000 3522.000 72580074.000 1.000 1320.000 500.000 440.000 197100.688 1450520.479 2462500.229 10966325.773 14648102318.317 51413408236969.375
4123.000 3259.000 72580084.000 1.000 1300.000 510.000 449.000 182139.807 1318766.417 3357087.131 14669188.155 11250519026.563 12023223324068.076
4170.000 3015.000 72580094.000 1.000 1290.000 510.000 442.000 162127.272 1213028.114 4310754.082 26272644.125 7405622892.722 66194560713036.188
4201.000 2796.000 72580104.000 1.000 1280.000 520.000 440.000 126284.647 1145703.830 5268106.255 18226349.195 2521375884.983 8047713105.669
4222.000 2625.000 72580114.000 1.000 1270.000 520.000 442.000 101419.232 1101189.057 6082317.815 20611397.056 642515469.884 6124421753473.603
4232.000 2487.000 72580124.000 1.000 1250.000 530.000 442.000 73300.000 1080301.545 6782042.829 18267826.000 7680342.775 17209727753.298
4232.000 2387.000 72580134.000 1.000 1240.000 530.000 442.000 48378.000 1080301.545 7312889.940 11324893.980 766921254.024 46399885857868.523
4232.000 2321.000 72580144.000 1.000 1220.000 540.000 442.000 32927.940 1080301.545 7674205.033 17297607.409 1861353234.117 703975937188.464
4219.000 2278.000 72580154.000 1.000 1200.000 540.000 443.000 9329.567 1107494.310 7914294.291 7172210.022 4454464681.729 120218727988911.562
4210.000 2269.000 72580164.000 1.000 1190.000 540.000 392.000 19114.301 1126518.070 7965013.531 56553518.432 3244104648.831 1475856537084254.000
4188.000 2283.000 72580174.000 1.000 1190.000 540.000 245.000 96267.805 1173702.594 7886186.935 1422323.619 407897071.842 279368377033089.250
2326.000 5161.000 72580435.000 0.000 1230.000 490.000 122.000 45622.994 8675237.163 4867.078 33441654.602 927101965.081 234243467435787.625
2351.000 5104.000 72580445.000 1.000 1230.000 490.000 137.000 0.000 8528593.385 162.931 21491560.000 5786849246.447 11255487213045.311
2351.000 5104.000 72580455.000 1.000 1230.000 490.000 141.000 29320.000 8528593.385 162.931 11283069.000 2185688084.978 46971437481307.602
2351.000 5144.000 72580465.000 1.000 1240.000 500.000 149.000 13927.000 8528593.385 2784.087 11820358.000 3861919383.750 39895420173705.273
2370.000 5144.000 72580475.000 1.000 1240.000 500.000 137.000 30053.000 8417980.114 2784.087 8222000.894 2117687904.942 98300071537839.516
2410.000 5153.000 72580485.000 1.000 1250.000 510.000 156.000 41269.918 8187470.070 3814.847 10843856.866 1211139191.466 53184687998867.344
2463.000 5172.000 72580495.000 1.000 1260.000 510.000 168.000 56063.720 7886973.261 6522.895 13892826.074 400304983.534 18009957895057.922
2532.000 5205.000 72580505.000 1.000 1260.000 510.000 186.000 75017.098 7504178.434 12942.349 9810946.251 1111432.806 69317178867283.539
2617.000 5262.000 72580515.000 1.000 1260.000 510.000 178.000 88401.745 7045709.590 29160.495 1567073.370 152038810.139 274550543212075.000
2713.000 5335.000 72580525.000 1.000 1270.000 510.000 186.000 86263.855 6545285.483 59421.104 3312238.619 103887298.107 219762880694336.062
2802.000 5412.000 72580535.000 1.000 1270.000 510.000 191.000 81745.112 6097815.634 102889.829 9445448.262 32191653.127 75536816400045.234
2888.000 5483.000 72580545.000 1.000 1270.000 510.000 196.000 68859.098 5680479.039 153479.380 13922267.752 52016479.895 17760934692541.609
2971.000 5527.000 72580555.000 1.000 1270.000 510.000 195.000 49865.554 5291727.697 189890.651 15881530.573 686743384.217 5085519195457.258
3033.000 5555.000 72580565.000 1.000 1270.000 510.000 195.000 28199.073 5010325.128 215077.460 9386851.509 2291754247.932 76558801227951.703
3071.000 5561.000 72580575.000 1.000 1270.000 510.000 196.000 15393.000 4841652.585 220678.633 3799498.903 3681861325.676 205553619080355.281
3092.000 5561.000 72580585.000 1.000 1270.000 510.000 202.000 10209.509 4749677.812 220678.633 503804.827 4337781195.699 310916881459073.500
3097.000 5548.000 72580595.000 1.000 1270.000 510.000 203.000 10896.828 4727909.057 208633.758 4749887.645 4247717423.155 179205142577767.406
3087.000 5537.000 72580605.000 1.000 1270.000 510.000 207.000 17376.893 4771496.568 198705.940 379615.569 3445038476.715 315311921900789.500
3066.000 5526.000 72580615.000 1.000 1270.000 510.000 208.000 16859.000 4863681.341 189020.122 537289.000 3506101579.603 309737160832174.250
3043.000 5526.000 72580625.000 1.000 1270.000 510.000 212.000 17592.000 4965657.617 189020.122 1720905.148 3419833573.566 269476355591685.031
3019.000 5526.000 72580635.000 1.000 1280.000 500.000 212.000 19939.756 5073195.643 189020.122 2711208.672 3150755074.356 237943936222143.500
2997.000 5542.000 72580645.000 1.000 1280.000 500.000 212.000 23638.540 5172784.168 203188.584 4623031.000 2749198844.652 182617632206111.219
2981.000 5570.000 72580655.000 1.000 1280.000 500.000 213.000 29945.540 5245820.185 229215.393 1246870.383 2127589714.900 285264322716210.312
2966.000 5608.000 72580665.000 1.000 1280.000 500.000 213.000 31646.591 5314756.452 267045.491 118527.566 1973558602.306 324652381019229.250
2956.000 5650.000 72580675.000 1.000 1280.000 500.000 213.000 31484.889 5360963.963 312217.704 1877623.480 1987951892.382 264355623011747.906
2947.000 5692.000 72580685.000 1.000 1280.000 500.000 212.000 28923.329 5402721.723 360917.918 2549827.727 2222935236.927 242948721448826.188
2941.000 5731.000 72580695.000 1.000 1280.000 500.000 215.000 25444.710 5430650.230 409298.544 5218747.430 2563055982.642 166871952274906.375
2934.000 5765.000 72580705.000 1.000 1280.000 500.000 215.000 18325.000 5463324.488 453958.527 9133913.000 3334640145.529 81049096102136.922
2934.000 5790.000 72580715.000 1.000 1280.000 500.000 215.000 5864.000 5463324.488 488271.749 1074578.000 4929071030.154 291113964743731.875
2926.000 5790.000 72580725.000 1.000 1290.000 510.000 213.000 4398.000 5500786.497 488271.749 27022344.064 5137068116.227 78955734082027.422
2926.000 5784.000 72580735.000 1.000 1300.000 510.000 222.000 41263.408 5500786.497 479922.575 26135996.066 1211592348.401 63989695102130.141
2914.000 5729.000 72580745.000 1.000 1300.000 510.000 207.000 76919.610 5557219.510 406743.487 17326457.556 719556.673 656395832451.901
2900.000 5625.000 72580755.000 1.000 1300.000 510.000 214.000 100557.342 5623422.025 284904.482 12151864.580 599564140.390 35817538599862.016
2882.000 5489.000 72580765.000 1.000 1300.000 510.000 226.000 117135.602 5709115.545 158216.553 10408108.157 1686273356.086 59730206736597.812
2866.000 5330.000 72580775.000 1.000 1300.000 510.000 228.000 102936.273 5785831.563 57008.460 7753874.109 721724456.622 107801830621535.188
2855.000 5190.000 72580785.000 1.000 1300.000 510.000 233.000 92358.000 5838870.825 9754.415 3761023.000 265255191.820 206658368387150.250
2855.000 5064.000 72580795.000 1.000 1300.000 510.000 233.000 87227.000 5838870.825 741.775 6984757.000 124448680.077 124364497747638.250
2855.000 4945.000 72580805.000 1.000 1300.000 510.000 239.000 77698.000 5838870.825 21384.838 4369633.633 2646012.555 189530468385276.875
2855.000 4839.000 72580815.000 1.000 1300.000 510.000 237.000 71736.699 5838870.825 63622.775 18041543.769 18789139.782 9043321307.369
2868.000 4742.000 72580825.000 1.000 1300.000 510.000 239.000 47123.406 5776214.061 121965.473 11133901.301 837983064.404 49038351359905.734
2885.000 4680.000 72580835.000 1.000 1300.000 510.000 242.000 31933.909 5694788.292 169114.682 5450524.229 1948113092.071 160937537111433.562
2908.000 4643.000 72580845.000 1.000 1290.000 510.000 251.000 24497.996 5585544.017 200915.113 1301072.068 2659810134.765 283436352577812.250
2934.000 4622.000 72580855.000 1.000 1290.000 510.000 257.000 22723.000 5463324.488 220182.007 12277939.114 2846045715.309 34324377806313.750
2965.000 4622.000 72580865.000 1.000 1290.000 510.000 285.000 39473.258 5319368.203 220182.007 9758371.826 1339419835.589 70195380076173.883
3017.000 4636.000 72580875.000 1.000 1280.000 520.000 291.000 52786.180 5082209.145 207239.411 13612751.905 542198822.249 20465564835555.992
3082.000 4667.000 72580885.000 1.000 1280.000 520.000 297.000 71357.465 4793365.323 179975.807 1603043.146 22220647.077 273359829826013.906
3163.000 4721.000 72580895.000 1.000 1280.000 520.000 301.000 69170.503 4445247.483 137074.367 171098.326 47621594.576 322760692959628.938
3235.000 4782.000 72580905.000 1.000 1270.000 520.000 302.000 68937.081 4146825.403 95626.629 13774657.678 50897696.219 19026891068975.266
3301.000 4849.000 72580915.000 1.000 1270.000 520.000 309.000 50144.915 3882379.830 58678.064 10522430.502 672179675.868 57976188533916.656
3343.000 4903.000 72580925.000 1.000 1270.000 520.000 307.000 35789.621 3718632.283 35432.624 6698330.653 1622617138.206 130834924104424.469
3371.000 4943.000 72580935.000 1.000 1270.000 520.000 311.000 26651.380 3611427.252 21973.780 10136742.761 2442332756.320 63998358203240.953
3390.000 4974.000 72580945.000 1.000 1270.000 520.000 311.000 12822.263 3539573.981 13744.175 9398718.779 4000446137.994 76351269851604.016
3399.000 4989.000 72580955.000 1.000 1270.000 520.000 309.000 0.000 3505790.221 10452.109 0.000 5786849246.447 328937715859658.562
3399.000 4989.000 72580965.000 1.000 1270.000 520.000 312.000 0.000 3505790.221 10452.109 8059335.000 5786849246.447 101552079046803.594
3399.000 4989.000 72580975.000 1.000 1270.000 520.000 312.000 10995.000 3505790.221 10452.109 8803324.136 4234930435.897 87110787780685.703
3387.000 4980.000 72580985.000 1.000 1260.000 510.000 304.000 23004.992 3550871.234 12373.349 6686295.526 2816037622.842 131110391963582.719
3371.000 4953.000 72580995.000 1.000 1260.000 510.000 287.000 32126.814 3611427.252 19109.069 3747230.139 1931121640.946 207055120408389.188
3351.000 4914.000 72581005.000 1.000 1260.000 510.000 249.000 37238.997 3687842.274 31412.442 12223289.566 1507951106.392 34967715106165.684
3321.000 4873.000 72581015.000 1.000 1270.000 520.000 122.000 20563.295 3803964.808 47626.758 1216848.978 3081143407.819 286279333237914.812
2710.000 4523.000 72581266.000 0.000 1240.000 490.000 24.000 62231.657 6560644.737 322891.647 30220810.088 191536912.331 146027163137724.906
2688.000 4605.000 72581276.000 1.000 1240.000 490.000 61.000 21002.721 6673829.261 236425.015 7872948.493 3032553143.909 105343366389829.484
2674.000 4630.000 72581286.000 1.000 1240.000 490.000 63.000 10262.000 6746359.777 212738.238 7522046.000 4330869643.933 112669608927699.922
2674.000 4644.000 72581296.000 1.000 1250.000 500.000 70.000 0.000 6746359.777 200019.642 20253728.973 5786849246.447 4482065092751.589
2674.000 4644.000 72581306.000 1.000 1250.000 500.000 93.000 27631.281 6746359.777 200019.642 10329296.730 2346439619.696 60954611247282.312
2688.000 4609.000 72581316.000 1.000 1250.000 500.000 146.000 41723.091 6673829.261 232551.131 23266628.717 1179802424.768 26316782717614.363
2706.000 4555.000 72581326.000 1.000 1260.000 500.000 182.000 73464.740 6581151.741 287548.571 21849008.183 6794379.906 13781676426959.594
2727.000 4457.000 72581336.000 1.000 1260.000 500.000 215.000 103272.391 6473846.968 402254.740 15281040.847 739897004.924 8154447368125.664
2750.000 4318.000 72581346.000 1.000 1260.000 500.000 237.000 124119.650 6357334.692 597893.224 8865840.973 2308639792.540 85947717344005.250
2778.000 4151.000 72581356.000 1.000 1270.000 510.000 254.000 112024.369 6216921.661 884042.900 8601417.087 1292620068.809 90920478823874.266
2812.000 4002.000 72581366.000 1.000 1270.000 510.000 247.000 100289.830 6048528.123 1186434.095 5718154.990 586535106.003 154218773620570.781
2848.000 3870.000 72581376.000 1.000 1270.000 510.000 255.000 92488.800 5872749.083 1491416.282 16292960.541 269532889.896 3399154493431.657
2887.000 3750.000 72581386.000 1.000 1260.000 510.000 255.000 70261.023 5685246.790 1798912.815 16330439.564 33759820.078 3262360549802.583
2925.000 3662.000 72581396.000 1.000 1260.000 510.000 262.000 47982.115 5505478.248 2042714.273 9992722.921 789004737.251 66323387800951.703
2962.000 3608.000 72581406.000 1.000 1260.000 510.000 270.000 34349.478 5333215.457 2199987.713 9203416.793 1740714030.389 79802479511112.000
2998.000 3578.000 72581416.000 1.000 1240.000 520.000 285.000 21793.657 5168236.417 2289881.847 1100560.651 2946067212.230 290228004629618.938
3026.000 3568.000 72581426.000 1.000 1250.000 530.000 296.000 23295.104 5041711.385 2320246.558 6528743.040 2785331417.293 134743275270947.203
3055.000 3581.000 72581436.000 1.000 1250.000 530.000 304.000 32201.984 4912320.603 2280811.433 15925959.169 1924520670.964 4887110391109.013
3088.000 3610.000 72581446.000 1.000 1250.000 530.000 314.000 53929.077 4767128.817 2194058.771 17051391.243 490279949.618 1177765185900.221
3126.000 3673.000 72581456.000 1.000 1240.000 530.000 317.000 77191.548 4602636.274 2011392.091 12061339.080 1254858.938 36909283067382.289
3167.000 3770.000 72581466.000 1.000 1240.000 530.000 319.000 93646.308 4428396.479 1745663.393 3877685.814 308879389.986 203317778700365.625
3208.000 3891.000 72581476.000 1.000 1240.000 530.000 319.000 88356.150 4257518.683 1440565.389 10688047.454 150916479.697 55481533121772.664
3255.000 4002.000 72581486.000 1.000 1240.000 530.000 319.000 73774.912 4065770.381 1186434.095 7820203.279 5273595.960 106428869672980.094
3302.000 4091.000 72581496.000 1.000 1240.000 530.000 322.000 63106.149 3878440.079 1000471.167 15480885.967 168096258.973 7053030270135.187
3346.000 4165.000 72581506.000 1.000 1230.000 530.000 317.000 41986.250 3707071.030 857912.304 6171839.476 1161793574.059 143156455121755.812
3387.000 4205.000 72581516.000 1.000 1230.000 530.000 317.000 33566.278 3550871.234 785413.460 2340599.474 1806680562.178 249514900976067.312
3426.000 4229.000 72581526.000 1.000 1230.000 530.000 322.000 30373.100 3405410.941 743450.153 234633.300 2088329425.676 320481849187431.125
3465.000 4243.000 72581536.000 1.000 1230.000 530.000 322.000 30053.000 3262992.648 719503.558 163203.183 2117687904.942 323044436336427.062
3506.000 4243.000 72581546.000 1.000 1230.000 530.000 322.000 30275.651 3116550.852 719503.558 1732696.919 2097245418.175 269089353461713.938
3547.000 4238.000 72581556.000 1.000 1230.000 530.000 324.000 27911.808 2973471.057 728010.913 182613.756 2319340824.473 322347063686229.375
3582.000 4223.000 72581566.000 1.000 1230.000 530.000 324.000 28160.940 2853989.768 753832.980 829433.480 2295406728.611 299539402650403.000
3612.000 4199.000 72581576.000 1.000 1230.000 530.000 327.000 29292.500 2753527.234 796084.287 10228648.500 2188260165.101 62536331905541.102
3633.000 4165.000 72581586.000 1.000 1240.000 530.000 332.000 43247.000 2684274.461 857912.304 8596624.000 1077437502.281 91011908104949.266
3633.000 4106.000 72581596.000 1.000 1240.000 530.000 337.000 54975.000 2684274.461 970689.100 12038693.778 445055693.693 37184949931938.547
3633.000 4031.000 72581606.000 1.000 1240.000 530.000 337.000 71398.866 2684274.461 1124099.433 2140542.517 21832042.582 255875139421906.500
3601.000 3939.000 72581616.000 1.000 1250.000 540.000 339.000 74319.115 2790154.497 1327646.775 3732600.925 3070303.439 207476345939003.531
3563.000 3845.000 72581626.000 1.000 1270.000 530.000 344.000 79411.340 2918547.039 1553103.060 9091363.083 11155579.054 81817037183419.531
3519.000 3746.000 72581636.000 1.000 1270.000 530.000 334.000 67008.389 3070820.088 1809658.700 6793915.319 82137137.663 128657406547421.906
3473.000 3667.000 72581646.000 1.000 1250.000 540.000 336.000 57739.746 3234154.639 2028446.918 11026437.637 336047453.540 50554979748063.094
3430.000 3601.000 72581656.000 1.000 1240.000 530.000 339.000 42696.857 3390663.937 2220802.011 12164478.777 1113856324.812 35666711441795.766
3397.000 3553.000 72581666.000 1.000 1240.000 530.000 344.000 26101.388 3513283.723 2366168.624 8811332.894 2496996416.249 86961355382334.438
3375.000 3525.000 72581676.000 1.000 1240.000 530.000 348.000 14080.470 3596240.248 2453093.815 7097250.510 3842868352.109 121868123580563.641
3363.000 3510.000 72581686.000 1.000 1240.000 530.000 348.000 4398.000 3641897.261 2500305.882 972627.229 5137068116.227 294603339485125.562
3363.000 3504.000 72581696.000 1.000 1230.000 530.000 354.000 5724.913 3641897.261 2519316.709 8975440.599 4948620232.817 83927577177412.625
3368.000 3498.000 72581706.000 1.000 1230.000 530.000 359.000 17969.716 3622838.505 2538399.535 6005727.749 3375799075.799 147159035633290.875
3392.000 3493.000 72581716.000 1.000 1230.000 530.000 364.000 26163.069 3532052.479 2554356.891 10152741.952 2490835827.190 63742630404802.156
3427.000 3486.000 72581726.000 1.000 1220.000 540.000 363.000 40014.013 3401721.190 2576781.189 9895505.131 1300131056.504 67916306369156.555
3481.000 3494.000 72581736.000 1.000 1220.000 540.000 364.000 53514.020 3205444.630 2551161.420 8469026.292 508832827.042 93462757669583.016
3552.000 3511.000 72581746.000 1.000 1220.000 540.000 364.000 65067.944 2956252.301 2497144.411 6611269.311 121074792.536 132834172931395.141
3634.000 3545.000 72581756.000 1.000 1220.000 540.000 359.000 74087.411 2680998.710 2390844.393 360009.285 3935986.718 316008604840945.188
3724.000 3591.000 72581766.000 1.000 1200.000 540.000 358.000 73596.266 2394371.110 2250706.722 894275.393 6126006.827 297299142345999.812
3808.000 3646.000 72581776.000 1.000 1200.000 540.000 334.000 74816.287 2141468.017 2088705.811 37357229.186 1575165.903 369431042965976.125
3885.000 3713.000 72581786.000 1.000 1200.000 540.000 190.000 23851.445 1922037.181 1899533.247 592305.853 2726917761.288 307803665856273.562
4177.000 5449.000 72582327.000 0.000 1290.000 460.000 168.000 67567.334 1197657.857 127995.398 19242624.375 72318171.378 1223201110274.420
4266.000 5473.000 72582337.000 1.000 1290.000 460.000 173.000 41315.459 1010780.008 145744.091 14255359.811 1207971482.044 15064337054728.049
4290.000 5524.000 72582347.000 1.000 1270.000 460.000 179.000 21867.492 963097.981 187285.064 25065835.124 2938057477.925 48013743014807.375
4313.000 5543.000 72582357.000 1.000 1270.000 460.000 170.000 56063.720 918483.705 204091.113 19371196.973 400304983.534 1524130554044.280
4382.000 5576.000 72582367.000 1.000 1260.000 460.000 181.000 82491.001 790988.879 234996.567 14984471.246 41212007.097 9936168787016.248
4486.000 5619.000 72582377.000 1.000 1250.000 460.000 200.000 102933.663 616814.763 278535.309 16150702.833 721584228.500 3943947019286.046
4612.000 5681.000 72582387.000 1.000 1260.000 470.000 218.000 124967.364 434776.123 347822.100 8362890.091 2390820856.376 95526190177576.797
4767.000 5752.000 72582397.000 1.000 1260.000 470.000 230.000 113558.237 254394.701 436609.651 913659.578 1405267211.604 296631059716129.312
4902.000 5828.000 72582407.000 1.000 1260.000 470.000 244.000 112311.771 136438.301 542821.847 8578990.952 1313368611.798 91348658154649.531
5023.000 5922.000 72582417.000 1.000 1270.000 480.000 264.000 124015.715 61690.417 690169.562 1049848.046 2298662793.476 291958464338489.312
5163.000 6017.000 72582427.000 1.000 1270.000 480.000 270.000 125447.977 11745.261 857039.807 14000157.798 2438051971.783 17110486232229.424
5304.000 6114.000 72582437.000 1.000 1300.000 480.000 272.000 106348.171 1064.354 1046047.109 8043672.256 916686305.533 101868000869840.594
5417.000 6205.000 72582447.000 1.000 1300.000 480.000 274.000 95374.539 21206.479 1240471.238 13430265.691 372613370.581 22149960529920.641
5510.000 6296.000 72582457.000 1.000 1310.000 480.000 272.000 77052.212 56941.625 1451457.367 10771795.636 962103.729 54240934686591.555
5569.000 6383.000 72582467.000 1.000 1310.000 480.000 269.000 62356.720 88580.310 1668655.380 10246401.760 188090887.750 62255861820170.609
5595.000 6464.000 72582477.000 1.000 1320.000 480.000 270.000 48378.000 104732.781 1884482.220 5214995.936 766921254.024 166968889142662.344
5595.000 6530.000 72582487.000 1.000 1330.000 480.000 269.000 41263.408 104732.781 2070043.127 1197954.361 1211592348.401 286919076192222.312
5583.000 6585.000 72582497.000 1.000 1340.000 480.000 264.000 42897.725 97109.794 2231332.215 1611251.280 1100488940.204 273088477240088.125
5551.000 6634.000 72582507.000 1.000 1340.000 480.000 262.000 45095.885 78189.830 2380122.131 1160042.135 959479006.708 288204880096505.438
5507.000 6677.000 72582517.000 1.000 1350.000 490.000 265.000 43513.290 55518.879 2514648.873 631827.675 1060026823.978 306418459716453.250
5457.000 6709.000 72582527.000 1.000 1360.000 480.000 269.000 44375.265 34456.434 2617161.798 827018.245 1004641369.175 299623010426356.875
5401.000 6732.000 72582537.000 1.000 1360.000 480.000 269.000 43247.000 16802.497 2692107.962 1888032.813 1077437502.281 264017240328460.938
5342.000 6732.000 72582547.000 1.000 1360.000 480.000 267.000 45822.761 4987.812 2692107.962 6301779.852 914976721.211 140063918226889.781
5280.000 6724.000 72582557.000 1.000 1370.000 470.000 272.000 54420.005 74.381 2665919.731 7856359.237 468780443.060 105684175609985.344
5214.000 6690.000 72582567.000 1.000 1380.000 480.000 274.000 65138.094 3291.954 2556047.749 894129.526 119535936.660 297304172551316.375
5145.000 6634.000 72582577.000 1.000 1380.000 480.000 279.000 63918.272 15970.781 2380122.131 10252401.365 147697138.026 62161221188062.555
5093.000 6564.000 72582587.000 1.000 1380.000 480.000 284.000 77905.177 31817.839 2169035.109 11386682.948 3362946.642 45561922202432.203
5057.000 6464.000 72582597.000 1.000 1380.000 480.000 287.000 93439.533 45956.879 1884482.220 7359872.682 301654019.167 116138717017194.562
5032.000 6339.000 72582607.000 1.000 1380.000 480.000 287.000 103480.287 57300.657 1556916.109 7472063.463 751250203.764 113733195871194.125
5025.000 6198.000 72582617.000 1.000 1380.000 480.000 276.000 113674.098 60700.914 1224927.535 8016016.166 1413967173.396 102427029785933.656
5020.000 6043.000 72582627.000 1.000 1390.000 470.000 277.000 124610.000 63189.670 905855.558 4957089.886 2356001210.204 173700545109756.469
5020.000 5873.000 72582637.000 1.000 1380.000 480.000 276.000 131372.742 63189.670 611155.647 14515256.689 3058244716.364 13114418157440.887
5011.000 5694.000 72582647.000 1.000 1380.000 480.000 276.000 111570.209 67795.430 363324.975 1941352.699 1260169477.662 262287335557177.312
5003.000 5542.000 72582657.000 1.000 1380.000 480.000 279.000 114218.712 72025.439 203188.584 534466.950 1455221751.280 309836501293955.125
4987.000 5387.000 72582667.000 1.000 1370.000 480.000 277.000 114947.862 80869.457 87476.607 20879451.491 1511383719.018 7523014063045.517
4971.000 5231.000 72582677.000 1.000 1370.000 480.000 277.000 86462.935 90225.474 19534.100 14189704.268 107985181.477 15578302841182.426
4956.000 5114.000 72582687.000 1.000 1360.000 490.000 281.000 67104.539 99461.741 518.220 9250751.001 80403576.405 78959025933562.703
4946.000 5023.000 72582697.000 1.000 1360.000 490.000 282.000 54484.142 105869.252 4656.091 13609715.086 466007252.867 20493050517366.344
4939.000 4949.000 72582707.000 1.000 1360.000 490.000 287.000 35917.000 110473.510 20230.953 8983458.886 1612371272.648 83780727215842.016
4939.000 4900.000 72582717.000 1.000 1350.000 500.000 294.000 23661.258 110473.510 36571.038 5413950.461 2746817023.916 161866832872827.750
4948.000 4869.000 72582727.000 1.000 1350.000 500.000 306.000 16275.241 104571.750 49388.642 6250952.166 3575573830.606 141269578806516.344
4961.000 4851.000 72582737.000 1.000 1340.000 500.000 320.000 24803.143 96332.985 57713.122 6476120.237 2628428345.139 135967724595864.562
4993.000 4840.000 72582747.000 1.000 1340.000 500.000 344.000 33638.232 77492.950 63119.304 13912144.289 1800568920.642 17846365263083.875
5038.000 4849.000 72582757.000 1.000 1340.000 500.000 344.000 52617.965 54464.150 58678.064 13033157.810 550060945.969 26045531974731.852
5106.000 4872.000 72582767.000 1.000 1330.000 510.000 349.000 70398.535 27349.074 48064.229 6090804.860 32180752.143 145102147786697.438
5188.000 4922.000 72582777.000 1.000 1330.000 510.000 353.000 78707.955 6951.483 28640.673 1598312.364 6951722.124 273516285892497.281
5279.000 4979.000 72582787.000 1.000 1320.000 510.000 358.000 76527.447 58.132 12596.820 3933291.927 208030.735 201735100688247.156
5363.000 5041.000 72582797.000 1.000 1320.000 510.000 361.000 71161.428 8395.039 2523.611 3138305.782 24107266.638 224950033755670.594
5436.000 5105.000 72582807.000 1.000 1300.000 520.000 359.000 66879.974 27101.208 189.460 5198547.416 84481266.586 167394243542981.938
5502.000 5168.000 72582817.000 1.000 1300.000 520.000 358.000 59787.822 53187.634 5892.780 15957866.659 265153060.572 4747053916563.008
5555.000 5230.000 72582827.000 1.000 1300.000 520.000 351.000 38017.199 80442.825 19255.571 11280120.141 1448117885.890 47011866607001.125
5584.000 5273.000 72582837.000 1.000 1300.000 520.000 316.000 22628.222 97734.043 33038.313 24098755.239 2856167196.710 35546816357799.656
5597.000 5301.000 72582847.000 1.000 1300.000 520.000 144.000 55505.105 106031.279 44001.122 235103.245 422970151.048 320465023491063.000
4628.000 4694.000 72582998.000 0.000 1270.000 500.000 245.000 50661.914 413932.105 157796.087 5307894.890 645639088.995 164576704895798.469
4664.000 4635.000 72583008.000 1.000 1270.000 500.000 272.000 43420.584 368905.065 208150.882 14966234.939 1066072072.128 10051469189536.307
4642.000 4580.000 72583018.000 1.000 1270.000 500.000 275.000 63838.367 396113.590 261361.793 6027751.467 149645705.133 146625185089926.906
4593.000 4508.000 72583028.000 1.000 1260.000 490.000 274.000 72061.766 460193.394 340163.713 15724673.704 16076708.806 5817582127196.521
4577.000 4411.000 72583038.000 1.000 1260.000 490.000 279.000 93514.254 482157.412 462720.411 11121528.261 304255139.425 49211794787752.633
4557.000 4285.000 72583048.000 1.000 1260.000 490.000 277.000 108686.871 510332.434 650015.771 8078883.377 1063772657.876 101158471265490.891
4526.000 4140.000 72583058.000 1.000 1250.000 500.000 280.000 97665.202 555584.719 904849.082 1747222.780 466294740.658 268613001663957.781
4489.000 4012.000 72583068.000 1.000 1250.000 500.000 280.000 95281.542 612111.510 1164749.384 1857855.203 369031740.412 264998839287006.531
4450.000 3888.000 72583078.000 1.000 1250.000 500.000 279.000 92746.951 674657.803 1447775.802 12577581.451 278075897.649 30903133597185.773
4413.000 3767.000 72583088.000 1.000 1260.000 500.000 279.000 75587.904 736808.594 1753599.807 23870227.096 233713.398 32874019289766.012
4378.000 3670.000 72583098.000 1.000 1250.000 510.000 279.000 43022.792 798119.883 2019910.504 14879747.536 1092206732.159 10607349486389.865
4364.000 3613.000 72583108.000 1.000 1250.000 510.000 260.000 22723.000 823330.399 2185180.358 7150346.098 2846045715.309 120698656954042.547
4364.000 3582.000 72583118.000 1.000 1230.000 510.000 178.000 12968.094 823330.399 2277791.962 32764050.344 3982020051.464 213961129040743.781
4377.000 3570.000 72583128.000 1.000 1230.000 510.000 61.000 57666.662 799907.634 2314157.615 2625444.922 338732287.701 240597177340464.781
5100.000 4610.000 72583289.000 0.000 1220.000 530.000 22.000 0.000 29369.581 231587.660 0.000 5786849246.447 328937715859658.562
5100.000 4610.000 72583299.000 1.000 1230.000 520.000 70.000 0.000 29369.581 231587.660 30625473.000 5786849246.447 155970946004083.688
5100.000 4610.000 72583309.000 1.000 1230.000 520.000 129.000 41781.000 29369.581 231587.660 12838516.990 1175827632.354 28070108997807.113
5100.000 4553.000 72583319.000 1.000 1230.000 520.000 182.000 59296.030 29369.581 289697.513 13602577.132 281411130.796 20557727433462.273
5112.000 4473.000 72583329.000 1.000 1240.000 520.000 218.000 77853.434 25400.568 382215.202 9637380.647 3175847.849 72237412066094.703
5128.000 4368.000 72583339.000 1.000 1240.000 520.000 252.000 91001.293 20556.550 523069.669 7365735.216 222903402.955 116012393055139.906
5151.000 4246.000 72583349.000 1.000 1250.000 530.000 282.000 80952.541 14490.274 714423.144 9116777.659 23826092.592 81357919321271.516
5182.000 4140.000 72583359.000 1.000 1250.000 530.000 281.000 68514.918 7987.990 904849.082 4751418.882 57099560.829 179164148340969.156
5223.000 4056.000 72583369.000 1.000 1250.000 530.000 296.000 62032.764 2340.194 1071712.655 7205381.204 197081704.145 119492422101752.234
5272.000 3987.000 72583379.000 1.000 1250.000 530.000 312.000 52202.776 0.390 1219336.162 2734431.578 569708497.105 237228028835151.344
5328.000 3943.000 72583389.000 1.000 1250.000 530.000 312.000 48472.310 3206.328 1318444.891 259052.462 761706630.017 319608141472208.875
5390.000 3920.000 72583399.000 1.000 1250.000 530.000 325.000 48825.724 14071.759 1371792.727 698958.014 742323762.080 304072758207973.750
5456.000 3911.000 72583409.000 1.000 1240.000 530.000 337.000 49779.282 34086.185 1392955.967 381752.997 691272478.756 315236017746324.000
5522.000 3927.000 72583419.000 1.000 1250.000 540.000 345.000 49258.473 62812.612 1355444.429 2764458.190 718930004.906 236303978151227.938
5576.000 3967.000 72583429.000 1.000 1250.000 540.000 336.000 53029.903 92796.052 1263905.584 4446704.918 530907963.520 187414326602812.719
5623.000 4022.000 72583439.000 1.000 1250.000 540.000 338.000 59096.349 123639.750 1143264.673 5175498.964 288150425.902 167991180792733.719
5655.000 4096.000 72583449.000 1.000 1250.000 540.000 339.000 66157.057 147167.714 990493.811 4698488.219 98293069.578 180583927268081.625
5670.000 4185.000 72583459.000 1.000 1250.000 540.000 339.000 72567.000 158901.448 821262.882 3387242.111 12280420.812 217544742455171.312
5670.000 4284.000 72583469.000 1.000 1250.000 540.000 339.000 77188.067 158901.448 651629.242 4127777.351 1247072.189 196248236866416.625
5662.000 4389.000 72583479.000 1.000 1250.000 540.000 346.000 71556.720 152587.457 493134.775 17647353.961 20381822.056 239400972832.518
5651.000 4486.000 72583489.000 1.000 1240.000 540.000 348.000 47481.203 144114.719 366310.078 10476927.328 817396112.971 58671200485553.625
5641.000 4550.000 72583499.000 1.000 1240.000 540.000 346.000 33187.987 136622.230 292935.927 9359655.010 1838982233.449 77035468113453.516
5646.000 4595.000 72583509.000 1.000 1240.000 540.000 348.000 20419.017 140343.474 246249.727 5150728.695 3097181404.298 168633896266311.562
5656.000 4621.000 72583519.000 1.000 1240.000 540.000 348.000 27445.932 147935.963 221121.478 4858847.362 2364430608.102 176299781269134.594
5687.000 4642.000 72583529.000 1.000 1240.000 540.000 348.000 34074.646 172743.679 201812.584 14156960.425 1763722570.296 15837850698011.309
5731.000 4657.000 72583539.000 1.000 1240.000 540.000 349.000 53388.371 211254.630 188560.518 3189557.875 514517224.902 223415268477160.250
5803.000 4668.000 72583549.000 1.000 1240.000 540.000 354.000 57739.746 282624.550 179128.335 4793059.879 336047453.540 178051134396432.906
5881.000 4679.000 72583559.000 1.000 1250.000 550.000 359.000 64278.709 371641.963 169938.153 13052877.709 139066219.855 25844640536639.379
5968.000 4690.000 72583569.000 1.000 1250.000 550.000 371.000 82086.182 485285.617 160989.971 8775706.162 36178286.565 87627085091082.406
6078.000 4711.000 72583579.000 1.000 1240.000 550.000 366.000 94058.496 650642.994 144579.078 3339964.344 323537668.169 218941614849995.062
6203.000 4740.000 72583589.000 1.000 1240.000 550.000 372.000 98615.064 867924.105 123366.415 4373552.984 508219350.414 189422568285085.625
6337.000 4752.000 72583599.000 1.000 1240.000 550.000 384.000 92648.416 1135555.457 115080.762 12007407.872 274799344.753 37567488293705.266
6463.000 4742.000 72583609.000 1.000 1240.000 550.000 399.000 76267.232 1419968.817 121965.473 1627054.027 38372.447 272566433888184.250
6564.000 4717.000 72583619.000 1.000 1240.000 550.000 404.000 74047.513 1670877.954 140052.251 2135959.068 4095888.418 256021795025293.094
6650.000 4664.000 72583629.000 1.000 1250.000 560.000 415.000 76961.509 1900605.359 182530.220 2240374.185 792395.266 252691271567846.125
6718.000 4584.000 72583639.000 1.000 1250.000 560.000 420.000 80017.954 2092722.283 257287.909 2750769.415 15575737.315 236725018213954.438
6764.000 4485.000 72583649.000 1.000 1250.000 560.000 420.000 83770.709 2227927.732 367521.549 1523317.668 59280234.715 276002483825950.969
6795.000 4375.000 72583659.000 1.000 1250.000 560.000 423.000 81692.513 2321431.448 512993.371 6055087.236 31597550.645 145963920766530.188
6805.000 4264.000 72583669.000 1.000 1250.000 560.000 422.000 73431.821 2352003.937 684318.664 3558125.668 6967077.104 212533084444866.312
6799.000 4164.000 72583679.000 1.000 1250.000 560.000 417.000 68577.625 2333636.443 859765.775 3329123.274 56155811.495 219262555975111.719
6782.000 4072.000 72583689.000 1.000 1250.000 560.000 420.000 64035.847 2281986.212 1038841.118 9205436.941 144853167.229 79766390725521.438
6758.000 3988.000 72583699.000 1.000 1230.000 560.000 358.000 51477.270 2210052.239 1217128.691 23095325.151 604868433.397 24588556958536.082
6734.000 3922.000 72583709.000 1.000 1230.000 560.000 108.000 19969.323 2139270.265 1367111.784 272319.592 3147436663.290 319133948929113.000
6671.000 5967.000 72584460.000 0.000 1320.000 450.000 113.000 47870.007 1958948.585 766963.362 15828572.056 795315359.831 5327178317513.804
6735.000 5954.000 72584470.000 1.000 1320.000 450.000 120.000 26275.775 2142196.514 744362.487 16529112.617 2479598605.943 2584144763065.930
6717.000 5985.000 72584480.000 1.000 1320.000 450.000 120.000 48825.724 2089830.034 798814.882 10607756.833 742323762.080 56684083971555.039
6756.000 6039.000 72584490.000 1.000 1330.000 450.000 130.000 63297.425 2204109.741 898257.442 19312795.198 163172984.534 1383340701535.891
6832.000 6080.000 72584500.000 1.000 1330.000 450.000 141.000 89645.031 2435548.657 977655.127 16065860.282 184245002.241 4288129253615.157
6938.000 6141.000 72584510.000 1.000 1340.000 460.000 134.000 111562.985 2777637.039 1102005.389 12057822.146 1259656642.234 36952028301979.938
7071.000 6215.000 72584520.000 1.000 1340.000 460.000 151.000 128012.947 3238648.141 1262846.527 8463287.635 2697930212.011 93573748841623.781
7223.000 6301.000 72584530.000 1.000 1350.000 460.000 161.000 139559.042 3808837.972 1463530.011 3346580.402 4030687907.102 218745867291565.062
7388.000 6396.000 72584540.000 1.000 1360.000 470.000 172.000 134993.448 4480099.039 1702410.255 310871367.774 3471814441.657 85693620758242368.000
7542.000 6497.000 72584550.000 1.000 1370.000 460.000 180.000 559101.726 5155735.368 1976173.673 2841347236.540 233318350770.172 7970518071579820032.000
7605.000 6540.000 72584551.000 1.000 1370.000 460.000 183.000 171469.088 5445803.048 2098918.415 74744894.487 9100729725.222 3204494459303878.500
7782.000 6654.000 72584560.000 1.000 1380.000 470.000 187.000 79695.002 6303235.101 2442232.709 22274015.510 13130903.566 17117874885716.660
7872.000 6715.000 72584570.000 1.000 1380.000 470.000 170.000 49307.532 6763247.501 2636610.971 10884122.755 716301586.500 52599008536412.555
7922.000 6760.000 72584580.000 1.000 1380.000 470.000 187.000 34458.797 7025809.945 2784774.771 5915894.201 1731603995.884 149346631502203.812
7945.000 6801.000 72584590.000 1.000 1390.000 470.000 187.000 26388.000 7148267.670 2923294.455 2068410.919 2468434585.125 258187990557119.062
7945.000 6837.000 72584600.000 1.000 1390.000 470.000 186.000 29209.843 7148267.670 3047693.495 5134741.965 2196000194.955 169049356362255.125
7933.000 6875.000 72584610.000 1.000 1390.000 470.000 180.000 36214.948 7084244.683 3181815.593 3776780.301 1588532233.202 206205574826760.031
7904.000 6915.000 72584620.000 1.000 1400.000 480.000 177.000 41367.445 6930711.465 3326116.749 3201224.303 1204360545.803 223066646464405.469
7855.000 6943.000 72584630.000 1.000 1400.000 480.000 177.000 45734.736 6675115.270 3429031.558 2201106.642 920309732.497 253941228122265.938
7797.000 6966.000 72584640.000 1.000 1420.000 480.000 182.000 48737.610 6378778.834 3514741.722 652411.048 747132967.126 305698267222841.875
7732.000 6980.000 72584650.000 1.000 1420.000 480.000 171.000 47847.554 6054672.657 3567431.127 2297628.082 796582273.168 250874303228302.312
7667.000 6986.000 72584660.000 1.000 1420.000 480.000 187.000 44713.000 5739016.479 3590132.300 632478.579 983345684.207 306395672235213.375
7606.000 6986.000 72584670.000 1.000 1430.000 480.000 176.000 45575.863 5450471.297 3590132.300 3681403.807 929974308.698 208953857675452.750
7551.000 6957.000 72584680.000 1.000 1430.000 480.000 178.000 50598.242 5196687.608 3481076.962 17625344.903 648878881.462 261422827605.084
7497.000 6914.000 72584690.000 1.000 1430.000 480.000 181.000 74643.733 4953404.168 3322470.220 3564046.842 2038070.699 212360475663372.125
7438.000 6831.000 72584700.000 1.000 1430.000 480.000 188.000 79506.007 4694261.483 3026780.322 9773519.271 11796915.862 69941790804057.078
7376.000 6742.000 72584710.000 1.000 1430.000 480.000 198.000 92839.594 4429444.052 2725023.251 5729528.951 281174237.053 153936408255826.250
7315.000 6631.000 72584720.000 1.000 1430.000 480.000 203.000 100656.141 4176400.870 2370874.544 3964599.823 604412286.036 200846726974686.562
7256.000 6507.000 72584730.000 1.000 1430.000 480.000 213.000 106064.872 3938734.185 2004388.962 14857486.326 899611773.742 10752849788628.863
7199.000 6374.000 72584740.000 1.000 1430.000 480.000 222.000 85795.450 3715735.999 1645484.620 10373733.389 94558254.311 60262721349618.320
7165.000 6262.000 72584750.000 1.000 1430.000 480.000 214.000 71643.017 3585813.537 1370689.384 12754945.461 19610072.363 28962637704562.691
7153.000 6165.000 72584760.000 1.000 1420.000 480.000 221.000 54242.000 3540510.550 1152970.082 4371654.514 476520221.730 189474829505450.688
7153.000 6091.000 72584770.000 1.000 1420.000 480.000 228.000 48277.942 3540510.550 999528.944 5773655.551 772473146.682 152843388146758.844
7186.000 6034.000 72584780.000 1.000 1420.000 480.000 251.000 56154.689 3665786.763 888804.798 4454417.544 396673111.955 187203215386625.469
7248.000 5989.000 72584790.000 1.000 1420.000 480.000 260.000 62231.657 3907044.194 805980.998 13302533.844 191536912.331 23368583758802.488
7330.000 5967.000 72584800.000 1.000 1420.000 480.000 285.000 80379.725 4237934.603 766963.362 14839132.739 18562154.290 10873555112703.178
7439.000 5979.000 72584810.000 1.000 1420.000 480.000 291.000 100624.108 4698595.732 788125.709 12269192.958 602838262.489 34426936527960.770
7572.000 6013.000 72584820.000 1.000 1400.000 480.000 304.000 117362.434 5292872.834 849649.691 6669314.115 1704954184.776 131499566348139.438
7722.000 6069.000 72584830.000 1.000 1400.000 480.000 309.000 126461.089 6005560.168 956023.309 6874255.784 2539126488.283 126841301563473.375
7883.000 6131.000 72584840.000 1.000 1400.000 480.000 312.000 117082.841 6820582.239 1081110.100 13241952.860 1681942957.085 23957963647744.141
8028.000 6198.000 72584850.000 1.000 1420.000 480.000 314.000 99017.421 7598978.328 1224927.535 6491038.253 526522489.361 135620043497863.406
8150.000 6256.000 72584860.000 1.000 1420.000 480.000 317.000 90161.980 8286478.692 1356676.211 10810596.258 198546047.246 53670919078857.930
8261.000 6309.000 72584870.000 1.000 1420.000 480.000 317.000 75413.554 8937854.319 1482950.242 17756277.761 432686.547 144675545478.168
8354.000 6353.000 72584880.000 1.000 1420.000 480.000 317.000 51189.437 9502573.465 1592049.513 15071147.763 619109252.939 9397243562765.637
8415.000 6387.000 72584890.000 1.000 1420.000 480.000 314.000 30628.526 9882374.648 1679005.495 17615108.558 2065049629.216 271995199414.316
8454.000 6402.000 72584900.000 1.000 1420.000 490.000 302.000 6597.000 10129098.354 1718103.429 2392882.898 4826684354.117 247865892348327.844
8463.000 6402.000 72584910.000 1.000 1420.000 490.000 301.000 9861.506 10186466.594 1718103.429 24403193.595 4383742533.517 39269692103550.211
8454.000 6392.000 72584920.000 1.000 1420.000 490.000 304.000 43153.721 10129098.354 1691988.140 21418639.694 1083569847.059 10771521019652.314
8433.000 6337.000 72584930.000 1.000 1420.000 490.000 301.000 72374.239 9995869.128 1551929.051 20346191.792 13668578.989 4882118467306.580
8378.000 6255.000 72584940.000 1.000 1420.000 490.000 281.000 100131.663 9651115.439 1354347.682 15256176.021 578898991.979 8297073587190.066
8297.000 6145.000 72584950.000 1.000 1420.000 490.000 233.000 120945.000 9154403.279 1110419.504 57805000.118 2013645080.388 1573578782705970.500
8198.000 6013.000 72584960.000 1.000 1420.000 490.000 96.000 42084.154 8565130.639 849649.691 1228991.430 1155129025.336 285868585172790.812
6881.000 5428.000 72585211.000 0.000 1320.000 480.000 13.000 0.000 2590890.852 113410.291 0.000 5786849246.447 328937715859658.562
6881.000 5428.000 72585221.000 1.000 1330.000 480.000 55.000 0.000 2590890.852 113410.291 28557301.772 5786849246.447 108590188680979.484
6881.000 5428.000 72585231.000 1.000 1330.000 480.000 95.000 38959.484 2590890.852 113410.291 17599544.769 1377290088.497 288471446190.922
6934.000 5432.000 72585241.000 1.000 1330.000 480.000 137.000 62969.777 2764320.043 116120.407 21165272.380 171651035.204 9172613196439.924
7012.000 5468.000 72585251.000 1.000 1340.000 490.000 165.000 91844.637 3029773.457 141951.447 13963154.492 248796799.334 17417982521208.941
7126.000 5520.000 72585261.000 1.000 1340.000 490.000 180.000 110893.961 3439631.830 183838.949 10408726.076 1212614714.933 59720655904902.961
7264.000 5582.000 72585271.000 1.000 1340.000 490.000 170.000 125094.133 3970552.177 240849.740 2792557.012 2403233926.093 235440887285844.312
7423.000 5644.000 72585281.000 1.000 1350.000 500.000 171.000 121284.369 4629487.750 305548.531 2687064.385 2044217707.819 238689391258051.156
7576.000 5707.000 72585291.000 1.000 1350.000 500.000 176.000 117618.524 5311293.830 379165.851 2397593.889 1726168237.783 247717577144341.719
7724.000 5769.000 72585301.000 1.000 1360.000 500.000 180.000 120889.457 6015366.665 459364.642 13389592.987 2008663330.366 22534456749180.371
7876.000 5833.000 72585311.000 1.000 1360.000 500.000 183.000 102622.618 6784068.497 550214.491 11059633.741 704970196.927 50084019685348.508
8000.000 5898.000 72585321.000 1.000 1360.000 500.000 185.000 87534.441 7445391.359 650868.869 12446062.193 131402612.650 32382677462438.109
8106.000 5953.000 72585331.000 1.000 1370.000 510.000 183.000 70554.820 8035095.741 742637.958 13474687.690 30432027.505 21733800721066.887
8194.000 5992.000 72585341.000 1.000 1380.000 500.000 186.000 52171.890 8541733.643 811376.584 10845524.441 571183860.179 53160368253510.594
8259.000 6021.000 72585351.000 1.000 1380.000 500.000 183.000 37375.813 8925899.821 864461.922 20838023.064 1497344052.472 7297469658616.395
8309.000 6031.000 72585361.000 1.000 1410.000 500.000 188.000 8947.405 9227162.265 883157.211 3334713.865 4505623070.826 219097021688682.688
8319.000 6038.000 72585371.000 1.000 1410.000 500.000 207.000 4398.000 9288014.754 896362.913 5957464.097 5137068116.227 148332329282335.219
8313.000 6038.000 72585381.000 1.000 1410.000 500.000 217.000 12525.509 9251479.261 896362.913 16619865.347 4038073035.984 2300605797083.491
8297.000 6032.000 72585391.000 1.000 1420.000 490.000 218.000 35199.268 9154403.279 885037.740 12991797.552 1670526525.886 26469405338073.598
8256.000 6007.000 72585401.000 1.000 1420.000 490.000 220.000 52923.412 8907983.074 838624.518 16359796.214 535826715.856 3157174365950.626
8194.000 5970.000 72585411.000 1.000 1430.000 500.000 222.000 75242.370 8541733.643 772226.949 11360596.211 687196.459 45914771436757.141
8118.000 5901.000 72585421.000 1.000 1440.000 490.000 222.000 90741.137 8103270.728 655718.455 9927319.530 215202852.025 67392945009850.062
8028.000 5816.000 72585431.000 1.000 1440.000 490.000 207.000 104284.547 7598978.328 525283.500 1931826.631 795984872.297 262595981122187.156
7923.000 5720.000 72585441.000 1.000 1440.000 490.000 211.000 106920.054 7031112.194 395344.727 911423.928 951642961.998 296708073827283.125
7809.000 5629.000 72585451.000 1.000 1450.000 480.000 209.000 105676.638 6439537.821 289190.598 5646919.118 876473484.011 155993131408335.094
7698.000 5537.000 72585461.000 1.000 1440.000 490.000 221.000 97972.792 5888506.194 198705.940 10266903.770 479673462.362 61932750659916.508
7605.000 5441.000 72585471.000 1.000 1440.000 490.000 226.000 83966.102 5445803.048 122335.167 16245692.303 62327217.528 3575683752678.330
7524.000 5360.000 72585481.000 1.000 1440.000 490.000 237.000 61802.811 5074316.888 72234.327 23174544.859 203591009.303 25380483876667.926
7477.000 5290.000 72585491.000 1.000 1430.000 500.000 233.000 30186.788 4864779.190 39507.304 9769268.604 2105392399.988 70012906556085.148
7457.000 5254.000 72585501.000 1.000 1430.000 500.000 237.000 16859.000 4776954.212 26492.264 2479708.947 3506101579.603 245139494634239.844
7457.000 5231.000 72585511.000 1.000 1430.000 500.000 237.000 13476.041 4776954.212 19534.100 11627049.774 3918171849.441 42374766837852.430
7470.000 5218.000 72585521.000 1.000 1420.000 500.000 240.000 29338.319 4833949.448 16069.224 16105242.173 2183975544.854 4126577733014.774
7509.000 5227.000 72585531.000 1.000 1410.000 500.000 242.000 51310.000 5006963.154 18431.984 20102712.648 613124113.877 3865441075081.377
7565.000 5269.000 72585541.000 1.000 1400.000 510.000 244.000 78735.256 5260713.092 31600.198 14795198.185 7096431.749 11165234392394.482
7652.000 5332.000 72585551.000 1.000 1400.000 510.000 240.000 98919.701 5667372.745 57967.518 4007925.254 522047457.102 199620584557194.031
7756.000 5418.000 72585561.000 1.000 1400.000 510.000 246.000 104387.539 6173358.630 106775.002 25000724.933 801806948.234 47115659935058.023
7871.000 5502.000 72585571.000 1.000 1380.000 510.000 246.000 70280.138 6758047.252 168727.429 25430527.546 33538056.922 53200793374054.484
7954.000 5550.000 72585581.000 1.000 1380.000 510.000 242.000 35586.376 7196473.910 210464.815 18562767.608 1639032563.967 181584612128.150
7995.000 5576.000 72585591.000 1.000 1380.000 510.000 242.000 10262.000 7418130.114 234996.567 12182620.527 4330869643.933 35450349647782.531
8009.000 5576.000 72585601.000 1.000 1380.000 510.000 247.000 26882.219 7494587.599 234996.567 15772685.204 2419569933.223 5588282977472.288
8002.000 5540.000 72585611.000 1.000 1400.000 520.000 249.000 48400.207 7456309.857 201389.527 28104621.496 765691775.032 99360652153189.312
7964.000 5486.000 72585621.000 1.000 1400.000 520.000 254.000 86742.119 7250226.399 155838.967 8422771.793 113865457.549 94359238419134.375
7904.000 5384.000 72585631.000 1.000 1400.000 520.000 254.000 98232.940 6930711.465 85711.020 3532537.371 491136375.582 213279817922478.031
7822.000 5278.000 72585641.000 1.000 1400.000 520.000 245.000 93413.653 6505685.057 34880.958 2843725.543 300755711.434 233873237117182.500
7743.000 5178.000 72585651.000 1.000 1400.000 520.000 247.000 89534.082 6108927.394 7528.069 15973559.456 181245337.732 4678918080295.594
7665.000 5084.000 72585661.000 1.000 1400.000 520.000 255.000 67742.050 5729437.981 52.353 20576715.161 69377124.138 5953966068849.919
7611.000 5009.000 72585671.000 1.000 1400.000 520.000 260.000 39670.133 5473842.541 6762.687 13166831.355 1325048099.333 24698999439422.133
7586.000 4961.000 72585681.000 1.000 1400.000 520.000 262.000 21707.198 5357486.319 16961.300 1079193.701 2955460276.320 290956479293790.000
7580.000 4932.000 72585691.000 1.000 1400.000 520.000 269.000 23179.495 5329746.825 25355.962 18624842.446 2797547599.195 238341483729.058
7610.000 4922.000 72585701.000 1.000 1400.000 520.000 270.000 48588.557 5469164.292 28640.673 14677822.895 755303533.773 11963416789958.102
7675.000 4935.000 72585711.000 1.000 1400.000 520.000 267.000 68612.872 5777410.470 24409.549 20647226.829 55628791.680 6303045482591.300
7764.000 4964.000 72585721.000 1.000 1400.000 520.000 269.000 96780.985 6213176.621 16188.887 527054.121 428889266.154 310097520043879.875
7887.000 5012.000 72585731.000 1.000 1400.000 520.000 269.000 97500.022 6841491.234 6278.273 396770.701 459188277.875 314702967998181.875
8009.000 5065.000 72585741.000 1.000 1400.000 520.000 272.000 98041.319 7494587.599 688.304 3554588.210 482679839.484 212636238723826.469
8130.000 5122.000 72585751.000 1.000 1400.000 520.000 272.000 93191.949 8171733.714 946.451 8818436.397 293115145.166 86828921145979.250
8250.000 5164.000 72585761.000 1.000 1390.000 520.000 267.000 81161.340 8872203.581 5294.664 8259692.487 25908068.080 97554095099011.844
8354.000 5202.000 72585771.000 1.000 1390.000 520.000 253.000 69893.001 9502573.465 12268.762 10580772.171 38171911.544 57091140886526.102
8448.000 5218.000 72585781.000 1.000 1370.000 520.000 96.000 84327.888 10090942.861 16069.224 2267532.102 68170533.099 251828590177033.375
6618.000 3981.000 72585973.000 0.000 1320.000 500.000 93.000 24932.777 1813397.394 1232622.989 13440124.541 2615152946.401 22057258847212.301
6619.000 3947.000 72585983.000 1.000 1320.000 500.000 146.000 6597.000 1816091.643 1309275.007 13542510.714 4826684354.117 21106025256753.754
6610.000 3947.000 72585993.000 1.000 1320.000 500.000 148.000 25072.458 1791915.403 1309275.007 18378111.714 2600886285.070 58308517165.016
6619.000 3980.000 72586003.000 1.000 1320.000 500.000 132.000 0.000 1816091.643 1234844.460 39423980.593 5786849246.447 453150863219439.562
6619.000 3980.000 72586013.000 1.000 1320.000 500.000 136.000 53784.421 1816091.643 1234844.460 3780202.678 496706898.276 206107296831296.906
6689.000 4002.000 72586023.000 1.000 1320.000 500.000 153.000 58941.587 2009659.065 1186434.095 12448687.799 293428545.264 32352801925000.504
6768.000 4017.000 72586033.000 1.000 1320.000 510.000 190.000 75924.790 2239884.728 1153982.029 7906396.749 21477.822 104657880003692.969
6868.000 4044.000 72586043.000 1.000 1320.000 510.000 226.000 86711.143 2549209.617 1096702.309 22596493.729 113205341.155 19890293963561.879
6981.000 4079.000 72586053.000 1.000 1320.000 510.000 242.000 117538.556 2922815.741 1024620.820 15624702.033 1719529742.745 6309833093813.169
7134.000 4127.000 72586063.000 1.000 1330.000 520.000 267.000 138854.657 3469369.821 929750.207 9719626.179 3941744499.801 70846124155089.766
7313.000 4189.000 72586073.000 1.000 1330.000 520.000 280.000 152114.720 4168230.372 814028.998 7099687.735 5782595164.948 121814318567808.172
7508.000 4260.000 72586083.000 1.000 1330.000 520.000 286.000 161800.515 5002488.905 690952.549 3108930.807 7349490908.563 225832048038915.250
7710.000 4349.000 72586093.000 1.000 1340.000 520.000 304.000 166041.894 5946889.181 550913.620 7813578.425 8094700022.852 106565603337785.859
7917.000 4441.000 72586103.000 1.000 1340.000 520.000 305.000 155382.169 6999328.701 422806.278 5363664.462 6290207099.300 163148907876283.188
8107.000 4535.000 72586113.000 1.000 1330.000 530.000 312.000 162699.583 8040765.990 309397.993 3991367.517 7504451942.012 200088737806575.750
8309.000 4627.000 72586123.000 1.000 1340.000 540.000 322.000 168144.832 9227162.265 215514.651 13914820.472 8477527351.671 17823761377036.230
8520.000 4717.000 72586133.000 1.000 1340.000 540.000 320.000 149161.448 10553560.781 140052.251 11009986.185 5342163429.095 50789196708977.453
8703.000 4806.000 72586143.000 1.000 1340.000 540.000 324.000 134141.003 11776046.328 81359.322 12276882.128 3372085396.772 34336764053475.512
8864.000 4893.000 72586153.000 1.000 1350.000 540.000 325.000 117392.187 12906950.399 39297.335 31652107.669 1707412137.670 182667862310003.781
9009.000 4961.000 72586163.000 1.000 1350.000 540.000 324.000 74210.594 13969836.488 16961.300 19654908.288 3462387.345 2305138144804.019
9094.000 5016.000 72586173.000 1.000 1350.000 540.000 324.000 47396.258 14612457.643 5660.389 10131509.141 822260507.531 64082122439944.812
9144.000 5057.000 72586183.000 1.000 1360.000 550.000 324.000 33574.281 14997220.088 1172.073 8128219.408 1806000290.153 100168485709752.312
9171.000 5094.000 72586193.000 1.000 1370.000 540.000 317.000 22485.305 15207070.808 7.642 15440654.529 2871463483.065 7268338458094.593
9161.000 5123.000 72586203.000 1.000 1390.000 550.000 314.000 43550.318 15129178.319 1008.980 12243295.335 1057617075.867 34731513085438.156
9118.000 5164.000 72586213.000 1.000 1390.000 550.000 282.000 60253.313 14796519.617 5294.664 15637749.433 250210077.369 6244454805735.465
9052.000 5213.000 72586223.000 1.000 1390.000 550.000 237.000 81587.214 14293121.190 14826.580 13522250.594 30424831.393 21292590956474.723
8957.000 5271.000 72586233.000 1.000 1400.000 550.000 175.000 100035.032 13583827.545 32315.255 36647641.206 574258383.992 342657160167630.750
8837.000 5336.000 72586243.000 1.000 1400.000 550.000 70.000 50038.250 12713677.679 59909.633 449295.673 677721938.205 312842154578886.125
8067.000 6011.000 72586393.000 0.000 1400.000 540.000 41.000 59232.568 7815516.034 845966.633 10763534.726 283544348.066 54362683564581.578
8084.000 5932.000 72586403.000 1.000 1400.000 530.000 83.000 73916.790 7910856.265 706884.851 19927878.221 4642099.214 3208533834005.441
8097.000 5832.000 72586413.000 1.000 1400.000 530.000 115.000 101103.527 7984153.501 548731.962 21711000.409 626610229.023 12776051275098.092
8113.000 5695.000 72586423.000 1.000 1400.000 530.000 146.000 130722.900 8074829.483 364531.504 13893685.883 2986792667.708 18002660895259.070
8124.000 5517.000 72586433.000 1.000 1400.000 530.000 139.000 149677.451 8137466.221 181275.362 5311458.003 5417859114.952 164485297053567.469
8133.000 5313.000 72586443.000 1.000 1400.000 530.000 160.000 156923.642 8188894.461 49179.469 17148064.414 6537094231.665 977281981941.562
8139.000 5099.000 72586453.000 1.000 1400.000 530.000 183.000 180318.000 8223269.954 60.287 11283069.000 10867365467.413 46971437481307.602
8139.000 4853.000 72586463.000 1.000 1400.000 530.000 222.000 195711.000 8223269.954 56756.180 5026255.033 14313647494.642 171882197864779.625
8139.000 4586.000 72586473.000 1.000 1400.000 530.000 249.000 202568.101 8223269.954 255262.967 24712255.715 16001429750.216 43238720084387.883
8125.000 4310.000 72586483.000 1.000 1400.000 530.000 285.000 236281.956 8143172.470 610328.993 16151489.342 25667440474.401 3940823722739.011
8110.000 3988.000 72586493.000 1.000 1390.000 540.000 291.000 258316.730 8057788.737 1217128.691 14028507.306 33213381033.371 16876755447884.381
8093.000 3636.000 72586503.000 1.000 1370.000 540.000 312.000 239178.248 7961564.505 2117710.522 19347865.583 26603862414.459 1467067054283.212
8079.000 3310.000 72586513.000 1.000 1370.000 540.000 310.000 265573.699 7882755.021 3172800.104 13421451.366 35911142878.175 22233005250318.031
8064.000 2948.000 72586523.000 1.000 1350.000 550.000 310.000 283884.001 7798751.288 4593458.647 54774967.232 43186100768.685 1342367011510909.000
8049.000 2561.000 72586533.000 1.000 1340.000 560.000 312.000 209156.897 7715197.554 6402091.967 5241356.815 17711764647.406 166288332239494.469
8035.000 2276.000 72586543.000 1.000 1320.000 570.000 309.000 202006.342 7637620.070 7925551.233 3592847.145 15859623938.988 211521914915405.312
8017.000 2001.000 72586553.000 1.000 1310.000 570.000 304.000 197104.777 7538453.590 9549555.789 37605900.902 14649092113.019 379052114305512.812
7995.000 1733.000 72586563.000 1.000 1280.000 580.000 274.000 145800.683 7418130.114 11277746.047 106871900.639 4862180837.931 7873946454397734.000
7976.000 1535.000 72586573.000 1.000 1270.000 590.000 180.000 0.000 7314993.385 12646811.327 0.000 5786849246.447 328937715859658.562
