2944.000 5557.000 46381923.000 0.000 900.000 720.000 146.000 0.000 10144636.994 1946483.087 0.000 1574619200.345 6044696907235.818
2944.000 5557.000 46381933.000 1.000 1030.000 650.000 161.000 0.000 10144636.994 1946483.087 0.000 1574619200.345 6044696907235.818
2944.000 5557.000 46381943.000 1.000 1160.000 640.000 165.000 0.000 10144636.994 1946483.087 10056928.711 1574619200.345 57734651902200.094
2944.000 5557.000 46381953.000 1.000 1260.000 610.000 170.000 35738.908 10144636.994 1946483.087 1646798.950 15543808.933 659015314165.280
2943.000 5430.000 46381963.000 1.000 1360.000 570.000 217.000 41591.072 10151008.124 1608240.385 3158150.230 3646573.110 489375376364.593
2966.000 5284.000 46381973.000 1.000 1380.000 570.000 253.000 52814.065 10004978.148 1259252.445 3609000.587 172465005.437 1323429489726.102
2982.000 5097.000 46381983.000 1.000 1390.000 560.000 287.000 65639.227 9904016.079 874532.042 2439613.340 673805057.554 360361579.076
2993.000 4864.000 46381993.000 1.000 1400.000 550.000 307.000 74308.784 9834901.656 493034.534 1914852.429 1199050753.573 295657649563.506
2999.000 4600.000 46382003.000 1.000 1390.000 550.000 317.000 81113.519 9797304.880 191987.848 2100395.207 1716614539.223 128308189242.448
3011.000 4312.000 46382013.000 1.000 1400.000 540.000 343.000 73649.428 9722327.328 22549.281 1392868.092 1153822051.717 1135777107856.647
3041.000 4052.000 46382023.000 1.000 1400.000 530.000 356.000 68699.648 9536143.447 12063.908 2254145.695 842054552.804 41800144756.104
3080.000 3811.000 46382033.000 1.000 1410.000 520.000 371.000 60689.180 9296795.402 123085.773 3038775.848 441323805.865 336608038696.909
3137.000 3603.000 46382043.000 1.000 1400.000 520.000 367.000 49890.403 8952451.029 312297.475 2014359.971 104222277.242 197346122142.368
3180.000 3431.000 46382053.000 1.000 1410.000 510.000 369.000 42732.052 8696982.467 534120.997 3923026.947 9306039.854 2144556440333.357
3214.000 3283.000 46382063.000 1.000 1400.000 510.000 367.000 28790.947 8497602.069 772352.400 4459218.326 118603529.357 4002487562568.059
3222.000 3181.000 46382073.000 1.000 1410.000 500.000 367.000 12944.400 8451025.034 962038.908 2800795.868 714871005.831 117100385548.626
3222.000 3135.000 46382083.000 1.000 1410.000 490.000 372.000 2991.323 8451025.034 1054391.803 1851728.500 1346167015.388 368288808281.669
3215.000 3127.000 46382093.000 1.000 1410.000 490.000 362.000 9571.737 8491772.940 1070885.176 4100373.106 906596126.790 2695430318886.169
3184.000 3141.000 46382103.000 1.000 1420.000 480.000 312.000 24143.070 8673405.949 1042105.773 6619978.898 241441928.983 17317103195931.529
3128.000 3206.000 46382113.000 1.000 1400.000 480.000 80.000 47668.226 9006389.193 913622.117 446998.931 63788243.430 4046524908409.003
2540.000 4992.000 46382224.000 0.000 1400.000 470.000 148.000 30036.072 12881385.253 689172.564 1533907.460 93033736.361 855049879903.824
2512.000 5095.000 46382234.000 1.000 1400.000 470.000 172.000 24585.086 13083156.875 870795.385 2008713.680 227900862.750 202394580537.083
2504.000 5182.000 46382244.000 1.000 1410.000 460.000 175.000 17446.800 13141093.910 1040734.952 1236120.131 494380627.886 1494448551038.405
2504.000 5244.000 46382254.000 1.000 1410.000 460.000 179.000 13054.049 13141093.910 1171079.311 2960735.749 709019642.373 252143793234.384
2510.000 5290.000 46382264.000 1.000 1420.000 450.000 186.000 2532.600 13097629.134 1272754.415 1616255.231 1380038672.390 709538867395.517
2510.000 5299.000 46382274.000 1.000 1420.000 450.000 171.000 8276.222 13097629.134 1293142.370 1879862.590 986289711.938 334932975640.135
2486.000 5282.000 46382284.000 1.000 1430.000 450.000 178.000 14956.615 13271920.238 1254767.788 5660270.108 611318541.370 10250713687161.049
2446.000 5247.000 46382294.000 1.000 1430.000 450.000 185.000 35071.292 13564965.412 1177581.296 3793213.187 21253757.339 1781201615763.549
2348.000 5170.000 46382304.000 1.000 1430.000 450.000 195.000 48551.083 14296450.089 1016395.012 2634072.559 78670003.704 30791836046.467
2206.000 5072.000 46382314.000 1.000 1450.000 440.000 210.000 57911.682 15390436.457 828398.833 1531828.196 332340565.714 858899548639.874
2034.000 4959.000 46382324.000 1.000 1450.000 440.000 214.000 52468.085 16769554.706 635470.728 3998722.703 163497478.373 2371988622553.147
1876.000 4860.000 46382334.000 1.000 1450.000 440.000 233.000 38257.983 18088559.143 487433.221 2652422.934 2026320.225 37568674106.480
1754.000 4800.000 46382344.000 1.000 1450.000 440.000 245.000 28832.173 19141190.925 407253.519 2274516.241 117707283.394 33885553540.140
1657.000 4767.000 46382354.000 1.000 1450.000 440.000 279.000 20749.315 19999362.472 366223.684 680209.366 358426559.254 3162660912246.599
1588.000 4793.000 46382364.000 1.000 1450.000 440.000 274.000 18332.082 20621268.397 398368.221 1728709.987 455796442.751 532734368593.825
1568.000 4855.000 46382374.000 1.000 1450.000 440.000 276.000 24475.330 20803310.984 480476.579 4849807.154 231226746.959 5717888238694.247
1581.000 4941.000 46382384.000 1.000 1450.000 440.000 276.000 41709.897 20684892.303 607096.818 2543776.364 4114508.990 7255603777.006
1654.000 5070.000 46382394.000 1.000 1450.000 440.000 279.000 50749.614 20026203.860 824762.176 2093711.957 122503772.839 133140753083.823
1779.000 5200.000 46382404.000 1.000 1470.000 440.000 279.000 58189.955 18923062.691 1077784.863 11734689.540 342563952.169 86045901492789.578
1939.000 5331.000 46382414.000 1.000 1470.000 440.000 281.000 99891.055 17556641.994 1366944.878 1951474.106 3625193914.989 257173154967.264
2192.000 5580.000 46382424.000 1.000 1470.000 440.000 281.000 92956.179 15500478.268 2011189.639 89807.403 2838194432.441 5611161937739.290
2481.000 5740.000 46382434.000 1.000 1470.000 440.000 281.000 92637.034 13308375.885 2490602.176 3163572.808 2804291573.082 496991549701.784
2794.000 5842.000 46382444.000 1.000 1470.000 440.000 282.000 103879.297 11122656.397 2822951.669 346203.325 4121360766.670 4462205061042.801
3147.000 5950.000 46382454.000 1.000 1470.000 440.000 282.000 105109.586 8892709.736 3197531.131 403644.381 4280838134.148 4222828342960.869
3515.000 6014.000 46382464.000 1.000 1470.000 440.000 287.000 106544.001 6833334.134 3430512.146 3506712.812 4470597817.541 1098547736369.751
3892.000 6049.000 46382474.000 1.000 1480.000 430.000 287.000 94082.335 5004458.367 3561388.639 4858162.201 2959453922.210 5757915399771.790
4226.000 6034.000 46382484.000 1.000 1480.000 430.000 289.000 76818.077 3621655.163 3504998.714 2179235.890 1379127449.402 78042368306.991
4487.000 5954.000 46382494.000 1.000 1490.000 430.000 294.000 69073.813 2696376.402 3211852.445 1958067.871 863909724.083 250528940497.394
4700.000 5832.000 46382504.000 1.000 1490.000 430.000 301.000 62115.505 2042225.850 2789448.385 3188839.151 503285847.806 533254282582.181
4842.000 5663.000 46382514.000 1.000 1500.000 420.000 307.000 73447.556 1656535.482 2253493.893 3529226.501 1140148445.494 1146248530488.982
4917.000 5413.000 46382524.000 1.000 1500.000 420.000 317.000 85989.228 1469100.780 1565411.803 870584.908 2144408288.794 2521780918006.521
4948.000 5109.000 46382534.000 1.000 1520.000 410.000 309.000 89082.991 1394913.770 897119.982 596929.599 2440510104.085 3465803769481.199
4929.000 4793.000 46382544.000 1.000 1520.000 410.000 315.000 86961.706 1440155.228 398368.221 48220.141 2235420550.617 5809914346362.138
4859.000 4492.000 46382554.000 1.000 1520.000 410.000 325.000 86790.348 1613064.283 109008.385 2739711.807 2219246221.421 79025797829.934
4754.000 4202.000 46382564.000 1.000 1520.000 410.000 337.000 96526.353 1890802.865 1613.161 2120662.198 3231340524.185 114199614106.111
4574.000 3910.000 46382574.000 1.000 1510.000 420.000 333.000 104062.466 2418226.148 63421.281 1873252.223 4144912420.458 342627960096.160
4329.000 3633.000 46382584.000 1.000 1510.000 420.000 344.000 110719.368 3240232.840 279667.325 513509.976 5046382703.449 3783361710390.004
4040.000 3366.000 46382594.000 1.000 1510.000 420.000 358.000 108894.528 4364191.223 633354.654 1911071.820 4790447155.293 299783310267.027
3758.000 3101.000 46382604.000 1.000 1510.000 420.000 374.000 102103.228 5621947.701 1125372.639 1147273.991 3896475653.179 1719566806573.841
3471.000 2879.000 46382614.000 1.000 1490.000 430.000 394.000 98026.206 7065307.825 1645667.743 5591253.100 3404108014.558 9813537172940.023
3181.000 2686.000 46382624.000 1.000 1480.000 430.000 418.000 78156.792 8691085.338 2178091.370 5348251.537 1480350268.244 8350106047835.288
2931.000 2565.000 46382634.000 1.000 1470.000 440.000 422.000 59150.923 10227617.676 2549884.639 3612301.972 379059531.928 1331036242251.155
2742.000 2473.000 46382644.000 1.000 1480.000 450.000 418.000 46314.029 11472207.124 2852166.430 4241699.503 43990815.658 3179456205135.801
2594.000 2401.000 46382654.000 1.000 1470.000 460.000 404.000 31240.470 12496682.268 3100542.788 2423742.098 71250510.565 1214831570.501
2488.000 2368.000 46382664.000 1.000 1460.000 470.000 316.000 39853.626 13257351.979 3217846.952 9841.910 29637.085 5996399198839.460
5473.000 3707.000 46382895.000 0.000 1430.000 450.000 149.000 39045.708 430420.860 206875.624 4848634.841 404195.547 5712283118416.234
5495.000 3844.000 46382905.000 1.000 1420.000 450.000 184.000 21815.307 402038.014 101019.609 998898.524 319199842.919 2130718274602.741
5486.000 3921.000 46382915.000 1.000 1440.000 460.000 188.000 25365.053 413532.178 58001.893 910466.323 204959845.861 2396707144064.597
5459.000 4007.000 46382925.000 1.000 1440.000 460.000 203.000 28600.541 448986.671 23974.131 1443399.653 122787026.314 1030624703161.645
5418.000 4100.000 46382935.000 1.000 1440.000 460.000 222.000 23471.189 505612.974 3823.669 618512.416 262773266.875 3385909554010.430
5367.000 4166.000 46382945.000 1.000 1440.000 460.000 253.000 25669.172 580742.571 17.340 1587177.887 196344544.319 759370454879.649
5302.000 4230.000 46382955.000 1.000 1430.000 460.000 284.000 20028.881 684035.979 4646.355 380541.160 386224323.236 4318314129160.091
5237.000 4259.000 46382965.000 1.000 1430.000 460.000 284.000 18676.567 795779.387 9440.878 683361.046 441206023.609 3151461030806.648
5171.000 4266.000 46382975.000 1.000 1440.000 470.000 291.000 21105.000 917887.925 10850.176 3736657.134 345085302.725 1633438902346.450
5111.000 4221.000 46382985.000 1.000 1440.000 470.000 296.000 34383.810 1036455.686 3500.400 2883049.369 28065220.031 180160210824.678
5052.000 4114.000 46382995.000 1.000 1450.000 460.000 306.000 44629.188 1160068.318 2288.266 3528768.944 24479896.078 1145268991373.951
4995.000 3966.000 46383005.000 1.000 1450.000 460.000 316.000 57169.234 1286102.691 38351.669 1768551.162 305821828.469 476162612679.036
4938.000 3771.000 46383015.000 1.000 1450.000 460.000 312.000 50884.404 1418635.064 152752.639 1115695.846 125505690.970 1803382252499.358
4901.000 3594.000 46383025.000 1.000 1450.000 460.000 322.000 46919.600 1508142.850 322437.519 2275512.960 52390500.545 33519594341.744
4877.000 3429.000 46383035.000 1.000 1460.000 470.000 327.000 38833.200 1567665.954 537048.340 3531083.459 719564.964 1150228208553.888
4877.000 3291.000 46383045.000 1.000 1460.000 470.000 342.000 26284.929 1567665.954 758355.027 1734367.534 179467357.686 524507641565.703
4911.000 3204.000 46383055.000 1.000 1460.000 470.000 348.000 20121.576 1483681.556 917449.460 454567.932 382589521.800 4016130629677.782
4959.000 3151.000 46383065.000 1.000 1450.000 470.000 371.000 18506.196 1369051.347 1021789.057 3397797.505 448392303.141 882098467656.110
5024.000 3141.000 46383075.000 1.000 1450.000 470.000 372.000 30580.814 1221167.940 1042105.773 2987394.178 82821971.505 279626950399.357
5121.000 3190.000 46383085.000 1.000 1450.000 470.000 381.000 41196.998 1016194.392 944464.863 4487179.918 2296819.811 4115150553894.672
5238.000 3278.000 46383095.000 1.000 1440.000 480.000 384.000 57142.911 793996.258 781165.758 194770.729 304901860.638 5124907266396.173
5368.000 3434.000 46383105.000 1.000 1440.000 480.000 384.000 57835.060 579219.442 529744.982 152516.549 329552766.305 5318004888062.118
5497.000 3594.000 46383115.000 1.000 1440.000 480.000 384.000 57293.068 399505.755 322437.519 554019.476 310168322.429 3627413762298.480
5619.000 3757.000 46383125.000 1.000 1440.000 480.000 384.000 55324.271 260165.974 163892.042 4025011.654 244697168.337 2453656334383.515
5736.000 3915.000 46383135.000 1.000 1440.000 480.000 386.000 41020.747 154499.840 60927.922 4222069.039 1793658.192 3109835282892.223
5835.000 4022.000 46383145.000 1.000 1440.000 480.000 386.000 26016.948 86474.034 19554.057 4228858.658 186719209.348 3133827994697.195
5893.000 4094.000 46383155.000 1.000 1440.000 480.000 386.000 10989.021 55726.532 4601.699 1245392.543 823256730.113 1471863918961.727
5923.000 4119.000 46383165.000 1.000 1440.000 480.000 389.000 6563.319 42462.651 1834.908 1453341.515 1096812041.655 1010537649233.678
5943.000 4107.000 46383175.000 1.000 1440.000 480.000 394.000 11728.001 34620.064 3006.967 3325859.565 781396527.041 752145168382.470
5964.000 4071.000 46383185.000 1.000 1440.000 480.000 397.000 23546.976 27246.347 8251.146 3020603.036 260321953.147 315851310521.526
5985.000 3990.000 46383195.000 1.000 1440.000 480.000 415.000 34281.173 20754.631 29527.549 2160751.568 29163226.603 88711622589.052
6006.000 3870.000 46383205.000 1.000 1450.000 480.000 440.000 41959.750 15144.915 85168.146 2166278.264 5190551.779 85449969815.246
6031.000 3723.000 46383215.000 1.000 1450.000 480.000 448.000 34261.533 9616.681 192576.878 350755.251 29375736.067 4442994865950.642
6061.000 3605.000 46383225.000 1.000 1450.000 480.000 453.000 33015.068 4632.800 310066.131 140434.921 44440938.975 5373873254783.314
6099.000 3494.000 46383235.000 1.000 1450.000 480.000 456.000 32516.010 903.885 446004.684 417621.238 51343842.109 4165580150779.312
6145.000 3388.000 46383245.000 1.000 1460.000 490.000 452.000 31031.926 253.935 598821.878 1116522.317 74814641.703 1801163198607.928
6201.000 3293.000 46383255.000 1.000 1460.000 490.000 448.000 27064.185 5174.691 754875.684 60342.572 159195924.963 5751622056727.271
6268.000 3224.000 46383265.000 1.000 1460.000 490.000 386.000 26849.748 19303.024 879536.027 2274101.458 164653134.428 34038432335.773
6348.000 3172.000 46383275.000 1.000 1460.000 490.000 223.000 18768.364 47932.676 979774.952 239482.676 437358075.815 4924466305957.432
6816.000 3980.000 46383415.000 0.000 1440.000 490.000 132.000 30682.925 471880.139 33064.266 4455286.605 80973843.634 3986771247557.144
6831.000 4088.000 46383425.000 1.000 1440.000 490.000 141.000 14850.350 492713.198 5451.728 2619106.018 616584607.425 25763295091.193
6822.000 4140.000 46383435.000 1.000 1440.000 490.000 151.000 5542.937 480159.362 476.803 193073.605 1165439554.962 5132594132830.275
6804.000 4148.000 46383445.000 1.000 1450.000 480.000 160.000 6229.055 455537.691 191.430 2348028.896 1119064186.499 12225202133.929
6811.000 4127.000 46383455.000 1.000 1450.000 480.000 176.000 14573.152 465035.785 1213.534 2982607.845 630427720.731 274587856136.342
6820.000 4076.000 46383465.000 1.000 1450.000 480.000 218.000 25172.327 477391.621 7367.788 1985633.252 210515281.413 223694264242.477
6829.000 3987.000 46383475.000 1.000 1450.000 480.000 269.000 32228.593 489909.457 30567.564 1883182.547 55545401.681 331101254150.757
6840.000 3873.000 46383485.000 1.000 1460.000 480.000 306.000 38920.784 505429.034 83426.131 1579888.502 578645.855 772127802012.711
6859.000 3736.000 46383495.000 1.000 1460.000 480.000 335.000 33306.397 532805.576 181336.146 1157663.842 40641578.084 1692425863949.470
6887.000 3621.000 46383505.000 1.000 1460.000 480.000 358.000 29192.453 574465.954 292503.385 788987.632 110019514.364 2787593879009.049
6918.000 3522.000 46383515.000 1.000 1460.000 480.000 371.000 26388.659 622418.944 409389.878 1449457.913 176698870.840 1018360752387.351
6953.000 3435.000 46383525.000 1.000 1460.000 480.000 387.000 21237.778 678869.417 528290.311 873268.620 340169839.190 2513264588613.603
6993.000 3371.000 46383535.000 1.000 1460.000 480.000 394.000 18134.478 746384.243 625421.296 1080114.785 464272939.716 1900211926853.321
7036.000 3323.000 46383545.000 1.000 1470.000 480.000 418.000 14296.117 822531.681 703645.534 2282184.954 644416235.846 31121044857.716
7086.000 3314.000 46383555.000 1.000 1460.000 490.000 428.000 22406.227 915725.213 718825.579 2025988.264 298434081.215 187149913554.874
7158.000 3348.000 46383565.000 1.000 1460.000 490.000 435.000 29605.901 1058707.900 662328.743 3289826.858 101517125.963 690943854837.253
7243.000 3410.000 46383575.000 1.000 1460.000 490.000 433.000 41296.828 1240851.905 565257.102 82800.262 2609375.810 5644407916616.832
7354.000 3506.000 46383585.000 1.000 1470.000 490.000 431.000 41591.072 1500466.546 430120.624 149064.334 3646573.110 5333938973667.654
7457.000 3612.000 46383595.000 1.000 1470.000 490.000 428.000 42120.796 1763412.223 302319.430 937473.407 5950302.791 2313815561455.172
7554.000 3726.000 46383605.000 1.000 1460.000 500.000 422.000 38789.334 2030440.676 189952.863 1800674.098 795909.767 432861929180.124
7630.000 3841.000 46383615.000 1.000 1460.000 500.000 382.000 32390.350 2252806.845 102935.624 5461038.345 53160456.391 9014656840361.100
7687.000 3941.000 46383625.000 1.000 1460.000 500.000 269.000 12983.675 2427162.472 48768.460 538514.595 712772351.371 3686714644850.988
8013.000 4274.000 46383726.000 0.000 1480.000 500.000 89.000 32312.024 3549212.303 12580.803 9092603.554 54308760.158 44010049167747.273
8121.000 4235.000 46383736.000 1.000 1480.000 500.000 212.000 0.000 3967806.333 5352.997 3721740.120 1574619200.345 1595531723867.808
8121.000 4235.000 46383746.000 1.000 1500.000 500.000 222.000 13225.800 3967806.333 5352.997 2375578.800 699902567.810 6891943828.902
8121.000 4188.000 46383756.000 1.000 1510.000 490.000 239.000 21667.800 3967806.333 684.564 2885315.202 324492369.962 182088823313.831
8121.000 4111.000 46383766.000 1.000 1510.000 490.000 280.000 31921.230 3967806.333 2584.281 1875086.388 60221352.038 340484088168.319
8103.000 3999.000 46383776.000 1.000 1520.000 490.000 309.000 38584.650 3896420.661 26515.505 1317877.243 1203017.954 1301240496330.717
8079.000 3864.000 46383786.000 1.000 1520.000 490.000 338.000 43267.938 3802247.765 88706.176 1677558.221 12862740.153 610020843273.048
8050.000 3713.000 46383796.000 1.000 1520.000 510.000 369.000 37306.466 3689992.517 201453.594 73805.029 5640652.318 5687230512852.187
8024.000 3583.000 46383806.000 1.000 1520.000 510.000 366.000 37568.744 3590779.880 335050.908 119297.842 4463618.551 5472318361105.546
8004.000 3451.000 46383816.000 1.000 1520.000 510.000 366.000 37144.800 3515382.467 505287.564 2034963.798 6434703.574 179464693328.960
8004.000 3319.000 46383826.000 1.000 1530.000 510.000 367.000 29913.230 3515382.467 710372.221 3041095.428 95418546.911 339304963823.831
8012.000 3213.000 46383836.000 1.000 1530.000 510.000 364.000 19106.210 3545445.432 900289.415 2069584.721 423341396.132 151330189109.112
8023.000 3146.000 46383846.000 1.000 1530.000 520.000 369.000 11751.609 3586991.009 1031922.415 2594229.133 780077233.303 18396202449.976
8035.000 3106.000 46383856.000 1.000 1540.000 520.000 309.000 2532.600 3632589.457 1114789.281 15199955.228 1380038672.390 162342221419754.500
8044.000 3106.000 46383866.000 1.000 1540.000 520.000 132.000 56548.077 3666977.293 1114789.281 566576.979 284482372.617 3579737988990.799
7925.000 5112.000 46383966.000 0.000 1510.000 500.000 190.000 36413.856 3225383.686 902811.967 4732763.608 10677312.698 5171835889494.504
7888.000 5236.000 46383976.000 1.000 1510.000 500.000 213.000 19595.222 3093853.472 1153828.684 3836175.088 403457429.069 1897722677909.923
7873.000 5304.000 46383986.000 1.000 1510.000 490.000 220.000 5962.759 3041310.412 1304539.012 630727.146 1136951589.601 3341106492330.580
7880.000 5324.000 46383996.000 1.000 1510.000 490.000 209.000 8204.149 3065774.507 1350625.579 1676696.293 990821847.586 611367983771.598
7905.000 5309.000 46384006.000 1.000 1510.000 480.000 237.000 14162.558 3153946.273 1315985.654 1286324.424 651214959.043 1374221895229.757
7943.000 5276.000 46384016.000 1.000 1500.000 480.000 275.000 18733.718 3290361.357 1241361.818 961428.707 438808387.223 2241511496259.923
7979.000 5220.000 46384026.000 1.000 1510.000 470.000 312.000 22150.309 3422260.701 1119711.430 1284566.237 307341667.411 1378347133612.833
8015.000 5150.000 46384036.000 1.000 1510.000 470.000 335.000 26715.221 3556752.044 976468.445 346902.041 168123658.544 4459253623382.784
8053.000 5063.000 46384046.000 1.000 1520.000 480.000 338.000 27947.993 3701527.129 812096.878 705463.046 137674523.606 3073477019786.845
8095.000 4973.000 46384056.000 1.000 1530.000 470.000 341.000 30454.969 3864901.696 657987.325 460296.392 85128353.019 3993203449583.671
8152.000 4881.000 46384066.000 1.000 1530.000 470.000 338.000 32090.706 4092267.323 517197.117 65159.014 57619724.690 5728543152641.447
8218.000 4788.000 46384076.000 1.000 1530.000 470.000 340.000 31859.153 4363650.785 392081.579 415279.427 61188670.646 4175144791646.576
8301.000 4711.000 46384086.000 1.000 1520.000 480.000 272.000 33334.915 4717303.049 301581.296 1664725.255 40278782.597 630231604469.309
8398.000 4643.000 46384096.000 1.000 1520.000 480.000 80.000 27419.047 5148067.502 231518.967 142488.925 150367060.780 5364354447272.405
9215.000 3675.000 46384226.000 0.000 1480.000 510.000 215.000 34001.691 9522996.820 237009.117 7524525.691 32259909.382 25663638243855.227
9321.000 3617.000 46384236.000 1.000 1480.000 510.000 209.000 7262.083 10188451.109 296846.072 465781.159 1051016767.004 3971313110924.617
9336.000 3638.000 46384246.000 1.000 1480.000 510.000 218.000 5606.855 10284434.168 274403.967 1680422.873 1161079506.744 605554243584.677
9330.000 3657.000 46384256.000 1.000 1480.000 510.000 179.000 11578.507 10245986.944 254859.206 1134309.893 789776627.810 1753735102273.448
9312.000 3694.000 46384266.000 1.000 1490.000 520.000 136.000 15609.459 10131077.273 218870.355 1341226.127 579461797.896 1248516622003.219
9286.000 3743.000 46384276.000 1.000 1490.000 520.000 149.000 20375.721 9966240.636 175423.445 539746.177 372712012.069 3681986684940.905
9236.000 3805.000 46384287.000 1.000 1490.000 520.000 132.000 22485.603 9653047.104 127331.803 1156053.671 295697902.110 1696617904780.948
9180.000 3862.000 46384297.000 1.000 1490.000 520.000 139.000 18377.381 9308206.347 89901.519 1459777.414 453864282.737 997639630512.113
9121.000 3890.000 46384307.000 1.000 1490.000 520.000 161.000 13189.828 8951676.979 73894.714 23576.536 701807188.643 5929322380992.528
9075.000 3899.000 46384317.000 1.000 1490.000 520.000 184.000 13273.611 8678534.930 69082.669 2107420.640 697375109.457 123324507132.479
9031.000 3882.000 46384327.000 1.000 1490.000 520.000 191.000 20762.668 8421228.621 78308.087 2165744.448 357921135.378 85762343111.885
8991.000 3820.000 46384337.000 1.000 1490.000 520.000 235.000 28458.988 8190673.795 116851.728 2975963.710 125944141.547 267668796856.240
8949.000 3728.000 46384347.000 1.000 1500.000 520.000 275.000 39034.552 7952035.228 188213.519 1176588.554 418505.165 1643544455693.918
8898.000 3599.000 46384357.000 1.000 1500.000 520.000 291.000 43215.748 7667002.825 316784.161 37068.259 12491108.603 5863799177010.647
8842.000 3456.000 46384367.000 1.000 1510.000 510.000 307.000 43347.476 7360018.069 498204.206 3645896.066 13439587.152 1409680183401.175
8817.000 3304.000 46384377.000 1.000 1510.000 510.000 304.000 30391.200 7224996.303 735882.296 3134930.509 86309149.212 457427648424.447
8817.000 3196.000 46384387.000 1.000 1510.000 510.000 310.000 19250.722 7224996.303 932838.833 1267627.645 417415535.398 1418406889837.570
8835.000 3130.000 46384397.000 1.000 1510.000 510.000 312.000 14746.004 7322085.974 1064685.161 855922.561 621777551.973 2568563857368.750
8870.000 3091.000 46384407.000 1.000 1500.000 520.000 315.000 11704.346 7512726.447 1146689.355 1169002.010 782719565.301 1663054031210.904
8911.000 3084.000 46384417.000 1.000 1490.000 520.000 317.000 15858.582 7739164.143 1161730.057 1387517.552 567530076.100 1147210181429.813
8961.000 3110.000 46384427.000 1.000 1490.000 520.000 314.000 20789.348 8019857.676 1106358.594 3044826.229 356912339.832 343665257627.212
9018.000 3157.000 46384437.000 1.000 1490.000 520.000 282.000 31609.626 8345947.303 1009695.027 2051346.625 65154693.832 165852486763.665
9081.000 3250.000 46384447.000 1.000 1480.000 530.000 218.000 38899.415 8713922.153 831444.564 1420158.545 611612.762 1078353452875.611
9146.000 3372.000 46384457.000 1.000 1480.000 530.000 124.000 43946.176 9101898.745 623840.624 2813854.516 18187702.329 126208235185.140
9211.000 3514.000 46384467.000 1.000 1480.000 530.000 49.000 53945.659 9498325.338 419691.251 2773349.237 203467037.868 99069265295.421
9656.000 4780.000 46384537.000 0.000 1470.000 530.000 49.000 122934.446 12439272.775 382126.952 21132139.904 6931057721.264 348701222065407.688
9714.000 5213.000 46384547.000 1.000 1470.000 530.000 90.000 47838.000 12851761.273 1104946.131 4592785.680 66528953.073 4554763319377.257
9714.000 5383.000 46384557.000 1.000 1470.000 530.000 120.000 31516.800 12851761.273 1491241.952 3936362.212 66661864.806 2183791404941.749
9714.000 5495.000 46384567.000 1.000 1480.000 540.000 137.000 17528.306 12851761.273 1777326.728 2680185.014 490762752.802 49101455348.450
9708.000 5557.000 46384577.000 1.000 1480.000 540.000 186.000 8003.839 12808778.049 1946483.087 1697978.575 1003472416.723 578539676533.559
9703.000 5585.000 46384587.000 1.000 1490.000 530.000 196.000 1969.800 12773013.696 2025396.281 712673.640 1422170186.274 3048246744861.761
9703.000 5592.000 46384597.000 1.000 1490.000 530.000 203.000 4502.400 12773013.696 2045369.579 1266975.360 1237567089.279 1419961017594.224
9703.000 5576.000 46384607.000 1.000 1490.000 530.000 240.000 9004.800 12773013.696 1999860.325 6764585.293 941058189.734 18541539209729.777
9703.000 5544.000 46384617.000 1.000 1490.000 530.000 301.000 33043.838 12773013.696 1910377.818 5797971.791 44058181.816 11151427120321.635
9693.000 5427.000 46384627.000 1.000 1490.000 530.000 348.000 53647.860 12701634.989 1600640.400 3731941.996 195060000.715 1621408670651.365
9668.000 5238.000 46384637.000 1.000 1500.000 520.000 381.000 66909.914 12524063.223 1158129.340 5290142.999 741388067.294 8017655394695.656
9639.000 5002.000 46384647.000 1.000 1500.000 520.000 407.000 85709.285 12319645.974 705875.848 386103.593 2118559592.462 4295226982266.724
9608.000 4699.000 46384657.000 1.000 1500.000 520.000 431.000 87081.366 12102990.984 288545.355 2819050.004 2246749974.793 129926705466.095
9578.000 4391.000 46384667.000 1.000 1500.000 520.000 440.000 97099.312 11895154.865 52516.221 1658314.963 3296808378.832 640450589704.991
9551.000 4047.000 46384677.000 1.000 1500.000 520.000 449.000 102992.400 11709641.357 13187.266 2100206.388 4008273635.719 128443495327.039
9551.000 3681.000 46384687.000 1.000 1490.000 530.000 440.000 95528.980 11709641.357 231203.087 83377.132 3118944177.595 5641667198207.262
9569.000 3342.000 46384697.000 1.000 1490.000 530.000 442.000 95825.274 11833155.029 672130.773 103976.174 3152126530.947 5544237030378.335
9588.000 3002.000 46384707.000 1.000 1480.000 540.000 444.000 96194.770 11964233.571 1345219.131 3370238.033 3193752878.953 831090226318.320
9632.000 2663.000 46384717.000 1.000 1500.000 540.000 418.000 84218.089 12270555.880 2246508.818 2091647.888 1983510275.962 134651307344.392
9693.000 2370.000 46384727.000 1.000 1490.000 550.000 348.000 76785.083 12701634.989 3210675.609 21607322.356 1376677967.699 366673700682152.812
9762.000 2106.000 46384737.000 1.000 1480.000 560.000 149.000 0.000 13198219.064 4226460.922 0.000 1574619200.345 6044696907235.818
