2023.000 5156.000 36850140.000 0.000 1370.000 690.000 585.000 11928.802 13532677.950 1701215.627 385240.359 778542025.139 2306655102073.908
2045.000 5214.000 36850150.000 1.000 1390.000 610.000 613.000 13932.132 13371300.081 1855879.189 1945131.038 670760062.705 1691105480.236
2020.000 5282.000 36850160.000 1.000 1410.000 520.000 611.000 3817.046 13554759.023 2045776.882 6549306.479 1297016979.225 21578798097477.078
2005.000 5295.000 36850170.000 1.000 1420.000 450.000 628.000 37874.802 13665434.388 2083133.853 5205058.712 3827367.697 10896935901600.758
2039.000 5101.000 36850180.000 1.000 1430.000 400.000 649.000 64942.190 13415216.227 1560766.904 5234575.801 630563428.817 11092681976342.934
2106.000 4770.000 36850190.000 1.000 1440.000 410.000 659.000 92163.073 12928906.264 843286.955 2457199.016 2738628287.041 306020316673.858
2305.000 4334.000 36850200.000 1.000 1430.000 430.000 653.000 104941.019 11537427.089 232619.627 1652034.108 4239292704.846 63490834738.231
2539.000 3841.000 36850210.000 1.000 1410.000 450.000 644.000 113531.940 10002537.395 114.349 7708426.843 5431803802.003 33691278278004.453
2795.000 3309.000 36850220.000 1.000 1400.000 470.000 638.000 73446.517 8448781.833 294516.160 6390494.755 1129991692.318 20128563536533.586
2969.000 2969.000 36850230.000 1.000 1390.000 480.000 638.000 40214.615 7467533.599 779147.693 4242300.109 147031.647 5467610056716.671
3072.000 2787.000 36850240.000 1.000 1410.000 500.000 646.000 18153.772 6915210.760 1133572.101 1732994.908 469909494.809 29245472537.463
3128.000 2711.000 36850250.000 1.000 1400.000 520.000 658.000 9141.838 6623822.731 1301181.503 91358.846 941834972.265 3285696901461.446
3110.000 2667.000 36850260.000 1.000 1390.000 550.000 665.000 9616.923 6716799.169 1403498.525 819842.974 912900597.391 1175413771282.383
3061.000 2657.000 36850270.000 1.000 1380.000 570.000 665.000 13880.277 6973184.694 1427292.393 348659.130 673448740.663 2419110061044.985
2990.000 2670.000 36850280.000 1.000 1340.000 600.000 638.000 15693.377 7353202.089 1396399.364 1573853.966 582632951.541 109001676324.509
2942.000 2736.000 36850290.000 1.000 1320.000 610.000 540.000 23877.745 7615827.256 1244771.831 2951659.237 254511703.554 1097573145618.344
2925.000 2859.000 36850300.000 1.000 1300.000 650.000 136.000 39226.987 7709945.337 985440.247 244802.196 365034.610 2752963850565.997
1902.000 4879.000 36850411.000 0.000 1170.000 670.000 673.000 25096.439 14437559.227 1055358.787 119059.468 217112236.983 3186041208679.247
1776.000 4845.000 36850421.000 1.000 1170.000 670.000 691.000 24477.305 15410954.293 986657.941 487255.509 235741107.230 2007187578521.002
1687.000 4936.000 36850431.000 1.000 1190.000 660.000 700.000 27011.135 16117646.125 1175720.736 612090.900 164353244.624 1669049754760.077
1580.000 5027.000 36850441.000 1.000 1180.000 650.000 697.000 23828.135 16988236.395 1381345.532 3652366.207 256097063.330 3056756472103.198
1595.000 5150.000 36850451.000 1.000 1200.000 650.000 697.000 42821.199 16864811.030 1685599.948 4933538.035 8940285.730 9178052323278.059
1764.000 5295.000 36850461.000 1.000 1220.000 650.000 707.000 68476.623 15505314.585 2083133.853 925324.909 820562095.502 957820563434.556
2035.000 5526.000 36850471.000 1.000 1220.000 650.000 703.000 73288.505 13444533.658 2803302.488 1024955.539 1119393403.039 772733202985.409
2355.000 5733.000 36850481.000 1.000 1240.000 640.000 697.000 78618.487 11200259.205 3539314.408 194041.469 1504456119.738 2923985486165.695
2717.000 5923.000 36850491.000 1.000 1270.000 640.000 705.000 77609.431 8908307.731 4290310.904 1346799.395 1427197159.709 310481412875.535
3108.000 6023.000 36850501.000 1.000 1290.000 640.000 707.000 70605.794 6727169.884 4714572.218 87349.775 947077609.034 3300247052305.170
3475.000 6012.000 36850511.000 1.000 1300.000 630.000 702.000 70151.557 4958098.621 4666924.474 487466.654 919325992.652 2006589342700.083
3830.000 5928.000 36850521.000 1.000 1320.000 630.000 702.000 67616.629 3503181.651 4311048.970 558188.056 772031846.228 1811231281548.975
4109.000 5714.000 36850531.000 1.000 1330.000 630.000 707.000 70519.323 2536625.862 3468185.758 410529.155 941762860.888 2230479015941.601
4341.000 5430.000 36850541.000 1.000 1330.000 630.000 705.000 68384.486 1851446.884 2491051.627 571421.758 815291972.144 1775786052642.994
4471.000 5099.000 36850551.000 1.000 1350.000 630.000 700.000 71355.998 1514570.388 1555773.678 594337.956 993814910.211 1715235585109.410
4478.000 4728.000 36850561.000 1.000 1370.000 630.000 713.000 74446.679 1497389.884 767913.203 1530079.564 1198233605.834 139822464102.517
4404.000 4348.000 36850571.000 1.000 1370.000 630.000 719.000 82403.411 1683970.351 246320.211 2597631.860 1812395879.023 481114079838.380
4220.000 3961.000 36850581.000 1.000 1370.000 630.000 725.000 95911.637 2195372.162 11947.926 128265.254 3145019009.810 3153262247036.339
3969.000 3530.000 36850591.000 1.000 1380.000 640.000 728.000 96578.643 3002175.935 103486.663 1076764.812 3220275925.503 684331267432.102
3672.000 3125.000 36850601.000 1.000 1380.000 640.000 752.000 90979.242 4119596.162 528083.342 834219.515 2616125479.883 1144447370747.965
3357.000 2772.000 36850611.000 1.000 1370.000 650.000 793.000 86641.127 5497518.826 1165737.904 6207716.489 2191172267.049 18521906886585.160
3046.000 2446.000 36850621.000 1.000 1370.000 650.000 827.000 54359.710 7052630.059 1975974.021 3567971.506 211078534.343 2768774598902.931
2824.000 2271.000 36850631.000 1.000 1330.000 650.000 819.000 35805.516 8281035.461 2498591.722 4873509.860 16205873.555 8817941385064.965
2661.000 2181.000 36850641.000 1.000 1320.000 650.000 826.000 10462.251 9245727.760 2791216.539 105752.885 862533282.323 3233721405017.283
2617.000 2149.000 36850651.000 1.000 1300.000 660.000 762.000 9912.314 9515243.497 2899164.919 3219196.996 895137821.179 1729722134405.562
2666.000 2165.000 36850661.000 1.000 1280.000 660.000 647.000 26652.808 9215345.972 2844934.729 4222420.520 173669170.751 5375036682005.136
2777.000 2248.000 36850671.000 1.000 1260.000 670.000 216.000 48610.273 8553746.271 2571832.620 74294.752 77072685.626 3347850515362.555
5346.000 3861.000 36850791.000 0.000 1150.000 670.000 736.000 43974.095 126507.432 86.612 2769096.924 17163844.611 748378872215.969
5392.000 4085.000 36850801.000 1.000 1170.000 670.000 733.000 29574.215 95900.979 54431.955 2823740.507 105205083.646 845907911849.933
5248.000 4139.000 36850811.000 1.000 1170.000 670.000 731.000 44258.253 205824.483 82545.065 2206563.080 19599082.114 91539585453.040
5051.000 4020.000 36850821.000 1.000 1190.000 660.000 728.000 55732.840 423382.943 28327.101 314681.451 252863174.253 2525958831978.076
4880.000 3786.000 36850831.000 1.000 1190.000 660.000 730.000 57369.249 675156.103 4315.627 1280786.267 307584287.211 388405309905.147
4751.000 3517.000 36850841.000 1.000 1190.000 660.000 742.000 50708.894 903790.242 112019.693 1257828.723 118324924.201 417547638761.497
4651.000 3273.000 36850851.000 1.000 1190.000 660.000 746.000 44167.923 1103926.008 334886.087 3801200.061 18807444.437 3599337772877.142
4616.000 3046.000 36850861.000 1.000 1190.000 660.000 739.000 24400.892 1178698.527 649141.904 2259234.050 238093415.634 126185557187.969
4631.000 2920.000 36850871.000 1.000 1190.000 660.000 737.000 12652.405 1146353.162 868052.649 158004.449 738685155.036 3048528348055.860
4679.000 2875.000 36850881.000 1.000 1180.000 650.000 736.000 11830.749 1045871.994 953930.057 2172926.926 784023460.905 72317396777.526
4740.000 2883.000 36850891.000 1.000 1190.000 660.000 725.000 23130.421 924826.176 938366.963 2693715.709 278914948.408 623638289195.389
4822.000 2971.000 36850901.000 1.000 1190.000 660.000 727.000 37138.303 773834.848 775620.919 1987322.042 7251521.594 6941232077.988
4919.000 3138.000 36850911.000 1.000 1170.000 670.000 697.000 47472.791 612586.154 509358.313 35656.074 58394402.967 3490738863691.928
5031.000 3358.000 36850921.000 1.000 1170.000 670.000 592.000 47658.210 449810.096 243733.203 811581.959 61262587.384 1193394622489.473
5161.000 3569.000 36850931.000 1.000 1170.000 670.000 488.000 51878.605 292333.599 79915.576 289077.859 145140739.676 2607999312168.857
5302.000 3799.000 36850941.000 1.000 1150.000 670.000 480.000 53381.870 159743.169 2776.598 6735990.165 183621526.275 23348051786920.539
5438.000 4041.000 36850951.000 1.000 1150.000 670.000 485.000 18353.320 69526.527 35836.977 453164.373 461297952.203 2104947186756.548
5516.000 4096.000 36850961.000 1.000 1150.000 670.000 496.000 15996.771 34476.629 59685.700 2886552.226 568078477.570 965393185335.799
5554.000 4022.000 36850971.000 1.000 1150.000 670.000 538.000 31007.443 21809.037 29004.328 3920636.822 77858121.845 4066791865837.255
5534.000 3862.000 36850981.000 1.000 1150.000 670.000 550.000 51395.570 28116.191 106.225 1934110.902 133735394.968 906185606.196
5508.000 3596.000 36850991.000 1.000 1160.000 680.000 622.000 41337.791 37511.490 65379.130 1328208.600 2269913.040 331544931875.653
5479.000 3383.000 36851001.000 1.000 1160.000 680.000 710.000 34430.830 49585.862 219673.532 2652014.684 29163649.884 559514021606.920
5506.000 3206.000 36851011.000 1.000 1160.000 680.000 737.000 20639.802 38290.205 416920.006 1434400.891 368308526.705 220530822824.247
5554.000 3110.000 36851021.000 1.000 1140.000 680.000 739.000 13180.619 21809.037 550109.145 1381681.461 710251758.889 272824997773.050
5617.000 3083.000 36851031.000 1.000 1140.000 680.000 736.000 20365.650 7170.505 590889.590 1045666.825 378906388.735 736749547113.042
5721.000 3103.000 36851041.000 1.000 1150.000 690.000 722.000 25803.335 373.308 560541.853 560328.163 196780097.038 1805475464304.955
5824.000 3189.000 36851051.000 1.000 1150.000 690.000 703.000 28717.158 14962.468 439162.583 312952.481 123521216.982 2531457617110.644
5925.000 3299.000 36851061.000 1.000 1150.000 690.000 585.000 27089.740 49872.344 305470.028 720787.898 162343985.991 1400009774504.839
5988.000 3425.000 36851071.000 1.000 1160.000 700.000 301.000 23341.493 81979.811 182067.284 200720.301 271909379.680 2901188934789.334
6123.000 3904.000 36851112.000 0.000 1160.000 700.000 214.000 19061.965 177511.527 2735.977 427241.563 431359790.830 2180839065426.943
6208.000 3955.000 36851122.000 1.000 1170.000 710.000 364.000 21283.710 256361.125 10672.247 3211184.240 344008196.096 1708709761387.750
6243.000 3850.000 36851132.000 1.000 1170.000 710.000 483.000 37982.536 293028.607 2.868 1036981.211 3417440.056 751735426997.392
6285.000 3657.000 36851142.000 1.000 1170.000 710.000 568.000 43375.054 340263.585 37905.532 682226.941 12559128.395 1492748919709.599
6339.000 3438.000 36851152.000 1.000 1190.000 720.000 647.000 46922.776 406178.271 171142.255 1864151.008 50290904.854 1588578623.143
6401.000 3202.000 36851162.000 1.000 1190.000 720.000 730.000 37228.803 489050.096 422101.554 2831257.899 6772303.289 859792402837.033
6467.000 3020.000 36851172.000 1.000 1190.000 720.000 790.000 22505.673 585716.490 691713.963 1146762.205 300172774.972 573421171471.518
6543.000 2931.000 36851182.000 1.000 1190.000 720.000 825.000 16542.271 707821.308 847676.393 191951.552 542372720.757 2931137230101.598
6625.000 2905.000 36851192.000 1.000 1190.000 720.000 854.000 17540.459 852521.979 896228.452 1828577.239 496875705.119 5689797456.432
6697.000 2961.000 36851202.000 1.000 1190.000 720.000 885.000 27049.441 990664.227 793334.787 1321019.273 163372543.610 339875838430.058
6778.000 3076.000 36851212.000 1.000 1190.000 720.000 891.000 33919.016 1158467.256 601700.298 195709.094 34953540.581 2918285101316.031
6864.000 3230.000 36851222.000 1.000 1210.000 730.000 882.000 32901.288 1350990.497 386502.722 1157895.221 48023236.005 556684256745.317
6916.000 3393.000 36851232.000 1.000 1210.000 730.000 822.000 38922.584 1474575.899 210399.663 454082.221 825524.779 2102284721386.151
6958.000 3591.000 36851242.000 1.000 1210.000 730.000 644.000 36561.262 1578342.877 67961.065 132863.476 10692284.867 3136952872096.979
6833.000 4916.000 36851312.000 0.000 1300.000 730.000 409.000 31724.838 1279887.585 1132748.474 1800104.531 65712585.122 10795927772.849
6992.000 4872.000 36851322.000 1.000 1300.000 730.000 675.000 22363.920 1664928.716 1041025.495 895273.034 305104750.654 1017546201560.410
7106.000 4895.000 36851332.000 1.000 1330.000 730.000 691.000 17708.314 1972117.943 1088488.598 256201.482 489420666.522 2715266271641.810
7182.000 4947.000 36851342.000 1.000 1370.000 730.000 711.000 16376.013 2191350.760 1199696.481 2001777.233 550144293.335 9558825835.931
7266.000 4933.000 36851352.000 1.000 1370.000 730.000 719.000 26785.671 2447100.716 1169223.897 1213422.038 170184990.453 476908950324.946
7405.000 4924.000 36851362.000 1.000 1400.000 720.000 711.000 33095.718 2901303.001 1149841.379 27778.120 45366285.916 3520238506673.989
7577.000 4918.000 36851372.000 1.000 1440.000 720.000 681.000 32951.266 3516829.483 1137009.700 3496326.103 47333050.726 2535476988608.872
7748.000 4907.000 36851382.000 1.000 1440.000 720.000 444.000 14769.643 4187430.322 1113671.955 1043485.292 628080032.399 740499305331.282
7346.000 4550.000 36851452.000 0.000 1500.000 710.000 588.000 52754.027 2703792.103 487632.065 6225143.484 167000286.243 18672211999897.914
7283.000 4283.000 36851462.000 1.000 1480.000 700.000 668.000 20381.986 2500576.636 186025.357 6027629.462 378270678.198 17004254084793.084
7236.000 4188.000 36851472.000 1.000 1480.000 700.000 690.000 51726.913 2354141.446 113102.109 38213.087 141508750.494 3481190601756.921
7196.000 3922.000 36851482.000 1.000 1460.000 710.000 693.000 51925.629 2232995.753 4943.014 1841454.608 146275988.293 3912924985.976
7163.000 3654.000 36851492.000 1.000 1460.000 710.000 731.000 42349.682 2135459.556 39082.693 1228716.619 6342913.062 456018429122.303
7153.000 3434.000 36851502.000 1.000 1440.000 720.000 754.000 35960.100 2106333.132 174467.802 554689.350 14985167.009 1820660779014.337
7153.000 3247.000 36851512.000 1.000 1420.000 720.000 760.000 33075.600 2106333.132 365654.145 3734127.167 45637698.214 3349336219977.029
7153.000 3075.000 36851522.000 1.000 1420.000 720.000 754.000 13657.362 2106333.132 603252.685 330018.914 685068117.469 2477441595926.155
7191.000 3015.000 36851532.000 1.000 1370.000 730.000 757.000 11941.195 2218077.541 700055.897 3797329.639 777850590.684 3584666885145.981
7251.000 3031.000 36851542.000 1.000 1370.000 730.000 693.000 31688.099 2400396.081 673537.707 218854.515 66309571.788 2839742217772.849
7378.000 3136.000 36851552.000 1.000 1350.000 730.000 417.000 30550.010 2810052.658 512217.087 91727.637 86139892.737 3284360060090.935
8840.000 4122.000 36851663.000 0.000 1300.000 750.000 643.000 35844.741 9849059.753 73065.641 2758934.446 15891599.761 730899253555.737
8728.000 3973.000 36851673.000 1.000 1300.000 750.000 662.000 50191.774 9158619.811 14715.284 2911777.755 107342157.897 1015599909134.598
8509.000 3831.000 36851683.000 1.000 1320.000 750.000 661.000 65333.624 7881052.140 428.218 2075544.283 650375265.010 29424701498.991
8219.000 3654.000 36851693.000 1.000 1350.000 750.000 691.000 54540.362 6336905.862 39082.693 4908158.474 216360389.847 9024920159988.809
7999.000 3475.000 36851703.000 1.000 1350.000 750.000 749.000 29016.917 5277684.548 141897.941 2948180.914 116948023.428 1090297105458.276
7899.000 3362.000 36851713.000 1.000 1350.000 750.000 782.000 13685.763 4828220.315 239799.656 708872.221 683582199.561 1428349494618.677
7878.000 3294.000 36851723.000 1.000 1350.000 750.000 796.000 17372.046 4736373.826 311021.963 2101470.938 504412158.388 38991617770.006
7959.000 3254.000 36851733.000 1.000 1350.000 750.000 797.000 28300.132 5095498.855 357237.437 1639877.287 132964789.887 69765025676.094
8106.000 3247.000 36851743.000 1.000 1350.000 750.000 796.000 36827.835 5780760.278 365654.145 1913708.833 9020008.758 94106450.078
8297.000 3261.000 36851753.000 1.000 1380.000 750.000 796.000 46779.519 6735691.964 348918.729 1370700.939 48279582.431 284416405414.457
8533.000 3320.000 36851763.000 1.000 1380.000 750.000 757.000 39651.589 8016379.556 282697.904 381494.740 32248.596 2318046581489.373
8732.000 3374.000 36851773.000 1.000 1380.000 750.000 722.000 37667.737 9182846.381 228191.014 1116761.674 4680433.439 619756754332.512
8907.000 3462.000 36851783.000 1.000 1350.000 760.000 673.000 31860.344 10274083.789 151860.970 2071648.477 63534034.308 28103334526.187
9030.000 3573.000 36851793.000 1.000 1350.000 760.000 594.000 21087.341 11077721.797 77670.028 3206603.461 351331048.417 1696754973848.460
9083.000 3669.000 36851803.000 1.000 1350.000 760.000 337.000 37762.346 11433332.840 33376.890 415022.909 4280024.226 2217076556833.305
9063.000 5829.000 36851913.000 0.000 1420.000 710.000 633.000 14022.086 11298479.994 3909741.269 231839.188 666108710.669 2796148485977.771
9009.000 5780.000 36851923.000 1.000 1430.000 700.000 664.000 12816.474 10938373.308 3718366.225 344114.504 729793688.759 2433267672362.334
8950.000 5749.000 36851933.000 1.000 1430.000 700.000 667.000 14605.941 10551590.410 3599772.218 6340719.246 636312074.256 19684406812642.215
8875.000 5737.000 36851943.000 1.000 1450.000 700.000 675.000 47579.000 10069967.235 3554380.860 4268945.966 60028901.605 5592931653527.538
8811.000 5498.000 36851953.000 1.000 1450.000 700.000 687.000 69778.407 9667878.125 2710325.320 3262264.696 896837127.221 1844861292718.769
8836.000 5136.000 36851963.000 1.000 1470.000 690.000 707.000 86742.862 9823969.183 1649443.364 1741753.019 2200707039.428 26326674022.454
8921.000 4693.000 36851973.000 1.000 1470.000 690.000 758.000 95800.340 10364028.782 707796.744 1087517.651 3132548220.902 666656465670.385
9068.000 4217.000 36851983.000 1.000 1470.000 690.000 782.000 90145.022 11332118.205 133448.890 701440.403 2531483910.209 1446168789505.550
9206.000 3769.000 36851993.000 1.000 1480.000 680.000 788.000 86497.386 12280266.848 6838.203 5168555.365 2177735907.874 10657269595645.320
9338.000 3339.000 36852003.000 1.000 1490.000 690.000 821.000 59619.823 13222831.636 262854.554 3897588.321 391590869.020 3974362555707.533
9469.000 3058.000 36852013.000 1.000 1490.000 690.000 866.000 39351.553 14192708.782 629949.262 2594310.839 230030.492 476518030109.540
9545.000 2868.000 36852023.000 1.000 1490.000 690.000 872.000 25860.597 14771117.599 967652.766 2518670.980 195176852.434 377810597305.719
9583.000 2739.000 36852033.000 1.000 1500.000 710.000 885.000 12762.984 15064654.008 1238086.671 1600588.666 732686581.897 92063283200.007
9590.000 2673.000 36852043.000 1.000 1510.000 720.000 884.000 4439.590 15119041.505 1389318.203 594878.127 1252563789.197 1713820985355.547
9597.000 2651.000 36852053.000 1.000 1490.000 730.000 861.000 1346.100 15173527.001 1441664.714 258855.030 1481100454.470 2706528245657.449
9597.000 2658.000 36852063.000 1.000 1460.000 740.000 711.000 0.000 15173527.001 1424904.006 0.000 1586521939.592 3625246407305.103
