2478.000 5824.000 65655637.000 0.000 1380.000 500.000 376.000 15497.204 7143945.572 1597040.218 3697919.813 187709556.613 1972104282819.575
2518.000 5863.000 65655647.000 1.000 1370.000 510.000 396.000 2166.563 6931720.289 1697132.982 1635868.023 730694138.345 432615969010.020
2512.000 5868.000 65655657.000 1.000 1370.000 510.000 407.000 8063.708 6963350.081 1710185.388 2272468.290 446654820.760 446697465.030
2525.000 5842.000 65655667.000 1.000 1350.000 520.000 412.000 16255.735 6894909.864 1642858.879 1308971.264 167500093.724 969500657094.885
2550.000 5789.000 65655677.000 1.000 1350.000 520.000 440.000 20974.449 6764244.062 1509803.379 5771657.634 67625437.894 12096860499251.340
2576.000 5718.000 65655687.000 1.000 1340.000 520.000 491.000 41780.713 6629677.628 1340363.218 3377299.229 158326736.897 1174396414425.546
2598.000 5569.000 65655697.000 1.000 1300.000 530.000 545.000 53955.548 6516869.723 1017557.530 2280690.703 612940256.764 166740548.317
2612.000 5375.000 65655707.000 1.000 1290.000 530.000 613.000 62177.216 6445586.873 663802.190 5840474.471 1087634114.618 12580293623956.465
2620.000 5151.000 65655717.000 1.000 1280.000 540.000 671.000 83231.558 6405029.817 348974.416 1143971.524 2919634281.215 1321653700002.317
2615.000 4851.000 65655727.000 1.000 1260.000 540.000 705.000 79107.652 6430362.977 84530.077 836236.725 2490981575.260 2123917941924.107
2605.000 4566.000 65655737.000 1.000 1240.000 540.000 751.000 76093.100 6481179.298 32.954 408471.500 2199158120.473 3553722689826.924
2592.000 4292.000 65655747.000 1.000 1240.000 540.000 780.000 74620.600 6547539.515 71963.124 5309602.440 2063220064.927 9096249554240.096
2592.000 4023.000 65655757.000 1.000 1240.000 540.000 793.000 55480.000 6547539.515 288647.699 3539734.960 690747848.635 1552843594182.381
2592.000 3823.000 65655767.000 1.000 1230.000 550.000 799.000 42719.600 6547539.515 543551.473 4514220.355 182835891.508 4931139178540.628
2592.000 3669.000 65655777.000 1.000 1230.000 550.000 805.000 26446.275 6547539.515 794343.379 3257806.405 7571537.694 929687225437.067
2600.000 3574.000 65655787.000 1.000 1210.000 550.000 806.000 14702.200 6506662.458 972707.671 2231572.040 210125832.404 3847903095.970
2600.000 3521.000 65655797.000 1.000 1200.000 550.000 803.000 6657.600 6506662.458 1080060.171 1462064.440 508065923.208 691457222598.740
2600.000 3497.000 65655807.000 1.000 1180.000 560.000 773.000 1387.000 6506662.458 1130520.624 6022061.343 773447144.785 13901397822940.951
2595.000 3497.000 65655817.000 1.000 1170.000 560.000 665.000 23095.945 6532195.619 1130520.624 3384091.923 37234071.154 1189164981952.974
2561.000 3573.000 65655827.000 1.000 1160.000 560.000 545.000 35295.267 6707147.109 974681.190 6055905.807 37177668.164 14154918584588.525
2511.000 3690.000 65655837.000 1.000 1160.000 560.000 392.000 57126.218 6968628.713 757351.482 2112413.206 779989956.172 32829925754.228
2451.000 3887.000 65655847.000 1.000 1140.000 570.000 338.000 64741.262 7289006.638 453278.265 1397217.197 1263329322.151 803508419613.702
2389.000 4112.000 65655857.000 1.000 1140.000 570.000 344.000 69778.094 7627627.826 200936.520 4859483.214 1646750706.395 6583738662612.644
2332.000 4357.000 65655867.000 1.000 1130.000 570.000 228.000 52260.130 7945723.855 41314.397 1126026.537 531865634.952 1363235984597.406
2079.000 5478.000 65655928.000 0.000 1140.000 570.000 153.000 77021.348 9436053.770 842247.747 13116543.041 2287080483.132 117136020122109.281
1993.000 5742.000 65655938.000 1.000 1160.000 560.000 203.000 29737.487 9971802.128 1396510.765 3939936.334 291135.001 2710411772008.188
1977.000 5848.000 65655948.000 1.000 1170.000 560.000 257.000 15534.400 10073108.241 1658275.765 2616325.840 186691716.660 104149703187.906
1977.000 5904.000 65655958.000 1.000 1180.000 560.000 306.000 6102.800 10073108.241 1805638.709 692556.840 533384462.797 2563350435017.029
1977.000 5926.000 65655968.000 1.000 1210.000 550.000 322.000 3606.200 10073108.241 1865247.294 73750.119 654936016.189 4927749071293.474
1977.000 5939.000 65655978.000 1.000 1230.000 550.000 330.000 3340.338 10073108.241 1900925.548 2997878.999 668614429.308 496003966386.135
1985.000 5948.000 65655988.000 1.000 1240.000 540.000 336.000 14147.400 10022391.185 1925823.879 2077670.520 226518083.833 46627055563.283
2036.000 5948.000 65655998.000 1.000 1250.000 540.000 361.000 21637.200 9702078.949 1925823.879 2616325.840 57164452.539 104149703187.906
2114.000 5948.000 65656008.000 1.000 1270.000 530.000 374.000 31068.800 9222251.647 1925823.879 2539375.080 3500200.482 60403665311.208
2226.000 5948.000 65656018.000 1.000 1280.000 530.000 398.000 40223.000 8554548.855 1925823.879 1614343.447 121552439.139 461394231277.144
2370.000 5931.000 65656028.000 1.000 1290.000 520.000 407.000 46042.551 7732937.836 1878929.699 3307375.288 283741670.122 1027733220719.322
2535.000 5913.000 65656038.000 1.000 1300.000 520.000 430.000 57965.317 6842493.543 1829907.039 23735.176 827563260.966 5152302247314.602
2743.000 5893.000 65656048.000 1.000 1320.000 510.000 455.000 58050.880 5797578.072 1776197.416 316254.308 832493431.961 3909909861091.069
2951.000 5870.000 65656058.000 1.000 1320.000 510.000 474.000 59190.946 4839190.600 1715420.350 657606.659 899581745.020 2676485691882.600
3160.000 5827.000 65656068.000 1.000 1330.000 510.000 478.000 61561.554 3963348.496 1604631.662 298203.336 1047404952.849 3981621848789.515
3375.000 5772.000 65656078.000 1.000 1330.000 510.000 496.000 60486.560 3153522.600 1468315.199 388279.277 978979135.324 3630260427500.556
3579.000 5695.000 65656088.000 1.000 1330.000 510.000 491.000 59086.851 2470605.656 1287636.152 3535538.730 893348332.233 1542403094167.930
3776.000 5614.000 65656098.000 1.000 1330.000 510.000 515.000 46341.578 1890119.138 1110369.181 1798853.006 293905087.576 244778059817.350
3918.000 5526.000 65656108.000 1.000 1330.000 510.000 546.000 39856.888 1519835.383 932654.841 168227.843 113613647.293 4517221719900.577
4030.000 5436.000 65656118.000 1.000 1330.000 510.000 567.000 40463.333 1256228.590 766921.539 659550.678 126909581.286 2670128653173.370
4121.000 5322.000 65656128.000 1.000 1320.000 510.000 580.000 38085.717 1060521.072 580248.690 415008.431 78992975.928 3529119465561.678
4168.000 5193.000 65656138.000 1.000 1320.000 510.000 605.000 39581.782 965927.364 400360.624 3039419.926 107824637.252 556242128471.817
4154.000 5051.000 65656148.000 1.000 1300.000 520.000 641.000 50538.595 993642.213 240826.303 3141821.027 455424506.495 719472958530.259
4100.000 4877.000 65656158.000 1.000 1300.000 520.000 671.000 61864.554 1104214.345 100324.586 1601192.191 1067109125.431 479433432732.728
3990.000 4683.000 65656168.000 1.000 1290.000 520.000 700.000 67636.696 1347493.873 15065.247 2028673.358 1477539675.166 70187984693.939
3841.000 4490.000 65656178.000 1.000 1290.000 520.000 722.000 74949.866 1715618.053 4936.388 648499.340 2093240770.829 2706367725526.470
3665.000 4285.000 65656188.000 1.000 1270.000 520.000 727.000 77287.643 2207649.298 75767.756 1510088.205 2312621676.889 613896230966.528
3470.000 4086.000 65656198.000 1.000 1250.000 530.000 733.000 71843.922 2825142.553 224922.011 3135187.838 1818681680.503 708264183501.177
3294.000 3896.000 65656208.000 1.000 1250.000 530.000 731.000 60541.875 3447765.798 441240.596 4160791.673 982443657.568 3486391641296.584
3130.000 3752.000 65656218.000 1.000 1240.000 530.000 731.000 45542.626 4083697.458 653283.313 4457166.665 267149488.549 4681005531756.030
2985.000 3675.000 65656228.000 1.000 1240.000 530.000 725.000 29474.974 4690759.109 783684.265 2635368.795 76760.179 116803510991.944
2884.000 3642.000 65656238.000 1.000 1230.000 530.000 720.000 19974.726 5138454.949 843200.388 1242064.603 85067265.622 1105734069978.539
2813.000 3654.000 65656248.000 1.000 1220.000 540.000 703.000 15497.204 5465383.826 821306.162 257444.399 187709556.613 4145943919584.009
2774.000 3694.000 65656258.000 1.000 1220.000 540.000 628.000 16425.266 5649254.477 750405.407 2945837.094 163140632.124 425408649931.124
2769.000 3753.000 65656268.000 1.000 1220.000 540.000 496.000 27044.722 5673047.638 651667.794 5127154.796 4636251.836 8029012898358.283
2786.000 3849.000 65656278.000 1.000 1220.000 540.000 142.000 45527.616 5592354.892 505889.982 404038.255 266659045.706 3570456847591.037
4653.000 4476.000 65656398.000 0.000 1220.000 530.000 88.000 63005.839 247820.807 7099.652 13688434.210 1142975540.841 129842166713697.078
4875.000 4428.000 65656408.000 1.000 1220.000 530.000 101.000 13660.366 76074.487 17492.558 1634764.248 241415513.651 434069171300.494
4918.000 4452.000 65656418.000 1.000 1220.000 530.000 91.000 7767.200 54203.307 11720.105 536824.203 459275662.269 3086273528564.525
4946.000 4452.000 65656428.000 1.000 1230.000 520.000 158.000 5832.001 41949.609 11720.105 1233043.277 545966064.466 1124788004839.437
4955.000 4433.000 65656438.000 1.000 1240.000 530.000 279.000 1387.000 38343.921 16194.964 538655.320 773447144.785 3079843144650.550
4950.000 4433.000 65656448.000 1.000 1240.000 530.000 358.000 3328.800 40327.081 16194.964 1038457.996 669211251.943 1575390257785.705
4938.000 4433.000 65656458.000 1.000 1240.000 530.000 415.000 7072.340 45290.666 16194.964 1007475.190 489541189.728 1654126051890.300
4913.000 4438.000 65656468.000 1.000 1240.000 530.000 485.000 10704.190 56556.468 14947.369 842415.810 342017965.219 2105945736551.532
4880.000 4458.000 65656478.000 1.000 1230.000 530.000 509.000 13741.017 73341.326 10456.992 959675.892 238915780.066 1779362886313.052
4840.000 4495.000 65656489.000 1.000 1230.000 530.000 513.000 17546.509 96606.609 4258.794 1536177.953 135755325.310 573693472267.392
4800.000 4544.000 65656499.000 1.000 1230.000 530.000 519.000 23084.281 123071.892 264.369 490280.921 37376554.023 3251972354927.939
4755.000 4614.000 65656509.000 1.000 1240.000 540.000 526.000 24851.696 156670.336 2888.048 113018.308 18889643.295 4754951817051.050
4706.000 4689.000 65656519.000 1.000 1240.000 540.000 535.000 24444.276 197861.307 16574.133 651773.215 22597109.663 2695606712964.072
4665.000 4767.000 65656529.000 1.000 1240.000 540.000 543.000 22094.697 236017.223 42741.662 2030402.392 50455744.688 69274827776.506
4627.000 4837.000 65656539.000 1.000 1240.000 540.000 539.000 14775.294 274383.241 76585.341 1235932.676 208012075.154 1118667590120.801
4593.000 4878.000 65656549.000 1.000 1240.000 540.000 546.000 10319.877 311158.732 100959.067 749738.412 356380421.668 2383519436482.246
4563.000 4900.000 65656559.000 1.000 1240.000 540.000 556.000 7617.143 345527.694 115423.652 2567736.456 465729837.792 75148872853.315
4536.000 4895.000 65656569.000 1.000 1240.000 530.000 554.000 16873.583 377998.760 112051.247 2564499.753 151889226.449 73384775233.092
4508.000 4841.000 65656579.000 1.000 1240.000 530.000 559.000 26118.355 413212.458 78815.265 3097419.828 9483706.586 646120675342.865
4472.000 4754.000 65656589.000 1.000 1240.000 530.000 570.000 37284.252 460791.213 37535.407 2199142.038 65388801.984 8922969426.845
4431.000 4626.000 65656599.000 1.000 1230.000 520.000 572.000 45211.945 518135.128 4321.822 1224652.205 256449069.519 1142656889456.035
4391.000 4468.000 65656609.000 1.000 1240.000 520.000 594.000 49626.697 577320.411 8511.803 320525.159 417335022.609 3893038173637.918
4365.000 4291.000 65656619.000 1.000 1240.000 520.000 617.000 48471.235 617506.845 72500.643 2732064.332 371460758.728 192247893661.571
4349.000 4117.000 65656629.000 1.000 1230.000 510.000 634.000 38622.409 642908.958 196478.926 1739932.691 88821035.766 306551374255.583
4341.000 3978.000 65656639.000 1.000 1230.000 510.000 645.000 32350.121 655802.015 339026.048 3254147.222 9936385.478 922644225363.138
4353.000 3862.000 65656649.000 1.000 1230.000 510.000 649.000 20619.237 636510.430 487566.237 2121968.249 73593763.006 29458662336.016
4378.000 3792.000 65656659.000 1.000 1230.000 510.000 665.000 12969.748 597244.628 590222.558 895751.508 263353492.669 1953990215565.594
4409.000 3757.000 65656669.000 1.000 1220.000 500.000 699.000 9740.651 550291.034 645225.718 1075591.037 378585228.463 1483554380959.349
4442.000 3745.000 65656679.000 1.000 1210.000 510.000 728.000 13618.052 502420.175 664647.945 3500202.131 242732216.053 1455880235591.241
4483.000 3772.000 65656689.000 1.000 1210.000 510.000 725.000 26235.940 445978.260 621352.935 2849583.733 8773312.052 309114009930.170
4535.000 3851.000 65656699.000 1.000 1210.000 510.000 727.000 36508.412 379229.392 503048.945 801199.995 53443326.524 2227268247388.726
4599.000 3966.000 65656709.000 1.000 1200.000 510.000 728.000 39396.660 304500.940 353144.275 427797.126 104014343.963 3481233457329.771
4670.000 4089.000 65656719.000 1.000 1210.000 520.000 725.000 40938.827 231184.062 222085.454 32541.794 137848950.571 5112400077204.288
4736.000 4221.000 65656729.000 1.000 1210.000 520.000 721.000 41056.137 172072.345 115096.964 2888786.456 140617364.340 354242740882.491
4792.000 4358.000 65656739.000 1.000 1210.000 520.000 721.000 30642.343 128748.949 40908.879 3679234.704 2086364.371 1919973809681.323
4841.000 4457.000 65656749.000 1.000 1210.000 520.000 721.000 17379.060 95985.977 10662.511 2375417.810 139685397.957 6693579914.496
4867.000 4514.000 65656759.000 1.000 1210.000 520.000 721.000 8815.910 80551.543 2139.935 2445533.434 415426238.960 23082702233.770
4880.000 4543.000 65656769.000 1.000 1220.000 530.000 721.000 0.000 73341.326 297.888 384753.800 852518399.559 3643707210000.690
4880.000 4543.000 65656779.000 1.000 1220.000 530.000 720.000 1387.000 73341.326 297.888 12696875.400 773447144.785 108228066046511.156
4885.000 4543.000 65656789.000 1.000 1220.000 530.000 721.000 47158.000 70658.166 297.888 69511530.020 322564555.274 4518249644492732.000
4885.000 4526.000 65656790.000 1.000 1220.000 530.000 724.000 22099.770 70658.166 1173.709 601337.240 50383701.146 2863765123822.205
4895.000 4455.000 65656799.000 1.000 1220.000 530.000 736.000 24050.756 65441.845 11079.548 233766.644 26493273.838 4242927908741.835
4906.000 4369.000 65656809.000 1.000 1220.000 530.000 742.000 24893.462 59934.892 36580.171 645890.948 18528339.101 2714956682340.352
4928.000 4282.000 65656819.000 1.000 1220.000 530.000 749.000 22565.088 49646.987 77428.313 127821.204 43994430.180 4690612990893.964
4957.000 4206.000 65656829.000 1.000 1220.000 530.000 760.000 23025.871 37564.656 125499.747 461668.498 38094160.793 3355985883041.279
5006.000 4139.000 65656839.000 1.000 1230.000 530.000 761.000 21361.601 20971.685 177459.511 218799.250 61407859.837 4304812711481.202
5067.000 4092.000 65656849.000 1.000 1230.000 530.000 760.000 22150.351 7025.128 219266.897 33157.899 49668196.763 5109614353934.318
5141.000 4062.000 65656859.000 1.000 1230.000 530.000 758.000 22269.882 96.355 248262.464 244467.349 47997679.026 4198959000557.034
5219.000 4043.000 65656869.000 1.000 1230.000 530.000 731.000 21388.601 4649.053 267557.322 364552.977 60985427.733 3721235953444.399
5295.000 4056.000 65656879.000 1.000 1230.000 530.000 694.000 22702.779 20789.015 254277.577 536585.639 42186827.075 3087111794073.827
5368.000 4093.000 65656889.000 1.000 1230.000 530.000 544.000 24637.118 47168.873 218331.379 964952.544 20800894.144 1765313385717.465
5440.000 4145.000 65656899.000 1.000 1230.000 530.000 188.000 21158.558 83627.364 172440.397 932713.208 64631304.811 1852022410251.748
5655.000 4549.000 65656959.000 0.000 1230.000 530.000 149.000 41332.600 254201.468 126.775 8363679.073 147250513.881 36845817357594.703
5655.000 4698.000 65656969.000 1.000 1230.000 530.000 287.000 11182.351 254201.468 18972.464 1305550.644 324560644.474 976248463233.078
5639.000 4735.000 65656979.000 1.000 1240.000 530.000 404.000 6475.968 238323.581 30534.265 522671.809 516286999.370 3136199084628.092
5622.000 4751.000 65656989.000 1.000 1240.000 530.000 473.000 4591.787 222014.326 36381.964 427303.354 605461669.325 3483076267038.851
5607.000 4758.000 65656999.000 1.000 1240.000 530.000 522.000 3051.400 208103.807 39101.331 1173407.548 683640389.218 1254838990131.873
5596.000 4758.000 65657009.000 1.000 1240.000 530.000 541.000 7281.420 198188.760 39101.331 1321073.393 480332872.592 945814825737.937
5588.000 4733.000 65657019.000 1.000 1240.000 530.000 588.000 12043.761 191129.817 29839.303 3045973.779 294265092.994 566061023790.288
5582.000 4690.000 65657029.000 1.000 1240.000 530.000 645.000 23024.200 185919.609 16832.614 2013417.745 38114790.565 78504062120.942
5582.000 4607.000 65657039.000 1.000 1240.000 530.000 676.000 30282.375 185919.609 2184.681 1296991.745 1176047.578 993235007334.617
5588.000 4498.000 65657049.000 1.000 1240.000 530.000 711.000 34957.904 191129.817 3876.237 2110294.424 33177441.872 33602220494.814
5604.000 4373.000 65657059.000 1.000 1240.000 530.000 725.000 42565.310 205375.704 35066.096 1953111.540 178687176.196 115934780677.248
5625.000 4221.000 65657069.000 1.000 1240.000 530.000 750.000 35524.533 224850.430 115096.964 1208239.279 40026060.820 1178015510882.911
5657.000 4097.000 65657079.000 1.000 1240.000 530.000 788.000 31168.948 256222.204 214609.303 2443729.502 3884960.339 22537813896.037
5697.000 3992.000 65657089.000 1.000 1240.000 530.000 814.000 22359.541 298316.921 322918.784 1477735.043 46763396.252 665641353151.260
5746.000 3928.000 65657099.000 1.000 1250.000 540.000 831.000 17032.450 354243.949 399751.992 851953.099 147998605.002 2078355903483.524
5795.000 3891.000 65657109.000 1.000 1250.000 540.000 867.000 13961.242 414972.977 447908.190 325593.812 232156287.192 3873062165889.340
5842.000 3873.000 65657119.000 1.000 1250.000 540.000 878.000 12787.508 477735.270 472325.530 1562299.046 269301547.389 534806217010.394
5884.000 3892.000 65657129.000 1.000 1260.000 540.000 905.000 18419.444 537558.723 446570.671 1742521.388 116175495.871 303691503638.753
5924.000 3945.000 65657139.000 1.000 1260.000 540.000 896.000 24701.064 597813.440 378544.171 2758147.422 20221693.437 215801047482.247
5972.000 4020.000 65657149.000 1.000 1260.000 540.000 899.000 34643.917 674343.100 291880.256 2450443.691 29658908.088 24598842817.041
6023.000 4134.000 65657159.000 1.000 1260.000 540.000 899.000 43477.528 760704.864 181697.105 1746152.831 203907269.565 299702244398.500
6080.000 4280.000 65657169.000 1.000 1260.000 540.000 894.000 49772.239 863382.836 78545.350 3393416.446 423302695.869 1209588497284.871
6143.000 4448.000 65657179.000 1.000 1260.000 560.000 872.000 37539.303 984429.015 12602.181 3522119.505 69578708.282 1509251553424.595
6211.000 4565.000 65657189.000 1.000 1260.000 560.000 821.000 24842.405 1123990.034 22.473 2450750.773 18970491.110 24695262710.183
6255.000 4643.000 65657199.000 1.000 1260.000 560.000 708.000 16007.687 1219222.223 6846.001 944280.696 173982186.616 1820672052587.496
6282.000 4694.000 65657209.000 1.000 1260.000 560.000 491.000 12603.647 1279577.156 17886.539 30388.365 275369820.942 5122142786194.740
6478.000 5256.000 65657340.000 0.000 1280.000 540.000 368.000 11168.580 1761417.270 484054.935 1174395.092 325057018.853 1252627479775.606
6488.000 5295.000 65657350.000 1.000 1290.000 530.000 389.000 6935.000 1788060.949 539843.699 1923769.000 495637505.693 136777563747.216
6488.000 5320.000 65657360.000 1.000 1290.000 530.000 444.000 0.000 1788060.949 577205.728 0.000 852518399.559 5260617054636.259
6488.000 5320.000 65657370.000 1.000 1290.000 530.000 491.000 0.000 1788060.949 577205.728 2780894.500 852518399.559 237452510305.113
6488.000 5320.000 65657380.000 1.000 1300.000 530.000 556.000 10024.854 1788060.949 577205.728 1724505.090 367606372.657 323873010046.577
6497.000 5285.000 65657390.000 1.000 1300.000 530.000 619.000 16241.527 1812211.260 525248.888 1750843.943 167868060.656 294587946044.155
6505.000 5227.000 65657400.000 1.000 1300.000 530.000 659.000 22553.149 1833814.204 444542.982 361521.827 44152951.428 3732939624352.406
6512.000 5146.000 65657410.000 1.000 1310.000 520.000 676.000 23856.400 1852821.779 343092.011 538655.320 28531811.622 3079843144650.550
6512.000 5060.000 65657420.000 1.000 1310.000 520.000 676.000 25798.200 1852821.779 249740.633 186633.610 11558080.619 4439322153582.637
6512.000 4967.000 65657430.000 1.000 1310.000 520.000 669.000 26470.996 1852821.779 165437.888 313527.466 7436102.102 3920701134456.056
6521.000 4872.000 65657440.000 1.000 1310.000 520.000 644.000 25340.760 1877404.090 97182.181 3135058.015 14877665.726 708045686350.396
6529.000 4781.000 65657450.000 1.000 1310.000 520.000 507.000 14039.181 1899391.034 48726.397 513879.006 229787299.141 3167419305134.665
6524.000 4528.000 65657500.000 0.000 1290.000 530.000 98.000 23301.600 1885634.194 1040.671 2750242.077 34766562.731 208518782155.572
6524.000 4444.000 65657510.000 1.000 1290.000 530.000 264.000 13387.245 1885634.194 13516.256 423152.618 249977372.062 3498586534125.153
6519.000 4396.000 65657520.000 1.000 1290.000 530.000 368.000 14912.669 1871927.355 26981.162 379783.069 204068331.176 3662708675009.067
6510.000 4343.000 65657530.000 1.000 1280.000 540.000 468.000 16281.750 1847381.043 47201.662 562192.710 166827388.737 2997783353489.084
6501.000 4285.000 65657540.000 1.000 1280.000 540.000 589.000 18308.400 1822996.732 75767.756 342866.400 118581596.314 3805375266847.000
6501.000 4219.000 65657550.000 1.000 1280.000 540.000 663.000 19544.400 1822996.732 116458.001 35063.360 93190404.494 5101003602812.536
6493.000 4149.000 65657560.000 1.000 1280.000 540.000 746.000 19418.000 1801457.789 169134.322 2000719.760 95646790.735 85780890190.672
6493.000 4079.000 65657570.000 1.000 1260.000 540.000 794.000 26630.400 1801457.789 231610.643 0.000 6592147.275 5260617054636.259
6493.000 3983.000 65657580.000 1.000 1260.000 540.000 829.000 26630.400 1801457.789 333228.454 230852.280 6592147.275 4254942631067.452
6493.000 3887.000 65657590.000 1.000 1260.000 540.000 822.000 25798.200 1801457.789 453278.265 158977.108 11558080.619 4556629870114.341
6493.000 3794.000 65657600.000 1.000 1250.000 550.000 824.000 25225.103 1801457.789 587153.520 3466921.344 15783256.850 1376674742881.026
6506.000 3704.000 65657610.000 1.000 1250.000 550.000 827.000 12727.189 1836523.572 733180.218 1559621.027 271284904.779 538730283287.384
6519.000 3660.000 65657620.000 1.000 1250.000 550.000 817.000 7104.907 1871927.355 810467.048 970541.322 488101122.957 1750493549595.791
6535.000 3640.000 65657630.000 1.000 1250.000 550.000 784.000 3606.200 1915965.241 846877.426 600881.688 654936016.189 2865307161916.211
6548.000 3640.000 65657640.000 1.000 1240.000 550.000 690.000 5772.320 1952123.024 846877.426 4493984.857 548758628.840 4841678078411.518
6560.000 3657.000 65657650.000 1.000 1240.000 550.000 491.000 21972.698 1985799.440 815877.605 358542.731 52203800.095 3744460212984.005
7547.000 4573.000 65657820.000 0.000 1280.000 540.000 78.000 0.000 5741697.581 162.322 0.000 852518399.559 5260617054636.259
7547.000 4573.000 65657830.000 1.000 1280.000 540.000 196.000 0.000 5741697.581 162.322 2940284.379 852518399.559 418196148148.624
7547.000 4573.000 65657840.000 1.000 1260.000 540.000 307.000 10599.439 5741697.581 162.322 800831.885 345903410.937 2228367120208.477
7509.000 4577.000 65657850.000 1.000 1260.000 540.000 392.000 7712.518 5561031.600 280.247 365882.833 461622401.404 3716107003113.892
7487.000 4594.000 65657860.000 1.000 1260.000 540.000 448.000 9031.490 5457755.506 1138.426 619471.926 406684807.245 2802716555839.824
7463.000 4616.000 65657870.000 1.000 1260.000 540.000 472.000 11264.626 5346194.675 3107.011 676279.840 321602952.145 2615735848995.450
7438.000 4648.000 65657880.000 1.000 1260.000 540.000 491.000 13702.549 5231210.477 7698.407 467426.490 240106451.968 3334922503242.106
7412.000 4690.000 65657890.000 1.000 1260.000 540.000 494.000 15387.576 5112952.911 16832.614 939114.676 190725538.600 1834639997622.773
7386.000 4739.000 65657900.000 1.000 1260.000 540.000 510.000 12002.159 4996047.345 31948.190 420497.345 295694118.177 3508526700095.100
7362.000 4775.000 65657910.000 1.000 1260.000 540.000 513.000 10486.307 4889334.515 46113.511 1150783.081 350124375.977 1306038529726.906
7339.000 4805.000 65657920.000 1.000 1260.000 540.000 521.000 6337.846 4788149.053 59897.945 526906.320 522582879.337 3121218956187.140
7318.000 4814.000 65657930.000 1.000 1260.000 540.000 526.000 4438.400 4696686.326 64384.275 3059439.607 613033718.045 586504929621.206
7302.000 4814.000 65657940.000 1.000 1260.000 540.000 529.000 15467.382 4627592.440 64384.275 2592033.367 188527611.334 89060380388.023
7272.000 4767.000 65657950.000 1.000 1260.000 540.000 540.000 24811.410 4499421.402 42741.662 1806960.576 19241450.034 236821343844.018
7232.000 4687.000 65657960.000 1.000 1270.000 550.000 564.000 31325.327 4331326.685 16063.171 3191711.139 4525870.217 806597315792.873
7188.000 4583.000 65657970.000 1.000 1290.000 550.000 595.000 42831.135 4150118.496 517.133 1279247.854 185864613.229 1028917394007.508
7144.000 4435.000 65657980.000 1.000 1290.000 550.000 628.000 47442.699 3972782.307 15689.926 647929.838 332872043.721 2708241830087.443
7099.000 4270.000 65657990.000 1.000 1290.000 550.000 664.000 49778.423 3795420.751 84250.539 3225916.501 423557197.316 869207515808.400
7064.000 4094.000 65658000.000 1.000 1290.000 550.000 707.000 38149.308 3660272.873 217397.860 3272295.839 80127387.830 957838677594.864
7052.000 3957.000 65658010.000 1.000 1290.000 550.000 734.000 26353.000 3614500.458 363921.945 1563177.017 8093556.870 533522859622.814
7052.000 3862.000 65658020.000 1.000 1290.000 550.000 758.000 20717.899 3614500.458 487566.237 1165504.422 71910717.600 1272607549174.980
7085.000 3795.000 65658030.000 1.000 1300.000 550.000 771.000 16516.369 3741067.600 585622.001 1062580.700 160821678.100 1515417155279.493
7137.000 3766.000 65658040.000 1.000 1300.000 550.000 779.000 20346.869 3944926.732 630848.048 3105184.809 78341063.557 658664207168.145
7203.000 3798.000 65658050.000 1.000 1310.000 550.000 742.000 31540.758 4211459.015 581039.445 1842440.313 5488900.548 203548229058.895
7291.000 3870.000 65658060.000 1.000 1310.000 550.000 628.000 38182.576 4580387.392 476458.086 682.127 80724084.293 5257488462172.490
7380.000 3975.000 65658070.000 1.000 1310.000 550.000 369.000 38185.035 4969261.138 342528.605 701491.967 80768276.889 2534819160877.900
7705.000 6028.000 65658221.000 0.000 1360.000 510.000 149.000 0.000 6523855.713 2154262.369 3290038.621 852518399.559 992882933234.884
7705.000 6028.000 65658231.000 1.000 1370.000 510.000 160.000 11860.269 6523855.713 2154262.369 35285.280 300594063.361 5100001221601.471
7663.000 6036.000 65658241.000 1.000 1370.000 510.000 221.000 11733.069 6311068.260 2177810.218 1768310.434 305020941.037 275932814216.773
7658.000 5994.000 65658251.000 1.000 1380.000 500.000 316.000 18107.656 6285971.421 2055612.011 4013000.165 122993905.160 2956324862058.969
7652.000 5929.000 65658261.000 1.000 1400.000 500.000 387.000 32574.131 6255921.213 1873450.737 2543427.617 11398816.069 62412085140.684
7642.000 5812.000 65658271.000 1.000 1400.000 500.000 474.000 41742.940 6205997.534 1566854.445 1597301.101 157377583.845 484837042821.672
7630.000 5662.000 65658281.000 1.000 1400.000 500.000 550.000 47501.055 6146353.119 1213832.275 6609131.840 335004834.056 18623784779164.938
7621.000 5491.000 65658291.000 1.000 1390.000 480.000 620.000 71326.332 6101808.807 866278.001 3307510.105 1774803289.207 1028006586234.913
7613.000 5234.000 65658301.000 1.000 1390.000 480.000 668.000 83249.584 6062349.864 453926.350 2237512.006 2921582626.951 3146256663.291
7605.000 4934.000 65658311.000 1.000 1380.000 490.000 722.000 91315.597 6023018.921 139682.011 840165.818 3858606078.336 2112481120440.204
7594.000 4605.000 65658321.000 1.000 1400.000 500.000 790.000 88286.881 5969147.873 2001.718 538215.364 3491505580.747 3081387538182.354
7581.000 4287.000 65658331.000 1.000 1400.000 500.000 840.000 90227.095 5905794.090 74670.718 378858.495 3724560478.691 3666248467084.382
7568.000 3962.000 65658341.000 1.000 1380.000 500.000 878.000 91592.843 5842778.307 357914.350 8016982.888 3893126699.896 32757071520605.926
7557.000 3632.000 65658351.000 1.000 1370.000 510.000 912.000 62692.400 5789721.260 861665.577 2154621.280 1121880342.775 19316059865.049
7557.000 3406.000 65658361.000 1.000 1360.000 510.000 932.000 54925.200 5789721.260 1332314.841 1440586.468 661893053.185 727638071544.323
7557.000 3208.000 65658371.000 1.000 1350.000 520.000 933.000 49732.026 5789721.260 1828605.577 6177927.410 421649602.591 15087972171031.301
7567.000 3029.000 65658381.000 1.000 1330.000 530.000 932.000 27461.199 5837944.940 2344755.454 4474036.746 3016191.935 4754289102783.336
7581.000 2931.000 65658391.000 1.000 1310.000 540.000 870.000 11332.732 5905794.090 2654486.303 1604684.657 319164861.039 474609184082.062
7596.000 2893.000 65658401.000 1.000 1300.000 540.000 728.000 5548.000 5978924.609 2779754.020 1539015.200 559318608.466 569403515467.264
7616.000 2893.000 65658411.000 1.000 1290.000 550.000 242.000 0.000 6077131.968 2779754.020 0.000 852518399.559 5260617054636.259
