2098.000 4239.000 402038.000 0.000 1130.000 490.000 86.000 16188.301 3375743.578 685068.294 1861831.726 5279495.163 1360662254028.594
2123.000 4146.000 402048.000 1.000 1130.000 490.000 342.000 5112.562 3284502.594 847667.359 379042.302 178849277.371 100055268119.906
2102.000 4124.000 402058.000 1.000 1130.000 490.000 387.000 2857.700 3361061.020 888661.654 59481.513 244244267.401 404338197738.337
2085.000 4124.000 402068.000 1.000 1130.000 490.000 537.000 3211.546 3423682.889 888661.654 132323.781 233309440.041 317006904000.557
2072.000 4110.000 402078.000 1.000 1130.000 490.000 627.000 2424.373 3471960.201 915252.933 124961.001 257976382.442 325352100494.564
2060.000 4102.000 402088.000 1.000 1140.000 480.000 699.000 1681.000 3516823.873 930623.949 119040.015 282408569.648 332141777259.113
2050.000 4102.000 402098.000 1.000 1140.000 480.000 733.000 2389.150 3554430.266 930623.949 786884.337 259109101.619 8377172413.813
2041.000 4113.000 402108.000 1.000 1140.000 480.000 743.000 7070.199 3588447.020 909521.802 546526.048 130320882.456 22150783993.694
2028.000 4153.000 402118.000 1.000 1140.000 480.000 756.000 10321.395 3637868.332 834826.720 1609056.058 66661039.420 834845159936.660
2011.000 4212.000 402128.000 1.000 1140.000 480.000 782.000 19893.412 3703006.201 730492.474 1126339.257 1980762.924 185745324415.582
2002.000 4330.000 402138.000 1.000 1140.000 480.000 790.000 26593.824 3737724.955 542709.982 785493.646 65736547.242 8124535178.438
1994.000 4488.000 402148.000 1.000 1140.000 480.000 814.000 31266.600 3768722.069 334880.408 1134116.740 163343322.143 192509721128.308
1994.000 4674.000 402158.000 1.000 1140.000 480.000 827.000 38013.279 3768722.069 154204.277 1150038.668 381313992.268 206735016807.275
2025.000 4898.000 402168.000 1.000 1150.000 480.000 846.000 44854.675 3649321.250 28455.818 809754.006 695306166.651 13086573736.859
2085.000 5158.000 402178.000 1.000 1170.000 490.000 852.000 49671.772 3423682.889 8337.786 132542.984 972551364.510 316760114715.101
2170.000 5441.000 402188.000 1.000 1190.000 480.000 858.000 48883.295 3116353.545 140109.081 140954.203 923994558.146 307362951986.271
2278.000 5711.000 402198.000 1.000 1200.000 480.000 860.000 49721.809 2746708.496 415137.277 69069.600 975674751.537 392236461683.839
2401.000 5980.000 402208.000 1.000 1210.000 480.000 864.000 49310.925 2354136.856 834137.851 1000455.723 950175002.225 93084960754.054
2546.000 6235.000 402218.000 1.000 1230.000 470.000 864.000 43359.374 1930209.151 1364951.704 472298.131 618683928.002 49755456454.167
2690.000 6449.000 402228.000 1.000 1250.000 470.000 863.000 40549.748 1550821.086 1910785.015 2035862.966 486808260.725 1796955058490.059
2832.000 6644.000 402238.000 1.000 1270.000 460.000 863.000 28438.725 1217314.299 2487911.490 1253664.921 99056412.360 311707240530.723
2957.000 6758.000 402248.000 1.000 1290.000 460.000 858.000 20980.873 957109.381 2860534.507 540521.852 6224310.428 23974060090.560
3070.000 6811.000 402258.000 1.000 1310.000 460.000 851.000 17765.395 748778.135 3042622.523 1160300.332 519294.921 216171890481.365
3175.000 6823.000 402268.000 1.000 1320.000 460.000 846.000 10862.954 578086.004 3084629.999 26205.781 58111077.380 447763946110.150
3235.000 6799.000 402278.000 1.000 1340.000 460.000 857.000 10707.060 490447.643 3000903.048 545524.844 60512159.638 22449807578.175
3259.000 6740.000 402288.000 1.000 1340.000 460.000 854.000 13952.300 457408.299 2799971.294 1265074.036 20554582.627 324576996890.565
3259.000 6657.000 402298.000 1.000 1350.000 450.000 864.000 21478.023 457408.299 2529090.589 901303.451 8952104.662 42413758410.330
3210.000 6539.000 402308.000 1.000 1350.000 450.000 876.000 26839.733 526088.627 2167701.081 646009.477 69784584.292 2435221700.607
3128.000 6402.000 402318.000 1.000 1350.000 450.000 882.000 30682.740 651765.053 1783056.736 544762.511 148760071.334 22678833398.427
3024.000 6252.000 402328.000 1.000 1350.000 450.000 890.000 27442.035 830503.545 1404963.294 595552.917 80210272.658 9960943313.552
2919.000 6127.000 402338.000 1.000 1350.000 450.000 896.000 23899.186 1032905.676 1124260.425 402908.300 29302407.230 85526500958.574
2816.000 6029.000 402348.000 1.000 1350.000 450.000 908.000 21502.349 1252876.528 926043.376 289019.205 9098263.531 165110763267.929
2717.000 5948.000 402358.000 1.000 1350.000 450.000 899.000 19783.020 1484302.824 776709.917 143312.310 1682218.844 304753828335.042
2610.000 5899.000 402368.000 1.000 1350.000 450.000 894.000 18930.478 1756472.233 692742.392 1882363.292 197546.287 1408982886708.299
2499.000 5880.000 402378.000 1.000 1350.000 450.000 882.000 7732.600 2063014.201 661475.556 819470.690 115635960.076 15404098200.927
2453.000 5880.000 402388.000 1.000 1350.000 450.000 797.000 2857.700 2197271.610 661475.556 958818.194 244244267.401 69411567572.307
2453.000 5897.000 402398.000 1.000 1340.000 450.000 653.000 8561.556 2197271.610 689417.146 991508.096 98494910.359 87705209558.767
2490.000 5932.000 402408.000 1.000 1340.000 450.000 257.000 14459.879 2088948.955 748763.949 19726.818 16209780.793 456476740784.412
3068.000 4130.000 402628.000 0.000 1230.000 440.000 470.000 11878.142 752243.414 877385.392 496688.264 43664001.508 39469442492.379
3100.000 4067.000 402638.000 1.000 1230.000 440.000 517.000 14832.861 697758.955 999377.146 1992677.740 13345542.951 1683039954262.954
3031.000 4122.000 402648.000 1.000 1230.000 450.000 543.000 2978.740 817794.069 892436.408 220990.143 240475615.296 225024334850.476
3036.000 4139.000 402658.000 1.000 1230.000 450.000 585.000 1664.105 808775.873 860605.999 1035078.103 282976696.586 115410127159.418
3043.000 4132.000 402668.000 1.000 1240.000 460.000 650.000 7821.619 796234.397 873642.638 817278.162 113729367.744 14864661839.400
3084.000 4154.000 402678.000 1.000 1250.000 460.000 694.000 12683.476 724745.184 833000.343 815380.985 33669472.830 14405650750.314
3146.000 4197.000 402688.000 1.000 1250.000 460.000 733.000 17534.047 623025.545 756358.130 910182.157 906245.367 46149657952.963
3234.000 4253.000 402698.000 1.000 1260.000 470.000 739.000 22948.575 491849.283 662089.015 398375.819 19914431.000 88198084706.433
3333.000 4347.000 402708.000 1.000 1260.000 470.000 748.000 25318.449 362788.987 517951.572 71721.042 46682137.899 388922360049.043
3439.000 4454.000 402718.000 1.000 1260.000 470.000 760.000 25745.106 246333.217 375387.228 800980.699 52694384.653 11156272310.202
3539.000 4570.000 402728.000 1.000 1260.000 470.000 751.000 20980.200 157069.283 246699.490 782144.421 6220952.804 7531979634.314
3608.000 4674.000 402738.000 1.000 1260.000 470.000 768.000 16327.348 107138.168 154204.277 710079.279 4659848.419 216732469.450
3655.000 4759.000 402748.000 1.000 1260.000 470.000 794.000 12103.200 78579.119 94672.228 13300.408 40740342.706 465201798333.296
3655.000 4831.000 402758.000 1.000 1280.000 470.000 796.000 12182.322 78579.119 55549.081 50267.279 39736560.629 416141319065.607
3609.000 4887.000 402768.000 1.000 1280.000 470.000 823.000 12481.354 106484.528 32287.966 13656.276 36055968.195 464716480429.811
3542.000 4919.000 402778.000 1.000 1300.000 470.000 831.000 12562.593 154700.364 21811.900 118432.165 35086942.465 332842775837.367
3469.000 4935.000 402788.000 1.000 1300.000 470.000 843.000 13267.127 217454.037 17341.868 587775.434 27236804.533 11573888556.421
3396.000 4905.000 402798.000 1.000 1310.000 460.000 861.000 16763.709 290865.709 26143.179 203999.772 2966342.108 241432360375.296
3324.000 4836.000 402808.000 1.000 1310.000 460.000 857.000 17977.271 373711.742 53217.195 266463.883 258821.684 183949685394.642
3273.000 4742.000 402818.000 1.000 1320.000 460.000 876.000 16392.120 438667.348 105422.638 127557.642 4384401.317 322396613466.456
3251.000 4647.000 402828.000 1.000 1320.000 460.000 882.000 15633.300 468293.414 176138.458 243577.909 8137989.746 204104746904.290
3251.000 4554.000 402838.000 1.000 1310.000 460.000 888.000 14184.294 468293.414 262849.523 401826.240 18504813.928 86160566850.720
3295.000 4482.000 402848.000 1.000 1310.000 460.000 906.000 16574.694 410009.283 341860.671 128851.003 3653152.571 320929546013.541
3374.000 4423.000 402858.000 1.000 1300.000 460.000 902.000 17341.208 315079.774 414334.917 422332.927 1310585.826 74542386072.961
3473.000 4394.000 402868.000 1.000 1290.000 460.000 876.000 19853.599 213739.479 452509.851 152167.482 1870282.701 295055333205.801
3591.000 4389.000 402878.000 1.000 1290.000 460.000 785.000 20758.819 118556.037 459261.736 1791503.057 5165632.545 1201535208151.643
3714.000 4400.000 402888.000 1.000 1270.000 460.000 536.000 10101.454 48982.397 444473.589 20419.014 70300883.368 455541882288.179
4432.000 5217.000 403069.000 0.000 1330.000 430.000 543.000 12300.051 246691.348 22593.540 1279458.858 38266165.516 341174463569.953
4359.000 5222.000 403079.000 1.000 1340.000 440.000 611.000 4688.755 179505.020 24121.654 590376.446 190364416.757 11021009629.575
4332.000 5229.000 403089.000 1.000 1330.000 440.000 717.000 1176.700 157355.283 26345.015 22895.724 299612427.482 452204762870.021
4325.000 5229.000 403099.000 1.000 1330.000 440.000 731.000 1312.903 151850.758 26345.015 843379.217 294915817.149 21910445721.276
4330.000 5235.000 403109.000 1.000 1340.000 450.000 784.000 6330.031 155772.561 28328.753 1541144.666 147767976.302 715356027408.109
4367.000 5242.000 403119.000 1.000 1330.000 450.000 806.000 15498.054 186347.905 30734.113 1047011.690 8927918.138 123660709773.262
4459.000 5248.000 403129.000 1.000 1340.000 460.000 832.000 21726.559 274241.086 32873.851 1242942.663 10501117.607 299849573692.080
4588.000 5256.000 403139.000 1.000 1340.000 460.000 831.000 29120.626 425991.610 35838.835 810999.291 113094925.494 13373037120.705
4761.000 5265.000 403149.000 1.000 1350.000 460.000 839.000 24296.121 681748.004 39327.441 515207.168 33757317.730 32454121408.332
4904.000 5286.000 403159.000 1.000 1350.000 460.000 809.000 21231.236 938341.578 48097.523 703922.280 7536231.723 73356441.121
5028.000 5310.000 403169.000 1.000 1350.000 460.000 742.000 17043.715 1193950.299 59200.474 1261320.195 2080232.766 320313837198.820
5126.000 5336.000 403179.000 1.000 1360.000 470.000 564.000 9540.323 1417719.643 72528.671 66298.808 80025426.917 395714765659.629
5181.000 5350.000 403189.000 1.000 1360.000 470.000 255.000 9934.724 1551719.479 80265.392 167002.710 73124598.374 279158723372.469
4902.000 5871.000 403289.000 0.000 1390.000 470.000 302.000 0.000 934470.856 646916.949 2111771.883 341732795.128 2006229867210.489
4902.000 5871.000 403299.000 1.000 1390.000 470.000 413.000 12562.593 934470.856 646916.949 1716165.343 35086942.465 1042048769689.749
4933.000 5939.000 403309.000 1.000 1400.000 470.000 522.000 2353.400 995366.037 760927.310 395606.540 260261305.615 89850603559.392
4933.000 5953.000 403319.000 1.000 1400.000 470.000 583.000 0.000 995366.037 785548.031 1385487.596 341732795.128 476279628747.306
4933.000 5953.000 403329.000 1.000 1390.000 460.000 661.000 8242.044 995366.037 785548.031 608827.101 104938966.535 7487500002.944
4923.000 5905.000 403339.000 1.000 1400.000 460.000 727.000 11863.859 975512.430 702766.130 767713.036 43852966.047 5235331908.365
4914.000 5835.000 403349.000 1.000 1390.000 460.000 767.000 16430.861 957815.184 590302.523 973324.719 4223662.916 77265806795.714
4891.000 5740.000 403359.000 1.000 1380.000 460.000 820.000 22221.014 913324.889 453348.343 630608.323 13950208.529 4192448478.148
4848.000 5615.000 403369.000 1.000 1380.000 460.000 860.000 25972.402 832985.381 300645.474 1104642.422 56045972.273 167514194430.896
4792.000 5471.000 403379.000 1.000 1370.000 460.000 881.000 32543.743 733901.184 163467.769 823106.861 197619682.645 16319913922.900
4726.000 5289.000 403389.000 1.000 1370.000 460.000 902.000 27647.212 625175.381 49422.392 536038.289 83927508.396 25382592677.180
4671.000 5134.000 403399.000 1.000 1370.000 460.000 929.000 24458.406 541225.545 4530.835 405830.382 35669439.864 83825918771.263
4622.000 4997.000 403409.000 1.000 1370.000 460.000 945.000 22044.186 471529.873 4856.490 291013.879 12660572.291 163493717357.136
4616.000 4866.000 403419.000 1.000 1360.000 470.000 940.000 20312.991 463325.709 40275.884 53977.246 3337836.902 411368556483.407
4637.000 4747.000 403429.000 1.000 1350.000 460.000 950.000 19991.889 492355.283 102200.753 11385.581 2267652.875 467817507346.200
4677.000 4635.000 403439.000 1.000 1340.000 470.000 961.000 20059.620 550089.709 186354.982 372453.118 2476228.904 104267202791.388
4753.000 4543.000 403449.000 1.000 1340.000 470.000 974.000 17843.956 668601.119 274249.671 354646.285 412241.307 116084092856.161
4831.000 4471.000 403459.000 1.000 1320.000 470.000 985.000 19953.690 802243.250 354844.818 93907.888 2154066.369 361741566627.968
4934.000 4412.000 403469.000 1.000 1330.000 470.000 997.000 20512.333 997362.397 428617.064 935086.676 4105959.754 57470105386.638
5053.000 4385.000 403479.000 1.000 1320.000 480.000 979.000 26075.014 1249209.315 464699.245 187644.651 57592887.534 257772278669.369
5208.000 4391.000 403489.000 1.000 1320.000 480.000 987.000 24958.746 1619715.217 456554.982 83427.526 41896231.000 374458222727.760
5354.000 4418.000 403499.000 1.000 1320.000 490.000 993.000 24462.449 2012653.873 420796.802 143074.953 35717748.954 305015948226.425
5495.000 4454.000 403509.000 1.000 1320.000 490.000 994.000 23611.319 2432602.725 375387.228 160150.719 26268728.741 286446236897.153
5622.000 4514.000 403519.000 1.000 1330.000 500.000 979.000 22658.608 2844890.528 305464.605 247310.233 17410522.288 200746301955.427
5734.000 4589.000 403529.000 1.000 1340.000 500.000 980.000 24129.817 3235250.922 228186.327 368306.428 31852487.415 106962366096.202
5835.000 4691.000 403539.000 1.000 1350.000 510.000 974.000 21938.821 3608785.348 141141.868 260930.535 11921860.953 188726737974.257
5902.000 4803.000 403549.000 1.000 1350.000 510.000 968.000 20386.587 3867831.512 69531.638 1166376.475 3612169.347 221858928961.793
5930.000 4921.000 403559.000 1.000 1370.000 510.000 964.000 13448.000 3978749.610 21225.146 449915.448 25381607.281 60241772672.185
5930.000 5001.000 403569.000 1.000 1370.000 510.000 968.000 10771.525 3978749.610 4314.982 69234.338 59513374.551 392030142009.246
5905.000 5060.000 403579.000 1.000 1370.000 510.000 964.000 11183.389 3879640.594 44.736 79855.233 53328364.094 378842969919.562
5856.000 5105.000 403589.000 1.000 1380.000 500.000 965.000 11658.435 3689012.922 1467.769 216053.047 46615865.110 229732703561.335
5793.000 5134.000 403599.000 1.000 1380.000 500.000 964.000 12943.700 3450976.201 4530.835 21390.053 30717268.915 454232042131.542
5716.000 5134.000 403609.000 1.000 1380.000 500.000 980.000 12816.454 3170822.430 4530.835 324505.115 32143935.595 137531448824.326
5643.000 5112.000 403619.000 1.000 1400.000 500.000 989.000 14746.883 2916172.102 2053.130 711156.632 13981117.124 249614388.339
5579.000 5052.000 403629.000 1.000 1400.000 500.000 988.000 18977.440 2701685.020 215.753 722219.461 241497.346 721568037.014
5543.000 4945.000 403639.000 1.000 1400.000 500.000 1021.000 23273.808 2584636.037 14808.097 128906.308 22922950.273 320866887794.909
5523.000 4808.000 403649.000 1.000 1400.000 500.000 1023.000 24040.651 2520728.824 66919.753 626853.473 30853967.707 4692793839.503
5540.000 4666.000 403659.000 1.000 1380.000 490.000 1023.000 20311.600 2574998.955 160551.294 96546.722 3332756.193 358574279005.362
5598.000 4560.000 403669.000 1.000 1380.000 490.000 1023.000 19737.259 2764505.873 256733.261 812420.240 1565608.532 13703698554.688
5683.000 4479.000 403679.000 1.000 1370.000 500.000 1023.000 24570.217 3054386.528 345377.802 1088920.197 37017499.315 154891641716.724
5823.000 4437.000 403689.000 1.000 1370.000 500.000 1023.000 31048.029 3563337.020 396507.638 1089555.279 157804165.464 155391934288.356
6006.000 4462.000 403699.000 1.000 1380.000 500.000 978.000 37529.619 4287717.020 365648.212 2375373.023 362658807.417 2822452350667.670
6218.000 4532.000 403709.000 1.000 1370.000 510.000 803.000 51660.333 5210629.479 285891.818 8684101.977 1100535294.820 63820039237241.703
6496.000 4663.000 403719.000 1.000 1370.000 510.000 1.000 0.000 6557083.742 162964.425 0.000 341732795.128 483521972862.939
