3095.000 4263.000 371954.000 0.000 1150.000 430.000 167.000 15090.789 2890183.787 44296.976 1094763.340 3071051.574 141838435391.851
3077.000 4152.000 371964.000 1.000 1150.000 430.000 386.000 6933.089 2951709.733 103341.976 273130.416 98210906.603 198041452312.430
3027.000 4139.000 371974.000 1.000 1160.000 440.000 442.000 4897.840 3126015.138 111869.156 82672.568 142692356.673 403830170261.128
2991.000 4145.000 371984.000 1.000 1160.000 450.000 550.000 4281.800 3254611.030 107891.535 325504.113 157789538.809 154169929826.552
2964.000 4162.000 371994.000 1.000 1170.000 460.000 608.000 6707.315 3352758.949 97012.607 322678.532 102736785.123 156396813042.020
2947.000 4209.000 372004.000 1.000 1180.000 460.000 661.000 9111.775 3415303.787 69943.571 1167805.716 59775405.750 202191250951.867
2936.000 4276.000 372014.000 1.000 1180.000 460.000 703.000 17813.755 3456081.976 38993.796 587962.005 941917.604 16948627983.943
2950.000 4408.000 372024.000 1.000 1190.000 470.000 739.000 22194.992 3404224.462 4286.120 554260.628 28641350.044 26859366145.040
2978.000 4571.000 372034.000 1.000 1190.000 470.000 771.000 26325.101 3301685.435 9512.400 1324435.099 89905866.214 367582953448.332
3046.000 4755.000 372044.000 1.000 1200.000 470.000 799.000 36194.215 3059190.084 79260.003 67782.810 374460597.110 422976052791.353
3152.000 5003.000 372054.000 1.000 1200.000 470.000 815.000 35689.127 2699626.625 280403.643 153441.328 355167810.984 318894643410.547
3282.000 5235.000 372064.000 1.000 1210.000 470.000 827.000 34545.749 2289332.570 579930.274 86403.731 313379157.575 399101960273.641
3414.000 5456.000 372074.000 1.000 1220.000 460.000 828.000 33901.906 1907310.300 965368.210 4549635.785 290998406.280 14680291739502.594
3577.000 5649.000 372084.000 1.000 1230.000 460.000 842.000 0.000 1483655.679 1381874.382 7729745.003 283694417.166 49162479892528.180
3577.000 5649.000 372094.000 3.000 1250.000 460.000 854.000 57598.696 1483655.679 1381874.382 5192685.951 1661007959.677 20021481808597.809
3904.000 5927.000 372104.000 3.000 1260.000 460.000 857.000 18905.060 793977.327 2112753.913 472616.971 4251140.460 60285928826.485
4030.000 5990.000 372114.000 3.000 1290.000 460.000 857.000 15383.324 585307.706 2299867.886 592271.033 2131327.291 15845237742.948
4144.000 6002.000 372124.000 3.000 1300.000 460.000 860.000 10969.978 423871.381 2336408.643 190446.307 34495096.146 278470028094.655
4223.000 5981.000 372134.000 3.000 1320.000 460.000 867.000 9550.855 327245.841 2272651.319 654625.721 53178741.944 4035194443.095
4244.000 5913.000 372144.000 3.000 1320.000 460.000 861.000 14428.841 303660.570 2072251.030 851132.231 5829277.158 17684565962.045
4226.000 5807.000 372154.000 3.000 1330.000 450.000 870.000 20771.108 323822.516 1778306.346 551739.681 15428220.841 27692028620.943
4142.000 5677.000 372164.000 3.000 1330.000 450.000 878.000 24882.432 426479.598 1448488.147 230958.737 64628759.092 237354256249.475
4029.000 5530.000 372174.000 3.000 1330.000 450.000 885.000 26603.436 586838.814 1116258.877 596844.569 95261609.380 14714741049.393
3896.000 5383.000 372184.000 3.000 1320.000 460.000 894.000 22156.010 808298.192 827247.607 250781.687 28225624.915 218432113058.963
3772.000 5274.000 372194.000 3.000 1320.000 460.000 900.000 20287.294 1046639.598 640850.733 392062.884 11861572.678 106332090717.941
3645.000 5192.000 372204.000 3.000 1320.000 460.000 899.000 17365.812 1322624.327 516287.562 133315.890 273091.316 342029651176.828
3521.000 5155.000 372214.000 3.000 1300.000 460.000 911.000 16372.400 1623213.733 464485.228 2197176.080 221681.457 2187521395154.732
3399.000 5155.000 372224.000 3.000 1300.000 460.000 920.000 0.000 1948966.922 464485.228 2104355.308 283694417.166 1921568201808.782
3399.000 5155.000 372234.000 1.000 1300.000 460.000 905.000 15680.740 1948966.922 464485.228 1401979.348 1351384.403 467624079751.369
3297.000 5212.000 372244.000 1.000 1290.000 450.000 854.000 5233.800 2244165.949 545428.823 458233.147 134778878.940 67556199364.715
3297.000 5251.000 372254.000 1.000 1290.000 450.000 749.000 8648.354 2244165.949 604555.283 635756.530 67156002.548 6788502858.384
3345.000 5294.000 372264.000 1.000 1290.000 450.000 535.000 13385.735 2102656.760 673271.994 78794.054 11954275.849 408774620843.190
3435.000 5337.000 372274.000 1.000 1280.000 450.000 63.000 13972.874 1849747.030 745686.706 64084.834 8238947.032 427799804211.978
3969.000 3748.000 372435.000 0.000 1210.000 440.000 418.000 21661.144 682365.300 526304.499 2097492.857 23212289.495 1902589747959.607
3936.000 3590.000 372445.000 1.000 1200.000 450.000 464.000 6031.540 737973.868 780516.535 73774.437 116892653.708 415218450319.702
3912.000 3552.000 372455.000 1.000 1200.000 450.000 564.000 6581.275 779784.462 849104.138 739129.985 105307732.810 440205870.694
3881.000 3514.000 372465.000 1.000 1200.000 450.000 611.000 1073.600 835494.814 920579.742 792424.160 248681249.374 5516814045.985
3889.000 3514.000 372475.000 1.000 1200.000 460.000 697.000 6978.400 820933.949 920579.742 1051586.771 97314882.838 111180812909.821
3937.000 3534.000 372485.000 1.000 1200.000 460.000 743.000 14814.367 736256.760 882601.003 1259894.427 4116287.522 293488214550.569
4012.000 3615.000 372495.000 1.000 1200.000 460.000 765.000 24202.552 613173.652 736968.111 506887.088 54159611.415 44631553784.308
4137.000 3745.000 372505.000 1.000 1200.000 460.000 796.000 27979.654 433035.138 530666.310 74552.126 124019926.064 414216809254.255
4267.000 3908.000 372515.000 1.000 1210.000 470.000 794.000 27424.124 278841.084 319754.589 361995.509 111955305.066 126845238889.793
4399.000 4064.000 372525.000 1.000 1210.000 470.000 806.000 24726.691 156858.814 167664.427 927716.011 62148947.822 43918373442.713
4506.000 4214.000 372535.000 1.000 1220.000 460.000 812.000 17813.755 83552.246 67323.886 576631.902 941917.604 20027061107.960
4574.000 4328.000 372545.000 1.000 1240.000 470.000 832.000 13516.945 48864.895 21161.075 1136993.530 11064175.917 175430822940.277
4615.000 4420.000 372555.000 1.000 1240.000 470.000 836.000 5044.564 32419.462 2858.877 217175.860 139208533.623 250973988169.850
4597.000 4453.000 372565.000 1.000 1250.000 460.000 852.000 6662.864 39225.408 418.958 359035.057 103639864.184 128962753211.277
4548.000 4461.000 372575.000 1.000 1260.000 460.000 860.000 9338.237 61035.706 155.463 563908.937 56324928.990 23789966605.885
4479.000 4452.000 372585.000 1.000 1260.000 460.000 879.000 13540.241 99890.165 460.895 580617.910 10909740.322 18914773584.564
4401.000 4388.000 372595.000 1.000 1260.000 460.000 900.000 17866.753 155278.598 7304.859 413228.237 1047598.096 92976611553.964
4326.000 4278.000 372605.000 1.000 1280.000 450.000 894.000 20945.950 220011.706 38207.922 376978.402 16832306.446 116397309633.798
4257.000 4138.000 372615.000 1.000 1280.000 450.000 903.000 18136.871 289502.165 112539.093 630754.225 1673505.475 7637829456.132
4228.000 4006.000 372625.000 1.000 1280.000 450.000 906.000 13436.765 321550.300 218526.769 114912.105 11604007.909 363894632483.111
4223.000 3906.000 372635.000 1.000 1280.000 450.000 914.000 12580.490 327245.841 322020.463 52588.686 18170957.454 442970400270.530
4275.000 3828.000 372645.000 1.000 1290.000 460.000 923.000 12972.358 270456.219 416629.544 258179.596 14983654.713 211571761873.693
4363.000 3788.000 372655.000 1.000 1270.000 460.000 921.000 14896.200 186670.706 469867.021 913039.228 3790928.171 37982239417.705
4474.000 3788.000 372665.000 1.000 1270.000 460.000 876.000 21699.771 103075.706 469867.021 160639.413 23585984.622 310816829611.831
4635.000 3803.000 372675.000 1.000 1270.000 460.000 793.000 20502.756 25617.300 449527.967 60791.124 13392126.127 432119247456.154
4781.000 3848.000 372685.000 1.000 1280.000 470.000 611.000 20049.767 197.516 391210.805 910730.586 10281875.661 37087705258.641
4916.000 3912.000 372695.000 1.000 1280.000 470.000 208.000 13263.399 14627.922 315246.841 4764.448 12815194.310 508917378296.261
5415.000 4538.000 372776.000 0.000 1270.000 480.000 491.000 12975.828 384332.976 4164.319 228546.358 14956802.898 239710650464.934
5320.000 4556.000 372786.000 1.000 1270.000 480.000 620.000 11272.800 275568.246 6811.454 270144.600 31029697.110 200707854037.385
5236.000 4556.000 372796.000 1.000 1270.000 480.000 770.000 13285.800 194433.327 6811.454 1188636.240 12655312.499 221358335820.211
5137.000 4556.000 372806.000 1.000 1280.000 470.000 864.000 4428.600 116927.030 6811.454 468250.640 154123053.024 62449141030.931
5104.000 4556.000 372816.000 1.000 1280.000 470.000 887.000 939.400 95447.598 6811.454 468250.640 252931827.868 62449141030.931
5111.000 4556.000 372826.000 1.000 1300.000 480.000 896.000 4428.600 99821.841 6811.454 1488035.501 154123053.024 592725376304.686
5144.000 4556.000 372836.000 1.000 1310.000 470.000 924.000 15516.793 121763.273 6811.454 473302.465 1759436.716 59949777398.368
5259.000 4568.000 372846.000 1.000 1310.000 470.000 939.000 19043.637 215245.841 8936.210 310367.427 4841788.309 166285730831.510
5400.000 4584.000 372856.000 1.000 1310.000 470.000 945.000 21356.360 365959.598 12217.219 152836.757 20368336.949 319577820561.309
5558.000 4603.000 372866.000 1.000 1320.000 470.000 897.000 20217.487 582086.516 16778.418 468041.154 11385606.229 62553885289.674
5708.000 4617.000 372876.000 1.000 1330.000 470.000 852.000 16729.848 833470.300 20601.301 258526.369 12855.615 211252872253.351
5829.000 4647.000 372886.000 1.000 1330.000 470.000 746.000 14803.422 1069044.219 30113.192 782799.068 4160819.139 4179644046.533
5931.000 4689.000 372896.000 1.000 1330.000 470.000 521.000 8970.344 1290373.192 46453.841 477332.088 61982343.473 57992737597.039
5983.000 4731.000 372906.000 1.000 1340.000 480.000 213.000 5413.473 1411215.570 66322.490 811824.470 130639358.877 8775112159.960
5981.000 4852.000 372936.000 0.000 1340.000 480.000 113.000 23561.561 1406467.787 143286.120 1620268.934 45135963.315 813820553289.744
5885.000 4999.000 372946.000 1.000 1340.000 480.000 349.000 11488.022 1187982.165 276183.391 835631.997 28678259.188 13802277761.073
5833.000 5067.000 372956.000 1.000 1350.000 470.000 499.000 5261.256 1077331.787 352279.679 345867.755 134142135.719 138593251935.384
5802.000 5091.000 372966.000 1.000 1350.000 470.000 595.000 2684.000 1013940.138 381345.192 140203.034 200483811.286 334021425598.920
5782.000 5091.000 372976.000 1.000 1350.000 470.000 669.000 3728.732 974062.300 381345.192 946216.689 171990073.624 52014915758.840
5768.000 5067.000 372986.000 1.000 1360.000 470.000 760.000 10779.527 946623.814 352279.679 1048096.498 36768501.392 108865416528.274
5742.000 4991.000 372996.000 1.000 1360.000 470.000 824.000 18589.486 896706.625 267838.886 717677.712 3049407.909 222019.413
5700.000 4859.000 373006.000 1.000 1360.000 470.000 860.000 23937.308 818927.165 148634.562 309269.268 50325934.106 167182554576.903
5646.000 4689.000 373016.000 1.000 1360.000 470.000 906.000 26241.848 724109.003 46453.841 220580.782 88334008.964 247574033403.806
5572.000 4508.000 373026.000 1.000 1360.000 470.000 927.000 27885.520 603645.003 1192.427 130882.710 121932155.114 344881579514.904
5503.000 4312.000 373036.000 1.000 1350.000 470.000 933.000 28860.801 501187.462 26072.066 691931.845 144421998.232 687334044.202
5438.000 4107.000 373046.000 1.000 1340.000 470.000 943.000 23704.826 413379.489 134299.138 436327.144 47081491.384 79423502921.682
5414.000 3932.000 373056.000 1.000 1330.000 470.000 943.000 20453.506 383094.084 293188.102 118415.262 13034088.438 359680438180.423
5441.000 3782.000 373066.000 1.000 1330.000 470.000 949.000 19571.127 417246.165 478128.643 298668.810 7441418.749 175963547047.697
5503.000 3650.000 373076.000 1.000 1320.000 480.000 955.000 17345.577 501187.462 678100.319 651662.585 252351.902 4420430263.170
5618.000 3591.000 373086.000 1.000 1310.000 480.000 964.000 22201.483 677240.030 778750.598 586697.036 28710868.743 17279592906.718
5783.000 3579.000 373096.000 1.000 1290.000 490.000 964.000 26573.294 976037.192 800073.841 175250.304 94674133.698 294738887015.847
5980.000 3599.000 373106.000 1.000 1300.000 500.000 967.000 25267.405 1404096.895 764695.102 345626.329 70966714.261 138773066917.980
6149.000 3682.000 373116.000 1.000 1300.000 500.000 958.000 27842.862 1833169.625 626422.337 323602.096 120991890.857 155667181620.066
6323.000 3795.000 373126.000 1.000 1300.000 500.000 947.000 25431.520 2334618.814 460319.463 633817.743 73758714.756 7111744270.400
6457.000 3929.000 373136.000 1.000 1320.000 500.000 938.000 20708.586 2762064.327 296445.913 489316.819 14940972.340 52364121917.379
6561.000 4043.000 373146.000 1.000 1320.000 500.000 947.000 17062.410 3118565.084 185303.102 326724.662 48039.608 153212935158.837
6623.000 4154.000 373156.000 1.000 1330.000 510.000 920.000 14627.800 3341386.381 102060.102 72994.601 4908132.759 416224071273.466
6623.000 4263.000 373166.000 1.000 1330.000 510.000 912.000 15171.724 3341386.381 44296.976 505225.961 2793934.326 45336178531.702
6593.000 4372.000 373176.000 1.000 1350.000 510.000 915.000 11407.000 3232609.625 10295.850 153346.851 29552603.176 319001356091.267
6525.000 4423.000 373186.000 1.000 1350.000 510.000 942.000 10264.326 2992712.976 2547.066 201326.840 43281985.783 267105043108.772
6450.000 4438.000 373196.000 1.000 1360.000 500.000 943.000 11764.526 2738846.084 1258.012 816550.502 25793240.451 9682875008.443
6371.000 4400.000 373206.000 1.000 1360.000 500.000 971.000 17849.105 2483605.625 5397.616 566674.799 1011783.301 22944403685.877
6280.000 4303.000 373216.000 1.000 1360.000 500.000 977.000 22071.719 2205064.462 29059.499 12344.790 27337090.911 498159443613.188
6189.000 4166.000 373226.000 1.000 1370.000 500.000 1005.000 21979.731 1943085.300 94536.859 50127.860 26383636.322 446252111700.181
6154.000 4006.000 373236.000 1.000 1370.000 500.000 1021.000 21606.200 1846734.084 218526.769 634271.473 22685877.471 7035422988.347
6154.000 3845.000 373246.000 1.000 1370.000 500.000 1023.000 16879.885 1846734.084 394972.616 323350.740 1343.545 155865588213.521
6215.000 3735.000 373256.000 1.000 1350.000 500.000 1023.000 19289.354 2016246.489 545335.679 328930.373 5983519.670 151491062819.005
6337.000 3659.000 373266.000 1.000 1350.000 500.000 1023.000 21740.400 2377597.300 663358.886 1652843.568 23982268.097 873654119844.587
6499.000 3659.000 373276.000 1.000 1350.000 500.000 994.000 34056.671 2903431.787 663358.886 181814.026 296302530.280 287655098527.814
6748.000 3708.000 373286.000 1.000 1350.000 510.000 864.000 32701.872 3813997.868 585941.976 4388591.222 251496506.939 13472146829142.500
6976.000 3794.000 373296.000 1.000 1340.000 510.000 344.000 0.000 4756525.219 461677.400 0.000 283694417.166 515737844525.093
