3075.000 3976.000 1860545.000 0.000 1200.000 420.000 212.000 29140.595 4672761.603 736654.367 2491578.335 4874514.907 1744267226079.106
2964.000 3829.000 1860555.000 1.000 1200.000 430.000 230.000 13391.048 5164970.489 1010599.367 541549.133 183378089.506 396046316600.505
2898.000 3776.000 1860565.000 1.000 1200.000 430.000 256.000 9967.855 5469317.232 1119968.653 726724.922 287808159.029 197265953374.964
2847.000 3739.000 1860575.000 1.000 1210.000 440.000 305.000 5374.145 5710461.260 1199650.796 159782.633 464774080.700 1022300174806.602
2824.000 3714.000 1860585.000 1.000 1210.000 440.000 349.000 4364.141 5820914.489 1255040.082 2056895.359 509342772.918 785038736293.793
2805.000 3734.000 1860595.000 1.000 1210.000 440.000 364.000 17366.008 5912956.460 1210628.653 1507328.334 91522832.573 113203374904.497
2792.000 3843.000 1860605.000 1.000 1220.000 450.000 399.000 26894.000 5976348.546 982647.367 2951215.305 1502.697 3169624983439.308
2818.000 4011.000 1860615.000 1.000 1220.000 450.000 428.000 45548.964 5849902.375 677799.367 315079.030 346562878.682 732380309744.935
2871.000 4294.000 1860625.000 1.000 1220.000 450.000 444.000 47540.614 5596333.718 291908.653 435690.710 424683455.323 540490414309.724
2946.000 4585.000 1860635.000 1.000 1220.000 450.000 446.000 50294.664 5247110.146 62143.367 1357418.647 545778341.796 34799934393.959
3062.000 4881.000 1860645.000 1.000 1220.000 450.000 447.000 58875.060 4729133.689 2182.224 607144.390 1020310232.987 317787963418.864
3204.000 5225.000 1860655.000 1.000 1230.000 450.000 463.000 55037.232 4131695.060 152657.653 98938.280 789861085.696 1149040274552.485
3390.000 5519.000 1860665.000 1.000 1250.000 450.000 465.000 54411.832 3410142.603 468833.653 738685.475 755099143.080 186784537008.040
3614.000 5780.000 1860675.000 1.000 1270.000 450.000 473.000 49742.518 2633016.203 894375.510 2216654.895 520284848.431 1093663449340.177
3863.000 5972.000 1860685.000 1.000 1290.000 440.000 464.000 35730.793 1886933.946 1294393.796 1998805.901 77405303.057 685475799936.160
4079.000 6038.000 1860695.000 1.000 1310.000 440.000 468.000 23096.116 1340170.060 1448928.082 127627.375 14719872.772 1088357765576.074
4224.000 6021.000 1860705.000 1.000 1330.000 440.000 453.000 23902.863 1025474.489 1408290.796 91244.381 9180303.937 1165594158519.734
4322.000 5906.000 1860715.000 1.000 1340.000 440.000 442.000 24479.629 836597.689 1148571.510 2093314.898 6017874.459 850902298898.764
4284.000 5756.000 1860725.000 1.000 1350.000 440.000 443.000 37711.708 907555.632 849557.224 1718022.575 116185619.999 299374581443.381
4120.000 5583.000 1860735.000 1.000 1350.000 440.000 445.000 48571.522 1246923.175 560573.082 154347.355 468235820.167 1033320812396.255
3872.000 5402.000 1860745.000 1.000 1360.000 440.000 471.000 49547.169 1862289.118 322299.510 638298.716 511411284.644 283633495216.703
3601.000 5245.000 1860755.000 1.000 1350.000 440.000 493.000 45512.411 2675374.289 168686.224 254925.378 345203258.933 838956825377.435
3332.000 5143.000 1860765.000 1.000 1350.000 440.000 505.000 43900.999 3627718.832 95304.510 3675369.635 287920977.361 6272512201636.789
3064.000 5071.000 1860775.000 1.000 1350.000 440.000 512.000 20668.574 4720439.060 56033.653 2774254.367 39240084.350 2570837446237.200
2939.000 5033.000 1860785.000 1.000 1340.000 450.000 488.000 3132.200 5279228.346 39487.367 981093.120 566466877.092 36015735506.706
2925.000 5019.000 1860795.000 1.000 1340.000 450.000 394.000 9333.800 5343758.746 34119.367 191785.544 309723556.333 958608803599.215
2984.000 5019.000 1860805.000 1.000 1330.000 440.000 67.000 10546.098 5074464.203 34119.367 1912.667 268522843.508 1366464149553.916
4155.000 4125.000 1861026.000 0.000 1270.000 420.000 507.000 10813.291 1169982.175 503086.224 664895.300 259837430.369 256011653661.122
4131.000 4061.000 1861036.000 1.000 1280.000 420.000 537.000 6610.413 1222477.718 597970.796 654829.350 412997976.102 266299234072.864
4092.000 4076.000 1861046.000 1.000 1290.000 430.000 537.000 2471.163 1310239.975 574997.224 1442211.316 598369954.701 73625435877.198
4082.000 4088.000 1861056.000 1.000 1290.000 440.000 538.000 11587.543 1333233.118 556942.367 825516.392 235475827.122 119269972267.224
4144.000 4127.000 1861066.000 1.000 1300.000 450.000 543.000 16805.725 1193899.632 500253.082 1025017.508 102556931.832 21273311657.845
4233.000 4185.000 1861076.000 1.000 1310.000 450.000 544.000 23284.976 1007327.660 421571.939 245673.210 13306361.948 855991398011.349
4341.000 4285.000 1861086.000 1.000 1310.000 450.000 538.000 24837.904 802201.718 301714.796 90060.254 4388441.093 1168152391308.039
4450.000 4398.000 1861096.000 1.000 1320.000 460.000 519.000 24268.623 618829.460 190345.224 606032.402 7097650.668 319042914925.093
4543.000 4520.000 1861106.000 1.000 1320.000 460.000 498.000 20437.824 481160.232 98775.510 1373148.790 42184253.892 40916206513.509
4626.000 4619.000 1861116.000 1.000 1320.000 460.000 480.000 11757.996 372902.146 46347.939 581764.364 230273603.220 347046913448.822
4656.000 4687.000 1861126.000 1.000 1320.000 460.000 481.000 8080.598 337162.718 21693.082 117801.573 355404186.951 1108955727306.425
4636.000 4734.000 1861136.000 1.000 1310.000 450.000 481.000 8825.235 360789.003 10057.224 970345.012 327882629.594 40210768830.163
4582.000 4748.000 1861146.000 1.000 1310.000 450.000 493.000 14958.895 428575.975 7445.224 623603.518 143373554.110 299501961492.385
4492.000 4719.000 1861156.000 1.000 1310.000 450.000 488.000 18900.763 554514.260 13290.796 1062535.113 64513050.314 11736716799.243
4387.000 4662.000 1861166.000 1.000 1310.000 450.000 491.000 25617.167 721917.260 29682.367 727829.000 1730797.145 196286428002.292
4273.000 4547.000 1861176.000 1.000 1310.000 450.000 496.000 30217.856 928635.089 82533.082 7605.465 10791825.256 1353187267429.793
4160.000 4393.000 1861186.000 1.000 1310.000 450.000 497.000 30169.781 1159190.603 194733.082 1317105.807 10478274.927 21384548064.804
4097.000 4213.000 1861196.000 1.000 1310.000 450.000 499.000 21844.207 1298818.403 385995.939 1192206.116 25893418.836 455176857.943
4068.000 4078.000 1861206.000 1.000 1320.000 460.000 505.000 14308.138 1365759.518 571968.082 187717.114 159381197.751 966592038972.726
4096.000 3992.000 1861216.000 1.000 1320.000 460.000 514.000 15494.719 1301098.718 709445.224 606670.897 130828888.019 318322029050.946
4179.000 3940.000 1861226.000 1.000 1320.000 460.000 520.000 19329.554 1118638.632 799746.939 1184163.228 57808812.007 176676897.647
4299.000 3963.000 1861236.000 1.000 1320.000 460.000 513.000 26814.783 879200.918 759138.796 1148933.828 13919.667 481250123.397
4450.000 4040.000 1861246.000 1.000 1330.000 460.000 501.000 34077.323 618829.460 630889.796 3643693.091 51044714.187 6114847897975.109
4634.000 4152.000 1861256.000 1.000 1320.000 470.000 384.000 11045.129 363195.632 465513.796 9177.067 252416966.169 1349533355719.998
5829.000 5117.000 1861476.000 0.000 1400.000 480.000 473.000 12321.333 350870.060 79927.367 160531.235 213493934.515 1020786929302.135
5754.000 5096.000 1861486.000 1.000 1400.000 480.000 491.000 11306.597 267643.632 68494.367 395702.812 244177115.054 600886094529.068
5686.000 5118.000 1861496.000 1.000 1400.000 480.000 499.000 13807.879 201909.003 80493.796 575639.651 172262623.013 354300646663.623
5599.000 5111.000 1861506.000 1.000 1400.000 480.000 509.000 10169.196 131292.346 76570.796 382432.047 281017233.484 621636363866.837
5535.000 5105.000 1861516.000 1.000 1400.000 480.000 512.000 7751.800 89008.460 73286.224 589649.843 367909404.448 337818314400.887
5486.000 5105.000 1861526.000 1.000 1400.000 480.000 517.000 11479.043 62171.860 73286.224 690.068 238817512.468 1369323979471.368
5414.000 5114.000 1861536.000 1.000 1400.000 480.000 519.000 11474.681 31450.489 78240.082 87434.134 238952349.762 1173835966516.755
5344.000 5133.000 1861546.000 1.000 1400.000 480.000 522.000 12027.362 11522.489 89230.224 681512.153 222171027.804 239472317772.524
5276.000 5167.000 1861556.000 1.000 1390.000 470.000 515.000 7719.447 1547.860 110698.796 286121.627 369151574.662 782781880855.044
5241.000 5201.000 1861566.000 1.000 1380.000 480.000 515.000 5910.840 18.860 134479.367 427683.733 441921315.490 552327673208.038
5251.000 5237.000 1861576.000 1.000 1380.000 480.000 515.000 8614.277 205.718 162178.796 974958.440 335566989.347 38381825901.663
5290.000 5275.000 1861586.000 1.000 1380.000 480.000 526.000 14777.099 2845.460 194229.082 1633085.153 147760207.105 213641699724.410
5377.000 5309.000 1861596.000 1.000 1380.000 480.000 532.000 25100.014 19696.118 225353.653 1287162.027 3358974.901 13523546726.863
5530.000 5351.000 1861606.000 1.000 1380.000 480.000 540.000 33236.310 86050.032 266993.653 1488145.319 39734684.130 100662840075.198
5727.000 5424.000 1861616.000 1.000 1390.000 480.000 536.000 42643.044 240436.118 347762.939 1010296.207 246812877.629 25784341794.904
5980.000 5517.000 1861626.000 1.000 1390.000 480.000 536.000 49029.240 552558.603 466098.796 641733.079 488254223.419 279987195311.202
6273.000 5618.000 1861636.000 1.000 1390.000 480.000 540.000 53085.707 1074006.518 614208.082 972108.151 683976394.185 39506766256.797
6593.000 5719.000 1861646.000 1.000 1410.000 490.000 537.000 46940.902 1839665.946 782719.367 3461780.176 400325560.693 5248263744884.654
6872.000 5820.000 1861656.000 1.000 1420.000 490.000 517.000 25058.600 2674346.260 971632.653 2253424.846 3512493.091 1171922306007.650
7025.000 5861.000 1861666.000 1.000 1420.000 490.000 452.000 10814.448 3198170.175 1054142.224 720766.003 259800131.246 202594725978.058
7093.000 5854.000 1861676.000 1.000 1430.000 500.000 376.000 6258.405 3446008.803 1039817.224 468028.056 427429146.445 493988543798.718
7082.000 5816.000 1861686.000 1.000 1450.000 500.000 163.000 9216.863 3405290.260 963762.939 64965.929 313853170.851 1223026560837.136
6372.000 6096.000 1861817.000 0.000 1440.000 480.000 466.000 14596.469 1289003.403 1591922.939 1532106.884 152184190.070 130491189209.408
6365.000 6188.000 1861827.000 1.000 1440.000 470.000 464.000 4911.849 1273157.603 1832542.367 1364932.198 484920725.540 37659654728.651
6335.000 6180.000 1861837.000 1.000 1440.000 470.000 474.000 13539.739 1206357.032 1810946.939 1299873.081 179373135.743 16641474521.897
6325.000 6095.000 1861847.000 1.000 1440.000 470.000 464.000 21756.383 1184490.175 1589400.510 2123705.434 26794926.863 907892997861.724
6337.000 5958.000 1861857.000 1.000 1450.000 460.000 470.000 35180.564 1210754.403 1262733.796 1233373.711 68026194.314 3906558658.478
6324.000 5736.000 1861867.000 1.000 1460.000 470.000 496.000 42976.858 1182314.489 813088.653 764506.721 257412931.806 165132123749.533
6294.000 5466.000 1861877.000 1.000 1450.000 470.000 543.000 47809.391 1117973.918 399062.939 612345.056 435833528.255 311951500203.019
6267.000 5165.000 1861887.000 1.000 1450.000 470.000 564.000 51680.093 1061606.403 109371.939 1165214.506 612430261.052 31998659.696
6246.000 4839.000 1861897.000 1.000 1450.000 480.000 583.000 44314.641 1018773.003 22.224 668849.350 302129625.861 252025979827.326
6271.000 4560.000 1861907.000 1.000 1440.000 490.000 605.000 40086.769 1069865.146 75232.653 1159154.023 173027830.753 137293215.961
6323.000 4312.000 1861917.000 1.000 1430.000 500.000 611.000 32759.626 1180140.803 272782.367 664064.275 33952313.331 256853301577.710
6403.000 4121.000 1861927.000 1.000 1420.000 500.000 619.000 28562.001 1360355.660 508776.510 254350.796 2654411.123 840009727534.516
6543.000 4007.000 1861937.000 1.000 1420.000 520.000 620.000 30169.781 1706531.660 684401.653 1568719.268 10478274.927 158283051966.392
6723.000 3944.000 1861947.000 1.000 1410.000 520.000 617.000 40085.832 2209215.089 792608.653 1192618.385 173003181.027 472938238.190
6976.000 3958.000 1861957.000 1.000 1410.000 520.000 617.000 47624.507 3025313.575 767876.653 1098749.782 428148201.971 5201504960.936
7257.000 4066.000 1861967.000 1.000 1410.000 530.000 619.000 54569.828 4081785.260 590262.939 592061.285 763807271.270 335020966068.768
7556.000 4238.000 1861977.000 1.000 1420.000 540.000 617.000 58312.314 5379351.289 355556.653 2847430.884 984676118.156 2810852233917.659
7825.000 4490.000 1861987.000 1.000 1420.000 540.000 611.000 40313.383 6699518.746 118532.653 1651071.702 179040947.747 230592481994.585
7975.000 4696.000 1861997.000 1.000 1440.000 540.000 610.000 29876.773 7498521.603 19122.939 840749.470 8667185.235 108980384203.795
8046.000 4871.000 1862007.000 1.000 1450.000 550.000 634.000 24562.301 7892407.289 1347.939 1390425.970 5619097.860 48204278683.340
8037.000 5026.000 1862017.000 1.000 1450.000 550.000 670.000 15773.262 7841920.118 36754.367 329534.713 124534499.130 707847154661.183
7967.000 5097.000 1862027.000 1.000 1460.000 540.000 669.000 17856.288 7454772.118 69018.796 1791626.549 82382428.162 385337151440.614
7855.000 5111.000 1862037.000 1.000 1460.000 540.000 681.000 29181.361 6855719.318 76570.796 1223924.899 5056185.599 2814690544.316
7682.000 5047.000 1862047.000 1.000 1470.000 550.000 690.000 36917.928 5979701.689 45247.367 1229325.056 99703487.364 3416848396.755
7515.000 4884.000 1862057.000 1.000 1470.000 550.000 728.000 44688.630 5190846.175 2471.510 1580953.191 315270754.750 168167205075.293
7351.000 4654.000 1862067.000 1.000 1480.000 540.000 785.000 34695.247 4470445.718 32502.939 979437.715 60256132.419 36646795175.794
7268.000 4451.000 1862077.000 1.000 1480.000 540.000 817.000 28504.111 4126353.803 146907.939 66045.969 2469129.389 1220638883375.506
7276.000 4271.000 1862087.000 1.000 1480.000 540.000 822.000 28086.627 4158919.289 317290.796 1314538.379 1331398.350 20640246316.717
7344.000 4107.000 1862097.000 1.000 1500.000 540.000 840.000 36395.972 4440893.918 528944.510 4269838.724 89552293.574 9603599455851.059
7569.000 4059.000 1862107.000 1.000 1490.000 550.000 840.000 63386.103 5439823.203 601067.939 3163098.576 1328845877.728 3968969751209.534
7965.000 4120.000 1862117.000 1.000 1500.000 550.000 797.000 83380.405 7443854.746 510204.082 13190780.071 3186336102.427 144478208262738.000
8475.000 4253.000 1862127.000 1.000 1520.000 560.000 603.000 0.000 10486864.460 337893.082 0.000 725373811.051 1370939464829.670
