3360.000 4468.000 1847646.000 0.000 1080.000 460.000 200.000 31355.318 5771898.030 646444.973 3647200.788 13726334.544 4760889363073.863
3279.000 4314.000 1847656.000 1.000 1080.000 460.000 253.000 11115.580 6167660.381 917798.523 646566.610 273400642.157 670249951524.341
3220.000 4296.000 1847666.000 1.000 1090.000 450.000 267.000 7527.530 6464191.723 952611.171 257676.990 404930346.992 1458243575839.459
3179.000 4304.000 1847676.000 1.000 1100.000 460.000 275.000 6097.580 6674355.877 937058.883 2126427.034 464524531.881 437149046796.398
3168.000 4336.000 1847686.000 1.000 1110.000 460.000 282.000 17897.952 6731313.381 876129.730 1450988.240 95110460.061 203527747.792
3160.000 4435.000 1847696.000 1.000 1110.000 460.000 294.000 25950.051 6772889.021 700599.162 2285854.660 2891224.742 673384532089.443
3177.000 4578.000 1847706.000 1.000 1130.000 470.000 320.000 38635.149 6684693.787 481661.009 1633289.552 120664464.970 28235760168.348
3209.000 4790.000 1847716.000 1.000 1130.000 480.000 339.000 47698.909 6520247.228 232341.370 1170970.234 401942264.831 86603261671.269
3280.000 5045.000 1847726.000 1.000 1150.000 470.000 345.000 54197.079 6162694.426 51537.181 2556386.937 704725572.336 1190569874734.434
3379.000 5329.000 1847736.000 1.000 1160.000 470.000 341.000 68383.466 5680964.886 3246.946 1560533.802 1659181754.954 9078134881.419
3496.000 5690.000 1847746.000 1.000 1170.000 470.000 372.000 59723.456 5136920.156 174708.937 1141396.711 1028680204.014 104883903213.693
3649.000 5984.000 1847756.000 1.000 1190.000 470.000 400.000 53389.401 4466787.048 506918.343 2294384.066 662495596.945 687455745772.072
3808.000 6234.000 1847766.000 1.000 1210.000 470.000 417.000 40656.970 3819982.210 925409.334 1868571.106 169170572.333 162664240194.264
3971.000 6390.000 1847776.000 1.000 1220.000 460.000 423.000 30287.541 3209391.552 1249883.712 519395.145 6954453.687 894650023758.228
4134.000 6431.000 1847786.000 1.000 1240.000 460.000 427.000 27405.215 2651938.895 1343239.235 90180.009 60121.167 1890830007453.523
4282.000 6396.000 1847796.000 1.000 1260.000 460.000 418.000 26904.771 2191813.561 1263335.496 0.000 555979.278 2146970911370.663
4398.000 6302.000 1847806.000 1.000 1280.000 450.000 362.000 26904.771 1861798.787 1060862.883 450225.916 555979.278 1030283138282.812
4492.000 6186.000 1847816.000 1.000 1290.000 450.000 334.000 24406.292 1614113.021 835363.063 132388.615 10524309.255 1776531614396.332
4530.000 6056.000 1847826.000 1.000 1310.000 450.000 334.000 25140.968 1519000.732 614627.748 895927.010 6297305.075 324133853659.857
4482.000 5925.000 1847836.000 1.000 1310.000 450.000 339.000 30112.816 1639622.570 426385.469 1751754.293 6063437.497 82082099791.474
4377.000 5795.000 1847846.000 1.000 1320.000 460.000 351.000 39833.983 1919547.841 273510.153 531205.273 148439422.289 872448061473.990
4194.000 5671.000 1847856.000 1.000 1310.000 460.000 394.000 42781.848 2460121.597 159186.622 369203.671 228960380.232 1201327540633.159
3996.000 5540.000 1847866.000 1.000 1300.000 470.000 413.000 44830.703 3120442.678 71814.343 1764789.060 295162427.014 89720919599.243
3789.000 5402.000 1847876.000 1.000 1300.000 470.000 417.000 35037.201 3894613.354 16895.316 2591297.264 54564663.842 1267972182167.435
3626.000 5296.000 1847886.000 1.000 1280.000 470.000 431.000 20657.083 4564536.012 575.135 1538073.314 48906639.036 5302571641.307
3521.000 5250.000 1847896.000 1.000 1260.000 470.000 436.000 12121.715 5024221.282 484.793 1632308.363 241140405.056 27906974719.141
3454.000 5244.000 1847906.000 1.000 1260.000 470.000 417.000 3063.400 5329068.264 785.009 2045129.624 604521118.774 336255095480.584
3454.000 5261.000 1847916.000 1.000 1250.000 470.000 344.000 14412.621 5329068.264 121.397 664475.427 175239088.854 641247212071.295
3513.000 5315.000 1847926.000 1.000 1240.000 470.000 181.000 10725.188 5060148.922 1847.451 46115.804 286463179.699 2013954794998.960
4720.000 4540.000 1848167.000 0.000 1200.000 510.000 456.000 16892.729 1086759.291 535850.379 1344010.347 115727725.890 14700158008.500
4738.000 4448.000 1848177.000 1.000 1200.000 510.000 456.000 9434.292 1049554.102 679005.694 628482.098 331826997.987 700188145035.048
4713.000 4494.000 1848187.000 1.000 1200.000 510.000 453.000 5946.600 1101402.976 605312.036 1484655.006 471055419.745 376377493.410
4746.000 4494.000 1848197.000 1.000 1200.000 510.000 455.000 14185.529 1033226.462 605312.036 686422.345 181303052.126 606579611558.012
4817.000 4528.000 1848207.000 1.000 1200.000 510.000 447.000 17994.754 893927.660 553562.811 271834.223 93231715.581 1424252089175.038
4901.000 4582.000 1848217.000 1.000 1210.000 510.000 442.000 19503.268 742143.444 476124.865 347363.791 66375941.998 1249679760558.778
4986.000 4649.000 1848227.000 1.000 1210.000 510.000 443.000 21430.925 602917.273 388151.451 294187.853 38682008.345 1371397220870.760
5074.000 4729.000 1848237.000 1.000 1210.000 510.000 440.000 23063.488 474001.237 294868.568 58254.335 21039864.261 1979649619485.669
5165.000 4819.000 1848247.000 1.000 1220.000 510.000 413.000 22740.212 356979.336 205225.325 303556.451 24110055.989 1349542485172.098
5235.000 4924.000 1848257.000 1.000 1230.000 510.000 392.000 21055.659 278232.489 121116.541 763177.454 43490756.318 492912255950.964
5292.000 5026.000 1848267.000 1.000 1240.000 520.000 392.000 16820.490 221349.057 60524.865 920369.698 117287192.769 296899507544.994
5300.000 5119.000 1848277.000 1.000 1240.000 520.000 402.000 11713.000 213885.417 23414.514 97416.120 254001075.126 1870981984657.580
5267.000 5175.000 1848287.000 1.000 1240.000 520.000 425.000 12253.600 245497.931 9412.496 594672.974 237061794.518 757912289427.438
5207.000 5207.000 1848297.000 1.000 1260.000 510.000 440.000 15553.672 308555.228 4227.343 772840.859 146331098.793 479436726607.995
5122.000 5192.000 1848307.000 1.000 1260.000 510.000 439.000 19842.467 410211.399 6402.883 776125.364 60963992.321 474899042086.982
5037.000 5122.000 1848317.000 1.000 1260.000 510.000 452.000 24149.489 526317.570 22505.406 1003392.703 12256456.112 213316370466.019
4955.000 5016.000 1848327.000 1.000 1260.000 510.000 473.000 29717.706 652019.877 65545.226 1001212.464 4273707.872 215335062353.430
4896.000 4862.000 1848337.000 1.000 1260.000 510.000 488.000 24161.588 750783.219 168114.775 825356.185 12171887.183 409469924113.132
4853.000 4735.000 1848347.000 1.000 1260.000 510.000 489.000 19581.365 827149.282 288388.352 946677.456 65109506.258 268922207756.755
4865.000 4627.000 1848357.000 1.000 1260.000 510.000 491.000 14327.883 805465.823 416048.244 21530.656 177489757.112 2084338696959.970
4916.000 4566.000 1848367.000 1.000 1250.000 510.000 496.000 14208.401 716524.120 498461.442 1145017.470 180687637.684 102551790701.618
4992.000 4545.000 1848377.000 1.000 1230.000 510.000 499.000 20562.549 593635.543 528555.199 895356.496 50237790.285 324783797816.262
5106.000 4550.000 1848387.000 1.000 1230.000 510.000 442.000 25531.231 430962.678 521310.018 3105178.289 4490924.636 2689349852863.733
5241.000 4593.000 1848397.000 1.000 1230.000 510.000 309.000 8299.387 271938.760 461065.469 18025.817 374462136.822 2094471020510.291
6338.000 5514.000 1848708.000 0.000 1170.000 530.000 444.000 5188.383 331226.174 58555.280 2451188.160 504542709.967 972065073184.064
6328.000 5541.000 1848718.000 1.000 1180.000 530.000 465.000 18790.981 319815.723 72351.307 70486.672 78489503.117 1945377447850.396
6233.000 5584.000 1848728.000 1.000 1200.000 510.000 472.000 18399.823 221391.444 97332.757 592445.883 85573381.679 761794978170.024
6134.000 5609.000 1848738.000 1.000 1210.000 510.000 480.000 15112.110 138028.985 113556.856 167538.968 157208996.485 1684065745116.870
6051.000 5621.000 1848748.000 1.000 1220.000 500.000 485.000 16041.849 83245.246 121788.424 94214.687 134758715.891 1879750320040.711
5965.000 5644.000 1848758.000 1.000 1230.000 490.000 488.000 16564.683 41015.372 138370.595 478080.691 122893369.285 974512238049.280
5876.000 5667.000 1848768.000 1.000 1240.000 490.000 491.000 13911.627 12887.363 156010.766 1263997.583 188754190.750 40504368836.629
5802.000 5689.000 1848778.000 1.000 1240.000 490.000 498.000 6897.212 1562.030 173873.973 885685.162 430695276.212 335900681469.471
5770.000 5710.000 1848788.000 1.000 1240.000 490.000 498.000 1982.200 56.588 191828.217 1174510.623 658857065.190 84532034078.639
5770.000 5721.000 1848798.000 1.000 1250.000 480.000 498.000 8500.017 56.588 201584.820 2491293.111 366737597.256 1052755118102.771
5814.000 5738.000 1848808.000 1.000 1250.000 480.000 501.000 22325.173 2654.570 217139.208 1541199.423 28358161.676 5767622953.643
5924.000 5795.000 1848818.000 1.000 1260.000 480.000 519.000 30877.889 26089.525 273510.153 3747979.259 10416613.077 5210832073593.805
6075.000 5876.000 1848828.000 1.000 1260.000 480.000 546.000 51676.886 97670.327 364794.235 1569447.575 577271492.267 10856185386.683
6323.000 6020.000 1848838.000 1.000 1280.000 480.000 545.000 60386.362 314185.498 559477.045 1088233.927 1071642476.078 142144554046.205
6627.000 6161.000 1848848.000 1.000 1280.000 480.000 559.000 66425.396 747399.192 790288.964 2851281.895 1503499447.777 1921071786827.901
6968.000 6301.000 1848858.000 1.000 1300.000 480.000 559.000 50602.522 1453284.552 1058803.919 2090046.637 526799391.085 390365145549.775
7234.000 6391.000 1848868.000 1.000 1320.000 480.000 553.000 39004.039 2165378.534 1252120.676 1125221.779 128904864.671 115622288852.293
7449.000 6416.000 1848878.000 1.000 1330.000 470.000 512.000 32759.745 2844358.219 1308694.775 3215962.726 26105292.082 3064979099501.459
7630.000 6399.000 1848888.000 1.000 1340.000 480.000 396.000 14913.115 3487640.372 1270088.388 1463272.294 162238713.982 3929359.244
7690.000 6342.000 1848898.000 1.000 1350.000 490.000 228.000 6792.847 3715343.075 1144861.442 5929.491 435037983.530 2129629642839.310
7060.000 6594.000 1849078.000 0.000 1350.000 460.000 151.000 6200.556 1683564.696 1747636.361 1638769.074 460096287.251 30107288253.779
7040.000 6622.000 1849088.000 1.000 1360.000 470.000 213.000 15294.724 1632063.796 1822451.352 1864457.500 152663005.694 159362991181.588
6970.000 6670.000 1849098.000 1.000 1350.000 470.000 249.000 4948.123 1458110.642 1954353.622 1511279.195 515393888.616 2118267473.861
6947.000 6655.000 1849108.000 1.000 1350.000 470.000 340.000 13334.800 1403093.606 1912639.162 1133541.072 204936723.462 110033834899.620
6923.000 6585.000 1849118.000 1.000 1350.000 470.000 417.000 19625.261 1346812.525 1723921.685 3195977.285 64403035.414 2995401167639.708
6898.000 6479.000 1849128.000 1.000 1350.000 470.000 456.000 37360.984 1289411.399 1456805.505 2397219.341 94295224.489 868558362075.352
6867.000 6274.000 1849138.000 1.000 1350.000 470.000 483.000 50664.088 1219970.003 1003967.892 1612099.834 529629320.767 21563535922.254
6825.000 5996.000 1849148.000 1.000 1350.000 470.000 492.000 59610.258 1128954.111 524149.910 218206.523 1021431808.746 1555128794474.581
6775.000 5669.000 1849158.000 1.000 1350.000 470.000 504.000 60821.171 1025201.859 157594.694 28080.566 1100299307.024 2065469075072.491
6743.000 5333.000 1849168.000 1.000 1350.000 470.000 507.000 60665.341 961424.417 3718.802 2995685.345 1089985591.008 2342218402538.821
6722.000 4997.000 1849178.000 1.000 1340.000 480.000 514.000 44041.116 920683.471 75634.910 1993737.125 268655204.490 279293826641.450
6708.000 4753.000 1849188.000 1.000 1330.000 480.000 517.000 32977.092 894012.841 269379.703 1849320.160 28373528.556 147506388833.295
6735.000 4572.000 1849198.000 1.000 1300.000 500.000 520.000 22714.494 945800.057 490025.226 384793.674 24363278.410 1167395715682.779
6800.000 4464.000 1849208.000 1.000 1290.000 500.000 515.000 20579.124 1076452.985 652893.117 411497.872 50003102.385 1110403147270.948
6891.000 4395.000 1849218.000 1.000 1280.000 500.000 516.000 22862.686 1273563.084 769160.604 1185125.304 22922312.401 78472397346.579
7010.000 4351.000 1849228.000 1.000 1260.000 510.000 524.000 29439.408 1556312.444 848274.190 1074514.400 3200509.621 152677868842.070
7173.000 4362.000 1849238.000 1.000 1240.000 520.000 529.000 35402.307 1989573.787 828132.793 210662.630 60091888.801 1574000898636.889
7364.000 4408.000 1849248.000 1.000 1230.000 520.000 515.000 34233.258 2564874.390 746527.135 151881.029 43333872.253 1724950019176.302
7541.000 4477.000 1849258.000 1.000 1230.000 520.000 496.000 35076.105 3163142.363 632053.649 736783.199 55140928.706 530670516722.488
7708.000 4577.000 1849268.000 1.000 1240.000 530.000 465.000 39164.802 3785057.886 483050.045 212748.625 132581195.952 1568771105046.247
7869.000 4723.000 1849278.000 1.000 1240.000 530.000 445.000 37984.177 4437437.138 301420.784 82295.358 106786716.019 1912576140965.575
7985.000 4899.000 1849288.000 1.000 1240.000 530.000 447.000 37527.488 4939606.363 139142.442 2260652.608 97556646.505 632658062486.887
8068.000 5090.000 1849298.000 1.000 1250.000 540.000 456.000 24982.246 5315434.102 33130.559 1919916.213 7119105.429 206717223124.236
8130.000 5214.000 1849308.000 1.000 1250.000 540.000 472.000 14327.883 5605162.895 3366.090 1111650.376 177489757.112 125035915508.204
8139.000 5293.000 1849318.000 1.000 1250.000 540.000 496.000 8158.902 5647859.300 440.244 593720.978 379918930.121 759570776089.667
8106.000 5324.000 1849328.000 1.000 1250.000 540.000 493.000 11453.691 5492097.814 2702.126 1440919.925 262333744.595 592174224.252
8044.000 5310.000 1849338.000 1.000 1270.000 530.000 493.000 19449.917 5205345.021 1442.631 1988660.891 67248104.799 273954192414.053
7945.000 5267.000 1849348.000 1.000 1270.000 530.000 493.000 30485.771 4763404.561 25.181 1027606.538 8039265.308 191535786910.201
7820.000 5153.000 1849358.000 1.000 1270.000 530.000 514.000 36188.360 4233398.931 14165.289 445399.079 72896570.050 1040105192221.198
7677.000 5012.000 1849368.000 1.000 1280.000 530.000 559.000 33716.667 3665396.489 67609.370 1970116.509 36799459.671 254885592451.153
7580.000 4852.000 1849378.000 1.000 1280.000 530.000 620.000 22783.723 3303388.120 176415.135 323226.542 23684653.843 1304227982805.961
7561.000 4727.000 1849388.000 1.000 1280.000 530.000 670.000 20990.013 3234683.264 297044.640 1377487.543 44360903.919 7703048420.710
7593.000 4615.000 1849398.000 1.000 1280.000 530.000 699.000 28634.228 3350812.705 431672.676 2239890.865 967895.535 600061412547.099
7714.000 4512.000 1849408.000 1.000 1280.000 540.000 707.000 41064.255 3808440.156 577627.388 1564504.149 179931206.023 9850481880.552
7927.000 4431.000 1849418.000 1.000 1280.000 540.000 721.000 49746.298 4685157.751 707311.307 5612299.808 488228214.354 17197984329234.287
8200.000 4472.000 1849428.000 1.000 1280.000 540.000 714.000 80891.136 5941516.048 640028.829 7483048.630 2834574779.340 36213845527370.258
8632.000 4594.000 1849438.000 1.000 1270.000 550.000 659.000 122417.488 8234159.507 459708.433 22059631.338 8980798848.974 424128355074232.500
9223.000 4929.000 1849448.000 1.000 1290.000 560.000 66.000 0.000 11975216.129 117661.361 0.000 764545238.433 2146970911370.663
