5099.000 5914.000 384112.000 2.000 1050.000 650.000 0.000 2057.714 460934.728 270074.533 2847.961 2807383507.723 45913778390012.344
4245.000 4697.000 387997.000 0.000 1130.000 460.000 251.000 0.000 2349849.058 486245.481 9310423.905 3029672609.620 6409025312171.592
4245.000 4697.000 388007.000 1.000 1130.000 470.000 307.000 17315.276 2349849.058 486245.481 4195346.178 1423340554.293 6674329865582.495
4219.000 4678.000 388017.000 1.000 1130.000 470.000 410.000 9512.884 2430236.989 513104.376 2627962.508 2072942461.773 17229606473789.180
4206.000 4666.000 388027.000 1.000 1130.000 470.000 493.000 4625.470 2470937.954 530439.889 0.000 2541873070.053 45952381901249.883
4201.000 4659.000 388037.000 1.000 1130.000 470.000 575.000 4625.470 2486682.171 540685.272 2487115.219 2541873070.053 18418718093798.516
4196.000 4652.000 388047.000 1.000 1130.000 480.000 664.000 0.000 2502476.389 551028.655 4785809.066 3029672609.620 3972087087742.383
4196.000 4652.000 388057.000 1.000 1130.000 480.000 717.000 8900.519 2502476.389 551028.655 3314748.436 2129078892.581 11999782249075.939
4181.000 4659.000 388067.000 1.000 1130.000 480.000 734.000 15065.199 2550159.041 540685.272 11253300.155 1598181547.238 20020984994916.520
4165.000 4682.000 388077.000 1.000 1130.000 480.000 753.000 35993.784 2601516.537 507389.872 7470615.605 362852128.910 478583066578.221
4149.000 4747.000 388087.000 1.000 1150.000 470.000 779.000 49887.434 2653386.032 419014.176 13363386.048 26574312.426 43356528196014.375
4137.000 4839.000 388097.000 1.000 1150.000 470.000 794.000 74740.300 2692624.154 308372.576 14859194.321 388004826.670 65292471447388.867
4137.000 4978.000 388107.000 1.000 1150.000 470.000 784.000 102375.030 2692624.154 173316.550 10560549.520 2240372004.999 14301488589754.834
4160.000 5167.000 388117.000 1.000 1160.000 470.000 790.000 122015.256 2617670.754 51671.220 2867617.011 4485355152.473 15297498036855.416
4207.000 5389.000 388127.000 1.000 1160.000 470.000 806.000 116682.139 2467795.110 28.228 4299379.837 3799449795.672 6147616685371.326
4298.000 5586.000 388137.000 1.000 1180.000 480.000 808.000 124678.010 2190168.354 36743.889 3582614.983 4849109562.215 10215717697843.443
4425.000 5780.000 388147.000 1.000 1190.000 470.000 815.000 131340.861 1830397.232 148754.428 4746122.505 5821445708.540 4131853501450.872
4576.000 5972.000 388157.000 1.000 1200.000 470.000 821.000 140167.572 1444615.867 333722.220 19220481.172 7246284373.238 154794967024084.562
4771.000 6145.000 388167.000 1.000 1220.000 470.000 821.000 104421.838 1013891.389 563530.907 12596703.815 2438322786.172 33847788126416.051
4926.000 6262.000 388177.000 1.000 1240.000 470.000 823.000 80994.827 725770.650 752880.655 6882632.590 673525255.412 10777340085.510
5053.000 6343.000 388187.000 1.000 1260.000 470.000 826.000 68194.692 525511.528 900006.941 9780005.918 172981157.175 9007125189534.209
5174.000 6381.000 388197.000 1.000 1270.000 460.000 827.000 50006.100 364721.467 973551.150 3220916.560 25364940.969 12658667078204.959
5267.000 6381.000 388207.000 1.000 1300.000 470.000 824.000 44015.926 261041.024 973551.150 523208.447 121584493.475 39132658653512.789
5341.000 6346.000 388217.000 1.000 1300.000 470.000 827.000 43042.877 190900.606 905708.063 9040642.071 143990037.251 5115845317357.143
5359.000 6268.000 388227.000 1.000 1320.000 470.000 827.000 59856.420 175495.424 763328.898 9236305.724 23174192.798 6039242859659.053
5325.000 6162.000 388237.000 1.000 1320.000 470.000 830.000 77033.853 205138.102 589343.263 11184672.966 483621283.469 19411552506213.828
5255.000 6037.000 388247.000 1.000 1320.000 470.000 832.000 97834.807 273447.145 413046.524 2906338.939 1831184801.018 14996098890264.041
5140.000 5896.000 388257.000 1.000 1320.000 470.000 818.000 92429.676 406944.145 251689.802 1436095.075 1397803779.785 28544694892792.367
5022.000 5771.000 388267.000 1.000 1310.000 470.000 822.000 89758.865 571417.676 141893.063 11897215.799 1205228645.711 26197989668108.770
4901.000 5656.000 388277.000 1.000 1310.000 470.000 827.000 67632.743 768991.737 68480.063 11359223.291 158515178.724 20980106937691.809
4791.000 5595.000 388287.000 1.000 1300.000 480.000 839.000 46507.165 974014.519 40275.255 4591581.610 72851292.800 4784005743847.791
4706.000 5579.000 388297.000 1.000 1280.000 470.000 849.000 37967.865 1149016.215 34109.272 8145536.645 291541858.555 1867918156151.944
4637.000 5594.000 388307.000 1.000 1270.000 480.000 843.000 22819.015 1301702.415 39874.881 256209.748 1038350528.716 42544426514789.188
4613.000 5629.000 388317.000 1.000 1250.000 470.000 831.000 23295.507 1357042.658 55077.968 5098551.517 1007869144.042 2823297541982.638
4627.000 5670.000 388327.000 1.000 1250.000 470.000 793.000 32777.656 1324620.850 76003.298 4897242.014 495721580.797 3540330529351.266
4667.000 5716.000 388337.000 1.000 1230.000 470.000 673.000 41885.415 1234147.110 103482.498 2582896.795 173107882.557 17605759972895.020
4735.000 5754.000 388347.000 1.000 1230.000 470.000 489.000 37081.813 1087685.754 129374.707 1531224.421 322584908.128 27537244891615.363
4801.000 5774.000 388357.000 1.000 1230.000 470.000 188.000 34234.083 954376.084 144162.185 2107482.888 432988631.541 21821377533733.477
5351.000 4909.000 388518.000 0.000 1230.000 480.000 221.000 97337.067 182262.171 235528.750 28382911.217 1788833622.404 466736816881137.438
5224.000 4780.000 388528.000 1.000 1230.000 480.000 307.000 44551.292 306829.293 377380.515 8077231.539 110064645.415 1685876104703.459
5152.000 4739.000 388538.000 1.000 1230.000 480.000 446.000 29529.474 391778.024 429435.185 8109292.439 650912550.476 1770160579434.820
5106.000 4709.000 388548.000 1.000 1220.000 480.000 564.000 14448.030 451478.824 469653.968 5455735.411 1647907899.519 1750549181527.309
5087.000 4690.000 388558.000 1.000 1220.000 480.000 640.000 4301.600 477372.850 496056.863 11880499.782 2574635064.149 26027150664864.621
5087.000 4698.000 388568.000 1.000 1220.000 480.000 702.000 26396.634 477372.850 484851.855 16475199.514 820583454.831 94019802415221.594
5128.000 4725.000 388578.000 1.000 1220.000 480.000 737.000 57036.767 422398.267 447979.950 11045030.125 3977252.919 18200560593819.980
5204.000 4799.000 388588.000 1.000 1220.000 480.000 763.000 77578.017 329386.163 354397.620 4708052.269 507851244.645 4288073286051.921
5304.000 4903.000 388598.000 1.000 1220.000 480.000 760.000 86333.926 224601.815 241388.507 184205.266 979155726.882 43488925306646.555
5406.000 5027.000 388608.000 1.000 1220.000 480.000 768.000 86676.506 138325.780 134918.872 5897310.244 1000712747.496 777057019349.721
5509.000 5151.000 388618.000 1.000 1230.000 490.000 770.000 75708.847 72318.902 59201.237 3740671.360 427099474.000 9230338781688.111
5593.000 5264.000 388628.000 1.000 1230.000 490.000 774.000 68752.047 34196.050 16981.489 21875401.269 187952724.210 227906807637130.344
5663.000 5371.000 388638.000 1.000 1230.000 490.000 785.000 28068.764 13207.006 543.498 2390965.856 727580377.228 19253251890446.844
5678.000 5421.000 388648.000 1.000 1240.000 490.000 802.000 23622.110 9984.354 712.194 6867012.405 987238512.154 7778143473.353
5645.000 5450.000 388658.000 1.000 1250.000 500.000 808.000 36393.195 17668.189 3101.037 8235168.009 347795155.097 2120953538889.544
5579.000 5465.000 388668.000 1.000 1250.000 500.000 832.000 51708.739 39569.858 4996.646 6280655.932 11113708.229 248166065066.919
5487.000 5437.000 388678.000 1.000 1250.000 500.000 834.000 63389.334 84635.458 1822.176 5806959.438 69670274.217 944510272274.400
5390.000 5370.000 388688.000 1.000 1260.000 490.000 861.000 74188.961 150483.276 591.124 8462177.959 366588428.619 2833698659631.499
5289.000 5276.000 388698.000 1.000 1260.000 490.000 860.000 58451.230 239044.467 13997.976 9129370.637 11619700.108 5525094778245.637
5220.000 5192.000 388708.000 1.000 1250.000 480.000 863.000 41472.672 311276.667 40930.568 1884534.724 184139197.340 23954014867923.305
5202.000 5117.000 388718.000 1.000 1250.000 480.000 872.000 37967.865 331685.850 76902.524 4948378.897 291541858.555 3350509584502.366
5217.000 5048.000 388728.000 1.000 1250.000 480.000 876.000 47170.727 314633.197 119932.724 4279340.833 61964209.994 6247389214487.588
5281.000 4988.000 388738.000 1.000 1250.000 480.000 885.000 55129.330 246931.215 165090.289 4912699.276 7546.071 3482401411113.837
5377.000 4952.000 388748.000 1.000 1250.000 480.000 879.000 64265.836 160738.241 195640.828 3101128.829 85070630.190 13525402208803.330
5495.000 4933.000 388758.000 1.000 1240.000 490.000 822.000 70033.232 80044.710 212809.724 199200.106 224723188.843 43291379807622.312
5625.000 4941.000 388768.000 1.000 1240.000 490.000 720.000 69662.765 23385.058 205492.715 484040.766 213753263.372 39624228248286.805
5754.000 4953.000 388778.000 1.000 1240.000 490.000 560.000 68762.559 572.250 194757.202 22305287.580 188241065.030 241071238323719.594
5881.000 4968.000 388788.000 1.000 1240.000 490.000 186.000 27279.785 10625.128 181742.811 704550.751 770766227.447 36896730160845.508
6229.000 5593.000 388929.000 0.000 1260.000 480.000 443.000 45755.079 203471.597 39476.507 12570057.554 86255480.727 33538448374965.633
6149.000 5622.000 388939.000 1.000 1260.000 480.000 521.000 22377.624 137699.076 51841.350 2421611.530 1066991633.613 18985253636967.527
6115.000 5646.000 388949.000 1.000 1260.000 480.000 672.000 17873.976 113621.754 63346.324 8165230.445 1381496342.482 1922137744738.446
6083.000 5655.000 388959.000 1.000 1260.000 480.000 749.000 2688.500 93072.745 67957.689 1445606.450 2740937324.350 28443152064705.305
6083.000 5660.000 388969.000 1.000 1270.000 490.000 750.000 0.000 93072.745 70589.559 14456064.500 3029672609.620 58940104281148.328
6083.000 5660.000 388979.000 1.000 1270.000 490.000 802.000 26885.000 93072.745 70589.559 8646517.650 792842659.426 3488299661595.808
6133.000 5660.000 388989.000 1.000 1270.000 490.000 834.000 42965.561 126080.571 70589.559 17063430.947 145851534.823 105773250688777.859
6212.000 5672.000 388999.000 1.000 1270.000 490.000 861.000 74699.671 188423.937 77110.046 2192969.660 386405870.456 21030010696374.652
6350.000 5688.000 389009.000 1.000 1270.000 490.000 857.000 78778.097 327273.537 86252.028 1322259.145 563380374.632 29774041319016.113
6494.000 5715.000 389019.000 1.000 1270.000 490.000 860.000 81237.199 512768.076 102840.124 5561063.313 686164252.877 1482927991030.480
6643.000 5740.000 389029.000 1.000 1280.000 490.000 817.000 70894.883 748360.397 119499.472 13965137.410 251299255.421 51643177732010.328
6773.000 5762.000 389039.000 1.000 1290.000 490.000 739.000 44922.896 990180.745 135193.698 9569452.277 102405613.564 7787636200010.108
6855.000 5778.000 389049.000 1.000 1290.000 490.000 561.000 27125.886 1160097.580 147215.681 973460.145 779335208.767 33702187039004.465
6904.000 5790.000 389059.000 1.000 1300.000 500.000 306.000 28936.301 1268052.250 156568.168 87597.185 681531635.802 44772444310356.992
6772.000 6256.000 389149.000 0.000 1340.000 490.000 286.000 27470.103 988191.589 742504.411 7831763.423 760234974.112 1108692755308.031
6805.000 6295.000 389159.000 1.000 1340.000 490.000 359.000 12904.800 1054889.754 811236.994 6473325.671 1775582548.567 93325942717.530
6805.000 6271.000 389169.000 1.000 1340.000 490.000 470.000 24943.717 1054889.754 768580.020 8821923.455 905934443.247 4174277361257.360
6799.000 6225.000 389179.000 1.000 1350.000 490.000 580.000 41350.493 1042600.815 690040.820 11922555.987 187470011.763 26458034086716.945
6782.000 6150.000 389189.000 1.000 1350.000 490.000 658.000 63523.742 1008173.154 571062.776 7662057.775 71932112.503 780111402528.855
6751.000 6036.000 389199.000 1.000 1350.000 490.000 702.000 77773.431 946881.302 411762.150 12683464.936 516696957.213 34864848101032.840
6711.000 5897.000 389209.000 1.000 1360.000 480.000 743.000 101361.798 870635.041 252694.176 1298919.201 2145480898.759 30029297657223.699
6655.000 5717.000 389219.000 1.000 1350.000 490.000 784.000 103777.493 769266.276 104126.872 1427135.380 2375103258.437 28640513515816.207
6600.000 5532.000 389229.000 1.000 1350.000 490.000 824.000 101123.345 675812.667 18957.698 12162314.267 2123447789.279 28982025366662.340
6580.000 5345.000 389239.000 1.000 1340.000 480.000 860.000 78504.200 643329.537 2431.776 10533460.194 550453155.693 14097333339022.721
6580.000 5199.000 389249.000 1.000 1330.000 480.000 867.000 58914.354 643329.537 38147.185 1602111.563 14991548.602 26798295968038.191
6629.000 5101.000 389259.000 1.000 1320.000 490.000 881.000 61893.918 724334.206 86032.541 4657377.808 46942450.988 4500511124574.764
6724.000 5036.000 389269.000 1.000 1300.000 500.000 894.000 70555.584 895064.076 128388.237 135266.501 240656957.964 44136784775893.586
6851.000 5003.000 389279.000 1.000 1300.000 500.000 896.000 70807.149 1151496.954 153125.898 3348098.741 248525360.046 11769838897473.439
6981.000 5024.000 389289.000 1.000 1290.000 500.000 876.000 77033.853 1447397.302 137131.750 2078922.415 483621283.469 22089024350524.391
7112.000 5082.000 389299.000 1.000 1300.000 510.000 858.000 80900.177 1779764.806 97539.437 5585430.264 668621431.317 1424175771474.090
7243.000 5156.000 389309.000 1.000 1290.000 510.000 832.000 70512.544 2146454.310 56793.107 2413843.915 239323440.853 19053004187132.172
7342.000 5242.000 389319.000 1.000 1290.000 510.000 796.000 66023.342 2446340.806 23199.263 8601592.277 120579728.248 3322503799707.906
7421.000 5336.000 389329.000 1.000 1300.000 520.000 763.000 50026.332 2699706.171 3400.411 9262760.026 25161558.956 6169964901702.237
7461.000 5420.000 389339.000 1.000 1300.000 520.000 757.000 32799.700 2832752.432 659.820 2979346.232 494740455.973 14435990437482.529
7461.000 5481.000 389349.000 1.000 1310.000 520.000 756.000 27258.792 2832752.432 7514.628 513730.947 771932311.904 39251323567373.969
7442.000 5528.000 389359.000 1.000 1330.000 520.000 771.000 26303.369 2769156.458 17872.202 2047470.729 825935459.465 22385652878506.461
7405.000 5560.000 389369.000 1.000 1330.000 520.000 785.000 30111.200 2647383.667 27452.168 4006352.694 621567818.842 7686567318352.839
7349.000 5560.000 389379.000 1.000 1330.000 520.000 817.000 37562.107 2468286.902 27452.168 5769102.132 305562806.670 1019527388878.451
7281.000 5544.000 389389.000 1.000 1330.000 520.000 831.000 48291.328 2259244.258 22406.185 7918965.458 45577808.642 1299934809108.138
7210.000 5489.000 389399.000 1.000 1330.000 520.000 858.000 63018.807 2050848.145 8965.620 2021742.859 63622081.501 22629769808799.844
7140.000 5395.000 389409.000 1.000 1340.000 510.000 888.000 66778.790 1855257.189 0.472 1712327.158 137741397.781 25669335748264.473
7108.000 5275.000 389419.000 1.000 1330.000 510.000 911.000 63594.250 1769108.180 14235.602 188753.133 73133080.079 43428963140827.625
7100.000 5157.000 389429.000 1.000 1330.000 510.000 943.000 63243.212 1747890.928 56317.481 7797903.916 67252302.559 1038534837758.593
7153.000 5052.000 389439.000 1.000 1330.000 510.000 964.000 77745.544 1890840.224 117178.220 2541244.403 515429937.826 17957035256079.855
7262.000 4957.000 389449.000 1.000 1320.000 510.000 979.000 82471.682 2202488.284 191242.698 8564172.659 752362116.487 3187489039729.884
7408.000 4910.000 389459.000 1.000 1330.000 520.000 962.000 98399.100 2657155.137 234559.124 2173531.805 1879798069.219 21208666660907.148
7591.000 4910.000 389469.000 1.000 1330.000 520.000 894.000 102441.376 3287252.780 234559.124 2629386.875 2246657059.920 17217783817671.303
7780.000 4934.000 389479.000 1.000 1330.000 520.000 737.000 107331.439 4008317.363 211888.098 57712114.750 2734137128.438 2594200654528089.000
7974.000 4981.000 389489.000 1.000 1340.000 520.000 70.000 0.000 4822759.728 170827.672 0.000 3029672609.620 45952381901249.883
