2267.000 4547.000 378384.000 0.000 1150.000 460.000 8.000 6175.329 1896661.323 201321.887 218077.476 90820620.827 155431397358.111
2256.000 4509.000 378394.000 1.000 1160.000 460.000 105.000 4778.292 1927080.575 236866.256 404282.297 119399817.502 43281917814.180
2237.000 4485.000 378404.000 1.000 1160.000 460.000 191.000 7368.185 1980192.920 260803.332 44813.812 69507725.848 322069361891.899
2209.000 4447.000 378414.000 1.000 1160.000 460.000 270.000 7655.269 2059779.743 301059.702 42493.230 64803230.184 324708661178.419
2195.000 4400.000 378424.000 1.000 1160.000 460.000 327.000 7383.051 2100161.155 354845.475 104704.231 69260067.316 257679214881.490
2184.000 4354.000 378434.000 1.000 1160.000 460.000 374.000 6712.300 2132164.407 411764.870 378689.390 80874307.152 54585768445.095
2184.000 4311.000 378444.000 1.000 1160.000 460.000 420.000 4286.359 2132164.407 468799.130 230490.860 130392541.352 145797588605.361
2179.000 4284.000 378454.000 1.000 1160.000 460.000 468.000 2809.800 2146791.340 506501.340 316773.730 166294290.427 87350768484.251
2179.000 4266.000 378464.000 1.000 1170.000 460.000 557.000 780.500 2146791.340 532446.147 150597.631 222750083.470 213192499615.322
2174.000 4266.000 378474.000 1.000 1170.000 460.000 594.000 1745.251 2161468.273 532446.147 268606.109 194883368.818 118142926402.175
2169.000 4276.000 378484.000 1.000 1170.000 460.000 616.000 3465.982 2176195.205 517952.366 1278523.625 149801256.446 443820122679.509
2156.000 4294.000 378494.000 1.000 1170.000 460.000 610.000 11656.396 2214719.231 492367.559 1104501.784 16393739.829 242237628197.220
2146.000 4368.000 378504.000 1.000 1170.000 460.000 627.000 18732.000 2244583.096 393993.576 778628.361 9160826.006 27656686741.307
2146.000 4488.000 378514.000 1.000 1180.000 450.000 630.000 23720.010 2244583.096 257748.198 220729.927 64235346.315 153346986443.757
2163.000 4639.000 378524.000 1.000 1180.000 450.000 644.000 25134.039 2193933.525 127227.097 340838.262 88900848.470 73705246666.429
2194.000 4797.000 378534.000 1.000 1180.000 450.000 662.000 27317.500 2103060.542 39477.349 365572.307 134842855.502 60887071242.523
2243.000 4965.000 378544.000 1.000 1190.000 450.000 682.000 29659.411 1963342.600 941.819 2544271.558 194716813.235 3732416095699.344
2317.000 5140.000 378554.000 1.000 1200.000 460.000 697.000 45958.396 1761441.995 20825.643 750907.186 915248949.144 19204921330.612
2408.000 5420.000 378564.000 1.000 1210.000 460.000 700.000 41147.972 1528173.819 180039.761 511550.627 647328828.145 10155547659.761
2542.000 5647.000 378574.000 1.000 1220.000 450.000 700.000 37870.902 1214830.021 424205.920 359665.795 491313275.739 63836857913.425
2689.000 5840.000 378584.000 1.000 1240.000 460.000 694.000 35566.829 912394.197 712860.937 1618658.345 394479764.075 1012706068225.517
2844.000 6007.000 378594.000 1.000 1250.000 450.000 694.000 25197.461 640309.281 1022749.786 1051392.350 90100847.969 192779818010.642
2978.000 6097.000 378604.000 1.000 1280.000 450.000 690.000 18462.084 443813.483 1212885.752 483895.795 7599778.887 16494154247.488
3090.000 6135.000 378614.000 1.000 1290.000 450.000 700.000 15362.175 307130.189 1298029.382 687984.993 117744.616 5724379428.628
3188.000 6126.000 378624.000 1.000 1300.000 450.000 697.000 10954.840 208112.306 1277602.786 29433.748 22567006.578 339762636248.004
3241.000 6080.000 378634.000 1.000 1310.000 440.000 694.000 11143.397 162564.819 1175730.181 857310.410 20811089.935 60017672660.687
3255.000 6010.000 378644.000 1.000 1320.000 440.000 707.000 16635.456 151471.407 1028826.651 335381.630 865163.484 76697831918.226
3244.000 5904.000 378654.000 1.000 1320.000 440.000 710.000 18783.961 160154.659 825028.735 46950.509 9478065.177 319648726903.823
3200.000 5792.000 378664.000 1.000 1320.000 440.000 722.000 18483.189 197307.668 634111.088 51199.863 7716587.555 314861828108.268
3128.000 5698.000 378674.000 1.000 1320.000 440.000 731.000 18811.183 266455.500 493240.634 192460.685 9646420.053 176286348848.187
3037.000 5619.000 378684.000 1.000 1310.000 440.000 739.000 20044.115 368683.676 388516.508 306283.966 18825191.055 93661337418.383
2935.000 5541.000 378694.000 1.000 1310.000 440.000 754.000 18082.014 502955.105 297364.004 132811.129 5648701.212 229933901769.112
2832.000 5488.000 378704.000 1.000 1290.000 440.000 760.000 17231.206 659657.920 242370.046 155601.417 2328345.319 208596763955.160
2728.000 5451.000 378714.000 1.000 1290.000 440.000 776.000 16234.400 839410.121 207308.038 378690.014 279931.622 54585476867.789
2624.000 5451.000 378724.000 1.000 1280.000 440.000 782.000 13808.455 1040794.323 207308.038 104452.286 3598075.405 257935063570.586
2537.000 5467.000 378734.000 1.000 1280.000 440.000 785.000 13139.318 1225876.953 222133.987 1124772.930 6584337.283 262602507684.010
2460.000 5501.000 378744.000 1.000 1280.000 440.000 784.000 5933.854 1402313.718 255339.130 86047.471 95481437.429 276968420881.645
2438.000 5532.000 378754.000 1.000 1280.000 440.000 731.000 5382.621 1454902.222 287629.408 529764.999 106557998.059 6816213903.622
2455.000 5562.000 378764.000 1.000 1280.000 440.000 639.000 8776.375 1414180.651 320708.063 286317.371 48010200.557 106281211636.866
2499.000 5597.000 378774.000 1.000 1290.000 450.000 413.000 10610.567 1311467.642 361574.828 82815.475 25956450.590 280380722771.275
2984.000 4327.000 378974.000 0.000 1190.000 420.000 302.000 0.000 435855.163 447145.080 1878172.878 246656898.925 1602369928168.111
2984.000 4327.000 378984.000 1.000 1190.000 420.000 417.000 12031.857 435855.163 447145.080 1478520.975 13494288.924 750294836151.716
2930.000 4382.000 378994.000 1.000 1200.000 430.000 554.000 2560.230 510072.037 376614.282 82878.173 172793242.646 280314328280.247
2920.000 4369.000 379004.000 1.000 1210.000 440.000 589.000 2029.300 524455.903 392739.198 556715.196 187033368.582 3092490808.354
2933.000 4369.000 379014.000 1.000 1210.000 440.000 644.000 5595.701 505795.878 392739.198 1509644.193 102204282.146 805181080500.907
2964.000 4387.000 379024.000 1.000 1210.000 440.000 700.000 15266.708 462662.894 370502.391 1126844.846 192375.533 264730297141.364
3042.000 4446.000 379034.000 1.000 1210.000 440.000 728.000 22485.445 362636.743 302158.080 626566.824 45970171.591 202819176.948
3152.000 4539.000 379044.000 1.000 1220.000 450.000 727.000 26499.326 242254.222 208564.912 33168.284 116510687.437 335422923557.470
3275.000 4656.000 379054.000 1.000 1220.000 450.000 737.000 26711.807 136303.676 115388.668 582846.492 121142880.390 869003906.778
3396.000 4777.000 379064.000 1.000 1220.000 450.000 749.000 22978.005 61599.903 47824.912 355936.254 52892029.248 65735375834.319
3484.000 4895.000 379074.000 1.000 1240.000 460.000 763.000 20697.824 25661.886 10138.290 1617349.915 24925152.576 1010074347690.473
3550.000 5010.000 379084.000 1.000 1240.000 460.000 767.000 10336.838 8872.373 204.803 334359.956 28820538.352 77264768161.399
3567.000 5074.000 379094.000 1.000 1240.000 460.000 782.000 8194.878 5958.802 6132.601 446900.095 56406654.212 27365519693.229
3533.000 5114.000 379104.000 1.000 1260.000 460.000 784.000 11057.787 12363.945 13997.475 405418.393 21599510.496 42810494735.331
3466.000 5137.000 379114.000 1.000 1260.000 460.000 777.000 13654.958 31752.844 19968.777 553944.265 4203961.174 3408352744.978
3380.000 5121.000 379124.000 1.000 1260.000 460.000 793.000 17203.608 69798.088 15702.828 538824.419 2244883.853 5402388946.776
3291.000 5056.000 379134.000 1.000 1280.000 450.000 796.000 20655.398 124745.491 3637.408 179086.037 24503328.113 187696314641.446
3201.000 4959.000 379144.000 1.000 1280.000 450.000 803.000 21802.650 196420.281 1346.088 932193.297 37177501.993 102315494427.294
3133.000 4837.000 379154.000 1.000 1280.000 450.000 817.000 15830.880 261318.567 25182.223 412639.735 15766.732 39874350513.027
3111.000 4738.000 379164.000 1.000 1280.000 450.000 826.000 13187.448 284295.071 66403.660 192598.678 6339650.971 176170491116.898
3120.000 4654.000 379174.000 1.000 1250.000 450.000 821.000 11953.632 274778.592 116751.424 367994.355 14075120.477 59697642061.618
3178.000 4604.000 379184.000 1.000 1250.000 450.000 840.000 14311.059 217336.172 153420.332 422069.580 1943947.989 36197263425.394
3267.000 4582.000 379194.000 1.000 1250.000 450.000 863.000 17014.900 142274.768 171138.651 145779.448 1715014.567 217665091932.307
3376.000 4582.000 379204.000 1.000 1250.000 440.000 843.000 17948.785 71927.634 171138.651 89591.410 5033160.544 273250786884.110
3490.000 4597.000 379214.000 1.000 1230.000 450.000 771.000 17374.849 23775.567 158952.979 496405.024 2787345.938 13437525274.422
3600.000 4614.000 379224.000 1.000 1230.000 450.000 589.000 14194.804 1953.046 145686.550 1192912.297 2281641.526 337081186526.403
3690.000 4627.000 379234.000 1.000 1230.000 450.000 172.000 6552.829 2098.256 135931.634 127917.259 83767988.136 234651212393.224
4106.000 5212.000 379405.000 0.000 1270.000 410.000 320.000 20565.546 213265.449 46790.416 1602045.871 23621851.663 979546681560.488
3975.000 5198.000 379415.000 1.000 1270.000 410.000 480.000 10302.600 109433.088 40929.710 690655.865 29189322.379 6135667353.999
3909.000 5198.000 379425.000 1.000 1270.000 420.000 652.000 5878.155 70122.600 40929.710 747009.525 96573060.948 18139823167.684
3872.000 5191.000 379435.000 1.000 1280.000 420.000 713.000 1092.700 51895.903 38146.357 146203.260 213528498.228 217269816033.236
3865.000 5191.000 379445.000 1.000 1280.000 430.000 748.000 2029.300 48755.609 38146.357 1150326.657 187033368.582 289445391043.621
3878.000 5191.000 379455.000 1.000 1280.000 430.000 796.000 9398.465 54665.584 38146.357 1612822.390 39776348.761 1000994298614.468
3938.000 5196.000 379465.000 1.000 1290.000 440.000 831.000 19730.447 86322.390 40124.466 1085658.797 16201692.826 224044538596.686
4064.000 5206.000 379475.000 1.000 1290.000 440.000 857.000 26685.340 176237.684 44230.685 130250.933 120560963.210 232395757226.526
4234.000 5224.000 379485.000 1.000 1300.000 450.000 863.000 25850.933 347871.970 52125.878 397754.195 102933577.732 46040786656.182
4398.000 5247.000 379495.000 1.000 1300.000 450.000 881.000 23302.860 568224.575 63157.181 272430.403 57722699.859 115528584656.004
4545.000 5273.000 379505.000 1.000 1300.000 450.000 861.000 21557.630 811452.752 76901.349 953900.095 34249598.433 116673296714.204
4681.000 5297.000 379515.000 1.000 1300.000 450.000 809.000 15446.803 1074968.180 90788.273 1374565.087 66828.120 581009394998.848
4777.000 5321.000 379525.000 1.000 1310.000 450.000 702.000 6641.133 1283251.071 105827.198 671172.711 82159383.599 3463010224.213
4816.000 5338.000 379535.000 1.000 1310.000 450.000 589.000 2341.500 1373130.995 117176.769 680864.180 178591534.060 4697569269.884
4816.000 5353.000 379545.000 1.000 1310.000 450.000 450.000 6703.218 1373130.995 127671.097 793362.172 81037738.748 32774325774.763
4796.000 5391.000 379555.000 1.000 1310.000 450.000 277.000 11785.615 1326658.726 156270.727 308406.653 15364043.017 92366583023.598
4587.000 5609.000 379595.000 0.000 1310.000 450.000 104.000 19688.412 888884.516 376150.290 2951525.063 15865066.866 5471855230818.834
4529.000 5721.000 379605.000 1.000 1310.000 450.000 219.000 780.500 782882.937 526075.937 170570.470 222750083.470 195147386558.562
4529.000 5726.000 379615.000 1.000 1310.000 450.000 333.000 1873.200 782882.937 533354.046 969523.207 191327387.473 127590298893.770
4529.000 5714.000 379625.000 1.000 1300.000 450.000 477.000 8084.111 782882.937 515970.584 947438.647 58082740.547 112300912302.234
4520.000 5663.000 379635.000 1.000 1300.000 450.000 595.000 14153.545 767037.416 445303.870 746304.890 2407988.125 17950513330.891
4509.000 5573.000 379645.000 1.000 1300.000 450.000 693.000 18934.486 747890.668 333287.903 1211760.904 10427549.526 359322966363.228
4477.000 5456.000 379655.000 1.000 1300.000 450.000 742.000 26697.208 693567.037 211886.147 93763.182 120821725.948 268906736818.484
4432.000 5291.000 379665.000 1.000 1300.000 450.000 790.000 27297.869 620639.432 87208.542 47360.584 134387323.245 319185202877.828
4377.000 5125.000 379675.000 1.000 1280.000 440.000 817.000 26994.470 537005.693 16721.315 626556.365 127445035.224 202521383.483
4336.000 4957.000 379685.000 1.000 1280.000 440.000 824.000 22980.656 478596.542 1496.845 306744.305 52930596.081 93379783747.957
4328.000 4810.000 379695.000 1.000 1280.000 440.000 849.000 21015.606 467591.634 34480.433 968731.156 28199197.377 127025088421.397
4341.000 4676.000 379705.000 1.000 1270.000 450.000 861.000 14809.769 485539.609 102201.105 486183.284 802001.479 15911824399.727
4392.000 4596.000 379715.000 1.000 1270.000 450.000 858.000 17924.332 559214.894 159751.357 747336.087 4924039.318 18227895268.256
4500.000 4557.000 379725.000 1.000 1250.000 450.000 876.000 22711.879 732405.147 192448.105 1141802.192 49091948.153 280345711166.472
4645.000 4545.000 379735.000 1.000 1260.000 460.000 888.000 30026.435 1001614.096 203120.643 271750.431 205094496.588 115991285131.053
4835.000 4575.000 379745.000 1.000 1260.000 460.000 879.000 28285.561 1418020.651 176979.298 176602.018 158262605.701 189854834432.513
5010.000 4622.000 379755.000 1.000 1250.000 460.000 872.000 27154.222 1865428.004 139643.525 588162.634 131077486.311 583837531.205
5174.000 4680.000 379765.000 1.000 1260.000 470.000 867.000 23386.364 2340308.609 99659.592 1163484.325 58998523.681 303776200059.020
5308.000 4747.000 379775.000 1.000 1260.000 470.000 845.000 15932.909 2768252.810 61846.256 371244.981 51799.323 58119751168.721
5375.000 4824.000 379785.000 1.000 1260.000 470.000 824.000 13554.658 2995691.911 29477.139 397518.640 4625322.748 46141928765.867
5397.000 4908.000 379795.000 1.000 1280.000 470.000 822.000 11008.094 3072331.407 7689.374 250561.417 22063879.044 130873153501.020
5375.000 4975.000 379805.000 1.000 1280.000 470.000 821.000 12613.228 2995691.911 428.038 181460.943 9560998.014 185644149464.701
5327.000 5040.000 379815.000 1.000 1300.000 470.000 821.000 11450.762 2831838.466 1963.458 91341.135 18101215.724 271424567085.625
5262.000 5074.000 379825.000 1.000 1300.000 470.000 831.000 12035.907 2617298.592 6132.601 170939.334 13464550.322 194821627664.617
5186.000 5087.000 379835.000 1.000 1300.000 470.000 852.000 13130.970 2377167.970 8337.685 743571.267 6627248.848 17225486999.140
5112.000 5047.000 379845.000 1.000 1310.000 460.000 864.000 17894.399 2154456.575 2632.811 631382.821 4792091.592 363186659.300
5041.000 4957.000 379855.000 1.000 1310.000 460.000 900.000 21939.132 1951069.021 1496.845 314298.764 38860482.457 88819854432.781
4973.000 4834.000 379865.000 1.000 1310.000 460.000 927.000 23952.577 1765727.306 26143.357 503659.304 68017341.170 11808312641.582
4929.000 4687.000 379875.000 1.000 1310.000 460.000 938.000 20726.060 1650728.315 95288.945 351655.992 25207886.852 67948521608.399
4902.000 4557.000 379885.000 1.000 1310.000 460.000 953.000 18473.299 1582077.752 192448.105 718973.809 7661739.006 11373890776.108
4911.000 4439.000 379895.000 1.000 1300.000 470.000 967.000 13867.445 1604799.273 309902.727 299223.563 3377763.758 98032737920.999
4957.000 4363.000 379905.000 1.000 1300.000 470.000 982.000 11950.574 1723461.491 400295.466 1180416.649 14098075.118 322727707854.257
5027.000 4332.000 379915.000 1.000 1300.000 470.000 992.000 19512.500 1912154.432 440483.189 477246.715 14494662.551 18246241472.421
5152.000 4332.000 379925.000 1.000 1280.000 470.000 933.000 22569.814 2273481.113 440483.189 391412.321 47121355.404 48802572660.340
5293.000 4364.000 379935.000 1.000 1270.000 480.000 832.000 25077.260 2718563.609 399031.088 3914560.286 87833365.211 10904755478688.854
5445.000 4416.000 379945.000 1.000 1270.000 480.000 439.000 0.000 3242904.852 336039.424 0.000 246656898.925 374942351655.012
