4385.000 6807.000 1171784.000 0.000 1130.000 480.000 134.000 44439.481 1670136.081 2966956.631 6377003.818 79879959.187 6494733124343.213
4418.000 6968.000 1171794.000 1.000 1150.000 470.000 223.000 20855.887 1585930.809 3547517.993 155719.845 214506343.994 13489513792216.324
4400.000 7043.000 1171804.000 1.000 1160.000 470.000 244.000 20280.000 1631590.957 3835665.833 322005.840 231706912.256 12295691976793.682
4400.000 7118.000 1171814.000 1.000 1180.000 480.000 277.000 21470.850 1631590.957 4135063.672 2125860.734 196870984.125 2899073059799.019
4408.000 7197.000 1171824.000 1.000 1190.000 470.000 307.000 13608.939 1611217.558 4462595.396 1307240.418 479302708.783 6356886985790.616
4426.000 7244.000 1171834.000 1.000 1200.000 470.000 324.000 8774.470 1565845.410 4663378.042 647013.390 714356695.472 10122030058490.646
4444.000 7271.000 1171844.000 1.000 1220.000 470.000 342.000 6381.669 1521121.262 4780719.265 160849.062 847989140.296 13451862849341.734
4463.000 7285.000 1171854.000 1.000 1230.000 470.000 348.000 5786.813 1474615.439 4842136.861 1132627.725 882987708.507 7267873924455.362
4480.000 7272.000 1171864.000 1.000 1240.000 470.000 389.000 9975.525 1433616.966 4785093.236 6510610.621 651596948.634 7193571531771.881
4500.000 7241.000 1171874.000 1.000 1240.000 470.000 431.000 34053.227 1386123.468 4650430.129 7129011.365 2098717.477 10893195790566.350
4522.000 7117.000 1171884.000 1.000 1250.000 460.000 453.000 60417.914 1334804.620 4130997.701 4728572.680 620806652.627 810081884380.469
4536.000 6894.000 1171894.000 1.000 1240.000 470.000 469.000 77905.239 1302651.171 3274238.125 2916523.854 1798041284.576 831750084559.866
4544.000 6606.000 1171904.000 1.000 1240.000 470.000 468.000 88691.200 1284453.772 2314918.421 2196037.646 2829099284.093 2665022110705.007
4544.000 6278.000 1171914.000 1.000 1240.000 470.000 483.000 96812.641 1284453.772 1424407.870 1463251.754 3759004252.691 5594527887327.358
4539.000 5920.000 1171924.000 1.000 1230.000 470.000 498.000 102224.075 1295812.147 698036.182 4499229.946 4451845688.325 449842187137.846
4533.000 5542.000 1171934.000 1.000 1210.000 480.000 488.000 85584.911 1309508.196 209293.071 8096388.997 2508305777.693 18214644405124.633
4551.000 5226.000 1171944.000 1.000 1190.000 480.000 488.000 55642.644 1268636.048 20018.174 5310058.416 405648678.869 2194934774125.202
4578.000 5022.000 1171954.000 1.000 1160.000 490.000 483.000 36004.854 1208542.826 3908.051 4136713.859 252940.501 94979023055.850
4611.000 4893.000 1171964.000 1.000 1130.000 510.000 473.000 20706.356 1137075.554 36677.767 2777624.242 218908776.061 1104397005751.812
4669.000 4843.000 1171974.000 1.000 1110.000 510.000 417.000 10434.077 1016744.410 58329.207 1578399.701 628396857.689 5063073715975.617
4702.000 4823.000 1171984.000 1.000 1080.000 520.000 307.000 4596.800 951283.139 68389.783 5218053.734 955126571.685 1930784016960.919
4719.000 4823.000 1171994.000 1.000 1070.000 520.000 46.000 23894.336 918410.665 68389.783 91367.802 134736054.945 13966360290024.666
3898.000 5508.000 1172115.000 0.000 1070.000 450.000 344.000 19805.762 3166041.756 179340.051 3780507.827 246369441.717 2305859206.326
3880.000 5437.000 1172125.000 1.000 1080.000 450.000 366.000 5824.594 3230421.904 124246.096 1349676.182 880743802.838 6144702319005.722
3860.000 5429.000 1172135.000 1.000 1070.000 450.000 364.000 10816.000 3302715.402 118670.326 126102.122 609394749.663 13707951382874.943
3860.000 5389.000 1172145.000 1.000 1070.000 460.000 396.000 10349.646 3302715.402 92711.479 81415.547 632636992.742 14040845663810.852
3873.000 5353.000 1172155.000 1.000 1070.000 460.000 392.000 10048.553 3255633.628 72084.516 309915.715 647873998.268 12380626710785.355
3888.000 5319.000 1172165.000 1.000 1070.000 470.000 399.000 11194.691 3201728.505 54983.495 127136.131 590841483.489 13700295770365.637
3913.000 5286.000 1172175.000 1.000 1070.000 470.000 402.000 11664.869 3112886.632 40596.446 2122861.458 568205100.237 2909295588729.478
3944.000 5256.000 1172185.000 1.000 1060.000 480.000 379.000 19515.688 3004458.711 29407.310 2195486.842 255559680.529 2666820777631.450
4016.000 5261.000 1172195.000 1.000 1060.000 480.000 344.000 27635.092 2760042.118 31147.166 6339460.130 61887015.738 6304784230045.027
4114.000 5290.000 1172205.000 1.000 1050.000 480.000 259.000 51079.841 2444023.978 42224.330 1309451.208 242671557.422 6345743802218.467
4273.000 5392.000 1172215.000 1.000 1050.000 490.000 219.000 55922.486 1972163.669 94547.392 1289514.075 416999430.212 6446587597264.312
4437.000 5518.000 1172225.000 1.000 1050.000 490.000 219.000 60691.399 1538436.986 187909.763 1235871.853 634509746.765 6721861695578.349
4610.000 5661.000 1172235.000 1.000 1050.000 490.000 253.000 56120.867 1139209.229 332335.643 5820498.986 425140889.010 3967951636748.056
4786.000 5771.000 1172245.000 1.000 1060.000 500.000 282.000 34595.353 794482.447 471262.474 3774234.818 821867.523 2947661638.618
4899.000 5831.000 1172255.000 1.000 1070.000 500.000 289.000 20637.384 605809.184 557240.746 3122514.304 220954492.767 498454194953.994
4970.000 5859.000 1172265.000 1.000 1090.000 500.000 320.000 9089.624 500326.266 599827.940 138561.613 697609490.641 13615845958169.389
5001.000 5846.000 1172275.000 1.000 1100.000 500.000 376.000 9602.056 457432.344 579860.314 1075462.461 670803063.721 7579365401112.158
5007.000 5811.000 1172285.000 1.000 1110.000 500.000 409.000 13579.358 449352.295 527781.322 3932222.237 480598816.484 10752662808.178
4996.000 5762.000 1172295.000 1.000 1110.000 500.000 422.000 28121.600 464220.719 458986.734 3709803.365 54469154.221 14095346581.590
4956.000 5666.000 1172305.000 1.000 1110.000 500.000 415.000 41841.287 520327.715 338125.499 2522274.706 40187547.403 1706295551504.623
4886.000 5528.000 1172315.000 1.000 1130.000 500.000 425.000 51169.226 626214.957 196679.474 3784835.850 245464411.663 1908933175.892
4797.000 5361.000 1172325.000 1.000 1110.000 500.000 412.000 65166.400 774994.023 76444.285 529641.133 879981249.397 10882649215928.643
4677.000 5152.000 1172335.000 1.000 1110.000 500.000 402.000 67125.132 1000675.011 4554.306 318975.197 1000027404.718 12316955190357.082
4537.000 4947.000 1172345.000 1.000 1100.000 500.000 394.000 68304.774 1300369.497 18910.211 4255709.058 1076027093.124 182484348495.639
4384.000 4746.000 1172355.000 1.000 1090.000 500.000 397.000 52566.205 1672721.756 114592.001 4591415.254 291189751.074 581998198457.384
4268.000 4590.000 1172365.000 1.000 1080.000 510.000 399.000 35586.119 1986232.044 244544.495 2983394.315 7089.119 714249576113.619
4190.000 4484.000 1172375.000 1.000 1060.000 510.000 399.000 24552.856 2212172.686 360617.549 5722949.482 119882048.345 3588835821081.404
4136.000 4411.000 1172385.000 1.000 1050.000 510.000 398.000 3388.102 2375721.130 453621.651 3728891.712 1031297441.072 9927228441.846
4147.000 4405.000 1172395.000 1.000 1040.000 510.000 399.000 17178.382 2341932.706 461739.824 2818904.317 335752121.600 1019338345335.766
4203.000 4435.000 1172405.000 1.000 1020.000 500.000 389.000 27603.324 2173670.912 421868.960 2758212.766 62387851.861 1145572965852.463
4289.000 4490.000 1172415.000 1.000 1020.000 500.000 397.000 37803.815 1927480.871 353447.376 871524.077 5298710.948 8743867409269.508
4400.000 4575.000 1172425.000 1.000 1020.000 500.000 413.000 41026.907 1631590.957 259604.927 609707.114 30525458.204 10360802680547.957
4525.000 4661.000 1172435.000 1.000 1020.000 500.000 412.000 43281.741 1327881.595 179364.450 1493004.947 60525582.200 5454664146740.404
4660.000 4747.000 1172445.000 1.000 1020.000 500.000 418.000 37760.273 1034975.484 113915.972 2294899.131 5100148.812 2352015022821.960
4790.000 4798.000 1172455.000 1.000 1020.000 500.000 417.000 29273.220 787367.748 82090.503 2060248.174 38796729.784 3126810677814.666
4888.000 4844.000 1172465.000 1.000 1020.000 500.000 417.000 21653.959 623053.608 57847.178 1057339.442 191766081.871 7679481533707.363
4965.000 4866.000 1172475.000 1.000 1040.000 510.000 394.000 17743.680 507424.641 47748.544 2570546.784 315355162.292 1582514701445.064
5030.000 4875.000 1172485.000 1.000 1040.000 510.000 345.000 8237.220 419045.772 43896.285 624185.952 743363980.310 10267802768439.689
5058.000 4863.000 1172495.000 1.000 1040.000 510.000 304.000 10545.600 383578.875 49068.631 2016051.565 622818012.492 3285067890592.601
5058.000 4824.000 1172505.000 1.000 1040.000 520.000 314.000 18001.412 383578.875 67867.754 2693138.302 306267853.573 1289107926601.394
5022.000 4768.000 1172515.000 1.000 1040.000 520.000 305.000 27961.243 429467.171 100181.367 2046754.403 56861841.208 3174714263877.820
4959.000 4686.000 1172525.000 1.000 1040.000 520.000 322.000 35530.601 516008.690 158813.730 1720576.291 822.480 4443456991866.227
4880.000 4581.000 1172535.000 1.000 1030.000 520.000 341.000 41893.679 635747.007 253526.754 1226230.200 40854556.337 6771949623263.492
4782.000 4461.000 1172545.000 1.000 1030.000 510.000 394.000 46428.554 801629.147 388770.211 1556434.027 119391284.795 5162407340565.924
4671.000 4330.000 1172555.000 1.000 1030.000 520.000 431.000 40672.511 1012715.060 569291.985 4841310.011 26734989.628 1025729042862.819
4552.000 4238.000 1172565.000 1.000 1020.000 520.000 443.000 22768.258 1266384.373 716586.635 6156536.963 162146201.275 5419629503988.260
4501.000 4171.000 1172575.000 1.000 1020.000 520.000 448.000 0.000 1383769.793 834508.565 2720078.254 1260386472.415 1228659043336.362
4501.000 4171.000 1172585.000 1.000 1010.000 530.000 444.000 10059.461 1383769.793 834508.565 1155078.226 647318826.553 7147329362188.512
4531.000 4193.000 1172595.000 1.000 1010.000 530.000 444.000 14331.200 1314089.546 794797.931 505105.578 448199474.009 11045131209959.834
4576.000 4221.000 1172605.000 1.000 990.000 530.000 444.000 16199.194 1212944.176 745657.125 1155843.187 372595311.896 7143239778968.206
4626.000 4254.000 1172615.000 1.000 990.000 530.000 440.000 20473.762 1105310.431 689754.174 1222691.746 225845595.830 6790378360305.886
4689.000 4296.000 1172625.000 1.000 990.000 530.000 413.000 24995.551 976810.912 621754.964 1554610.179 110383833.579 5170698572129.122
4768.000 4344.000 1172635.000 1.000 990.000 530.000 376.000 30744.849 826894.595 548361.581 1771588.333 22629744.428 4230997460725.419
4856.000 4416.000 1172645.000 1.000 990.000 530.000 340.000 37296.581 674595.204 446911.507 1817453.040 3220800.587 4044419236103.030
4956.000 4511.000 1172655.000 1.000 990.000 530.000 322.000 44017.931 520327.715 328918.771 65395.970 72522407.676 14161156577637.840
5076.000 4621.000 1172665.000 1.000 1010.000 530.000 332.000 44259.780 361606.727 214845.602 3820722.256 76700075.090 60916992.046
5210.000 4715.000 1172675.000 1.000 1010.000 530.000 342.000 30129.890 218404.291 136540.894 4491314.256 28858728.826 439286695086.002
5314.000 4755.000 1172685.000 1.000 1020.000 520.000 349.000 13520.000 132014.102 108579.742 371272.450 483204898.975 11952610336057.355
5364.000 4755.000 1172695.000 1.000 1020.000 520.000 384.000 12146.951 98180.357 108579.742 4703551.216 545454674.832 765667046379.729
5377.000 4712.000 1172705.000 1.000 1040.000 530.000 389.000 29541.741 90202.583 138766.981 3614367.307 35523758.681 45864455412.542
5333.000 4612.000 1172715.000 1.000 1040.000 530.000 402.000 42908.484 118568.278 223269.861 1793775.464 54857159.258 4140214585756.602
5248.000 4478.000 1172725.000 1.000 1040.000 530.000 418.000 49542.269 184330.645 367859.721 1577391.920 197131341.223 5067610003059.797
5136.000 4333.000 1172735.000 1.000 1040.000 540.000 422.000 43708.719 293046.233 564773.898 1598254.902 67351515.446 4974114477849.791
5036.000 4206.000 1172745.000 1.000 1040.000 540.000 420.000 37798.013 411313.723 771787.557 3231580.414 5272033.446 356345453170.441
4958.000 4090.000 1172755.000 1.000 1040.000 540.000 417.000 25846.902 517446.365 989058.898 4514908.819 93219413.028 471119740865.964
4894.000 4019.000 1172765.000 1.000 1030.000 540.000 392.000 9149.754 613617.558 1135320.944 1377351.082 694436763.289 6008264311582.701
4866.000 4000.000 1172775.000 1.000 1030.000 540.000 359.000 4056.000 658268.455 1176171.491 3401535.738 988846016.383 182321699933.465
4866.000 4015.000 1172785.000 1.000 1030.000 540.000 340.000 16635.644 658268.455 1143861.059 1305597.738 355936449.145 6365173018896.890
4874.000 4076.000 1172795.000 1.000 1030.000 540.000 335.000 21464.038 645351.056 1017101.302 670105.010 197062189.855 9975630666024.145
4900.000 4151.000 1172805.000 1.000 1030.000 540.000 335.000 23942.237 604253.509 871449.141 336819.704 133626319.487 12192021166581.420
4928.000 4235.000 1172815.000 1.000 1030.000 540.000 346.000 25187.872 561506.612 721674.721 1272764.147 106379629.355 6531924731081.140
4974.000 4316.000 1172825.000 1.000 1020.000 530.000 387.000 20480.904 494683.567 590614.388 423957.726 225630984.600 11591093234024.352
5030.000 4367.000 1172835.000 1.000 1030.000 540.000 438.000 22048.795 419045.772 514826.919 1259128.957 180986628.625 6601807278855.328
5105.000 4399.000 1172845.000 1.000 1040.000 540.000 488.000 26705.337 327570.155 469929.997 3067752.085 77379909.327 578778760124.775
5200.000 4372.000 1172855.000 1.000 1040.000 540.000 519.000 38050.574 227851.040 507676.775 2162358.245 6495626.535 2776118952706.448
5309.000 4283.000 1172865.000 1.000 1040.000 540.000 535.000 46047.461 135672.476 642425.339 1987310.749 111208390.804 3390077981972.231
5419.000 4153.000 1172875.000 1.000 1030.000 540.000 568.000 53396.983 66738.237 867719.084 60664.510 320233204.806 14196789174034.303
5529.000 3989.000 1172885.000 1.000 1030.000 540.000 577.000 53172.632 22003.999 1200151.808 881517.250 312253988.559 8684867585440.075
5639.000 3826.000 1172895.000 1.000 1030.000 540.000 586.000 56432.681 1469.760 1583858.503 3758757.122 438096668.354 4867862364.606
5773.000 3666.000 1172905.000 1.000 1010.000 540.000 592.000 42531.952 9151.324 2012183.112 1693257.779 49421320.470 4559375456814.162
5902.000 3576.000 1172915.000 1.000 1000.000 560.000 625.000 36269.904 50473.262 2275615.705 575112.678 589796.207 10584705985767.553
6028.000 3530.000 1172925.000 1.000 970.000 560.000 647.000 38396.800 122964.225 2416515.030 10382494.720 8380318.087 42954490386559.898
6170.000 3530.000 1172935.000 1.000 960.000 560.000 641.000 0.000 242716.390 2416515.030 25247106.310 1260386472.415 458755531527103.938
6170.000 3530.000 1172945.000 5.000 940.000 560.000 649.000 93369.476 242716.390 2416515.030 10048439.045 3348653794.989 38687303486119.648
6457.000 3722.000 1172955.000 5.000 940.000 560.000 646.000 56208.089 607873.694 1856445.499 2332447.416 428745347.912 2238254689654.724
6586.000 3885.000 1172965.000 5.000 930.000 560.000 603.000 64834.004 825667.632 1438834.804 17531114.682 860371028.902 187760903980651.594
6707.000 4092.000 1172975.000 5.000 930.000 560.000 418.000 0.000 1060204.970 985084.841 38162223.133 1260386472.415 1178802677118243.250
6707.000 4092.000 1172985.000 4.000 940.000 560.000 0.000 141132.482 1060204.970 985084.841 18153227.477 11157815185.918 205197038317329.719
6818.000 4602.000 1172995.000 4.000 960.000 560.000 0.000 73997.765 1301111.056 232820.149 68112.949 1481929920.993 14140715262615.699
6799.000 4875.000 1173005.000 4.000 990.000 560.000 0.000 73745.868 1258126.879 43896.285 809441.859 1462599398.411 9114876234815.736
6690.000 5125.000 1173015.000 4.000 1020.000 550.000 0.000 70752.370 1025485.443 1639.084 2008984.931 1242594077.528 3310734031657.841
6577.000 5361.000 1173025.000 4.000 1050.000 550.000 0.000 63322.692 809392.706 76444.285 2014456.205 773995238.126 3290853537991.778
6462.000 5565.000 1173035.000 4.000 1070.000 550.000 0.000 55872.780 615695.320 230866.409 7185281.875 414971851.800 11267802016429.818
6372.000 5751.000 1173045.000 4.000 1090.000 550.000 0.000 29299.992 482556.060 444203.051 784427.509 38463936.899 9266542866812.012
5493.000 6403.000 1173146.000 0.000 1250.000 500.000 435.000 0.000 33980.295 1738404.269 5272481.198 1260386472.415 2085003177718.412
5493.000 6403.000 1173156.000 1.000 1250.000 500.000 446.000 19498.821 33980.295 1738404.269 5272481.198 256099244.646 2085003177718.412
5425.000 6427.000 1173166.000 1.000 1250.000 500.000 428.000 0.000 63674.188 1802267.577 2851530.240 1260386472.415 954523039971.572
5425.000 6427.000 1173176.000 1.000 1260.000 490.000 422.000 10545.600 63674.188 1802267.577 2421964.958 622818012.492 1978417312002.598
5425.000 6388.000 1173186.000 1.000 1260.000 490.000 420.000 19502.571 63674.188 1699074.701 2459208.502 255979235.450 1875033668832.693
5446.000 6319.000 1173196.000 1.000 1250.000 500.000 423.000 28597.277 53517.015 1523954.688 261069.848 47674123.883 12726751885756.498
5470.000 6216.000 1173206.000 1.000 1250.000 500.000 423.000 29562.772 42988.818 1280259.656 252808.858 35273503.847 12785761588564.801
5487.000 6108.000 1173216.000 1.000 1250.000 500.000 391.000 30497.716 36228.344 1047522.767 3405431.120 25042078.638 179010284303.188
5507.000 5997.000 1173226.000 1.000 1250.000 500.000 339.000 17903.666 29014.846 832629.964 492122.322 309698617.573 11131597442060.762
5535.000 5937.000 1173236.000 1.000 1240.000 500.000 294.000 16083.687 20259.949 726731.693 1288506.835 377067854.191 6451703402936.287
5592.000 5920.000 1173246.000 1.000 1240.000 500.000 202.000 20848.875 7282.480 698036.182 2218574.946 214711789.158 2591946227404.104
5668.000 5933.000 1173256.000 1.000 1240.000 500.000 12.000 29053.664 87.188 719927.808 3977393.797 41580032.455 22161266731.153
5978.000 6246.000 1173297.000 0.000 1220.000 500.000 51.000 89361.780 90397.970 1349048.791 14287329.222 2900884293.584 109386539948182.766
6147.000 6530.000 1173307.000 1.000 1220.000 500.000 160.000 36524.024 220582.912 2089428.610 747989.403 1044692.305 9489713056069.971
6221.000 6643.000 1173317.000 1.000 1220.000 500.000 255.000 33757.791 295568.970 2428877.355 1204190.166 3041993.275 6887144814629.989
6302.000 6738.000 1173327.000 1.000 1220.000 500.000 330.000 29304.425 390203.303 2734014.619 1445228.242 38408970.238 5680113874714.045
6383.000 6810.000 1173337.000 1.000 1240.000 500.000 371.000 34649.204 497959.637 2977300.544 738090.059 727128.149 9550801659595.203
6489.000 6882.000 1173347.000 1.000 1250.000 510.000 387.000 37378.827 658796.097 3230954.470 128244.230 3522772.024 13692093982787.240
6611.000 6947.000 1173357.000 1.000 1260.000 500.000 418.000 37853.103 871725.760 3468852.598 1230013.637 5528051.650 6752272684226.424
6737.000 7008.000 1173367.000 1.000 1260.000 500.000 443.000 33304.236 1122884.723 3699796.841 3307562.814 4829824.171 271403880880.982
6858.000 7031.000 1173377.000 1.000 1280.000 500.000 461.000 21072.125 1393964.060 3788806.178 1397081.088 208219044.193 5911930146090.485
6935.000 7019.000 1173387.000 1.000 1290.000 500.000 470.000 15905.405 1581715.093 3742234.524 1397081.088 384023482.241 5911930146090.485
6983.000 6985.000 1173397.000 1.000 1300.000 510.000 488.000 21072.125 1704754.698 3611845.503 2889122.600 208219044.193 882480983388.333
6995.000 6908.000 1173407.000 1.000 1300.000 510.000 499.000 31756.750 1736234.599 3325099.721 2377961.414 14026314.019 2104141070001.048
6963.000 6795.000 1173417.000 1.000 1320.000 500.000 491.000 40550.986 1652928.196 2925760.977 3029453.981 25493046.320 638517993065.332
6902.000 6658.000 1173427.000 1.000 1320.000 500.000 402.000 51754.588 1499798.365 2475856.923 1443134.805 264149149.031 5690096829591.402
6805.000 6493.000 1173437.000 1.000 1300.000 510.000 196.000 46417.551 1271622.830 1983831.676 357779.850 119150954.399 12046087096917.301
6165.000 5686.000 1173497.000 0.000 1250.000 530.000 146.000 54356.453 237814.764 361784.923 9300249.005 355493335.661 29939739622638.379
6006.000 5563.000 1173507.000 1.000 1230.000 520.000 176.000 19962.041 108019.073 228948.466 380347.614 241487904.436 11889942387151.566
5933.000 5552.000 1173517.000 1.000 1220.000 530.000 220.000 18555.430 65363.340 218542.783 1770503.758 287183594.314 4235460445949.637
5868.000 5574.000 1173527.000 1.000 1200.000 520.000 241.000 12007.709 36352.209 239596.149 43342.686 551978048.937 14327621728013.254
5842.000 5610.000 1173537.000 1.000 1200.000 520.000 264.000 12168.000 27113.756 276135.112 1725562.738 544471920.319 4422459485648.704
5842.000 5655.000 1173547.000 1.000 1180.000 530.000 267.000 18549.519 27113.756 325453.816 3576525.638 287383970.684 63504782123.296
5877.000 5714.000 1173557.000 1.000 1170.000 520.000 277.000 31776.315 39865.134 396252.116 2420104.336 13880148.224 1983654935182.639
5956.000 5801.000 1173567.000 1.000 1170.000 520.000 317.000 40726.405 77652.818 513351.610 1752999.955 27295221.628 4307813302509.272
6063.000 5907.000 1173577.000 1.000 1170.000 520.000 342.000 47209.393 148735.604 676482.557 950201.283 137064875.000 8284760025912.389
6212.000 5998.000 1173587.000 1.000 1190.000 510.000 358.000 43695.335 285864.044 834455.935 2638048.088 67132015.038 1417240491887.199
6365.000 6050.000 1173597.000 1.000 1210.000 520.000 373.000 33939.240 472879.785 932162.437 1690704.122 2441975.329 4570287469333.926
6488.000 6075.000 1173607.000 1.000 1210.000 520.000 362.000 27686.636 657173.772 981061.717 1658690.925 61078696.741 4708189416159.078
6588.000 6053.000 1173617.000 1.000 1210.000 520.000 367.000 21552.424 829306.283 937964.351 2519323.830 194588497.093 1714013437382.721
6620.000 5980.000 1173627.000 1.000 1230.000 520.000 344.000 30869.450 888612.686 801894.454 4928669.491 21459797.708 1210313082829.875
6583.000 5872.000 1173637.000 1.000 1230.000 520.000 317.000 49096.778 820224.657 620133.565 1464710.291 184820107.087 5587630331180.847
6501.000 5710.000 1173647.000 1.000 1230.000 520.000 291.000 54513.606 678419.999 391232.232 790639.325 361444124.917 9228762679264.113
6381.000 5548.000 1173657.000 1.000 1230.000 520.000 277.000 57437.568 495140.986 214818.898 577850.208 481172561.285 10566900840180.928
6246.000 5384.000 1173667.000 1.000 1220.000 530.000 287.000 59574.588 323377.097 89691.623 6847427.891 579493243.791 9113761443541.869
6100.000 5219.000 1173677.000 1.000 1210.000 530.000 319.000 34251.260 178643.632 18086.376 5223568.813 1564155.675 1946141130384.715
6007.000 5133.000 1173687.000 1.000 1190.000 530.000 344.000 14933.328 108677.398 2350.853 2664243.899 423067063.030 1355555581299.319
5960.000 5104.000 1173697.000 1.000 1180.000 540.000 346.000 5080.355 79898.118 379.688 863196.298 925471744.494 8793187298024.455
5943.000 5112.000 1173707.000 1.000 1170.000 540.000 341.000 8272.649 70576.591 755.458 2979492.173 741433313.263 720860459798.694
5949.000 5142.000 1173717.000 1.000 1160.000 530.000 338.000 19291.481 73800.542 3304.594 2127300.074 262778400.483 2894173699625.594
5986.000 5203.000 1173727.000 1.000 1140.000 530.000 336.000 27158.715 95272.571 14038.837 310815.606 69609104.624 12374294786991.779
6044.000 5285.000 1173737.000 1.000 1140.000 530.000 338.000 28308.181 134441.427 40194.474 911299.917 51749910.937 8510214961326.584
6116.000 5361.000 1173747.000 1.000 1140.000 530.000 338.000 31678.373 192424.834 76444.285 539698.931 14619527.679 10816391316060.084
6206.000 5436.000 1173757.000 1.000 1140.000 530.000 349.000 33674.301 279484.093 123542.125 1624422.051 3340198.866 4858079463004.290
6309.000 5506.000 1173767.000 1.000 1160.000 530.000 373.000 27666.823 398997.579 177650.108 1876384.557 61388777.823 3810860858901.353
6404.000 5544.000 1173777.000 1.000 1170.000 540.000 374.000 20727.531 528038.464 211127.014 1094577.307 218282632.218 7474481961810.637
6478.000 5564.000 1173787.000 1.000 1170.000 540.000 379.000 16679.538 641060.521 229906.437 1271505.706 354282143.007 6538358868753.645
6537.000 5546.000 1173797.000 1.000 1170.000 540.000 405.000 11977.224 739019.702 212968.956 979977.190 553411420.444 8114237101515.309
6558.000 5507.000 1173807.000 1.000 1180.000 540.000 423.000 15601.400 775566.530 178494.079 4904508.710 396030779.640 1157736231753.458
6533.000 5455.000 1173817.000 1.000 1180.000 540.000 427.000 33739.376 732158.402 137259.577 1332739.138 3106568.736 6228957999643.205
6478.000 5343.000 1173827.000 1.000 1180.000 540.000 430.000 38668.145 641060.521 66814.804 1065918.152 10024967.486 7632008695884.303
6393.000 5228.000 1173837.000 1.000 1180.000 540.000 436.000 34726.140 512172.888 20588.116 703576.203 601837.858 9765318670072.037
6310.000 5130.000 1173847.000 1.000 1170.000 540.000 418.000 32124.157 400261.904 2068.940 2031194.776 11409297.035 3230403805793.763
6227.000 5045.000 1173857.000 1.000 1170.000 540.000 396.000 24612.342 302128.920 1561.388 1576366.563 118582954.638 5072227489030.502
6174.000 4971.000 1173867.000 1.000 1170.000 540.000 339.000 18782.584 246673.690 12885.520 1084767.195 279536266.323 7528218909213.931
6139.000 4911.000 1173877.000 1.000 1170.000 540.000 315.000 14770.871 213132.311 30107.248 2970417.278 429776479.489 736352620776.015
6117.000 4861.000 1173887.000 1.000 1150.000 540.000 299.000 3785.600 193303.159 49958.688 1561420.474 1005925087.212 5139772860948.605
6117.000 4847.000 1173897.000 1.000 1150.000 540.000 299.000 9560.084 193303.159 56413.092 1846178.714 672978963.729 3929705479614.260
6148.000 4864.000 1173907.000 1.000 1150.000 540.000 301.000 16387.668 221523.237 48626.602 2020006.976 365354709.595 3270745363821.433
6196.000 4901.000 1173917.000 1.000 1150.000 540.000 312.000 23858.108 269010.842 33677.536 1198409.285 135578406.671 6917520193292.404
6268.000 4952.000 1173927.000 1.000 1150.000 540.000 358.000 28290.095 348882.250 17560.067 702899.662 52010450.043 9769547442710.918
6357.000 5007.000 1173937.000 1.000 1150.000 540.000 386.000 30889.576 461941.184 6008.483 1647347.104 21273736.497 4757546566808.972
6456.000 5064.000 1173947.000 1.000 1150.000 540.000 409.000 24797.316 606315.369 420.841 1355209.378 114588591.642 6117300998301.486
6543.000 5093.000 1173957.000 1.000 1150.000 540.000 427.000 19785.447 749371.653 72.005 660850.029 247007589.401 10034178595226.010
6616.000 5098.000 1173967.000 1.000 1150.000 540.000 449.000 17341.475 881087.385 181.861 531788.379 329801838.678 10868486786814.072
6679.000 5086.000 1173977.000 1.000 1160.000 550.000 447.000 15374.802 1003327.867 2.207 2652276.806 405100963.304 1383564965453.539
6711.000 5039.000 1173987.000 1.000 1160.000 550.000 458.000 25183.518 1068458.270 2071.561 2518348.227 106469463.060 1716568914634.850
6706.000 4946.000 1173997.000 1.000 1160.000 550.000 436.000 34496.936 1058146.645 19186.240 3914937.458 1009997.050 7466734445.702
6676.000 4822.000 1174007.000 1.000 1160.000 550.000 425.000 48975.255 997326.892 68913.812 236863.640 181530699.578 12900047055157.029
6595.000 4660.000 1174017.000 1.000 1160.000 550.000 371.000 49851.230 842104.558 180212.479 228678.632 205902637.363 12958909639290.275
6500.000 4502.000 1174027.000 1.000 1150.000 550.000 376.000 50696.935 676773.674 339323.030 1805104.413 230888417.194 4094239733782.930
6396.000 4346.000 1174037.000 1.000 1120.000 550.000 425.000 44021.253 516475.863 545403.524 5234126.851 72578999.075 1975710407489.205
6298.000 4216.000 1174047.000 1.000 1110.000 550.000 483.000 24664.275 385222.003 754317.269 3457098.070 117454594.548 137959591055.578
6242.000 4144.000 1174057.000 1.000 1110.000 550.000 512.000 11879.149 318843.797 884567.343 1676682.530 558035408.681 4630435440026.661
6213.000 4111.000 1174067.000 1.000 1100.000 550.000 527.000 5678.400 286934.369 947730.293 1535439.360 889442470.130 5258251795301.429
6234.000 4111.000 1174077.000 1.000 1080.000 560.000 543.000 0.000 309873.196 947730.293 12371116.098 1260386472.415 72975825254037.641
6234.000 4111.000 1174087.000 5.000 1080.000 560.000 550.000 45751.169 309873.196 947730.293 1299388.272 105047062.127 6396543665667.934
6382.000 4193.000 1174097.000 5.000 1070.000 560.000 554.000 40945.739 496549.311 794797.931 2526502.139 29635142.499 1695269232981.466
6493.000 4296.000 1174107.000 5.000 1070.000 560.000 553.000 50289.312 665305.398 621754.964 1610634.355 218666900.213 4919048626777.652
6623.000 4429.000 1174117.000 5.000 1070.000 560.000 553.000 56245.800 894277.661 429699.133 359556.288 430308470.552 12033759117723.535
6765.000 4581.000 1174127.000 5.000 1070.000 560.000 540.000 57575.520 1183009.826 253526.754 159713.382 487243724.487 13460194756503.217
6902.000 4744.000 1174137.000 5.000 1070.000 560.000 456.000 58166.176 1499798.365 115950.059 15728133.990 513668405.086 141600641998719.719
6999.000 4936.000 1174147.000 5.000 1070.000 560.000 267.000 0.000 1746791.900 22056.528 33843384.598 1260386472.415 900891665232948.375
6999.000 4936.000 1174157.000 4.000 1080.000 560.000 0.000 125160.446 1746791.900 22056.528 15785469.336 8038650908.886 142968465486924.375
7084.000 5391.000 1174167.000 4.000 1100.000 550.000 0.000 66782.231 1978699.534 93933.421 588048.614 978457725.214 10500701400394.812
7030.000 5632.000 1174177.000 4.000 1110.000 550.000 0.000 64607.495 1829695.978 299740.479 17469866.648 847134374.149 186086142213103.250
6930.000 5849.000 1174187.000 4.000 1120.000 550.000 0.000 0.000 1569163.468 584438.228 26795100.441 1260386472.415 527463486901487.812
6930.000 5849.000 1174198.000 5.000 1150.000 540.000 307.000 109003.737 1569163.468 584438.228 19905607.134 5402516794.380 258472499531324.594
6715.000 6190.000 1174208.000 5.000 1170.000 540.000 404.000 35388.326 1076743.571 1222098.405 4691547.078 12904.073 744803327381.862
6613.000 6272.000 1174218.000 5.000 1180.000 540.000 447.000 18037.930 875464.410 1410122.042 2757087.632 304991019.882 1147982726076.859
6562.000 6315.000 1174228.000 5.000 1210.000 530.000 480.000 7841.600 782627.830 1514094.804 1023626.240 765093418.380 7867469338341.298
6533.000 6315.000 1174238.000 5.000 1220.000 530.000 491.000 4056.000 732158.402 1514094.804 365580.800 988846016.383 11991997698816.955
6518.000 6315.000 1174248.000 5.000 1240.000 530.000 491.000 2704.000 706713.525 1514094.804 3271572.574 1075703693.727 310198444091.179
6518.000 6305.000 1174258.000 5.000 1250.000 530.000 496.000 14803.011 706713.525 1489585.092 2249445.702 428444920.504 2493498345198.434
6527.000 6251.000 1174268.000 5.000 1250.000 530.000 514.000 23121.967 721926.451 1360688.647 3324641.549 153263288.146 253900739031.797
6543.000 6167.000 1174278.000 5.000 1270.000 520.000 533.000 35417.239 749371.653 1171775.067 4941662.211 7171.227 1239069575361.461
6559.000 6037.000 1174288.000 5.000 1280.000 530.000 539.000 53692.617 777328.855 907228.812 3175627.083 330901381.140 426278549494.916
6574.000 5839.000 1174298.000 5.000 1280.000 530.000 559.000 65436.800 804003.731 569248.516 5341657.360 896096915.208 2289562911887.292
6574.000 5597.000 1174308.000 5.000 1280.000 530.000 561.000 85191.450 804003.731 262641.487 4255762.867 2469049183.457 182530323849.336
6568.000 5282.000 1174318.000 5.000 1270.000 530.000 568.000 100930.218 793279.781 39000.561 2834545.334 4280861905.078 987999929713.604
6554.000 4909.000 1174328.000 5.000 1250.000 540.000 580.000 111413.004 768537.229 30805.306 6302284.726 5762492356.041 6119476347771.924
6549.000 4497.000 1174338.000 5.000 1230.000 530.000 600.000 134720.270 759795.604 345173.174 36963.139 9844280561.067 14375957951524.855
6564.000 3999.000 1174348.000 5.000 1220.000 540.000 641.000 134856.968 786170.480 1178341.520 36465324.147 9871425146.854 1065160515623726.375
6591.000 3501.000 1174358.000 5.000 1170.000 550.000 644.000 0.000 834779.258 2507517.865 63561959.968 1260386472.415 3568082991464494.000
6591.000 3501.000 1174368.000 1.000 1150.000 550.000 647.000 235066.420 834779.258 2507517.865 39519636.541 39825988824.214 1273855286717377.500
6667.000 2635.000 1174378.000 1.000 1100.000 560.000 628.000 88913.918 979431.966 6000120.812 3889169.960 2852841306.593 3677545574.236
6717.000 2310.000 1174388.000 1.000 1050.000 560.000 633.000 74530.893 1080898.221 7697930.174 2501240.560 1523260569.931 1761689797717.938
6755.000 2037.000 1174398.000 1.000 1020.000 560.000 628.000 65280.743 1161356.575 9287344.038 81808.979 886778174.513 14037897351343.869
6801.000 1800.000 1174408.000 1.000 1000.000 580.000 633.000 64978.195 1262617.530 10788034.865 3950857.394 868850664.391 14964678852.969
6826.000 1561.000 1174418.000 1.000 960.000 580.000 620.000 50367.036 1319425.657 12415153.750 2524366.250 220971611.419 1700835756970.859
6836.000 1375.000 1174428.000 1.000 930.000 580.000 619.000 41031.362 1342498.908 13760497.108 3186158.352 30574705.667 412637723811.415
6851.000 1224.000 1174438.000 1.000 900.000 580.000 616.000 29248.232 1377483.785 14903571.458 3448636.173 39108639.800 144317184665.973
6857.000 1116.000 1174448.000 1.000 880.000 580.000 586.000 16494.400 1391603.735 15749106.569 2339717.120 361285896.179 2216555424018.750
6857.000 1055.000 1174458.000 1.000 850.000 590.000 554.000 7841.600 1391603.735 16236986.326 1681671.680 765093418.380 4608988580075.232
6857.000 1026.000 1174468.000 1.000 830.000 590.000 481.000 1622.400 1391603.735 16471539.162 5198838.840 1147822017.362 1877754018599.414
6857.000 1032.000 1174478.000 1.000 820.000 590.000 427.000 20848.875 1391603.735 16422872.989 5637535.800 214711789.158 3272512151679.473
6844.000 1108.000 1174488.000 1.000 820.000 590.000 301.000 0.000 1361101.509 15812666.800 0.000 1260386472.415 14657620443245.844
