3275.000 5993.000 62516213.000 0.000 1430.000 620.000 262.000 13671.967 6593644.337 1975048.427 2203659.840 357189333.531 3387003066.897
3220.000 6018.000 62516223.000 1.000 1440.000 600.000 394.000 23409.748 6879128.354 2045941.636 616866.191 83936238.602 2336604766804.556
3130.000 6069.000 62516233.000 1.000 1430.000 570.000 514.000 20683.870 7359334.019 2194439.780 2844979.557 141313851.187 489324986670.485
3075.000 6142.000 62516243.000 1.000 1440.000 540.000 631.000 8112.153 7660768.036 2416047.948 811546.424 598255754.902 1779330431866.103
3044.000 6160.000 62516253.000 1.000 1450.000 530.000 731.000 4526.000 7833333.210 2472329.057 1024233.800 786545597.567 1257152397386.647
3028.000 6172.000 62516263.000 1.000 1440.000 510.000 748.000 0.000 7923151.106 2510209.797 409693.520 1060897417.761 3012891784105.670
3028.000 6172.000 62516273.000 1.000 1450.000 510.000 763.000 1810.400 7923151.106 2510209.797 3290328.905 946240367.443 1310720515136.890
3036.000 6172.000 62516283.000 1.000 1460.000 500.000 774.000 16350.077 7878178.158 2510209.797 3867187.067 263131977.162 2964337634896.433
3108.000 6166.000 62516293.000 1.000 1480.000 500.000 796.000 33438.840 7479181.626 2491233.427 2565072.255 752417.005 176072870547.753
3255.000 6181.000 62516303.000 1.000 1490.000 510.000 790.000 44773.671 6696756.707 2538809.352 4140720.403 148894923.119 3981056591388.474
3451.000 6208.000 62516313.000 1.000 1490.000 510.000 793.000 63071.154 5720751.481 2625580.017 109552.735 930233758.204 4144926028547.967
3725.000 6259.000 62516323.000 1.000 1490.000 510.000 797.000 63555.258 4485116.013 2793458.162 118099.634 959998201.091 4110197658435.682
4000.000 6316.000 62516333.000 1.000 1490.000 510.000 796.000 63033.386 3395945.927 2987242.676 357770.117 927931356.738 3195841823563.819
4272.000 6376.000 62516343.000 1.000 1490.000 510.000 794.000 61452.431 2467441.695 3198246.375 3960931.842 834112781.357 3295931199106.104
4542.000 6405.000 62516353.000 1.000 1490.000 510.000 794.000 43949.418 1692104.701 3302812.497 3670910.514 129458832.569 2326993548569.243
4736.000 6396.000 62516363.000 1.000 1500.000 500.000 790.000 27727.984 1225026.713 3270180.942 1599969.966 23458874.806 297561423377.252
4854.000 6363.000 62516373.000 1.000 1500.000 500.000 793.000 20657.856 977743.730 3151917.907 1160788.651 141933013.380 969581359132.601
4921.000 6301.000 62516383.000 1.000 1500.000 500.000 800.000 25787.280 849732.291 2935616.751 1787315.137 46024559.069 128269086329.240
4942.000 6189.000 62516393.000 1.000 1500.000 500.000 827.000 33685.270 811457.302 2564367.179 4638988.648 1240661.243 6217675764958.072
4913.000 6043.000 62516403.000 1.000 1500.000 500.000 833.000 54184.557 864545.239 2118084.844 77501.866 467127679.737 4276458601070.538
4850.000 5812.000 62516413.000 1.000 1500.000 500.000 857.000 54527.031 985670.204 1499067.601 285666.863 482048842.961 3458837488681.125
4754.000 5591.000 62516423.000 1.000 1500.000 500.000 867.000 53264.694 1185505.580 1006739.641 1463871.562 428211578.074 464565355516.124
4656.000 5377.000 62516433.000 1.000 1490.000 510.000 855.000 46795.973 1408516.192 623095.780 3054323.803 202337900.650 826030003180.215
4556.000 5196.000 62516443.000 1.000 1490.000 510.000 860.000 33299.182 1655878.042 370106.953 1680202.595 529637.150 216466198131.717
4480.000 5070.000 62516453.000 1.000 1490.000 510.000 855.000 25874.513 1857249.048 232675.185 1888231.359 44848566.851 66167538641.159
4407.000 4982.000 62516463.000 1.000 1480.000 510.000 854.000 17530.583 2061548.198 155523.092 3218963.616 226226785.485 1152405986763.455
4347.000 4933.000 62516473.000 1.000 1480.000 510.000 730.000 31754.903 2237445.308 119276.404 616309.655 666700.436 2338306513592.662
4011.000 5856.000 62516543.000 0.000 1450.000 530.000 700.000 12690.972 3355525.123 1608747.647 934615.605 395232223.023 1466148690888.743
3963.000 5827.000 62516553.000 1.000 1430.000 520.000 714.000 16820.957 3533682.811 1536023.526 134665.020 248077092.908 4043303994263.029
3913.000 5772.000 62516563.000 1.000 1420.000 530.000 728.000 16225.884 3724163.736 1402718.468 4103157.092 267176555.631 3832570560537.244
3867.000 5717.000 62516573.000 1.000 1420.000 530.000 730.000 34357.378 3903822.187 1275463.410 858007.398 3189645.049 1657539031746.424
3822.000 5572.000 62516583.000 1.000 1420.000 530.000 767.000 38148.838 4083670.019 968972.803 892016.894 31107588.645 1571124321756.212
3779.000 5409.000 62516593.000 1.000 1420.000 530.000 821.000 42090.583 4259308.614 674639.086 776289.563 90614459.268 1874632821435.308
3716.000 5234.000 62516603.000 1.000 1420.000 530.000 857.000 38660.227 4523317.580 417786.630 824224.429 37073567.516 1745668390148.395
3640.000 5081.000 62516613.000 1.000 1420.000 530.000 870.000 35018.051 4852368.586 243408.196 735040.051 5986001.977 1989289723148.196
3572.000 4942.000 62516623.000 1.000 1420.000 530.000 890.000 31769.973 5156574.643 125573.959 1781435.184 642317.711 132515432155.998
3519.000 4812.000 62516633.000 1.000 1420.000 530.000 906.000 23897.966 5400089.424 50339.277 2383583.502 75228808.802 56701908986.360
3475.000 4716.000 62516643.000 1.000 1420.000 530.000 906.000 13365.118 5606520.638 16477.358 1825691.317 368882046.507 102253210111.127
3447.000 4664.000 62516653.000 1.000 1420.000 530.000 909.000 5297.547 5739901.955 5831.485 840353.056 743864162.609 1703309030849.840
3439.000 4642.000 62516663.000 1.000 1410.000 530.000 914.000 1584.100 5778298.903 2955.462 985764.158 960214016.903 1344898796075.259
3439.000 4635.000 62516673.000 1.000 1410.000 530.000 920.000 5940.106 5778298.903 2243.364 2309412.999 709226899.221 26879970882.697
3464.000 4627.000 62516683.000 1.000 1410.000 530.000 930.000 16145.201 5658733.441 1549.537 1836272.426 269820679.181 95598115708.921
3535.000 4620.000 62516693.000 1.000 1400.000 540.000 933.000 24259.529 5325983.528 1047.439 4347512.890 69087536.320 4849028670269.555
3639.000 4646.000 62516703.000 1.000 1400.000 540.000 930.000 43470.810 4856775.204 3406.375 2685567.953 118796696.702 291714574905.608
3825.000 4694.000 62516713.000 1.000 1390.000 550.000 939.000 55338.101 4071554.164 11313.335 1874396.282 518321751.912 73476556003.009
4059.000 4765.000 62516723.000 1.000 1390.000 550.000 935.000 63620.895 3181975.435 31458.046 534027.040 964069881.623 2596722229202.627
4325.000 4856.000 62516733.000 1.000 1370.000 540.000 939.000 65980.714 2303744.915 72019.323 6312522.861 1116180908.198 17364397256514.941
4597.000 4961.000 62516743.000 1.000 1390.000 550.000 935.000 38086.225 1552040.684 139400.797 2020336.041 30413071.319 15656474470.170
4780.000 4989.000 62516754.000 1.000 1390.000 550.000 938.000 28265.767 1129563.499 161093.190 2574489.956 18538649.996 184065093820.316
4904.000 4974.000 62516764.000 1.000 1390.000 550.000 942.000 16889.320 881362.805 149277.266 685739.465 245928268.568 2130789515842.493
4965.000 4931.000 62516774.000 1.000 1390.000 550.000 948.000 19919.543 770549.077 117898.948 2994326.695 160069998.205 720571481711.169
4997.000 4849.000 62516784.000 1.000 1400.000 550.000 935.000 33151.212 715393.285 68311.225 2183526.382 336158.462 1448906651.788
5009.000 4703.000 62516794.000 1.000 1400.000 550.000 967.000 42800.025 695237.863 13308.890 3056600.834 104624354.925 830174201617.466
5002.000 4514.000 62516804.000 1.000 1400.000 550.000 982.000 56306.878 706960.192 5422.237 1427205.531 563371954.122 515892176476.777
4972.000 4267.000 62516814.000 1.000 1410.000 560.000 1023.000 62613.575 758308.747 102807.341 1133934.309 902531061.415 1023188017877.114
4927.000 3994.000 62516824.000 1.000 1410.000 560.000 1023.000 67624.332 838706.580 352403.508 3051906.014 1228706621.444 821640976142.416
4851.000 3705.000 62516834.000 1.000 1410.000 560.000 1023.000 54138.225 983685.586 779046.023 1945326.623 465127066.688 40054119310.591
4767.000 3481.000 62516844.000 1.000 1430.000 560.000 1023.000 45541.996 1157365.539 1224642.878 1782675.987 168235835.024 131613600926.189
4677.000 3301.000 62516854.000 1.000 1430.000 560.000 1023.000 37664.506 1359111.204 1655431.780 4276611.064 25939522.354 4541796863459.430
4607.000 3150.000 62516864.000 1.000 1430.000 560.000 1023.000 18766.534 1527224.499 2066796.803 2037629.640 190574884.655 11627791022.277
4561.000 3081.000 62516874.000 1.000 1430.000 560.000 1023.000 9762.426 1643034.950 2269951.549 144827.700 520250219.158 4002537104352.025
4531.000 3050.000 62516884.000 1.000 1430.000 560.000 1023.000 9122.445 1720843.505 2364323.971 1560061.735 549854440.750 342693324548.175
4491.000 3045.000 62516894.000 1.000 1420.000 570.000 1023.000 16016.222 1827388.244 2379725.329 1969102.153 274074589.432 31102751735.568
4426.000 3073.000 62516904.000 1.000 1420.000 570.000 1023.000 24717.513 2007348.447 2294121.722 2091934.851 61683859.250 2865142356.465
4343.000 3144.000 62516914.000 1.000 1420.000 570.000 986.000 33961.591 2249427.782 2084084.433 1738695.261 1932574.686 165459078707.059
4232.000 3245.000 62516924.000 1.000 1400.000 580.000 875.000 41644.734 2594706.435 1802670.994 1530.467 82325022.222 4596441884538.678
4083.000 3353.000 62516934.000 1.000 1400.000 580.000 728.000 41651.497 3096928.591 1524325.653 1315666.335 82447793.602 688560639105.633
3909.000 3413.000 62516944.000 1.000 1380.000 580.000 591.000 47465.312 3739618.210 1379769.352 334659.682 221828011.159 3279004584141.413
3701.000 3440.000 62516954.000 1.000 1380.000 580.000 533.000 48944.144 4587346.857 1317068.017 306883.167 268066082.663 3380371667508.938
3485.000 3451.000 62516964.000 1.000 1360.000 580.000 524.000 50300.234 5559264.453 1291941.029 467762.553 314310836.624 2814675016862.420
3263.000 3462.000 62516974.000 1.000 1350.000 580.000 526.000 48233.232 6655415.759 1267056.040 2638192.501 245292346.976 242783469262.900
3051.000 3484.000 62516984.000 1.000 1350.000 580.000 538.000 36575.289 7794198.880 1218012.063 1467566.136 16030964.886 459542633691.027
2892.000 3513.000 62516994.000 1.000 1350.000 580.000 594.000 30090.242 8707275.221 1154842.185 1769556.471 6156245.558 141304873164.901
2768.000 3561.000 62517004.000 1.000 1340.000 570.000 664.000 22270.726 9454451.915 1053981.144 1887537.297 106104302.240 66525088216.765
2681.000 3607.000 62517014.000 1.000 1320.000 580.000 758.000 13929.863 9997037.724 961646.647 1973346.410 347507657.082 29623733479.205
2639.000 3652.000 62517024.000 1.000 1320.000 580.000 817.000 5209.817 10264393.701 875414.422 165264.401 748657332.964 3921182038187.866
2626.000 3671.000 62517034.000 1.000 1320.000 580.000 824.000 5940.106 10347861.742 840221.260 3695619.306 709226899.221 2402988059199.961
2646.000 3688.000 62517044.000 1.000 1320.000 580.000 858.000 22270.726 10219589.372 809344.641 2449308.264 106104302.240 92322627778.149
2733.000 3734.000 62517054.000 1.000 1320.000 580.000 885.000 33094.006 9670913.562 728694.144 2253572.795 273095.856 11687970905.762
2864.000 3799.000 62517064.000 1.000 1320.000 580.000 892.000 43052.348 8873304.539 621946.485 2210987.887 109849846.289 4293658177.417
3047.000 3851.000 62517074.000 1.000 1320.000 580.000 899.000 52822.511 7816549.354 542632.358 1517666.014 410106676.155 394127643770.959
3275.000 3901.000 62517084.000 1.000 1320.000 580.000 894.000 59528.945 6593644.337 471468.774 639255.861 726708140.101 2268656558246.566
3534.000 3947.000 62517094.000 1.000 1340.000 570.000 900.000 62353.761 5330600.146 410414.277 2759552.891 886987819.947 377107775264.578
3806.000 3991.000 62517104.000 1.000 1340.000 570.000 884.000 50159.537 4148591.915 355974.323 6780410.557 309341850.456 21482749279736.727
4026.000 4018.000 62517114.000 1.000 1340.000 570.000 609.000 20197.493 3300795.846 324484.988 43709.353 153114075.839 4417363666017.340
6733.000 5201.000 62517445.000 0.000 1350.000 800.000 667.000 13804.300 792439.574 376215.595 665751.970 352204802.858 2189541404563.114
6793.000 5212.000 62517455.000 1.000 1350.000 800.000 761.000 16746.200 902862.464 389830.607 1800962.837 250437596.281 118679587557.294
6793.000 5286.000 62517465.000 1.000 1390.000 790.000 770.000 8787.902 902862.464 487712.503 1119611.103 565655740.829 1052369807527.791
6761.000 5308.000 62517475.000 1.000 1380.000 780.000 771.000 3840.438 843074.256 518924.526 2383556.799 825469341.631 56689192575.827
6773.000 5296.000 62517485.000 1.000 1380.000 770.000 787.000 14373.168 865254.834 501779.786 1886158.677 331176385.323 67238148774.813
6808.000 5243.000 62517495.000 1.000 1400.000 750.000 791.000 22707.939 931593.187 429502.185 728005.968 97288262.569 2009181249829.546
6858.000 5156.000 62517505.000 1.000 1430.000 740.000 808.000 25924.934 1030612.262 323037.820 221135.155 44175779.606 3703033327397.129
6890.000 5046.000 62517515.000 1.000 1440.000 720.000 809.000 26902.111 1096608.470 210097.705 252286.255 32141067.487 3584113930219.704
6916.000 4930.000 62517525.000 1.000 1430.000 700.000 802.000 25787.280 1151738.389 117213.219 2008465.454 46024559.069 18768019515.684
6937.000 4818.000 62517535.000 1.000 1450.000 700.000 796.000 16912.046 1197253.401 53067.647 1143586.230 245216002.218 1003754809132.907
6968.000 4750.000 62517545.000 1.000 1450.000 680.000 785.000 11858.638 1266054.227 26362.121 6864519.704 429019348.955 22269506788317.980
7003.000 4711.000 62517555.000 1.000 1440.000 670.000 491.000 42192.353 1346042.580 15218.716 182905.100 92562346.785 3851629097231.116
7951.000 5608.000 62517625.000 0.000 1490.000 560.000 799.000 36534.661 4444468.244 1041143.023 7143466.815 15707277.162 24980053374833.062
8059.000 5488.000 62517635.000 1.000 1490.000 560.000 812.000 4968.303 4911501.447 810655.624 3484725.131 761932082.476 1793626067416.341
8040.000 5499.000 62517645.000 1.000 1500.000 550.000 820.000 20367.000 4827647.198 830584.636 3501980.732 148947873.886 1840143407922.454
8040.000 5409.000 62517655.000 1.000 1500.000 550.000 820.000 35841.948 4827647.198 674639.086 2324111.862 10696351.697 31915817660.961
8051.000 5251.000 62517665.000 1.000 1500.000 550.000 823.000 25571.900 4876106.395 440052.011 18383.933 48993283.872 4524460573654.456
8051.000 5138.000 62517675.000 1.000 1500.000 550.000 827.000 25490.663 4876106.395 302900.711 432096.994 50137123.377 2935619217306.062
8019.000 5030.000 62517685.000 1.000 1500.000 550.000 817.000 27400.062 4735806.187 195686.052 2599584.816 26742946.254 206227645048.993
7957.000 4926.000 62517695.000 1.000 1520.000 560.000 832.000 38887.401 4469802.533 114490.306 1629881.395 39891612.707 265823231917.313
7834.000 4806.000 62517705.000 1.000 1520.000 560.000 821.000 46089.705 3964840.609 47682.907 1171919.217 182744022.309 947785308003.656
7668.000 4688.000 62517715.000 1.000 1520.000 560.000 825.000 51268.314 3331321.279 10072.965 6239430.676 349573835.521 16760580539112.451
7474.000 4571.000 62517725.000 1.000 1520.000 560.000 824.000 78839.815 2660783.268 276.751 1277179.720 2140764351.806 753913901635.009
7152.000 4438.000 62517735.000 1.000 1520.000 560.000 825.000 73196.069 1713980.424 22390.884 784254.191 1650362085.239 1852886360459.871
6859.000 4301.000 62517745.000 1.000 1520.000 560.000 831.000 69730.518 1032643.643 82160.104 6745687.764 1380798544.842 21162078224826.758
6584.000 4162.000 62517755.000 1.000 1510.000 560.000 863.000 39921.911 549363.730 181165.867 6028503.235 54029714.117 15078010199250.941
6420.000 4097.000 62517765.000 1.000 1510.000 560.000 887.000 13282.480 333149.164 240723.526 1981591.424 372063216.358 26853524889.022
6366.000 4074.000 62517775.000 1.000 1510.000 560.000 885.000 4526.000 273728.562 263821.774 1843620.840 786545597.567 91108010737.883
6386.000 4074.000 62517785.000 1.000 1490.000 560.000 897.000 12672.800 295056.192 263821.774 4493992.807 395955088.256 5515597536008.634
6442.000 4074.000 62517795.000 1.000 1490.000 560.000 902.000 32531.363 359029.557 263821.774 3148408.481 1604.584 1005901893397.015
6583.000 4102.000 62517805.000 1.000 1490.000 560.000 903.000 46443.906 547882.349 235842.167 4337425.341 192445860.603 4804703833896.721
6781.000 4156.000 62517815.000 1.000 1480.000 560.000 903.000 65610.611 880201.886 186309.497 2378107.269 1091588124.746 54123879096.599
7064.000 4219.000 62517825.000 1.000 1470.000 560.000 892.000 76119.260 1491306.851 135892.381 1556129.320 1896414346.011 347312861023.257
7393.000 4289.000 62517835.000 1.000 1470.000 560.000 905.000 82995.660 2403091.366 89183.364 1834020.515 2542603953.345 96995721057.094
7752.000 4364.000 62517845.000 1.000 1450.000 560.000 894.000 74891.283 3645009.325 50012.988 6123437.217 1790970782.323 15824287817237.143
8080.000 4408.000 62517855.000 1.000 1450.000 560.000 896.000 47832.347 5005022.458 32269.034 4092119.083 232895884.960 3789474283342.918
8290.000 4432.000 62517865.000 1.000 1450.000 560.000 893.000 29749.629 5988742.574 24222.514 5541187.458 7962505.916 11530952231350.543
8421.000 4443.000 62517875.000 1.000 1470.000 560.000 896.000 5263.604 6647067.551 20919.526 1578542.072 745716828.896 321398063649.632
8442.000 4453.000 62517885.000 1.000 1470.000 560.000 888.000 12239.044 6755792.562 18126.809 2246175.048 413405524.383 10143143106.283
8397.000 4483.000 62517895.000 1.000 1470.000 560.000 866.000 22164.696 6523890.395 10948.659 2174586.174 108299909.826 848224760.592
8309.000 4526.000 62517905.000 1.000 1470.000 560.000 824.000 31774.003 6082096.823 3798.977 729552.729 635874.287 2004798711265.121
8176.000 4571.000 62517915.000 1.000 1480.000 570.000 647.000 34997.833 5443779.083 276.751 649995.848 5887478.784 2236418639536.292
7569.000 5486.000 62517986.000 0.000 1500.000 570.000 589.000 14604.680 2979734.510 807058.167 2250525.891 322803755.574 11038447343.875
7583.000 5423.000 62517996.000 1.000 1500.000 570.000 625.000 4659.802 3028263.851 697833.283 3990293.135 779058433.898 3403402375868.404
7573.000 5441.000 62518006.000 1.000 1510.000 560.000 637.000 22292.560 2993560.036 728230.393 3880731.575 105654968.247 3011160929852.369
7563.000 5343.000 62518016.000 1.000 1510.000 560.000 671.000 39441.175 2959056.221 570575.017 1945462.629 47193530.186 39999698617.908
7553.000 5169.000 62518026.000 1.000 1510.000 560.000 722.000 48038.005 2924752.406 337984.289 1794448.792 239215243.516 123210184818.612
7522.000 4959.000 62518036.000 1.000 1510.000 560.000 799.000 55967.518 2819681.580 137911.341 1846989.542 547377389.454 89085733890.814
7476.000 4716.000 62518046.000 1.000 1510.000 560.000 869.000 64129.204 2667312.031 16477.358 2090656.483 995893714.573 3003631051.831
7373.000 4452.000 62518056.000 1.000 1510.000 560.000 902.000 73367.633 2341483.736 18397.081 2233675.593 1664330973.918 7781659947.522
7243.000 4155.000 62518066.000 1.000 1520.000 560.000 902.000 63497.215 1960534.140 187173.768 3073903.958 956404780.293 862004700476.439
7096.000 3916.000 62518076.000 1.000 1500.000 550.000 905.000 49913.901 1570487.060 451094.699 5958432.156 300761638.213 14538742359645.658
7003.000 3716.000 62518086.000 1.000 1500.000 550.000 902.000 23584.108 1346042.580 759749.034 3069845.494 80771781.661 854485074071.007
6958.000 3622.000 62518096.000 1.000 1490.000 560.000 903.000 10018.728 1243650.412 932452.572 800758.477 508623928.179 1808227230054.039
6944.000 3580.000 62518106.000 1.000 1490.000 560.000 866.000 6480.246 1212621.071 1015329.982 6351115.158 680749374.272 17687519532238.383
6972.000 3574.000 62518116.000 1.000 1470.000 560.000 622.000 34545.271 1275071.753 1027457.612 419372.280 3896086.743 2979385291843.010
7455.000 4165.000 62518166.000 0.000 1430.000 570.000 518.000 43811.119 2599159.019 178621.052 8465970.804 126330827.763 39948833114700.211
7617.000 4271.000 62518176.000 1.000 1430.000 570.000 702.000 6400.731 3147752.823 100258.254 1038791.905 684904976.350 1224718423702.422
7637.000 4291.000 62518186.000 1.000 1430.000 570.000 733.000 1810.400 3219120.453 87992.820 358481.830 946240367.443 3193297683170.118
7645.000 4291.000 62518196.000 1.000 1430.000 570.000 754.000 3394.500 3247891.505 87992.820 2366214.299 851292675.865 48731632461.984
7645.000 4276.000 62518206.000 1.000 1430.000 570.000 811.000 13850.595 3247891.505 97116.896 1635725.593 350469298.420 259831077741.115
7650.000 4215.000 62518216.000 1.000 1420.000 570.000 867.000 21078.724 3265938.412 138857.468 2420341.638 132082067.327 75558883808.224
7626.000 4125.000 62518226.000 1.000 1420.000 570.000 903.000 31774.003 3179769.256 214031.919 128440.865 635874.287 4068373756973.322
7581.000 3992.000 62518236.000 1.000 1420.000 570.000 941.000 31206.434 3021307.088 354782.052 114380.619 1863187.490 4125291070681.719
7535.000 3862.000 62518246.000 1.000 1420.000 570.000 959.000 30700.996 2863509.539 526547.370 2535992.705 3498486.913 152514328756.098
7493.000 3733.000 62518256.000 1.000 1420.000 570.000 989.000 19494.665 2723129.516 730402.416 1390152.979 171001528.133 570491529197.535
7479.000 3648.000 62518266.000 1.000 1420.000 570.000 981.000 13351.700 2677120.175 882915.508 293776.097 369397646.877 3428740222459.697
7479.000 3589.000 62518276.000 1.000 1420.000 570.000 985.000 12053.529 2677120.175 997273.537 1381047.120 420983861.762 584329918492.401
7513.000 3548.000 62518286.000 1.000 1420.000 570.000 991.000 18156.256 2789537.146 1080842.676 1229305.728 207796960.646 839342086681.475
7587.000 3517.000 62518296.000 1.000 1420.000 570.000 994.000 23588.451 3042201.377 1146261.098 3064553.016 80693736.728 844728524465.904
7690.000 3501.000 62518306.000 1.000 1420.000 570.000 994.000 37130.444 3412113.672 1180777.445 1395021.371 20784697.461 563160950859.280
7854.000 3496.000 62518316.000 1.000 1420.000 570.000 993.000 43294.922 4044888.239 1191668.803 1038927.006 114993489.565 1224419417515.321
8045.000 3507.000 62518326.000 1.000 1420.000 580.000 1003.000 47885.850 4849644.106 1167773.815 1498222.544 234531758.258 418918752296.684
8255.000 3533.000 62518336.000 1.000 1420.000 580.000 1003.000 54506.365 5818664.221 1112256.751 1304286.839 481141800.742 707575442103.708
8493.000 3570.000 62518346.000 1.000 1420.000 580.000 1006.000 48742.835 7023511.019 1035582.699 833074.343 261514654.689 1722361035575.226
8706.000 3602.000 62518356.000 1.000 1420.000 580.000 1009.000 45061.552 8197861.279 971478.005 1759924.464 156003390.880 148639095699.547
8903.000 3631.000 62518366.000 1.000 1430.000 590.000 1015.000 37284.599 9364767.435 915152.127 2721720.284 22214053.834 332073753316.990
9066.000 3655.000 62518376.000 1.000 1420.000 590.000 1023.000 25257.554 10388958.620 869809.607 1701297.602 53492639.671 197281901892.293
9175.000 3679.000 62518386.000 1.000 1420.000 590.000 1023.000 17739.668 11103495.204 825619.086 1253801.572 219980875.105 795058096915.021
9247.000 3710.000 62518396.000 1.000 1440.000 600.000 1023.000 12199.228 11588514.672 770244.664 771065.427 415026217.483 1888965597768.576
9288.000 3745.000 62518406.000 1.000 1440.000 600.000 1023.000 15606.499 11869339.314 710035.156 1375227.137 287808553.362 593261552458.945
9322.000 3805.000 62518416.000 1.000 1440.000 600.000 1023.000 21683.508 12104768.285 612518.855 958940.592 118546633.384 1407832756301.361
9352.000 3896.000 62518426.000 1.000 1450.000 600.000 1023.000 25920.983 12314419.730 478360.133 2188493.667 44228315.751 1851735075.968
9376.000 4008.000 62518436.000 1.000 1450.000 600.000 1023.000 35591.746 12483436.886 335977.705 2939415.000 9122367.575 630361563834.475
9396.000 4164.000 62518446.000 1.000 1480.000 600.000 1023.000 48580.765 12625164.516 179467.323 2003151.025 256299119.000 20252378182.372
9413.000 4378.000 62518456.000 1.000 1480.000 600.000 1023.000 57432.515 12746262.002 43947.185 578853.449 618074031.666 2454261962116.635
9433.000 4631.000 62518466.000 1.000 1500.000 600.000 1023.000 59990.418 12889469.632 1880.451 13575831.593 751801437.060 130653351877750.016
9426.000 4896.000 62518476.000 1.000 1500.000 600.000 787.000 0.000 12839255.961 95088.456 0.000 1060897417.761 4603006659409.994
