2744.000 5987.000 40552478.000 0.000 1350.000 800.000 770.000 17337.129 13242444.356 1000124.298 2010387.086 498577295.570 39894616889195.477
2746.000 6061.000 40552488.000 1.000 1350.000 800.000 784.000 25921.190 13227892.288 1153609.495 5193148.458 188919072.763 9818553944815.514
2711.000 6166.000 40552498.000 1.000 1350.000 800.000 788.000 3747.200 13483708.475 1390187.546 1535789.920 1290158287.918 46115178215357.750
2695.000 6166.000 40552508.000 1.000 1350.000 800.000 757.000 10304.800 13601469.017 1390187.546 2357273.353 862078507.804 35632928016226.078
2739.000 6166.000 40552518.000 1.000 1350.000 800.000 762.000 20370.015 13278859.526 1390187.546 4595631.188 372334013.453 13920170401231.602
2822.000 6192.000 40552528.000 1.000 1390.000 790.000 774.000 39992.693 12680841.712 1452174.778 2195671.840 106745.648 37588349325309.789
2984.000 6246.000 40552538.000 1.000 1410.000 770.000 785.000 49367.893 11553316.221 1585237.490 1323152.714 94127242.478 49048352961322.328
3181.000 6321.000 40552548.000 1.000 1410.000 760.000 784.000 55017.563 10252912.543 1779721.812 295701.388 235671300.957 64495423190363.906
3400.000 6406.000 40552558.000 1.000 1430.000 740.000 785.000 56280.165 8898390.119 2013737.377 222710.616 276031360.043 65673114646361.930
3622.000 6498.000 40552568.000 1.000 1420.000 720.000 793.000 55329.223 7623214.594 2283308.812 3694845.761 245337385.696 21453199626067.195
3845.000 6576.000 40552578.000 1.000 1440.000 720.000 823.000 39552.768 6441530.034 2525118.507 2422208.582 12815.479 34861904681432.570
4006.000 6627.000 40552588.000 1.000 1450.000 700.000 827.000 29210.289 5650209.577 2689803.846 2343379.204 109321337.832 35798998648202.734
4126.000 6661.000 40552598.000 1.000 1450.000 680.000 843.000 19204.400 5094125.509 2802484.072 1087275.374 418675989.055 52407902777361.352
4208.000 6661.000 40552608.000 1.000 1460.000 660.000 851.000 14561.892 4730698.729 2802484.072 301592.455 630214906.682 64400836704933.305
4263.000 6632.000 40552618.000 1.000 1450.000 650.000 867.000 15849.648 4494471.865 2706229.467 2340888.253 567217359.111 35828812700814.117
4301.000 6576.000 40552628.000 1.000 1460.000 630.000 866.000 25844.901 4334794.577 2525118.507 40598347.276 191022044.347 1041465307876868.750
4328.000 6469.000 40552638.000 1.000 1470.000 620.000 885.000 199193.950 4223094.661 2196508.207 284705820.184 25449175294.296 76385470229013472.000
4325.000 6384.000 40552639.000 1.000 1470.000 615.000 893.000 77628.698 4235433.763 1951782.642 2080745.216 1441168453.393 39010772502641.398
4297.000 6087.000 40552648.000 1.000 1460.000 600.000 906.000 69632.666 4351466.712 1210136.727 1301906.793 898002660.913 49346393965893.883
4241.000 5795.000 40552658.000 1.000 1460.000 580.000 899.000 64073.713 4588236.610 652964.433 883799.135 595737748.741 55395368750176.156
4173.000 5530.000 40552668.000 1.000 1460.000 580.000 900.000 60300.019 4884174.916 294916.495 3381673.989 425763834.745 24452349085751.648
4097.000 5284.000 40552678.000 1.000 1460.000 570.000 897.000 45860.762 5225873.492 88245.919 3429316.593 38375404.875 23983440062048.578
4030.000 5100.000 40552688.000 1.000 1440.000 580.000 909.000 31218.078 5536688.763 12783.049 2298004.827 71366937.949 36344027826741.219
3968.000 4982.000 40552698.000 1.000 1440.000 580.000 869.000 21405.931 5832306.865 24.382 1467928.128 333429151.173 47041457286696.227
3913.000 4909.000 40552708.000 1.000 1440.000 580.000 791.000 15138.091 6100983.729 6074.309 3093041.225 601617018.687 27390196541719.848
3860.000 4872.000 40552718.000 1.000 1430.000 590.000 567.000 28344.928 6365614.526 13210.710 252490.639 128166070.637 65191333135405.883
3375.000 5710.000 40552798.000 0.000 1380.000 600.000 770.000 19720.141 9048165.966 522818.868 173266.781 397836233.104 66476934636556.234
3352.000 5629.000 40552808.000 1.000 1360.000 610.000 818.000 18980.317 9187063.746 412243.800 3312108.158 427896383.784 25145185050415.652
3274.000 5607.000 40552818.000 1.000 1360.000 610.000 829.000 33122.538 9665986.390 384477.066 512092.118 42816547.810 61066621668787.359
3133.000 5618.000 40552828.000 1.000 1350.000 600.000 817.000 35309.097 10562610.170 398239.433 3752946.565 18982372.615 20918357383063.875
3062.000 5485.000 40552838.000 1.000 1350.000 600.000 824.000 19284.560 11029153.577 248065.902 2651127.255 415402015.222 32211054959076.516
3023.000 5325.000 40552858.000 1.000 1350.000 600.000 830.000 41924.417 11289713.899 114286.015 737810.799 5100567.158 57589807219649.602
3004.000 5147.000 40552868.000 1.000 1350.000 600.000 837.000 38774.072 11417755.543 25619.891 258105.262 795488.240 65100698435758.977
2975.000 4984.000 40552878.000 1.000 1350.000 600.000 854.000 37672.000 11614579.526 8.631 114980.958 3975930.217 67430780005529.484
2932.000 4829.000 40552888.000 1.000 1360.000 600.000 903.000 37181.048 11909517.983 24944.365 2643008.595 6174854.614 32303275430493.539
2880.000 4679.000 40552898.000 1.000 1360.000 600.000 930.000 25895.785 12271127.746 94825.721 2784344.079 189618090.625 30716663269592.988
2835.000 4578.000 40552908.000 1.000 1350.000 600.000 933.000 14007.040 12588424.271 167230.168 1882051.810 658380867.053 41532274136436.750
2814.000 4522.000 40552918.000 1.000 1350.000 600.000 935.000 5970.952 12737881.983 216167.207 438920.075 1135354472.172 62215583656355.555
2809.000 4497.000 40552928.000 1.000 1350.000 600.000 949.000 4096.827 12773597.153 240039.100 2461048.076 1265164180.930 34404765599097.289
2824.000 4488.000 40552938.000 1.000 1340.000 610.000 971.000 14605.145 12666601.644 248938.981 1856455.155 628045123.832 41862847367487.562
2884.000 4505.000 40552948.000 1.000 1340.000 610.000 982.000 22531.939 12243119.610 232264.094 5485855.365 293575137.376 8069862155181.812
2974.000 4539.000 40552958.000 1.000 1340.000 610.000 985.000 45955.745 11621396.560 200648.320 4354286.448 39561225.842 15779319805458.053
3144.000 4637.000 40552968.000 1.000 1320.000 610.000 982.000 64547.916 10491230.797 122456.501 2854318.823 619111063.838 29945923065821.207
3379.000 4781.000 40552978.000 1.000 1320.000 610.000 976.000 76735.443 9024117.831 42410.399 502468.371 1374145570.896 61217124087523.828
3656.000 4956.000 40552988.000 1.000 1320.000 610.000 974.000 78880.910 7436621.441 957.151 2515585.761 1537811246.693 33767952096051.727
3960.000 5101.000 40552998.000 1.000 1330.000 620.000 985.000 68139.724 5871011.136 13010.173 1468775.932 810754468.984 47029828377000.055
4237.000 5190.000 40553008.000 1.000 1330.000 620.000 985.000 61868.264 4605388.746 41234.236 3021249.792 492941704.575 28146800730438.320
4496.000 5242.000 40553018.000 1.000 1330.000 620.000 982.000 48967.966 3560832.966 65056.699 2939046.294 86527064.943 29025795764078.371
4705.000 5248.000 40553028.000 1.000 1330.000 620.000 983.000 36418.665 2815740.882 68153.445 1301991.807 10545012.329 49345199577624.789
4855.000 5207.000 40553038.000 1.000 1330.000 620.000 995.000 30859.349 2334835.797 48427.348 626013.790 77556634.636 59299114922339.055
4966.000 5136.000 40553048.000 1.000 1350.000 630.000 993.000 33532.337 2007937.034 22219.524 3274041.056 37621496.402 25528408929328.023
5034.000 5010.000 40553058.000 1.000 1350.000 630.000 1023.000 47512.017 1819846.729 531.863 2541255.486 61560399.003 33470276466032.859
5068.000 4810.000 40553068.000 1.000 1350.000 630.000 1023.000 58362.809 1729269.577 31307.004 1818078.206 349571658.665 42360929428481.367
5078.000 4561.000 40553078.000 1.000 1350.000 630.000 1023.000 66125.739 1703069.238 181423.055 1825563.706 700119191.660 42263546296897.445
5064.000 4279.000 40553088.000 1.000 1350.000 630.000 1023.000 58330.847 1739805.712 501176.004 1156328.775 348377503.720 51412870397156.156
5041.000 4031.000 40553098.000 1.000 1380.000 630.000 1023.000 53393.491 1801009.492 913817.179 2004236.526 188444737.411 39972351281028.312
5011.000 3805.000 40553108.000 1.000 1380.000 630.000 1023.000 44835.692 1882430.509 1396977.089 2589991.570 26725989.632 32908741049247.691
4970.000 3618.000 40553118.000 1.000 1380.000 630.000 1023.000 33776.804 1996616.899 1873990.846 1580204.076 34682317.100 45513934134627.039
4922.000 3482.000 40553128.000 1.000 1400.000 630.000 1023.000 27029.562 2134570.526 2264837.942 1344132.116 159678894.955 48754936587761.789
4868.000 3380.000 40553138.000 1.000 1400.000 630.000 1023.000 21290.313 2295276.356 2582249.264 962679.568 337664897.877 54227407272346.688
4810.000 3310.000 40553148.000 1.000 1400.000 630.000 1023.000 17179.811 2474382.322 2812120.563 145056.454 505627502.833 66937747170114.672
4745.000 3276.000 40553158.000 1.000 1380.000 640.000 1023.000 16560.441 2683099.526 2927308.337 1134513.748 533865630.934 51726185859606.523
4675.000 3266.000 40553168.000 1.000 1380.000 640.000 1023.000 21404.650 2917321.899 2961627.094 1825661.602 333475935.043 42262273454477.688
4588.000 3294.000 40553178.000 1.000 1380.000 640.000 935.000 29199.960 3222085.848 2866038.574 1400143.154 109537438.050 47975882643769.297
4481.000 3358.000 40553188.000 1.000 1350.000 640.000 749.000 35178.368 3617668.475 2653438.529 1679142.569 20138602.895 44188765351139.906
4360.000 3447.000 40553198.000 1.000 1350.000 640.000 287.000 42348.063 4092597.577 2371408.591 810239.456 7193604.222 56495760692068.359
2538.000 3572.000 40553299.000 0.000 1290.000 630.000 932.000 7406.054 14784155.339 2002049.128 2067179.649 1040702404.506 39180413803502.812
2568.000 3562.000 40553309.000 1.000 1300.000 620.000 1012.000 16232.611 14554354.322 2030447.885 61833.016 549122476.865 68306466614484.031
2518.000 3610.000 40553319.000 1.000 1300.000 620.000 1006.000 15968.593 14938356.017 1895957.851 1491009.241 561565841.357 46725378202857.547
2523.000 3678.000 40553329.000 1.000 1300.000 620.000 1020.000 9602.200 14899730.848 1713318.303 8193072.700 903830475.531 17831047487.886
2564.000 3678.000 40553339.000 1.000 1300.000 620.000 1023.000 44585.431 14584890.458 1713318.303 4408676.354 24201062.344 15350169931843.449
2745.000 3737.000 40553349.000 1.000 1300.000 620.000 1023.000 63409.839 13235167.322 1562344.637 2886978.482 563771150.089 29589543676012.383
3000.000 3828.000 40553359.000 1.000 1300.000 620.000 1023.000 75736.818 11444803.678 1343136.947 1381136.653 1301105824.777 48239539523385.328
3303.000 3941.000 40553369.000 1.000 1300.000 620.000 1023.000 81634.071 9486504.407 1093985.993 1108963.933 1761321209.903 52094351887532.492
3636.000 4044.000 40553379.000 1.000 1320.000 630.000 1023.000 76898.956 7546102.119 889131.795 436468.469 1386294987.739 62254264661268.195
3950.000 4140.000 40553389.000 1.000 1330.000 620.000 1002.000 78762.613 5919571.475 717303.727 4294040.138 1528547222.181 16261584570888.975
4251.000 4290.000 40553399.000 1.000 1330.000 620.000 958.000 60427.685 4545496.271 485722.371 4038092.560 431048665.465 18391344483026.762
4488.000 4392.000 40553409.000 1.000 1330.000 620.000 878.000 43185.616 3591089.238 353951.049 2926466.007 12387883.507 29161508113437.852
4659.000 4461.000 40553419.000 1.000 1330.000 630.000 719.000 30690.031 2972234.441 276610.625 1014657.682 80567543.307 53464583018411.859
4785.000 4497.000 40553429.000 1.000 1330.000 630.000 296.000 26357.590 2553658.170 240039.100 125056.987 177113070.706 67265400394916.633
7559.000 5992.000 40553709.000 0.000 1480.000 610.000 675.000 11406.285 1382936.136 1010149.919 1497220.693 798609992.680 46640498827079.797
7513.000 5976.000 40553719.000 1.000 1500.000 600.000 791.000 17799.200 1276861.695 978243.930 592813.598 478155782.188 59811539431308.922
7437.000 5976.000 40553729.000 1.000 1500.000 600.000 814.000 15267.972 1110880.271 978243.930 635797.963 595262475.953 59148522806550.523
7402.000 6031.000 40553739.000 1.000 1510.000 600.000 811.000 12553.207 1038326.458 1090065.767 4157717.938 735102105.905 17379624716307.869
7394.000 5978.000 40553749.000 1.000 1510.000 600.000 814.000 30306.059 1022086.729 982204.179 2517918.159 87607998.971 33740850313819.824
7431.000 5854.000 40553759.000 1.000 1510.000 600.000 809.000 41057.204 1098268.475 751796.767 1485814.685 1935522.375 46796420962900.945
7498.000 5692.000 40553769.000 1.000 1500.000 580.000 806.000 34712.991 1243187.204 497112.631 757044.240 24532035.393 57298259869026.414
7585.000 5572.000 40553779.000 1.000 1500.000 580.000 783.000 31480.522 1444763.255 342297.716 1028647.619 67001615.843 53260191354040.656
7683.000 5480.000 40553789.000 1.000 1500.000 580.000 748.000 27088.346 1689955.932 243110.281 1016612.081 158196712.889 53436005910512.148
7780.000 5417.000 40553799.000 1.000 1490.000 580.000 679.000 22747.560 1951561.644 184953.450 604910.028 286232714.497 59624583206657.555
7877.000 5412.000 40553809.000 1.000 1490.000 580.000 546.000 25330.438 2231985.356 180677.829 1379452.989 205507577.343 48262930030320.789
7980.000 5445.000 40553819.000 1.000 1490.000 580.000 346.000 31220.502 2550354.865 209820.930 421944.418 71325988.428 62483669118817.609
8580.000 6177.000 40553890.000 0.000 1460.000 600.000 567.000 44012.156 4826734.526 1416247.913 8952960.831 18889302.544 392320818618.602
8760.000 6231.000 40553900.000 1.000 1460.000 600.000 728.000 5784.313 5650048.424 1547690.625 751340.065 1147966916.514 57384648612497.320
8781.000 6218.000 40553910.000 1.000 1460.000 600.000 737.000 2576.200 5750322.712 1515514.010 1452601.143 1375651296.395 47251937898021.266
8781.000 6229.000 40553920.000 1.000 1460.000 600.000 750.000 8778.596 5750322.712 1542718.377 2645150.119 954030087.257 32278936897639.375
8787.000 6192.000 40553930.000 1.000 1460.000 600.000 767.000 20073.003 5779134.509 1452174.778 1685059.164 383884492.018 44110139663636.133
8798.000 6107.000 40553940.000 1.000 1460.000 600.000 773.000 27267.961 5832143.136 1254539.213 1907029.240 153710713.320 41210961223839.898
8808.000 5991.000 40553950.000 1.000 1460.000 600.000 774.000 35410.699 5880542.797 1008140.795 473495.958 18107360.854 61671331761199.914
8789.000 5841.000 40553960.000 1.000 1490.000 590.000 779.000 37432.458 5788754.441 729422.151 2072056.864 4988591.375 39119380458007.609
8750.000 5686.000 40553970.000 1.000 1490.000 590.000 784.000 46279.840 5602608.763 488687.885 3126824.341 43743230.416 27037725612835.707
8630.000 5529.000 40553980.000 1.000 1490.000 590.000 784.000 59630.926 5048932.831 293831.371 2996461.127 398599329.342 28410440586258.648
8428.000 5374.000 40553990.000 1.000 1490.000 590.000 784.000 72425.380 4181955.678 149817.106 2540474.898 1073178715.898 33479309025170.816
8171.000 5202.000 40554000.000 1.000 1490.000 590.000 782.000 83272.839 3196883.390 46251.727 442821.144 1901558720.952 62154058063374.586
7855.000 5039.000 40554010.000 1.000 1490.000 590.000 784.000 81382.057 2166734.102 2710.467 69574693.094 1740231624.700 3751328216120210.500
7545.000 4882.000 40554020.000 1.000 1490.000 590.000 853.000 378455.896 1350204.610 11011.953 677420270.382 114778611604.783 447686332190750400.000
7392.000 4830.000 40554021.000 1.000 1490.000 590.000 874.000 89207.275 1018046.797 24629.490 17690960.827 2454340556.833 87691147968513.156
7068.000 4718.000 40554030.000 1.000 1490.000 590.000 906.000 21223.224 469201.780 72327.569 2631799.548 340135008.182 32430816486160.559
6984.000 4684.000 40554040.000 1.000 1460.000 600.000 902.000 9985.822 361180.627 91771.343 1131987.432 880911391.554 51762531235546.430
6957.000 4651.000 40554050.000 1.000 1480.000 600.000 902.000 5152.400 329456.543 112854.241 2172686.749 1191186753.985 37870717782578.938
6957.000 4629.000 40554060.000 1.000 1470.000 610.000 918.000 14429.457 329456.543 128119.507 2187521.914 636881763.772 37688349060252.234
7017.000 4615.000 40554070.000 1.000 1460.000 620.000 935.000 23769.858 401934.509 138337.767 6730799.565 252686487.181 2546597046010.804
7118.000 4625.000 40554080.000 1.000 1460.000 620.000 974.000 52509.395 540200.085 130999.010 5467656.854 164953476.480 8173588191434.026
7331.000 4695.000 40554090.000 1.000 1440.000 620.000 995.000 75855.496 898671.865 85227.710 3716453.756 1309681540.618 21253500442671.609
7636.000 4804.000 40554100.000 1.000 1440.000 620.000 979.000 91724.214 1569966.526 33466.258 463871.977 2710060406.603 61822580739053.711
8001.000 4946.000 40554110.000 1.000 1430.000 630.000 988.000 93704.880 2617869.153 1675.908 71676.676 2920203418.463 68143852288645.414
8383.000 5065.000 40554120.000 1.000 1430.000 630.000 979.000 93398.831 3999932.204 6093.699 6662350.868 2887219977.847 2769743963858.018
8768.000 5169.000 40554130.000 1.000 1430.000 630.000 959.000 64951.560 5688144.153 33146.625 4798887.747 639360885.935 12444793570181.492
9035.000 5244.000 40554140.000 1.000 1430.000 630.000 935.000 44461.006 7033014.102 66080.947 7312913.736 22992336.920 1027571287036.404
9221.000 5282.000 40554150.000 1.000 1450.000 640.000 909.000 13235.926 8054147.797 87061.671 1838312.149 698547409.508 42097952494488.109
9276.000 5295.000 40554160.000 1.000 1450.000 640.000 897.000 5386.600 8369350.932 94902.286 2995935.348 1175075445.809 28416045818811.613
9253.000 5295.000 40554170.000 1.000 1450.000 640.000 873.000 18178.809 8236802.712 94902.286 3118728.984 461698237.157 27121979319601.586
9178.000 5315.000 40554180.000 1.000 1450.000 640.000 839.000 31495.329 7811930.255 107624.772 1733624.047 66759431.130 43467406355887.453
9049.000 5353.000 40554190.000 1.000 1460.000 640.000 749.000 38897.652 7107465.627 134001.495 2109837.774 590317.888 38648202765972.133
8890.000 5401.000 40554200.000 1.000 1460.000 640.000 519.000 47906.353 6284964.017 171447.461 3566674.659 67903854.723 22656942994602.434
8711.000 5500.000 40554210.000 1.000 1460.000 640.000 51.000 32677.170 5419505.085 263232.767 1530598.643 48843374.006 46185711175686.906
8273.000 6043.000 40554260.000 0.000 1520.000 620.000 397.000 0.000 3572035.932 1115267.258 0.000 1573389451.686 69332361572802.852
8273.000 6043.000 40554270.000 1.000 1530.000 610.000 468.000 0.000 3572035.932 1115267.258 0.000 1573389451.686 69332361572802.852
8273.000 6043.000 40554280.000 1.000 1530.000 610.000 494.000 0.000 3572035.932 1115267.258 2169856.208 1573389451.686 37905563634034.742
8273.000 6043.000 40554290.000 1.000 1540.000 600.000 584.000 9264.971 3572035.932 1115267.258 4657987.640 924220951.459 13458758069014.475
8310.000 6029.000 40554300.000 1.000 1540.000 600.000 664.000 29153.902 3713263.678 1085893.518 2205044.290 110503646.687 37473513427041.305
8360.000 5915.000 40554310.000 1.000 1550.000 600.000 746.000 38569.121 3908461.983 861299.348 3166194.532 1203085.351 26629842858555.867
8375.000 5751.000 40554320.000 1.000 1550.000 600.000 803.000 52088.312 3967996.475 583790.964 3647148.355 154314494.440 21897320532000.902
8350.000 5530.000 40554330.000 1.000 1530.000 590.000 848.000 67661.106 3869022.322 294916.495 2646477.799 783727445.116 32263852350627.160
8297.000 5246.000 40554340.000 1.000 1540.000 580.000 882.000 78961.182 3663331.119 67113.196 571643.323 1544113413.057 60139440620721.984
8211.000 4920.000 40554350.000 1.000 1540.000 580.000 902.000 76520.348 3341522.034 4480.676 2642806.714 1358244921.660 32305570291761.723
8114.000 4608.000 40554360.000 1.000 1540.000 580.000 936.000 65235.947 2996302.322 143593.897 1147688.435 653823546.091 51536852312739.000
8009.000 4350.000 40554370.000 1.000 1530.000 590.000 940.000 60335.484 2643820.882 405689.829 4244084.341 427228665.361 16666980200289.410
7880.000 4127.000 40554380.000 1.000 1530.000 590.000 953.000 42213.860 2240958.255 739493.111 3567340.958 6491725.746 22650600364044.270
7788.000 3972.000 40554390.000 1.000 1530.000 590.000 959.000 26981.832 1973977.373 1030098.846 3468546.498 160887444.947 23600738678934.184
7720.000 3879.000 40554400.000 1.000 1520.000 600.000 937.000 12171.642 1787523.678 1227526.286 1149375.377 755938263.234 51512634324599.070
7710.000 3828.000 40554410.000 1.000 1510.000 600.000 845.000 7263.976 1760884.017 1343136.947 2231538.165 1049889440.342 37149847589748.055
7739.000 3817.000 40554420.000 1.000 1500.000 600.000 633.000 16792.320 1838690.034 1368754.580 5877019.250 523204023.275 6000473508174.475
7794.000 3863.000 40554430.000 1.000 1480.000 610.000 205.000 41886.339 1990873.170 1263236.298 800479.808 4930023.066 56642570119291.320
8439.000 4936.000 40554500.000 0.000 1410.000 630.000 796.000 65811.867 4227066.305 2594.665 13044422.184 683607748.243 22257792892570.039
8717.000 4977.000 40554510.000 1.000 1410.000 630.000 905.000 10114.078 5447476.882 98.761 332314.343 873314526.140 63908693426472.047
8746.000 5009.000 40554520.000 1.000 1410.000 630.000 905.000 11533.012 5583688.899 486.738 1165241.490 791463521.330 51285136565212.180
8722.000 5052.000 40554530.000 1.000 1400.000 620.000 892.000 6557.600 5470841.712 4233.083 2342665.362 1096164394.132 35807541314431.797
8722.000 5024.000 40554540.000 1.000 1400.000 620.000 914.000 16560.441 5470841.712 1373.603 1602393.355 533865630.934 45215030925393.867
8732.000 4954.000 40554550.000 1.000 1410.000 610.000 929.000 23402.428 5517721.373 1084.902 3520176.122 264502911.404 23101764762715.988
8756.000 4857.000 40554560.000 1.000 1430.000 620.000 948.000 38433.069 5631048.560 16883.846 253753.826 1520053.443 65170936496822.281
8737.000 4694.000 40554570.000 1.000 1430.000 620.000 964.000 37349.577 5541236.204 85812.586 138498.151 5365692.627 67045104338665.180
8709.000 4537.000 40554580.000 1.000 1430.000 620.000 982.000 36758.210 5410197.153 202444.072 562496.876 8455088.424 60281384981951.031
8674.000 4384.000 40554590.000 1.000 1430.000 620.000 1023.000 34356.430 5248603.339 363534.055 2191992.090 28191251.908 37633483473210.164
8646.000 4240.000 40554600.000 1.000 1430.000 620.000 1023.000 24996.942 5121092.288 557916.156 1685711.176 215180484.402 44101479352747.016
8622.000 4136.000 40554610.000 1.000 1430.000 620.000 1023.000 17799.200 5013045.102 724095.230 806598.384 478155782.188 56550509210421.094
8622.000 4060.000 40554620.000 1.000 1430.000 620.000 1023.000 14355.142 5013045.102 859213.784 446028.982 640638189.934 62103488546584.891
8628.000 3999.000 40554630.000 1.000 1430.000 620.000 1023.000 16259.621 5039948.899 976021.202 2179658.415 547857336.164 37784960252433.180
8674.000 3947.000 40554640.000 1.000 1430.000 620.000 1023.000 25566.446 5248603.339 1081470.738 1366691.197 198796675.006 48440409128040.445
8773.000 3901.000 40554650.000 1.000 1430.000 620.000 1023.000 31402.019 5712018.983 1179261.021 3087843.156 68292943.558 27444632419586.781
8906.000 3884.000 40554660.000 1.000 1440.000 620.000 1023.000 44586.661 6365443.475 1216471.908 2186092.357 24213165.723 37705903444128.859
9096.000 3896.000 40554670.000 1.000 1440.000 620.000 1023.000 53920.958 7360277.034 1190145.399 1452694.355 203204583.820 47250656427294.391
9324.000 3928.000 40554680.000 1.000 1440.000 620.000 1023.000 60123.752 8649381.305 1121349.377 66503.432 418520702.195 68229288574620.898
9576.000 3977.000 40554690.000 1.000 1460.000 630.000 1023.000 60407.712 10195140.763 1019974.467 48401.880 430219717.057 68528657580285.438
9828.000 4032.000 40554700.000 1.000 1460.000 630.000 1023.000 60614.381 11867908.221 911906.303 3295289.554 438835777.851 25314141610852.883
10080.000 4091.000 40554710.000 1.000 1460.000 640.000 1023.000 46543.973 13667683.678 802704.637 2241648.579 47306877.472 37026702499051.211
10266.000 4161.000 40554720.000 1.000 1460.000 640.000 1023.000 36972.459 15077557.373 682173.337 1944627.942 7255020.225 40729639405771.695
10407.000 4232.000 40554730.000 1.000 1460.000 640.000 1023.000 28669.180 16192439.594 569931.162 2044043.500 120929466.722 39470587109904.383
10506.000 4304.000 40554740.000 1.000 1480.000 650.000 1023.000 19941.411 16998989.238 466404.111 186676.839 389058364.813 66258440972083.234
10553.000 4375.000 40554750.000 1.000 1480.000 650.000 1023.000 19144.328 17388758.644 374467.936 491717.186 421137932.984 61385477170106.125
10564.000 4456.000 40554760.000 1.000 1480.000 650.000 1023.000 21243.889 17480619.271 281895.004 2211867.941 339373196.388 37390017192726.594
10542.000 4544.000 40554770.000 1.000 1500.000 650.000 1023.000 30688.244 17297140.017 196193.942 2894559.067 80599626.519 29507130029121.496
10483.000 4661.000 40554780.000 1.000 1500.000 650.000 1023.000 43047.591 16809861.017 106235.484 2144803.600 11435337.088 38214676527617.539
10400.000 4825.000 40554790.000 1.000 1500.000 650.000 1023.000 52205.591 16136152.831 26223.868 1518731.026 157242007.684 46347156832486.055
10292.000 5020.000 40554800.000 1.000 1520.000 650.000 1023.000 58690.352 15280148.492 1093.106 1880322.243 361926978.279 41554569703125.375
10172.000 5240.000 40554810.000 1.000 1520.000 650.000 982.000 66719.055 14356392.560 64040.450 15625602.681 731869220.021 53275357726753.258
10043.000 5494.000 40554820.000 1.000 1540.000 660.000 716.000 0.000 13395475.932 257112.021 0.000 1573389451.686 69332361572802.852
