2964.000 6320.000 62534830.000 0.000 1490.000 490.000 610.000 29592.378 8792377.152 2151166.984 2600842.698 51272594.045 2948508196373.344
2940.000 6196.000 62534840.000 1.000 1480.000 480.000 644.000 18491.897 8935282.478 1802804.927 3585978.370 333463003.219 535804083912.336
2910.000 6269.000 62534850.000 1.000 1480.000 480.000 653.000 3186.825 9115534.135 2004166.042 1229600.542 1126679134.883 9537993580012.523
2921.000 6261.000 62534860.000 1.000 1470.000 480.000 662.000 8434.800 9049232.861 1981579.070 3650013.965 801912884.311 446158272541.273
2957.000 6261.000 62534870.000 1.000 1470.000 480.000 700.000 24013.178 8833938.872 1981579.070 4217955.760 162299660.383 10001801278.822
3059.000 6271.000 62534880.000 1.000 1470.000 480.000 708.000 42015.550 8238015.238 2009832.784 2961238.038 27695838.734 1840707414438.573
3230.000 6325.000 62534890.000 1.000 1470.000 480.000 721.000 54654.210 7285649.792 2165858.842 2782512.124 320458102.890 2357614815789.682
3448.000 6408.000 62534900.000 1.000 1460.000 490.000 721.000 66530.062 6156325.083 2417047.670 1212029.214 886681378.141 9646835653106.547
3713.000 6510.000 62534910.000 1.000 1460.000 490.000 719.000 61357.082 4911517.112 2744607.556 1151264.212 605367425.572 10027992398631.518
3960.000 6597.000 62534920.000 1.000 1460.000 490.000 722.000 56443.449 3877726.135 3040439.870 3369442.293 387719043.352 899694881764.354
4195.000 6650.000 62534930.000 1.000 1470.000 490.000 721.000 42062.560 3007429.821 3228079.556 4596070.974 28192846.187 77343062934.496
4372.000 6680.000 62534940.000 1.000 1470.000 490.000 724.000 22446.380 2424854.043 3336780.699 1620249.167 204675552.950 7277669453026.263
4465.000 6657.000 62534950.000 1.000 1470.000 490.000 731.000 15531.104 2143864.906 3253282.156 530666.773 450363199.120 14343626087695.256
4502.000 6602.000 62534960.000 1.000 1470.000 490.000 734.000 17796.007 2036883.529 3057901.727 4051316.679 359362518.095 71101202294.665
4514.000 6527.000 62534970.000 1.000 1480.000 500.000 757.000 35087.158 2002774.866 2801223.870 3186590.590 2774584.455 1280007526093.818
4499.000 6378.000 62534980.000 1.000 1480.000 500.000 785.000 48687.630 2045455.695 2324666.527 2082400.059 142438582.324 4997749559132.893
4465.000 6173.000 62534990.000 1.000 1480.000 500.000 820.000 57575.381 2143864.906 1741570.384 1152742.879 433577114.505 10018629593871.490
4417.000 5932.000 62535000.000 1.000 1480.000 500.000 830.000 62495.325 2286731.558 1163562.870 861886.139 662674175.067 11944479475927.203
4362.000 5671.000 62535010.000 1.000 1480.000 500.000 828.000 58816.767 2456097.929 668609.927 2318044.941 486815709.939 3999679306382.314
4303.000 5427.000 62535020.000 1.000 1480.000 500.000 831.000 48923.276 2644507.855 329115.299 1289824.780 148118869.971 9169631774742.859
4243.000 5227.000 62535030.000 1.000 1470.000 510.000 830.000 43418.262 2843251.169 139641.013 2949054.672 44427498.581 1873914845423.798
4185.000 5051.000 62535040.000 1.000 1470.000 510.000 827.000 30831.601 3042213.706 39079.642 2716979.351 35061383.870 2563154299006.125
4131.000 4931.000 62535050.000 1.000 1470.000 510.000 822.000 19235.445 3233502.689 6035.070 2061042.911 306860052.305 5093696259525.052
4085.000 4863.000 62535060.000 1.000 1460.000 520.000 824.000 10438.847 3401052.563 93.813 1292995.562 692427616.683 9150438685079.248
4054.000 4831.000 62535070.000 1.000 1460.000 520.000 774.000 4920.300 3516353.609 497.927 6402993.511 1013312283.247 4347344867523.936
4033.000 4831.000 62535080.000 1.000 1460.000 520.000 514.000 32248.484 3595552.769 497.927 80956.675 20289460.754 17952237563102.613
3643.000 5712.000 62535150.000 0.000 1420.000 540.000 538.000 29829.804 5226684.312 737341.156 3414522.550 47928792.915 816207837630.339
3571.000 5817.000 62535160.000 1.000 1420.000 540.000 642.000 15256.511 5561080.289 928690.156 2836043.816 462093295.237 2196089702015.027
3523.000 5861.000 62535170.000 1.000 1410.000 530.000 650.000 3152.184 5789770.941 1015430.499 2044430.104 1129005857.362 5168959859263.482
3514.000 5851.000 62535180.000 1.000 1400.000 540.000 655.000 11877.878 5833163.438 995376.784 2096628.864 618765047.616 4934333189463.376
3495.000 5804.000 62535190.000 1.000 1400.000 540.000 665.000 20826.358 5925301.821 903803.327 1808074.825 253653669.633 6299547515875.609
3469.000 5719.000 62535200.000 1.000 1400.000 540.000 669.000 28543.280 6052555.923 749411.756 1434764.166 67397308.765 8312845699774.452
3448.000 5599.000 62535210.000 1.000 1400.000 540.000 697.000 34666.900 6156325.083 556047.184 2049851.572 4351255.798 5144337460745.037
3414.000 5455.000 62535220.000 1.000 1400.000 540.000 728.000 43415.733 6326202.295 362025.699 161257.444 44393791.406 17278215760673.393
3370.000 5275.000 62535230.000 1.000 1400.000 540.000 755.000 42727.481 6549475.392 177818.842 405417.959 35696019.687 15308022516876.461
3304.000 5105.000 62535240.000 1.000 1400.000 540.000 796.000 40997.144 6891645.038 63345.699 1762922.169 18013892.394 6528242672426.101
3243.000 4941.000 62535250.000 1.000 1390.000 540.000 829.000 33472.935 7215639.741 7688.784 3137916.170 10757949.951 1392514688894.597
3186.000 4810.000 62535260.000 1.000 1390.000 540.000 840.000 20080.207 7525114.889 1876.127 2124657.470 277977571.278 4810596894636.694
3158.000 4729.000 62535270.000 1.000 1390.000 540.000 860.000 11012.100 7679517.769 15454.042 1207722.780 662587054.565 9673605211406.127
3158.000 4682.000 62535280.000 1.000 1370.000 540.000 861.000 5857.500 7679517.769 29348.584 1646894.700 954523664.637 7134615297420.187
3173.000 4662.000 62535290.000 1.000 1370.000 540.000 885.000 12886.500 7596606.941 36601.156 3709713.137 569603444.866 369970044167.250
3228.000 4662.000 62535300.000 1.000 1370.000 540.000 894.000 28719.676 7296450.569 36601.156 44680597.632 64532147.911 1629142131876425.750
3348.000 4687.000 62535310.000 1.000 1370.000 540.000 893.000 219417.916 6662563.941 27660.442 283449443.706 33366520347.458 77914382535238016.000
3429.000 4734.000 62535311.000 1.000 1370.000 540.000 890.000 98440.774 6250971.466 14235.899 7200029.628 3805397944.771 8306297868840.957
3761.000 4915.000 62535320.000 1.000 1370.000 540.000 899.000 70783.810 4701066.461 3805.127 78686.140 1158105122.695 17971483268763.547
4016.000 5077.000 62535330.000 1.000 1370.000 540.000 903.000 70447.975 3660312.375 50035.299 643534.472 1135360343.951 13501437985380.934
4289.000 5203.000 62535340.000 1.000 1370.000 540.000 899.000 67701.349 2690237.295 122280.099 4653186.519 957808575.596 112373623692.055
4571.000 5266.000 62535350.000 1.000 1390.000 550.000 900.000 47841.398 1844691.718 170309.499 4182274.447 122955533.171 18411862667.220
4774.000 5288.000 62535360.000 1.000 1390.000 550.000 908.000 29991.315 1334473.838 188951.670 1876925.285 45718577.258 5958673747744.949
4901.000 5272.000 62535370.000 1.000 1390.000 550.000 892.000 21980.537 1057183.489 175297.727 209893.438 218221715.733 16876250035841.777
4977.000 5217.000 62535380.000 1.000 1390.000 550.000 903.000 22876.369 906673.958 132267.299 3079319.615 192557179.934 1534241810067.498
5030.000 5135.000 62535390.000 1.000 1400.000 550.000 930.000 36019.005 808550.363 79346.842 2814527.579 538552.546 2260323375220.106
5053.000 4983.000 62535400.000 1.000 1400.000 550.000 934.000 48031.500 767716.426 16818.384 1998577.829 127207576.012 5379555763473.225
5053.000 4778.000 62535410.000 1.000 1400.000 550.000 980.000 56561.495 767716.426 5672.242 520863.661 392381767.239 14417976801505.426
5039.000 4537.000 62535420.000 1.000 1410.000 560.000 1002.000 58784.558 792445.866 100054.727 1030021.225 485395435.009 10810572728728.459
5001.000 4289.000 62535430.000 1.000 1410.000 560.000 1023.000 54388.394 861544.632 318450.613 691826.982 311011833.932 13148875228469.543
4948.000 4063.000 62535440.000 1.000 1430.000 550.000 1023.000 51435.654 962742.226 624596.670 1999917.790 215584251.875 5373341782889.757
4891.000 3851.000 62535450.000 1.000 1440.000 560.000 1023.000 42899.940 1077847.375 1004633.927 3071825.529 37786513.914 1552862997962.458
4834.000 3677.000 62535460.000 1.000 1440.000 560.000 1023.000 29789.289 1199450.523 1383715.299 1735650.586 48491410.126 6668346524170.043
4772.000 3566.000 62535470.000 1.000 1430.000 560.000 1023.000 22381.476 1339098.615 1657178.070 1557017.923 206536861.865 7622827469808.553
4707.000 3496.000 62535480.000 1.000 1430.000 560.000 1023.000 15736.073 1493758.872 1842302.070 92580.663 441705604.578 17853870817788.531
4650.000 3449.000 62535491.000 1.000 1430.000 560.000 1023.000 15301.422 1636338.021 1972098.613 237580.903 460164466.601 16649532469337.531
4591.000 3421.000 62535501.000 1.000 1420.000 570.000 1023.000 16315.425 1790763.946 2051524.213 257771.002 417689010.745 16485173401131.678
4523.000 3406.000 62535511.000 1.000 1420.000 570.000 1023.000 17415.600 1977382.369 2094718.642 169307.523 373929871.604 17211356919801.527
4449.000 3399.000 62535521.000 1.000 1390.000 570.000 1023.000 18138.210 2190975.123 2115030.042 950337.904 346505432.677 11340910681586.986
4372.000 3407.000 62535531.000 1.000 1390.000 570.000 1023.000 22194.283 2424854.043 2091825.013 738096.546 211952350.448 12815456472484.137
4279.000 3425.000 62535541.000 1.000 1390.000 570.000 1009.000 25344.503 2723141.181 2040081.699 1760807.611 130150755.336 6539052715309.240
4174.000 3451.000 62535551.000 1.000 1360.000 570.000 885.000 32859.687 3080706.981 1966485.356 1023346.252 15156845.796 10854511152716.258
4036.000 3476.000 62535561.000 1.000 1360.000 570.000 567.000 37227.362 3584184.603 1896994.642 269188.647 225146.080 16392588061692.152
2787.000 3712.000 62535641.000 0.000 1310.000 560.000 524.000 46418.609 9873384.929 1302598.299 5808425.631 93426580.120 2221473590130.619
2590.000 3691.000 62535651.000 1.000 1310.000 560.000 634.000 21628.060 11150218.478 1350974.499 964882.779 228759768.465 11243158811467.221
2505.000 3727.000 62535661.000 1.000 1310.000 560.000 719.000 17509.909 11725106.506 1268583.870 3828089.229 370291409.278 239978041739.841
2474.000 3795.000 62535671.000 1.000 1310.000 560.000 734.000 1171.500 11938367.552 1120029.127 4783149.918 1266033634.484 216397225651.897
2479.000 3795.000 62535681.000 1.000 1310.000 560.000 759.000 21586.139 11903840.609 1120029.127 2357255.749 230029619.853 3844379849300.288
2561.000 3837.000 62535691.000 1.000 1310.000 560.000 809.000 31646.983 11344732.746 1032894.727 720356.756 26070045.236 12942783393533.924
2681.000 3899.000 62535701.000 1.000 1320.000 550.000 849.000 34721.489 10550766.118 910715.756 2587572.883 4126494.118 2994256068712.731
2825.000 3934.000 62535711.000 1.000 1320.000 550.000 866.000 45765.334 9636022.163 845138.756 3149493.871 81224572.344 1365324232435.391
3013.000 3987.000 62535721.000 1.000 1320.000 550.000 878.000 59207.476 8504189.112 750500.442 1745426.285 504209492.545 6617954236166.981
3254.000 4063.000 62535731.000 1.000 1340.000 550.000 879.000 66657.012 7156664.466 624596.670 1182987.963 894257924.408 9828079555276.439
3530.000 4132.000 62535741.000 1.000 1350.000 550.000 872.000 61607.981 5756133.221 520294.299 3424205.466 617776722.063 798805686316.060
3784.000 4200.000 62535751.000 1.000 1350.000 550.000 864.000 46993.361 4601858.523 426819.556 2151604.782 104867729.770 4693115580226.962
3982.000 4232.000 62535761.000 1.000 1360.000 550.000 860.000 37810.242 3791565.586 386031.442 3518315.575 1118043.172 639438828648.675
4143.000 4243.000 62535771.000 1.000 1360.000 550.000 761.000 22793.957 3190490.026 372483.527 219779.427 194851151.478 16795123072700.865
6901.000 5487.000 62536082.000 0.000 1380.000 550.000 533.000 51966.557 944406.346 401557.584 9339681.830 231456381.846 25217642270983.570
6978.000 5695.000 62536092.000 1.000 1360.000 550.000 606.000 12104.492 1099993.426 708434.842 951775.334 607542360.281 11331231292031.537
6991.000 5745.000 62536102.000 1.000 1350.000 540.000 622.000 16166.700 1127431.375 795103.413 2510998.020 423790246.813 3265128821108.523
6991.000 5814.000 62536112.000 1.000 1340.000 540.000 633.000 5449.679 1127431.375 922917.042 2407753.960 979889541.042 3648905323315.505
7001.000 5793.000 62536122.000 1.000 1340.000 540.000 650.000 15726.051 1148767.489 883009.242 1578868.975 442126965.625 7502645752211.303
7033.000 5734.000 62536132.000 1.000 1330.000 540.000 693.000 22464.715 1218387.055 775607.327 1703398.722 204151270.266 6835955598378.044
7081.000 5651.000 62536142.000 1.000 1340.000 550.000 710.000 29734.876 1326656.403 636302.499 648.777 49252189.174 18639217348776.363
7146.000 5542.000 62536152.000 1.000 1340.000 550.000 711.000 29737.645 1480616.146 474288.013 277350.751 49213331.211 16326561618122.055
7181.000 5420.000 62536162.000 1.000 1350.000 550.000 714.000 30921.387 1567017.546 321132.699 2611409.160 34006151.926 2912332036331.017
7197.000 5289.000 62536172.000 1.000 1360.000 550.000 705.000 19775.808 1607331.329 189822.042 1479430.884 288220511.723 8057274599197.104
7247.000 5221.000 62536182.000 1.000 1380.000 550.000 684.000 13461.549 1736611.901 135192.784 5238085.776 542485465.961 846622673064.454
7296.000 5191.000 62536192.000 1.000 1390.000 560.000 381.000 35817.869 1868157.861 114031.642 256278.043 874220.127 16497299035701.633
7964.000 6027.000 62536262.000 0.000 1460.000 550.000 668.000 43474.490 4140434.295 1377538.156 8585579.079 45180223.897 18212531924620.012
8119.000 5925.000 62536272.000 1.000 1460.000 550.000 696.000 6830.960 4795249.066 1148510.270 455011.303 895320482.268 14922409457215.391
8130.000 5898.000 62536282.000 1.000 1460.000 550.000 700.000 8772.963 4843545.792 1091368.242 2945200.437 782874993.954 1884481902943.441
8109.000 5867.000 62536292.000 1.000 1470.000 550.000 700.000 21343.174 4751552.952 1027558.727 1869256.178 237458619.687 5996173748888.978
8136.000 5780.000 62536302.000 1.000 1470.000 550.000 691.000 29321.220 4869991.461 858746.413 904402.920 55229368.130 11652404476388.898
8130.000 5655.000 62536312.000 1.000 1470.000 550.000 699.000 25461.199 4843545.792 642699.984 2960988.508 127501752.543 1841384564744.664
8102.000 5550.000 62536322.000 1.000 1470.000 550.000 708.000 38098.794 4721084.672 485370.984 3004696.705 1811521.120 1724673000012.680
7998.000 5425.000 62536332.000 1.000 1480.000 540.000 717.000 50922.937 4279957.083 326824.556 1892319.967 200790900.971 5883752690860.303
7837.000 5279.000 62536342.000 1.000 1480.000 540.000 730.000 58999.420 3639722.643 181208.327 606800.918 494909147.332 13772737106617.334
7637.000 5126.000 62536352.000 1.000 1480.000 540.000 721.000 61589.266 2916600.358 74357.499 2701650.039 616846745.375 2612473296680.138
7434.000 4959.000 62536362.000 1.000 1480.000 540.000 737.000 73119.996 2264440.238 11169.470 882483.687 1322568115.759 11802530244088.475
7171.000 4791.000 62536372.000 1.000 1480.000 540.000 762.000 76886.465 1542081.432 3883.070 4289937.171 1610705737.045 785546080.843
6868.000 4665.000 62536382.000 1.000 1480.000 540.000 809.000 58576.874 881356.169 35462.270 6083688.065 476287307.974 3117778768671.807
6638.000 4567.000 62536392.000 1.000 1470.000 550.000 849.000 32611.496 502405.541 81975.870 4364514.158 17150948.743 2166845896.634
6516.000 4500.000 62536402.000 1.000 1470.000 550.000 861.000 13983.608 344340.946 124830.984 2636161.783 518439127.826 2828461273589.253
6465.000 4469.000 62536412.000 1.000 1470.000 550.000 854.000 2732.384 287087.763 147697.470 2928074.279 1157393222.340 1931795565821.327
6475.000 4463.000 62536422.000 1.000 1460.000 550.000 872.000 15229.500 297903.878 152345.242 2529935.084 463255300.943 3197050143672.148
6540.000 4463.000 62536432.000 1.000 1460.000 550.000 885.000 26027.345 373083.621 152345.242 7148692.624 115036809.179 8013020206121.974
6642.000 4507.000 62536442.000 1.000 1450.000 560.000 888.000 56538.197 508091.986 119933.584 3736977.925 391459307.177 337545709401.879
6872.000 4580.000 62536452.000 1.000 1450.000 560.000 902.000 72487.740 888882.615 74700.699 2668912.706 1276981191.616 2719372696552.549
7168.000 4670.000 62536462.000 1.000 1440.000 570.000 902.000 83878.746 1534639.598 33604.127 3724865.786 2220848528.612 351766400063.483
7509.000 4779.000 62536472.000 1.000 1430.000 560.000 896.000 99776.594 2495786.095 5522.613 3144370.667 3971990241.319 1377323109180.795
7917.000 4901.000 62536482.000 1.000 1430.000 560.000 899.000 86356.318 3951371.558 2273.927 2405359.648 2460502411.200 3658058337356.074
8270.000 5007.000 62536492.000 1.000 1430.000 560.000 896.000 76090.165 5479371.392 23619.299 6595052.033 1547423061.595 5185126421585.580
8585.000 5086.000 62536502.000 1.000 1440.000 570.000 887.000 47942.269 7053303.992 54142.642 7893650.411 125202730.673 12785527831940.805
8780.000 5148.000 62536512.000 1.000 1440.000 570.000 885.000 14251.913 8127093.221 86839.670 1713508.299 506292903.652 6783193488438.587
8840.000 5158.000 62536522.000 1.000 1440.000 570.000 885.000 6938.604 8472789.906 92833.384 2766004.283 888890242.115 2408581340758.117
8811.000 5164.000 62536532.000 1.000 1440.000 570.000 876.000 18744.000 8304804.175 96525.613 3623168.340 324319268.807 482742073566.492
8731.000 5164.000 62536542.000 1.000 1440.000 570.000 855.000 34207.800 7850115.261 96525.613 2415445.560 6477362.951 3619579329155.381
8585.000 5164.000 62536552.000 1.000 1470.000 560.000 830.000 44517.000 7053303.992 96525.613 144332.549 60281770.647 17419205882684.930
8395.000 5164.000 62536562.000 1.000 1470.000 560.000 725.000 45133.016 6080197.821 96525.613 2826862.771 70226907.414 2223385159458.895
8204.000 5189.000 62536572.000 1.000 1470.000 560.000 433.000 33067.874 5174741.038 112684.899 271865.185 13579168.946 16370921819275.887
7568.000 5945.000 62536642.000 0.000 1520.000 560.000 467.000 41190.180 2685684.169 1191777.699 8504586.724 19689752.035 17527803419303.449
7643.000 6104.000 62536652.000 1.000 1530.000 550.000 588.000 4892.328 2937130.026 1564214.756 335932.780 1015093906.774 15856578737436.078
7637.000 6124.000 62536662.000 1.000 1530.000 550.000 592.000 6326.100 2916600.358 1614642.184 3082463.452 925788113.212 1526463496867.484
7637.000 6151.000 62536672.000 1.000 1530.000 550.000 599.000 19482.154 2916600.358 1683988.213 5326454.130 298277506.606 1017050797324.177
7632.000 6068.000 62536682.000 1.000 1530.000 540.000 628.000 42215.633 2899547.301 1475461.384 3835744.278 29841818.989 232536599035.935
7624.000 5888.000 62536692.000 1.000 1530.000 540.000 696.000 58586.714 2872366.409 1070574.527 3309540.217 476716901.270 1016920071002.803
7574.000 5643.000 62536702.000 1.000 1530.000 540.000 788.000 72711.939 2705385.838 623603.527 3396077.985 1293054902.663 849875236961.469
7484.000 5346.000 62536712.000 1.000 1530.000 540.000 851.000 87206.510 2417420.809 242739.213 2721211.746 2545570153.092 2549620206842.620
7366.000 4993.000 62536722.000 1.000 1540.000 530.000 893.000 98820.730 2064410.661 19512.099 2795979.219 3852419692.578 2316440005242.100
7203.000 4604.000 62536732.000 1.000 1540.000 530.000 935.000 86887.400 1622580.998 62157.613 4633442.527 2513471459.862 99526217692.784
7067.000 4259.000 62536742.000 1.000 1520.000 540.000 940.000 67111.717 1294601.843 353209.470 3914510.315 921659810.100 162775494022.489
6949.000 3998.000 62536752.000 1.000 1520.000 540.000 947.000 50404.460 1040003.695 731562.527 5085897.382 186366007.976 589720502734.158
6887.000 3792.000 62536762.000 1.000 1520.000 540.000 946.000 28697.685 917391.786 1126388.013 3462258.363 64885947.295 732233448115.638
6858.000 3673.000 62536772.000 1.000 1510.000 540.000 935.000 13920.654 862680.055 1393141.813 2027963.969 521309922.818 5244103650208.288
6851.000 3614.000 62536782.000 1.000 1510.000 540.000 921.000 5265.238 849725.775 1535899.899 856750.752 991470741.897 11980002450630.875
6863.000 3595.000 62536792.000 1.000 1500.000 550.000 848.000 8921.878 871993.112 1583354.842 7336112.474 774563915.003 9109215587374.641
6900.000 3604.000 62536802.000 1.000 1480.000 560.000 519.000 40232.644 942463.735 1560786.184 291343.041 12108852.185 16213682516149.930
7557.000 4631.000 62536873.000 0.000 1420.000 580.000 733.000 31404.067 2649751.443 49423.642 4415500.650 28609654.960 9513248669.891
7691.000 4628.000 62536883.000 1.000 1420.000 580.000 808.000 12558.567 3103959.375 50766.527 2503300.328 585364123.180 3293007022500.374
7704.000 4680.000 62536893.000 1.000 1400.000 580.000 809.000 1874.400 3149935.323 30037.842 2066899.474 1216507418.017 5067294948795.587
7696.000 4680.000 62536903.000 1.000 1400.000 580.000 820.000 10695.994 3121602.432 30037.842 2105233.766 678960598.972 4896178478310.421
7718.000 4640.000 62536913.000 1.000 1400.000 580.000 834.000 19681.200 3199825.883 45502.984 2680841.622 291441793.478 2680172188583.022
7718.000 4556.000 62536923.000 1.000 1400.000 580.000 860.000 31123.119 3199825.883 88395.784 1979023.619 31694055.723 5470645689076.211
7696.000 4425.000 62536933.000 1.000 1400.000 580.000 903.000 39569.656 3121602.432 183453.127 732199.215 7934303.683 12857714586656.369
7645.000 4264.000 62536943.000 1.000 1390.000 570.000 923.000 42694.706 2943989.249 347291.327 2012582.408 35305457.900 5314787816524.943
7606.000 4086.000 62536953.000 1.000 1400.000 580.000 937.000 34104.939 2811677.403 588771.213 1507188.639 7011519.485 7900462436048.869
7574.000 3944.000 62536963.000 1.000 1400.000 580.000 965.000 27672.209 2705385.838 826852.470 609674.139 82458338.712 13751419374211.287
7569.000 3826.000 62536973.000 1.000 1420.000 570.000 985.000 25070.100 2688962.781 1055374.642 1475005.894 136487030.623 8082415147818.524
7569.000 3719.000 62536983.000 1.000 1420.000 570.000 982.000 18774.727 2688962.781 1286668.899 180452.705 323213496.080 17119006054825.889
7608.000 3649.000 62536993.000 1.000 1420.000 570.000 997.000 18004.549 2818388.626 1450372.899 2085076.000 351499405.117 4985792241277.962
7671.000 3605.000 62537003.000 1.000 1400.000 580.000 1003.000 26903.721 3033887.146 1558288.556 3477897.420 97005664.998 705713145796.281
7779.000 3566.000 62537013.000 1.000 1400.000 580.000 1006.000 41747.500 3421781.181 1657178.070 2533007.225 24946364.855 3186073423131.964
7957.000 3558.000 62537023.000 1.000 1400.000 580.000 1015.000 52558.457 4111996.015 1677839.099 1085021.041 249816694.395 10451925128942.973
8181.000 3570.000 62537033.000 1.000 1390.000 580.000 1018.000 57189.362 5070628.975 1646895.556 339639.874 417650352.642 15827068946215.873
8424.000 3593.000 62537043.000 1.000 1410.000 590.000 1021.000 55739.768 6224055.552 1588392.099 296423.239 360502432.585 16172796253293.564
8660.000 3623.000 62537053.000 1.000 1410.000 590.000 1023.000 54474.624 7457299.849 1513673.242 2455428.152 314060692.636 3469042638448.011
8890.000 3657.000 62537063.000 1.000 1420.000 590.000 1023.000 43994.777 8766370.478 1431167.870 2184408.656 52445269.221 4552061674469.562
9077.000 3674.000 62537073.000 1.000 1420.000 590.000 1023.000 34671.650 9908680.815 1390782.184 1453926.392 4331461.680 8202715807679.096
9224.000 3691.000 62537083.000 1.000 1420.000 590.000 1023.000 28466.245 10855744.695 1350974.499 725712.620 68668094.132 12904275480359.490
9344.000 3710.000 62537093.000 1.000 1440.000 600.000 1023.000 31563.610 11660898.066 1307167.556 1700917.954 26928381.926 6848934016139.541
9472.000 3752.000 62537103.000 1.000 1420.000 610.000 1023.000 24304.037 12551472.329 1212893.156 907096.902 154973353.288 11634019585589.955
9558.000 3810.000 62537113.000 1.000 1440.000 610.000 1023.000 20432.518 13168230.912 1088504.699 663747.064 266353771.711 13353307013526.629
9615.000 3876.000 62537123.000 1.000 1440.000 610.000 1023.000 23265.412 13585163.763 955143.213 1081596.278 181911426.038 10474080990045.428
9631.000 3974.000 62537133.000 1.000 1440.000 610.000 1023.000 27881.700 13703365.546 773193.613 2895619.980 78697593.195 2023064690228.873
9631.000 4093.000 62537143.000 1.000 1460.000 620.000 1023.000 40240.300 13703365.546 578077.813 2626071.888 12162193.154 2862501510588.447
9615.000 4264.000 62537153.000 1.000 1460.000 620.000 1023.000 51448.460 13585163.763 347291.327 1804027.058 215960471.424 6319882799646.827
9599.000 4483.000 62537163.000 1.000 1480.000 610.000 1023.000 59148.106 13467473.981 137132.670 13858401.236 501546756.997 91019928038324.109
9584.000 4735.000 62537173.000 1.000 1500.000 620.000 694.000 0.000 13357604.809 13998.270 0.000 1350773188.196 18644819720318.730
