2960.000 6289.000 62505327.000 0.000 1480.000 470.000 95.000 15457.574 8400673.671 2200629.264 551165.475 626104114.004 17888725063750.492
3019.000 6257.000 62505337.000 1.000 1480.000 470.000 541.000 13064.324 8062144.467 2106712.349 1311494.937 751599909.761 12035189181717.799
2976.000 6294.000 62505347.000 1.000 1480.000 470.000 575.000 7369.600 8308181.141 2215488.782 68240.654 1096275181.626 22207008765963.227
2976.000 6326.000 62505357.000 1.000 1480.000 470.000 575.000 7665.912 8308181.141 2311773.698 2464639.970 1076741174.209 5364004155208.187
2994.000 6354.000 62505367.000 1.000 1480.000 470.000 588.000 18367.779 8204739.045 2397702.999 3694437.134 488934685.936 1179906086195.855
3063.000 6394.000 62505377.000 1.000 1480.000 470.000 634.000 34409.625 7814214.009 2523179.144 2465515.571 36845161.449 5359949082041.229
3195.000 6464.000 62505387.000 1.000 1480.000 470.000 649.000 45115.294 7093654.635 2750462.397 2081119.077 21489227.409 7287585740727.783
3369.000 6554.000 62505397.000 1.000 1480.000 470.000 668.000 54151.851 6197070.370 3057083.722 1703500.082 186929174.901 9468986735537.430
3589.000 6637.000 62505407.000 1.000 1480.000 480.000 666.000 61548.725 5150138.081 3354215.722 709483.828 443906067.316 16574572764837.156
3844.000 6717.000 62505417.000 1.000 1480.000 480.000 678.000 64629.419 4057773.382 3653648.011 1837539.749 583211510.056 8662027181568.908
4121.000 6762.000 62505427.000 1.000 1480.000 480.000 685.000 56650.523 3018529.455 3827703.674 4923299.049 261497245.609 20342487963.506
4366.000 6784.000 62505437.000 1.000 1480.000 480.000 691.000 35272.759 2227232.587 3914271.554 1743735.795 27111677.814 9222981239476.465
4513.000 6741.000 62505447.000 1.000 1480.000 480.000 702.000 27701.175 1810078.467 3745973.698 11894.304 163289334.800 22741240283987.609
4595.000 6653.000 62505457.000 1.000 1490.000 490.000 751.000 27752.822 1596158.250 3413078.180 4282234.818 161972062.774 248439579468.693
4614.000 6534.000 62505467.000 1.000 1490.000 490.000 827.000 46346.981 1548510.370 2987545.650 3481897.179 34425613.711 1686815918586.074
4578.000 6336.000 62505477.000 1.000 1490.000 490.000 884.000 61465.944 1639402.563 2342282.734 2365140.928 440424681.241 5834790142050.436
4506.000 6079.000 62505487.000 1.000 1490.000 490.000 896.000 71735.770 1828962.949 1621679.505 1575483.682 976945253.988 10273231864913.316
4409.000 5783.000 62505497.000 1.000 1490.000 490.000 923.000 64894.764 2100735.912 955412.035 409240.106 596097960.774 19109416409819.539
4298.000 5524.000 62505507.000 1.000 1480.000 500.000 936.000 66671.751 2434821.840 516172.999 1965668.996 686026336.246 7924241658771.761
4177.000 5261.000 62505517.000 1.000 1480.000 500.000 944.000 58136.497 2827077.599 207436.349 1572762.918 311764368.303 10290680389202.467
4055.000 5040.000 62505527.000 1.000 1480.000 500.000 944.000 51307.305 3252221.141 54967.650 3847992.883 117238187.810 869890251211.934
3942.000 4848.000 62505537.000 1.000 1480.000 500.000 936.000 34598.695 3672556.635 1802.156 3417609.164 34585590.970 1857940172011.638
3865.000 4719.000 62505547.000 1.000 1480.000 500.000 908.000 19758.881 3973609.936 7490.590 1988670.209 429350124.404 7795273749263.382
3809.000 4654.000 62505557.000 1.000 1480.000 500.000 849.000 11123.752 4200005.792 22966.855 6469924.068 861768544.017 2853572701519.197
3766.000 4632.000 62505567.000 1.000 1470.000 510.000 664.000 39217.213 4378102.467 30118.975 780827.459 1593738.433 15998755991603.197
3624.000 6004.000 62505648.000 0.000 1430.000 530.000 722.000 11754.328 4992505.671 1436286.734 3388898.584 825143925.003 1937033116023.481
3675.000 6002.000 62505658.000 1.000 1450.000 530.000 770.000 26469.476 4767198.732 1431496.927 3284901.553 196284878.452 2237329095282.982
3654.000 6115.000 62505668.000 1.000 1450.000 530.000 763.000 12205.900 4859342.177 1714664.035 1149474.281 799404743.190 13185596547138.012
3601.000 6115.000 62505678.000 1.000 1450.000 530.000 762.000 17197.104 5095816.683 1714664.035 2767195.904 542076786.947 4054085807659.447
3575.000 6045.000 62505688.000 1.000 1450.000 530.000 767.000 29212.718 5213877.045 1536240.782 2096739.865 126943678.639 7203491463343.724
3544.000 5922.000 62505698.000 1.000 1460.000 520.000 779.000 38317.103 5356408.322 1246464.638 1407936.977 4676594.546 11375341231337.029
3495.000 5763.000 62505708.000 1.000 1460.000 520.000 790.000 44430.594 5585619.695 916713.963 4240814.441 15609985.862 291446135344.207
3437.000 5579.000 62505718.000 1.000 1460.000 520.000 812.000 62844.899 5863137.117 598227.698 209976.486 500204517.772 20891257069676.301
3321.000 5332.000 62505728.000 1.000 1470.000 510.000 830.000 61933.147 6438355.961 277151.505 1941803.698 460252682.153 8059172980191.774
3217.000 5084.000 62505738.000 1.000 1470.000 510.000 840.000 53501.520 6976949.406 77535.409 894429.928 169569188.509 15102877091859.195
3122.000 4872.000 62505748.000 1.000 1470.000 510.000 866.000 49617.760 7487838.804 4415.843 4521011.700 83505117.678 67423447989.123
3015.000 4685.000 62505758.000 1.000 1480.000 500.000 908.000 29986.793 8084875.599 14531.867 2315175.500 110099975.331 6078672769261.105
2938.000 4580.000 62505768.000 1.000 1480.000 500.000 915.000 19933.925 8528686.900 50871.987 2289883.264 422126673.441 6204028302853.375
2882.000 4514.000 62505778.000 1.000 1470.000 510.000 926.000 9990.880 8858906.756 85000.349 1800539.290 929564884.896 8881190700569.133
2863.000 4475.000 62505788.000 1.000 1470.000 510.000 933.000 2172.646 8972370.635 109262.108 607107.418 1467426290.076 17418640943900.609
2868.000 4467.000 62505798.000 1.000 1440.000 510.000 934.000 4808.805 8942441.720 114614.879 2430614.066 1272408935.897 5522772081311.364
2888.000 4473.000 62505808.000 1.000 1440.000 510.000 956.000 15362.926 8823226.057 110588.301 6498597.109 630849650.491 2951266834994.302
2953.000 4488.000 62505818.000 1.000 1430.000 520.000 961.000 43580.890 8441300.153 100836.855 3934101.592 9617711.022 716681379387.555
3120.000 4577.000 62505828.000 1.000 1420.000 530.000 959.000 60663.398 7498788.370 52234.276 3451000.822 407383823.155 1768025321741.260
3356.000 4694.000 62505838.000 1.000 1420.000 530.000 956.000 75648.204 6261963.551 12442.999 145687.089 1236827434.089 21483084707378.914
3655.000 4830.000 62505848.000 1.000 1410.000 530.000 956.000 75015.607 4854934.394 597.891 289988.693 1192732565.161 20166236158957.695
3965.000 4930.000 62505858.000 1.000 1390.000 540.000 967.000 73756.429 3584931.623 15488.252 2188478.489 1107344251.147 6719466964798.312
4283.000 4968.000 62505868.000 1.000 1390.000 540.000 964.000 64253.700 2481858.587 26390.590 4104432.624 565205618.102 457299632693.557
4562.000 4968.000 62505878.000 1.000 1400.000 540.000 959.000 46431.587 1680631.093 26390.590 1870040.836 35425595.285 8471773510470.372
4760.000 4930.000 62505888.000 1.000 1400.000 540.000 959.000 38311.566 1206464.033 15488.252 1897061.475 4700573.211 8315209399948.917
4903.000 4845.000 62505898.000 1.000 1400.000 540.000 971.000 30074.217 912773.045 1556.445 2003386.609 108272963.832 7713313892704.798
4961.000 4728.000 62505908.000 1.000 1400.000 540.000 987.000 38773.247 805311.623 6013.722 3531312.189 2911799.377 1560899824718.943
4972.000 4560.000 62505918.000 1.000 1410.000 550.000 1009.000 54106.778 785690.009 60293.915 2563318.914 185698711.933 4916654508111.363
4951.000 4326.000 62505928.000 1.000 1410.000 550.000 1015.000 65237.125 823359.455 229966.469 779358.460 612932739.888 16010509684690.605
4902.000 4047.000 62505938.000 1.000 1410.000 550.000 1023.000 61853.024 914684.828 575395.361 2289043.590 456821264.212 6208211908912.334
4824.000 3790.000 62505948.000 1.000 1410.000 550.000 1023.000 51913.625 1069965.912 1031338.132 1153631.196 130735863.512 13155424666922.898
4726.000 3587.000 62505958.000 1.000 1420.000 540.000 1023.000 46904.371 1282310.659 1484859.698 36258582.156 41277084.436 990858830626770.750
4608.000 3421.000 62505968.000 1.000 1420.000 540.000 1023.000 204345.023 1563479.069 1916973.698 335160919.142 26851861603.641 109151107731391024.000
4551.000 3353.000 62505969.000 1.000 1420.000 540.000 1023.000 58812.709 1709272.708 2109896.252 7802896.400 336101179.304 9133840596392.514
4386.000 3193.000 62505978.000 1.000 1430.000 550.000 1023.000 28319.410 2167936.924 2600311.674 784768.438 147871352.615 15967244916595.240
4281.000 3129.000 62505988.000 1.000 1430.000 550.000 1023.000 24911.818 2488164.153 2810813.843 37385.751 242357285.331 22498764012370.941
4176.000 3103.000 62505998.000 1.000 1430.000 550.000 1023.000 24749.483 2830441.382 2898670.349 239039.424 247438044.874 20626426045980.840
4069.000 3113.000 62506008.000 1.000 1410.000 560.000 980.000 25787.431 3201922.177 2864719.385 786961.585 215861197.361 15949722518868.125
3962.000 3146.000 62506018.000 1.000 1410.000 560.000 811.000 29204.546 3596300.973 2754100.204 370356.484 127127892.100 19450882553104.305
3867.000 3230.000 62506028.000 1.000 1410.000 560.000 134.000 27596.398 3965640.370 2482352.108 210942.087 165978092.844 20882431065830.602
2693.000 3470.000 62506128.000 0.000 1360.000 540.000 730.000 18436.950 10019703.768 1783688.975 1142233.189 485880470.585 13238236653405.555
2633.000 3523.000 62506138.000 1.000 1360.000 540.000 754.000 23396.712 10403150.756 1644929.867 3740663.641 291826652.366 1081617293038.757
2597.000 3618.000 62506148.000 1.000 1360.000 540.000 759.000 7154.143 10636674.949 1410270.710 5684137.474 1110589185.938 816249944152.562
2623.000 3635.000 62506158.000 1.000 1360.000 540.000 806.000 31835.591 10467758.587 1370183.072 2760600.112 74719696.112 4080690250589.355
2745.000 3700.000 62506168.000 1.000 1360.000 540.000 876.000 43822.565 9693207.045 1222236.807 918521.611 11175103.856 14916205279100.928
2931.000 3796.000 62506179.000 1.000 1360.000 540.000 914.000 48209.772 8569621.382 1019187.554 2852053.394 59754839.687 3719569553554.871
3120.000 3886.000 62506189.000 1.000 1360.000 540.000 941.000 60593.851 7498788.370 845568.879 1843110.015 404581221.214 8629270150911.853
3369.000 3971.000 62506199.000 1.000 1360.000 540.000 947.000 68596.934 6197070.370 696470.686 284255.145 790581854.325 20217764128600.480
3657.000 4047.000 62506209.000 1.000 1360.000 540.000 942.000 67362.652 4846124.828 575395.361 1897696.642 722695982.770 8311546654950.627
3941.000 4117.000 62506219.000 1.000 1370.000 530.000 934.000 59122.545 3676390.418 474098.614 1268636.568 347557663.134 12334392559032.469
4193.000 4166.000 62506229.000 1.000 1370.000 530.000 912.000 53613.919 2773529.069 409021.891 4229165.177 172509113.155 304159726100.204
4423.000 4202.000 62506239.000 1.000 1390.000 540.000 796.000 35250.197 2060348.949 364270.421 4471302.597 27347142.451 95709399624.603
4575.000 4220.000 62506249.000 1.000 1390.000 540.000 386.000 15835.075 1647093.912 342866.686 74245.334 607354906.200 22150451538177.023
6632.000 5717.000 62506619.000 0.000 1520.000 540.000 867.000 27763.331 598470.009 830744.397 5437737.432 161704680.815 431735041160.236
6674.000 5604.000 62506629.000 1.000 1520.000 540.000 888.000 4151.792 665217.117 637525.288 2018707.086 1319713015.199 7628449937190.861
6689.000 5614.000 62506639.000 1.000 1550.000 500.000 866.000 12917.346 689910.370 653594.325 2710858.076 759680410.845 4284129493401.771
6700.000 5669.000 62506649.000 1.000 1600.000 450.000 872.000 24688.332 708304.756 745549.023 2195744.454 249365614.779 6681850185052.376
6764.000 5583.000 62506659.000 1.000 1630.000 410.000 878.000 34222.611 820126.635 604431.313 665167.890 39150493.701 16937373708436.502
6865.000 5474.000 62506669.000 1.000 1640.000 370.000 882.000 31334.344 1013260.539 446827.819 298282.718 83636558.478 20091813271325.375
6921.000 5350.000 62506679.000 1.000 1640.000 370.000 888.000 32629.536 1129136.683 296427.770 2280714.099 61624235.430 6249789281414.673
6964.000 5215.000 62506689.000 1.000 1630.000 390.000 884.000 22726.305 1222370.009 167650.782 936473.266 315181135.699 14777863559953.525
6997.000 5122.000 62506699.000 1.000 1630.000 410.000 860.000 18659.986 1296429.165 100141.746 622584.960 476097585.913 17289687457386.953
7044.000 5056.000 62506709.000 1.000 1630.000 420.000 817.000 21363.351 1405667.358 62726.108 2124708.649 365432755.025 7054141082434.449
7135.000 5038.000 62506719.000 1.000 1630.000 440.000 687.000 30589.181 1629729.093 54033.843 4118084.578 97821308.522 439022032063.943
7254.000 5097.000 62506729.000 1.000 1620.000 460.000 249.000 48470.573 1947722.900 84944.156 278853.596 63854905.751 20266368536778.578
7985.000 5854.000 62506779.000 0.000 1600.000 480.000 656.000 54524.711 4522463.430 1099251.192 11090079.918 197263835.794 39808628844480.023
8218.000 5896.000 62506789.000 1.000 1570.000 500.000 796.000 6369.783 5567751.961 1189085.144 406199.225 1163482790.454 19136011664881.195
8236.000 5875.000 62506799.000 1.000 1570.000 510.000 790.000 4606.000 5653021.864 1143727.168 3288361.580 1286918515.800 2226990255116.882
8236.000 5855.000 62506809.000 1.000 1540.000 520.000 797.000 18884.600 5653021.864 1101349.096 2260239.969 466346034.898 6352577395687.499
8236.000 5773.000 62506819.000 1.000 1520.000 540.000 794.000 28698.929 5653021.864 935962.999 2369125.348 138785305.666 5815557037384.550
8216.000 5650.000 62506829.000 1.000 1520.000 540.000 803.000 38986.056 5558317.527 713098.855 2240038.974 2230812.690 6454815943777.621
8127.000 5506.000 62506839.000 1.000 1520.000 540.000 811.000 48712.669 5146584.226 490632.734 3583756.105 67782658.890 1432607551808.172
7991.000 5344.000 62506849.000 1.000 1520.000 540.000 820.000 64273.920 4548018.732 289930.349 3126865.778 566167449.673 2735074870844.248
7772.000 5171.000 62506859.000 1.000 1530.000 540.000 823.000 77851.279 3661897.238 133555.023 2347222.667 1396638913.013 5921675436915.879
7484.000 4994.000 62506869.000 1.000 1530.000 540.000 826.000 88043.301 2642602.780 35514.084 1248076.535 2262301225.957 12479230400894.232
7150.000 4808.000 62506879.000 1.000 1530.000 540.000 822.000 93462.652 1668252.346 6.011 3457056.330 2807198867.983 1751958322552.772
6793.000 4615.000 62506889.000 1.000 1530.000 540.000 861.000 78451.552 873492.924 36308.614 2607812.644 1441865604.556 4721317585085.243
6482.000 4476.000 62506899.000 1.000 1530.000 540.000 933.000 67128.006 388887.479 108602.011 9530452.622 710135062.115 22560416385293.703
6202.000 4395.000 62506909.000 1.000 1520.000 540.000 974.000 25745.233 118066.756 168549.819 4908919.117 217102942.254 16447334579.596
6098.000 4354.000 62506919.000 1.000 1510.000 540.000 970.000 4429.909 57412.202 203895.770 1154353.647 1299583576.425 13150184470411.689
6081.000 4345.000 62506929.000 1.000 1510.000 540.000 977.000 9442.300 49554.515 212104.638 3765704.390 963316880.005 1030159157855.285
6122.000 4345.000 62506939.000 1.000 1510.000 540.000 991.000 25793.600 69489.406 212104.638 6856869.983 215679962.862 4310598251771.262
6234.000 4345.000 62506949.000 1.000 1510.000 540.000 977.000 55567.243 141081.695 212104.638 2595695.179 227635567.056 4774123511343.450
6463.000 4421.000 62506959.000 1.000 1510.000 540.000 977.000 66838.173 365551.358 147877.313 5002572.831 694771917.346 49239998801.650
6769.000 4512.000 62506970.000 1.000 1500.000 540.000 979.000 90732.355 829207.720 86170.541 2074179.678 2525334707.953 7325100445069.338
7149.000 4616.000 62506980.000 1.000 1500.000 540.000 978.000 99738.780 1665670.129 35928.517 1584274.233 3511644898.887 10216958396744.652
7575.000 4694.000 62506990.000 1.000 1500.000 540.000 985.000 106617.956 2946744.515 12442.999 7947517.353 4374275978.737 10028909775291.637
8032.000 4768.000 62507000.000 1.000 1480.000 540.000 964.000 72108.545 4724573.623 1409.867 7598081.781 1000387218.037 7937798128048.694
8342.000 4812.000 62507010.000 1.000 1470.000 550.000 930.000 39116.440 6168310.852 41.626 5160055.279 1858332.060 143931706584.140
8510.000 4837.000 62507020.000 1.000 1470.000 550.000 912.000 16710.642 7031027.286 989.216 1823266.906 564965576.639 8746244623423.110
8582.000 4846.000 62507030.000 1.000 1470.000 550.000 902.000 8793.721 7418042.900 1636.349 3372457.928 1003997877.082 1983066745635.956
8555.000 4873.000 62507040.000 1.000 1490.000 550.000 875.000 23437.481 7271697.045 4549.746 2231172.654 290435406.161 6499946685430.881
8461.000 4912.000 62507050.000 1.000 1490.000 550.000 774.000 33125.595 6773570.659 11331.987 1777587.132 54082073.996 9018518453698.754
8321.000 4945.000 62507060.000 1.000 1490.000 550.000 522.000 40844.167 6064440.298 19446.807 1065587.407 132875.169 13801853198251.236
7609.000 5962.000 62507130.000 0.000 1550.000 540.000 638.000 8455.492 3064629.888 1337380.782 2295747.392 1025546473.755 6174850083441.470
7627.000 5930.000 62507140.000 1.000 1550.000 540.000 699.000 18424.000 3127975.792 1264391.867 2712275.572 486451544.127 4278263596908.435
7627.000 6010.000 62507150.000 1.000 1560.000 530.000 694.000 6646.859 3127975.792 1450704.156 3729633.652 1144657512.466 1104681514221.161
7620.000 5982.000 62507160.000 1.000 1560.000 530.000 713.000 22841.534 3103264.274 1384038.855 5728211.598 311103013.838 897831375193.562
7614.000 5883.000 62507170.000 1.000 1560.000 530.000 754.000 47714.359 3082160.973 1160902.397 3242996.165 52341064.435 2364446834929.807
7584.000 5678.000 62507180.000 1.000 1560.000 530.000 817.000 61795.975 2977724.467 761172.156 2414237.433 454385859.179 5600012346571.228
7536.000 5414.000 62507190.000 1.000 1560.000 530.000 882.000 72278.986 2814370.057 370213.602 4895777.278 1011197990.338 13249235399.576
7458.000 5110.000 62507200.000 1.000 1570.000 520.000 912.000 93537.246 2558747.141 92690.903 1491686.263 2815108860.867 10817426881705.195
7302.000 4735.000 62507210.000 1.000 1570.000 520.000 946.000 87060.102 2084005.310 4977.048 3706204.312 2169738831.220 1154480715698.629
7093.000 4420.000 62507220.000 1.000 1560.000 510.000 976.000 70967.161 1524257.985 148647.409 5850100.406 929488538.184 1143677211962.878
6952.000 4146.000 62507230.000 1.000 1550.000 520.000 982.000 45565.075 1195979.406 435003.819 3552938.511 25861582.661 1507329409338.594
6856.000 3973.000 62507240.000 1.000 1550.000 520.000 980.000 30137.639 995222.587 693136.493 2977010.259 106957119.878 3253195513356.824
6790.000 3860.000 62507250.000 1.000 1550.000 520.000 958.000 17210.977 867894.274 894061.385 1851466.450 541430981.982 8580244890098.799
6774.000 3787.000 62507260.000 1.000 1550.000 520.000 899.000 9171.609 838338.804 1037440.421 2104890.413 980193214.365 7159806860121.031
6805.000 3762.000 62507270.000 1.000 1530.000 530.000 755.000 18311.385 896067.527 1088992.831 6773629.430 491431819.535 3971879497446.517
6866.000 3813.000 62507280.000 1.000 1530.000 530.000 185.000 47723.584 1015274.756 985151.915 96654.883 52474629.980 21940015930110.234
7522.000 4615.000 62507330.000 0.000 1500.000 540.000 693.000 49822.040 2767593.021 36308.614 8928187.492 87280315.633 17201885130256.051
7737.000 4639.000 62507340.000 1.000 1470.000 550.000 912.000 11054.400 3529169.647 27738.301 2015447.420 865845133.713 7646466728566.170
7737.000 4591.000 62507350.000 1.000 1470.000 550.000 942.000 2303.000 3529169.647 46030.927 1955629.298 1457456340.746 7980866013461.172
7727.000 4591.000 62507360.000 1.000 1470.000 550.000 934.000 10794.660 3491697.479 46030.927 2165040.167 881198425.651 6841529650017.909
7718.000 4545.000 62507370.000 1.000 1470.000 550.000 971.000 20195.616 3458143.527 67885.361 4609223.970 411441894.791 29394411535.772
7707.000 4458.000 62507380.000 1.000 1470.000 550.000 977.000 40209.615 3417353.141 120789.746 710040.233 72917.031 16570042615564.152
7677.000 4286.000 62507390.000 1.000 1470.000 550.000 1000.000 43292.725 3307336.635 269930.325 952184.332 7913410.444 14657317478910.668
7634.000 4103.000 62507400.000 1.000 1460.000 540.000 1023.000 47427.264 3152785.310 493573.963 746646.879 48269388.424 16273358313213.564
7557.000 3912.000 62507410.000 1.000 1460.000 540.000 1023.000 44185.202 2885270.611 798428.373 3964731.723 13731141.296 665758462078.245
7524.000 3723.000 62507420.000 1.000 1450.000 550.000 1023.000 26969.693 2774251.455 1171910.590 2241404.423 182518844.549 6447879598702.243
7519.000 3606.000 62507430.000 1.000 1450.000 550.000 1023.000 17237.151 2757620.370 1438915.867 237378.271 540213598.748 20641517498417.426
7548.000 3537.000 62507440.000 1.000 1450.000 550.000 1023.000 18267.886 2854776.659 1609214.517 576929.827 493362306.115 17671447878114.188
7614.000 3493.000 62507450.000 1.000 1450.000 550.000 1023.000 20773.009 3082160.973 1722782.758 3972402.555 388351562.981 653299422859.500
7704.000 3487.000 62507460.000 1.000 1440.000 560.000 1023.000 38021.826 3406270.491 1738569.337 2024796.448 6040881.788 7594849809684.062
7868.000 3506.000 62507470.000 1.000 1440.000 560.000 1023.000 46813.821 4038526.057 1688825.505 1191413.754 40121766.139 12882774432926.822
8066.000 3552.000 62507480.000 1.000 1440.000 560.000 1023.000 51987.133 4873534.997 1571383.072 217473.441 132422244.716 20822780677512.062
8287.000 3598.000 62507490.000 1.000 1440.000 570.000 1023.000 52931.438 5898138.924 1458172.638 736938.352 155047110.659 16351781451446.719
8514.000 3634.000 62507500.000 1.000 1440.000 570.000 1023.000 56131.344 7052256.153 1372525.168 486660.978 244975633.500 18438530269975.664
8756.000 3663.000 62507510.000 1.000 1440.000 570.000 1023.000 58244.505 8396134.635 1305416.373 4632741.515 315590196.241 21883415057.206
9007.000 3694.000 62507520.000 1.000 1460.000 570.000 1023.000 38128.389 9913735.069 1235539.385 927031.426 5528412.001 14850545326194.240
9170.000 3723.000 62507530.000 1.000 1460.000 570.000 1023.000 34103.068 10966750.418 1171910.590 526229.743 40660753.828 18100278534632.348
9312.000 3765.000 62507540.000 1.000 1470.000 580.000 1023.000 31818.093 11927411.214 1082740.541 2257920.157 75022509.659 6364276633947.494
9440.000 3817.000 62507550.000 1.000 1470.000 580.000 1023.000 22013.837 12827918.973 977227.529 779090.852 340986121.825 16012651323308.146
9511.000 3881.000 62507560.000 1.000 1460.000 580.000 1023.000 25396.776 13341548.370 854789.361 838550.627 227492983.610 15540320564102.531
9567.000 3976.000 62507570.000 1.000 1470.000 590.000 1023.000 29037.899 13753776.515 688150.204 1403792.729 130913586.681 11403313306502.127
9614.000 4093.000 62507580.000 1.000 1470.000 590.000 1023.000 35133.395 14104594.708 507724.927 2559271.392 28582405.488 4934620460975.547
9627.000 4245.000 62507590.000 1.000 1490.000 590.000 1023.000 46246.167 14202409.527 314214.276 1818310.390 33252758.260 8775586041360.952
9609.000 4445.000 62507600.000 1.000 1500.000 580.000 1023.000 54141.566 14067063.623 129994.999 1631052.078 186648043.437 9920105369138.121
9571.000 4677.000 62507610.000 1.000 1520.000 590.000 1023.000 61223.859 13783461.382 16524.638 106138.131 430322350.746 21851266471044.219
9503.000 4934.000 62507620.000 1.000 1520.000 590.000 923.000 61684.728 13283170.635 16499.867 14205992.858 449655479.889 88836674125891.453
9418.000 5188.000 62507630.000 1.000 1530.000 590.000 515.000 0.000 12670812.202 146269.385 0.000 1638601783.691 22854824340632.332
