2159.000 6231.000 40576813.000 0.000 1610.000 720.000 885.000 42863.338 12451298.732 1386911.441 6920029.096 10287653.661 18955535526598.234
2279.000 6103.000 40576823.000 1.000 1610.000 720.000 911.000 14537.390 11618825.184 1101811.398 2029873.553 630939582.703 287682062368.829
2254.000 6157.000 40576833.000 1.000 1580.000 720.000 853.000 6228.452 11789882.173 1218091.979 567276.326 1117394330.473 3995830042963.610
2265.000 6180.000 40576843.000 1.000 1540.000 700.000 836.000 8550.500 11714463.097 1269389.893 6726764.099 967545956.320 17310014325151.582
2300.000 6180.000 40576853.000 1.000 1530.000 690.000 836.000 36085.351 11476103.313 1269389.893 6246227.465 12748825.575 13542355104749.463
2443.000 6217.000 40576863.000 1.000 1500.000 670.000 836.000 61653.208 10527687.334 1354132.624 4335665.146 483881525.896 3130888120182.631
2678.000 6309.000 40576873.000 1.000 1500.000 670.000 840.000 79400.507 9057931.635 1576712.280 234909.841 1579633725.326 5435070305634.006
2975.000 6441.000 40576883.000 1.000 1490.000 660.000 840.000 78438.944 7358414.603 1925633.699 2395996.436 1504124443.106 28980680057.214
3274.000 6558.000 40576893.000 1.000 1470.000 650.000 839.000 68631.345 5825657.011 2264037.957 4239995.311 839576369.018 2801478382696.923
3543.000 6639.000 40576903.000 1.000 1460.000 640.000 837.000 51275.654 4599479.807 2514355.828 2473552.402 135018665.403 8589797957.094
3745.000 6696.000 40576913.000 1.000 1460.000 640.000 851.000 41150.593 3773849.334 2698371.441 4898236.010 2234104.898 5438235403937.330
3912.000 6718.000 40576923.000 1.000 1450.000 640.000 867.000 21100.507 3152896.646 2771133.011 1630048.265 344302637.517 876442915754.894
3998.000 6710.000 40576933.000 1.000 1460.000 630.000 872.000 14428.185 2854882.603 2744562.258 28683.996 636437642.370 6439157814640.950
4050.000 6682.000 40576943.000 1.000 1440.000 620.000 908.000 14545.598 2681864.065 2652572.624 1658059.703 630527304.602 824779763444.220
4079.000 6630.000 40576953.000 1.000 1440.000 620.000 930.000 21332.580 2587721.958 2485894.731 1261731.324 335744083.603 1701726096521.539
4099.000 6545.000 40576963.000 1.000 1440.000 620.000 941.000 26497.260 2523776.366 2225085.484 2837187.822 173149826.600 73416209438.864
4109.000 6437.000 40576973.000 1.000 1460.000 620.000 965.000 38110.800 2492103.571 1914548.323 2092792.285 2387336.353 224146645516.405
4109.000 6281.000 40576983.000 1.000 1460.000 620.000 977.000 46677.285 2492103.571 1507178.645 1477653.192 49299836.673 1185007228270.127
4104.000 6090.000 40576993.000 1.000 1460.000 620.000 979.000 52725.804 2507914.968 1074688.925 182054.803 170822370.754 5684308368710.401
4076.000 5876.000 40577003.000 1.000 1440.000 620.000 977.000 53471.014 2597382.796 676789.290 1512286.625 190857353.888 1110804152131.375
4035.000 5661.000 40577013.000 1.000 1440.000 620.000 979.000 47280.729 2731218.259 369265.312 963304.460 58138005.719 2569381715345.858
3975.000 5477.000 40577023.000 1.000 1440.000 620.000 950.000 43337.608 2933135.033 179498.000 2059461.948 13554968.215 256817471698.710
3905.000 5314.000 40577033.000 1.000 1410.000 630.000 927.000 34907.555 3177804.603 67949.914 2914905.271 22546787.438 121571958632.435
3829.000 5193.000 40577043.000 1.000 1410.000 630.000 876.000 22975.892 3454541.850 19508.280 1394509.596 278222692.169 1372937059302.329
3763.000 5126.000 40577053.000 1.000 1400.000 630.000 788.000 17267.707 3704238.302 5281.226 725672.629 501231219.749 3387664558772.959
3699.000 5096.000 40577063.000 1.000 1400.000 630.000 609.000 14297.291 3954688.194 1820.903 4018078.077 643059088.862 2107852487305.519
3644.000 5116.000 40577073.000 1.000 1380.000 640.000 187.000 30744.602 4176463.571 3927.785 708752.725 79411245.555 3450235070607.594
3346.000 5945.000 40577143.000 0.000 1320.000 650.000 761.000 10436.501 5483276.882 795079.032 2617984.272 853773322.222 2678135685.016
3305.000 5933.000 40577153.000 1.000 1320.000 650.000 793.000 21152.769 5676972.345 773822.903 2260391.369 342365884.856 93539448794.907
3221.000 5954.000 40577163.000 1.000 1320.000 650.000 819.000 30405.292 6084311.829 811210.129 3632426.342 85573762.395 1136767037933.330
3134.000 5865.000 40577173.000 1.000 1320.000 650.000 854.000 45274.004 6521076.151 658811.505 206913.061 31563084.037 5566393240138.172
3044.000 5703.000 40577183.000 1.000 1320.000 650.000 906.000 46120.967 6988831.313 422073.763 1630971.474 41797081.513 874715178680.674
2984.000 5524.000 40577193.000 1.000 1320.000 650.000 943.000 52797.068 7309668.087 221532.172 1078341.910 172690276.481 2213821576730.662
2929.000 5315.000 40577203.000 1.000 1330.000 650.000 986.000 57211.075 7610093.463 68472.258 296741.194 308184142.665 5150595621587.946
2880.000 5086.000 40577213.000 1.000 1330.000 650.000 1005.000 55996.416 7882841.162 1067.462 824892.387 267012438.372 3032269097861.395
2827.000 4863.000 40577223.000 1.000 1330.000 650.000 1023.000 52619.861 8183259.979 36224.731 535259.101 168064265.154 4124857273026.997
2755.000 4660.000 40577233.000 1.000 1330.000 650.000 1023.000 50428.870 8600376.108 154706.882 1356211.662 116056866.288 1464153005505.545
2672.000 4471.000 40577243.000 1.000 1330.000 650.000 1023.000 44877.451 9094083.313 339105.849 3231280.611 27264586.929 442287573522.044
2580.000 4312.000 40577253.000 1.000 1320.000 650.000 1023.000 31650.760 9657425.033 549567.140 4234866.477 64082278.556 2784335795332.560
2493.000 4216.000 40577263.000 1.000 1320.000 650.000 1023.000 14316.063 10205723.356 701118.108 2721541.821 642107377.605 24120654411.821
2468.000 4163.000 40577273.000 1.000 1320.000 650.000 1023.000 3175.900 10366080.345 792683.871 667654.555 1330790455.308 3604602256845.114
2481.000 4163.000 40577283.000 1.000 1300.000 660.000 1023.000 5908.829 10282538.710 792683.871 4147547.061 1138864852.244 2500552372937.802
2493.000 4184.000 40577293.000 1.000 1300.000 660.000 1023.000 22886.099 10205723.356 755731.097 4507090.456 281226251.005 3766925471717.835
2583.000 4210.000 40577303.000 1.000 1300.000 660.000 1023.000 41335.098 9638788.194 711202.043 4130321.468 2819703.377 2446370968613.664
2725.000 4302.000 40577313.000 1.000 1280.000 660.000 1023.000 58241.858 8777234.495 564493.699 4136370.092 345437806.599 2465328713723.517
2915.000 4446.000 40577323.000 1.000 1260.000 670.000 1023.000 75173.377 7687531.377 368847.247 2215307.514 1261491118.596 123149093202.534
3166.000 4624.000 40577333.000 1.000 1260.000 670.000 1023.000 84241.357 6358667.205 184322.495 214880.905 1987862908.302 5528859331233.978
3457.000 4809.000 40577343.000 1.000 1240.000 670.000 1023.000 85120.935 4975753.850 59696.151 3967439.573 2067069338.620 1963378277126.497
3766.000 4970.000 40577353.000 1.000 1240.000 670.000 1023.000 68880.904 3692699.463 6943.548 2300710.152 854100814.491 70502682799.777
4030.000 5069.000 40577363.000 1.000 1240.000 670.000 1023.000 59463.343 2747769.657 245.613 2751885.835 392334768.168 34466765392.085
4264.000 5136.000 40577373.000 1.000 1240.000 670.000 1023.000 48198.972 2026750.237 6834.667 3061365.320 72984066.245 245155454905.211
4459.000 5166.000 40577383.000 1.000 1240.000 670.000 1023.000 35667.800 1509555.721 12694.989 1795364.120 15904947.656 594239701085.408
4605.000 5166.000 40577393.000 1.000 1240.000 670.000 1023.000 28318.786 1172108.904 12694.989 1438854.687 128530171.038 1270983134342.338
4719.000 5145.000 40577403.000 1.000 1240.000 670.000 1023.000 22429.082 938263.033 8403.763 1598676.969 296763284.523 936165766275.839
4796.000 5095.000 40577413.000 1.000 1240.000 670.000 1023.000 28972.991 795021.506 1736.559 1888186.882 114124560.899 459747304196.068
4845.000 4987.000 40577423.000 1.000 1240.000 670.000 1023.000 36701.959 710041.807 4399.398 3931897.099 8725771.910 1865036888361.690
4876.000 4840.000 40577433.000 1.000 1260.000 670.000 1023.000 52796.503 658759.141 45508.817 354687.199 172675427.281 4890937328539.767
4883.000 4624.000 40577443.000 1.000 1280.000 680.000 1023.000 54248.354 647445.184 184322.495 618652.616 212939691.618 3793071552530.792
4878.000 4402.000 40577453.000 1.000 1280.000 680.000 1023.000 56780.702 655516.581 424228.108 1790132.436 293258817.576 602332962284.862
4864.000 4170.000 40577463.000 1.000 1280.000 680.000 1023.000 49453.103 678382.495 780268.280 1179736.426 95985171.769 1922374316186.832
4840.000 3969.000 40577473.000 1.000 1280.000 680.000 1023.000 44624.055 718493.205 1175767.118 1125016.158 24682556.572 2077107613960.859
4799.000 3791.000 40577483.000 1.000 1300.000 670.000 1023.000 40018.995 789680.667 1593471.871 1936169.357 131837.429 396980906080.720
4746.000 3636.000 40577493.000 1.000 1300.000 670.000 1023.000 32093.619 886685.485 2008818.538 1230517.357 57188105.388 1784137788055.375
4679.000 3523.000 40577503.000 1.000 1280.000 680.000 1023.000 27056.708 1017354.216 2341903.656 998530.077 158739658.155 2457694225983.941
4608.000 3438.000 40577513.000 1.000 1280.000 680.000 1023.000 22969.397 1165622.065 2609284.409 878033.988 278439407.668 2850017811456.232
4534.000 3380.000 40577523.000 1.000 1280.000 680.000 1023.000 19375.316 1330884.753 2800026.452 308022.723 411302118.129 5099516206489.279
4461.000 3349.000 40577533.000 1.000 1250.000 680.000 1023.000 18114.478 1504645.162 2904733.785 750863.379 464032894.442 3295568911866.313
4388.000 3336.000 40577543.000 1.000 1250.000 680.000 1023.000 21188.008 1689063.571 2949215.312 1221777.036 341063062.923 1807563358110.512
4307.000 3367.000 40577553.000 1.000 1230.000 690.000 945.000 26189.142 1906166.216 2843701.979 1334273.277 181353591.448 1517726150970.600
4221.000 3431.000 40577563.000 1.000 1230.000 690.000 830.000 31650.760 2151032.259 2631948.000 779120.339 64082278.556 3193773682198.235
4125.000 3518.000 40577573.000 1.000 1210.000 690.000 645.000 34839.955 2441843.097 2357231.936 1079492.074 23193333.545 2210400260773.148
4012.000 3605.000 40577583.000 1.000 1190.000 680.000 282.000 39258.670 2807768.689 2097653.871 850313.211 157792.275 2944382660939.374
2552.000 3522.000 40577674.000 0.000 1160.000 680.000 832.000 7585.112 9832236.861 2344965.312 3474768.558 1028535491.564 825435833681.355
2522.000 3530.000 40577684.000 1.000 1160.000 680.000 897.000 21808.479 10021275.248 2320528.065 3555331.858 318530463.410 978315433406.951
2434.000 3545.000 40577694.000 1.000 1160.000 680.000 944.000 7255.340 10586171.850 2275053.226 179952.113 1049796337.437 5694339167697.370
2413.000 3566.000 40577704.000 1.000 1160.000 680.000 961.000 6518.737 10723265.721 2212144.452 2341992.944 1098071621.929 50283856063.064
2439.000 3572.000 40577714.000 1.000 1160.000 680.000 1023.000 16105.282 10553660.452 2194332.516 5315495.524 554631643.888 7558441319736.632
2500.000 3597.000 40577724.000 1.000 1160.000 680.000 1023.000 37863.348 10161047.399 2120891.118 4498347.936 3213245.390 3733065942998.685
2650.000 3636.000 40577734.000 1.000 1160.000 680.000 1023.000 56276.561 9227255.463 2008818.538 2910322.447 276246346.878 118397158782.607
2858.000 3735.000 40577744.000 1.000 1160.000 680.000 1023.000 68189.465 8006861.313 1737988.602 2538026.837 814164288.349 795619499.007
3105.000 3865.000 40577754.000 1.000 1170.000 690.000 1023.000 78578.441 6670028.259 1412123.333 928413.534 1514964138.885 2682454453627.845
3389.000 4016.000 40577764.000 1.000 1170.000 690.000 1023.000 82378.742 5283744.861 1076049.290 2696000.256 1825241163.784 16839394118.206
3698.000 4151.000 40577774.000 1.000 1170.000 690.000 943.000 71343.129 3958666.474 814195.742 3865041.228 1004080433.657 1686901345718.903
3959.000 4282.000 40577784.000 1.000 1170.000 690.000 815.000 55522.248 2988195.506 594946.817 7972312.747 251740974.802 29225692123100.121
4165.000 4378.000 40577794.000 1.000 1170.000 690.000 394.000 22888.958 2318431.915 456067.849 88868.255 281130369.452 6137338878711.908
6603.000 6123.000 40578114.000 0.000 1420.000 580.000 858.000 11248.417 837884.323 1144198.280 1596962.471 806985133.465 939486453476.357
6641.000 6097.000 40578124.000 1.000 1420.000 580.000 905.000 17785.308 908895.700 1089251.333 1580471.733 478322827.589 971726389237.204
6583.000 6141.000 40578134.000 1.000 1420.000 580.000 900.000 24254.697 801669.915 1183030.473 15650.347 237197077.197 6505474751449.576
6539.000 6230.000 40578144.000 1.000 1420.000 580.000 899.000 24190.635 724814.216 1384557.097 2343045.144 239174444.968 49813071225.276
6505.000 6137.000 40578154.000 1.000 1420.000 580.000 900.000 33781.487 668077.721 1174345.097 2211210.114 34508737.001 126041650691.235
6530.000 6001.000 40578164.000 1.000 1420.000 580.000 897.000 42832.695 709570.732 898082.301 878714.852 10092021.656 2847719406398.562
6592.000 5837.000 40578174.000 1.000 1410.000 590.000 885.000 39235.827 817867.399 614141.871 1590308.961 176461.962 952428832503.669
6679.000 5702.000 40578184.000 1.000 1390.000 580.000 863.000 32726.171 982795.076 420775.419 1824284.354 48021154.520 550488631559.920
6767.000 5601.000 40578194.000 1.000 1390.000 580.000 845.000 25258.777 1165018.474 299944.667 2353838.562 207277172.505 45111637258.262
6836.000 5524.000 40578204.000 1.000 1390.000 600.000 806.000 15623.744 1318731.184 221532.172 1052092.852 577544558.444 2292622098471.090
6893.000 5495.000 40578214.000 1.000 1380.000 600.000 758.000 11317.183 1452893.248 195074.194 480658.296 803082924.171 4349624202260.764
6938.000 5506.000 40578224.000 1.000 1380.000 610.000 661.000 13284.675 1563400.667 204911.979 2905812.136 695441547.983 115313605948.127
6985.000 5543.000 40578235.000 1.000 1370.000 620.000 522.000 26368.561 1683143.528 239778.710 2914806.574 176553397.846 121503142670.779
7054.000 5626.000 40578245.000 1.000 1370.000 620.000 394.000 38299.820 1866940.237 327953.269 358126.455 1838955.022 4875737008805.178
7137.000 5759.000 40578255.000 1.000 1350.000 630.000 103.000 36833.891 2100645.033 497973.032 5201740.160 7963739.075 6945895012798.591
7400.000 6127.000 40578285.000 0.000 1370.000 630.000 291.000 100711.175 2932177.506 1152771.656 18929193.643 3727746512.758 267746462517388.781
7692.000 6418.000 40578295.000 1.000 1370.000 630.000 453.000 23227.779 4017459.872 1862329.785 1914549.540 269883184.498 424692068314.069
7784.000 6442.000 40578305.000 1.000 1370.000 630.000 566.000 15390.900 4394726.151 1928410.043 617623.136 588790261.789 3797082603630.416
7847.000 6442.000 40578315.000 1.000 1370.000 630.000 655.000 17919.034 4662836.538 1928410.043 197714.677 472491376.458 5609881722354.335
7913.000 6410.000 40578325.000 1.000 1370.000 630.000 700.000 17109.723 4952228.087 1840559.032 898369.765 508330131.498 2781769655027.628
7964.000 6362.000 40578335.000 1.000 1380.000 640.000 742.000 20787.045 5181815.829 1712622.516 1395280.851 356033717.619 1371130258197.331
8006.000 6288.000 40578345.000 1.000 1380.000 640.000 763.000 26498.387 5374794.087 1524415.054 870058.570 173120168.294 2877009613334.960
8040.000 6185.000 40578355.000 1.000 1400.000 630.000 767.000 30059.822 5533598.581 1280681.613 2871859.122 92084727.531 93406981150.713
8024.000 6063.000 40578365.000 1.000 1400.000 630.000 782.000 41815.283 5458579.054 1019437.634 4326492.902 4662931.667 3098512933836.373
7975.000 5899.000 40578375.000 1.000 1400.000 630.000 782.000 59525.037 5232016.753 715161.204 4333747.391 394782575.001 3124105125443.256
7813.000 5717.000 40578385.000 1.000 1410.000 630.000 787.000 77264.486 4517156.044 440460.581 3542113.029 1414405683.900 952340728445.806
7564.000 5522.000 40578395.000 1.000 1410.000 630.000 818.000 91763.516 3520727.657 219653.484 2147590.241 2715203566.202 175262232648.742
7256.000 5307.000 40578405.000 1.000 1410.000 630.000 849.000 100554.307 2459753.764 64349.505 344784.255 3708615882.808 4934837036469.521
6902.000 5097.000 40578415.000 1.000 1410.000 630.000 892.000 101965.622 1474670.732 1907.247 432957.743 3882501361.248 4550865732316.887
6539.000 4891.000 40578425.000 1.000 1410.000 630.000 965.000 100193.384 724814.216 26350.366 10568021.990 3664786877.268 64028618000012.719
6170.000 4712.000 40578435.000 1.000 1410.000 630.000 1023.000 56935.005 232671.377 116504.774 7927559.186 298567443.404 28743812415428.719
5953.000 4627.000 40578445.000 1.000 1400.000 630.000 1023.000 24484.906 70416.044 181755.527 4849266.808 230159081.949 5212240789084.974
5855.000 4606.000 40578455.000 1.000 1400.000 630.000 1023.000 4635.267 28009.442 200102.301 952223.989 1226444788.816 2605026911107.312
5837.000 4600.000 40578465.000 1.000 1380.000 640.000 1023.000 8533.032 22308.474 205506.237 5314564.985 968632959.732 7553325594691.151
5869.000 4614.000 40578475.000 1.000 1380.000 640.000 1023.000 30287.289 32891.528 193009.054 4138229.459 87770886.273 2471171091057.115
5990.000 4641.000 40578485.000 1.000 1350.000 640.000 1023.000 47226.419 91421.700 170014.344 5893347.353 57312746.451 11069686158943.658
6169.000 4714.000 40578495.000 1.000 1350.000 640.000 1023.000 71349.822 231707.657 115143.462 4135438.331 1004504643.690 2462403597940.831
6432.000 4841.000 40578505.000 1.000 1330.000 650.000 1023.000 88277.527 554072.130 45083.161 1912621.768 2364062538.410 427208381051.064
6755.000 5003.000 40578515.000 1.000 1330.000 650.000 1023.000 96106.515 1139257.829 2532.903 2158055.809 3186671848.292 166609080414.194
7117.000 5157.000 40578525.000 1.000 1320.000 650.000 1023.000 104940.145 2043070.624 10747.893 3845575.160 4262032546.241 1636714916944.758
7518.000 5311.000 40578535.000 1.000 1320.000 650.000 1023.000 89198.945 3350218.517 66394.882 2466244.656 2454513232.758 9997781903.658
7870.000 5408.000 40578545.000 1.000 1330.000 660.000 993.000 79103.797 4762696.108 125792.258 6546313.126 1556136517.915 15841033312660.289
8188.000 5469.000 40578555.000 1.000 1330.000 660.000 945.000 52307.591 6251801.205 172783.247 6767677.753 160065265.978 17652133265692.152
8400.000 5499.000 40578565.000 1.000 1330.000 660.000 873.000 24605.267 7356897.936 198623.570 4459321.988 226521576.519 3583783777663.029
8500.000 5511.000 40578575.000 1.000 1350.000 670.000 824.000 6351.800 7909369.979 209463.699 1625472.037 1109163127.303 885032252382.813
8526.000 5511.000 40578585.000 1.000 1350.000 670.000 761.000 13005.390 8056288.710 209463.699 4417482.682 710249723.666 3427123293551.584
8473.000 5506.000 40578595.000 1.000 1350.000 670.000 665.000 31087.595 7758231.528 204911.979 3091299.887 73415863.564 275694642600.233
8346.000 5498.000 40578605.000 1.000 1370.000 670.000 501.000 43741.299 7066879.033 197733.226 453560.784 16690478.795 4463386279169.371
8169.000 5525.000 40578615.000 1.000 1370.000 670.000 110.000 41884.726 6157148.517 222474.516 1461776.937 4967661.959 1219824442919.366
7306.000 6359.000 40578685.000 0.000 1420.000 660.000 647.000 0.000 2619089.786 1704779.484 0.000 1572590464.933 6585554709635.921
7306.000 6359.000 40578695.000 1.000 1420.000 660.000 737.000 0.000 2619089.786 1704779.484 4875369.041 1572590464.933 5332106646968.675
7306.000 6359.000 40578705.000 1.000 1440.000 660.000 748.000 19956.484 2619089.786 1704779.484 657104.459 388067020.608 3644773943006.852
7254.000 6422.000 40578715.000 1.000 1450.000 650.000 762.000 22646.228 2453484.323 1873263.161 4750249.819 289328967.336 4769926998158.904
7222.000 6335.000 40578725.000 1.000 1450.000 650.000 814.000 42090.558 2354261.270 1642683.226 3323837.331 5927555.886 573963466404.016
7194.000 6165.000 40578735.000 1.000 1450.000 650.000 855.000 55696.114 2269121.097 1235814.731 3223689.966 257288440.847 432248919343.122
7164.000 5939.000 40578745.000 1.000 1450.000 640.000 894.000 68891.734 2179639.485 784414.968 193597.734 854733945.350 5629400786085.842
7123.000 5660.000 40578755.000 1.000 1450.000 640.000 937.000 69684.193 2060258.947 368050.968 464750.701 901698334.967 4416230227278.906
7074.000 5379.000 40578765.000 1.000 1450.000 640.000 984.000 71586.570 1921994.646 106062.280 1574328.321 1019567638.238 983876012882.719
6998.000 5096.000 40578775.000 1.000 1460.000 630.000 1023.000 78030.812 1717043.893 1820.903 2331273.792 1472633812.826 55206094882.736
6900.000 4792.000 40578785.000 1.000 1460.000 630.000 1023.000 68488.144 1469817.291 68292.301 1650749.269 831298250.362 838111496045.426
6788.000 4535.000 40578795.000 1.000 1460.000 630.000 1023.000 61731.086 1210792.603 268663.871 3736520.373 487313803.466 1369571213205.335
6673.000 4310.000 40578805.000 1.000 1450.000 640.000 1023.000 46436.283 970934.753 552536.452 4523847.726 45973583.347 3832253203726.625
6590.000 4139.000 40578815.000 1.000 1430.000 630.000 1023.000 27918.691 814253.958 835995.613 3802584.468 137762092.905 1528563555588.209
6528.000 4043.000 40578825.000 1.000 1410.000 640.000 991.000 12353.466 706205.291 1020762.581 2074288.759 745422943.718 242009692055.163
6507.000 3997.000 40578835.000 1.000 1400.000 650.000 882.000 3862.722 671351.162 1115828.753 3914139.665 1281151645.607 1816850854678.094
6520.000 4006.000 40578845.000 1.000 1380.000 640.000 693.000 19884.579 692823.528 1096895.849 4681626.926 390905164.061 4474889072172.306
6556.000 4079.000 40578855.000 1.000 1370.000 650.000 12.000 39048.013 754049.463 949314.968 378660.802 369527.526 4785474592996.054
7085.000 5083.000 40578926.000 0.000 1260.000 660.000 782.000 50052.891 1952615.571 880.430 8751448.232 108097406.091 38256880478069.070
7289.000 5064.000 40578936.000 1.000 1260.000 660.000 935.000 14230.344 2564354.538 113.893 2323812.626 646458936.458 58767911618.722
7346.000 5076.000 40578946.000 1.000 1260.000 660.000 932.000 4718.217 2750158.603 514.022 19914.359 1220641746.379 6483741498351.636
7364.000 5069.000 40578956.000 1.000 1260.000 660.000 926.000 4799.733 2810183.571 245.613 4616626.758 1214952430.778 4204112246297.585
7369.000 5050.000 40578966.000 1.000 1300.000 660.000 940.000 23697.100 2826972.173 11.075 3401901.930 254683321.636 698341616423.515
7369.000 4953.000 40578976.000 1.000 1300.000 660.000 970.000 37622.200 2826972.173 10065.699 2271819.479 4135938.773 86679653978.232
7369.000 4799.000 40578986.000 1.000 1300.000 660.000 979.000 46921.502 2826972.173 64682.710 850510.173 52788961.407 2943706757523.912
7364.000 4607.000 40578996.000 1.000 1320.000 650.000 1023.000 43440.085 2810183.571 199208.645 2203745.039 14320050.377 131397931411.494
7347.000 4430.000 40579006.000 1.000 1330.000 660.000 1023.000 34419.434 2753476.323 388537.742 1490388.306 27420584.108 1157443021104.550
7324.000 4291.000 40579016.000 1.000 1330.000 660.000 1023.000 28318.786 2677674.753 581143.914 2177746.145 128530171.038 150922475423.066
7303.000 4177.000 40579026.000 1.000 1330.000 660.000 1023.000 19404.557 2609388.624 767950.688 1319836.125 410116924.007 1553506578197.316
7288.000 4099.000 40579036.000 1.000 1330.000 660.000 1023.000 14002.035 2561152.818 910741.849 583424.068 658120828.333 3931533501009.625
7294.000 4042.000 40579046.000 1.000 1330.000 660.000 1023.000 11613.889 2580393.141 1022784.237 1078189.467 786354423.439 2214275237304.626
7312.000 3998.000 40579056.000 1.000 1350.000 670.000 1023.000 16027.272 2638546.108 1113717.097 3385587.087 558312096.986 671340194172.388
7364.000 3958.000 40579066.000 1.000 1370.000 660.000 1023.000 29885.590 2810183.571 1199743.333 2747078.500 95458972.309 32704890550.156
7486.000 3949.000 40579076.000 1.000 1370.000 660.000 1023.000 41130.283 3234099.463 1219540.237 4067758.681 2173802.995 2254577674269.431
7654.000 3960.000 40579086.000 1.000 1370.000 660.000 1023.000 57780.953 3866572.495 1195366.022 1615856.145 328517518.773 903217240261.913
7886.000 4006.000 40579096.000 1.000 1370.000 660.000 1023.000 64395.182 4832787.635 1096895.849 1112787.477 612032036.368 2112505530441.193
8144.000 4060.000 40579106.000 1.000 1350.000 670.000 1023.000 68950.186 6033705.506 986700.430 914224.102 858155147.836 2729135265521.806
8420.000 4119.000 40579116.000 1.000 1350.000 670.000 1023.000 65207.967 7465792.345 872968.731 1669063.219 652908089.232 804914629568.115
8682.000 4170.000 40579126.000 1.000 1350.000 670.000 1023.000 58375.944 8966193.097 780268.280 1131909.083 350440018.980 2057286719386.959
8915.000 4223.000 40579136.000 1.000 1370.000 670.000 1023.000 53742.669 10415853.958 689444.516 2810992.754 198437039.502 59907060647.310
9128.000 4278.000 40579146.000 1.000 1370.000 670.000 1023.000 42236.354 11836078.409 601133.441 2364431.899 6658738.934 40723912361.317
9289.000 4341.000 40579156.000 1.000 1370.000 670.000 1023.000 32557.959 12969795.399 507411.118 1481178.929 50380777.201 1177343562895.083
9408.000 4401.000 40579166.000 1.000 1370.000 670.000 1023.000 26495.008 13841080.130 425531.763 2781089.946 173209098.189 46163264498.002
9499.000 4460.000 40579176.000 1.000 1390.000 680.000 1023.000 15111.095 14526466.689 352038.065 138150.917 602447489.701 5895585345048.743
9534.000 4511.000 40579186.000 1.000 1390.000 680.000 1023.000 14545.598 14794486.904 294119.613 3163111.139 630527304.602 356262838459.650
9542.000 4570.000 40579196.000 1.000 1390.000 680.000 1023.000 27493.249 14856092.667 233605.914 2243925.549 147930097.788 103882457115.474
9531.000 4682.000 40579206.000 1.000 1390.000 680.000 1023.000 36678.372 14771417.743 137884.452 3198600.112 8865677.505 399887449887.096
9496.000 4828.000 40579216.000 1.000 1410.000 680.000 1023.000 49771.291 14503607.528 50772.688 2184551.610 102321119.747 145681114698.749
9437.000 5023.000 40579226.000 1.000 1410.000 680.000 1023.000 58713.377 14057702.022 919.785 1596799.035 363187400.712 939803307768.689
9361.000 5251.000 40579236.000 1.000 1410.000 680.000 1023.000 65249.599 13493575.270 39074.237 848240.382 655037389.699 2951500576501.958
9267.000 5501.000 40579246.000 1.000 1430.000 690.000 796.000 68721.725 12811819.549 200410.258 16788717.418 844822138.863 202279046951598.406
9140.000 5752.000 40579256.000 1.000 1430.000 690.000 37.000 0.000 11918791.054 488142.624 0.000 1572590464.933 6585554709635.921
