2410.000 5560.000 47090652.000 0.000 1420.000 440.000 10.000 0.000 9375844.000 1226668.247 0.000 1191166405.616 3343314940465.089
2410.000 5560.000 47090662.000 1.000 1410.000 450.000 15.000 0.000 9375844.000 1226668.247 3141793.482 1191166405.616 1724809662235.846
2410.000 5560.000 47090672.000 1.000 1420.000 450.000 29.000 12913.249 9375844.000 1226668.247 1980873.664 466561282.410 23225843304.654
2449.000 5596.000 47090682.000 1.000 1420.000 450.000 63.000 21054.941 9138529.000 1307707.887 2777577.761 181126853.254 900799105739.620
2529.000 5629.000 47090692.000 1.000 1410.000 460.000 101.000 32471.208 8661249.000 1384271.224 1086857.352 4170052.684 549994348843.750
2655.000 5673.000 47090702.000 1.000 1410.000 460.000 141.000 36938.357 7935489.000 1489743.674 770722.334 5881004.832 1118837297930.954
2800.000 5718.000 47090712.000 1.000 1430.000 460.000 144.000 40106.143 7139584.000 1601618.224 2339386.676 31280131.242 261032385105.223
2958.000 5765.000 47090722.000 1.000 1430.000 460.000 153.000 49721.378 6320196.000 1722788.977 636463.068 231286284.763 1420888609401.933
3158.000 5807.000 47090732.000 1.000 1430.000 460.000 161.000 47105.418 5354596.000 1834807.224 674113.743 158561972.518 1332546196217.319
3347.000 5849.000 47090742.000 1.000 1430.000 460.000 170.000 44334.708 4515625.000 1950353.472 2345808.336 96460473.782 267635445637.853
3529.000 5858.000 47090752.000 1.000 1430.000 460.000 175.000 34693.079 3775249.000 1975572.382 1949599.638 32328.153 14671567787.158
3671.000 5845.000 47090762.000 1.000 1430.000 460.000 170.000 26679.928 3243601.000 1939197.067 532796.831 61361382.960 1678777747332.739
3767.000 5792.000 47090772.000 1.000 1430.000 460.000 191.000 24490.052 2907025.000 1794395.708 192470.494 100465073.187 2676505477981.385
3833.000 5716.000 47090782.000 1.000 1440.000 470.000 209.000 23698.969 2686321.000 1596560.022 1574207.202 116949293.972 64651294711.454
3865.000 5624.000 47090792.000 1.000 1440.000 470.000 246.000 30169.200 2582449.000 1372530.719 1350401.615 18871019.625 228552622712.358
3865.000 5500.000 47090802.000 1.000 1440.000 470.000 247.000 35719.556 2582449.000 1097362.180 1140953.160 1455104.960 472684067609.424
3842.000 5355.000 47090812.000 1.000 1440.000 470.000 260.000 40409.047 2656900.000 814597.517 220596.704 34760084.020 2585267439604.470
3794.000 5196.000 47090822.000 1.000 1440.000 470.000 260.000 39502.361 2815684.000 552867.438 568531.518 24890942.342 1587453522560.137
3719.000 5052.000 47090832.000 1.000 1440.000 470.000 257.000 41839.112 3073009.000 359460.876 1157525.540 53667833.753 450171018346.890
3625.000 4908.000 47090842.000 1.000 1450.000 460.000 255.000 37081.506 3411409.000 207526.314 729362.307 6595791.539 1208045174292.433
3535.000 4785.000 47090852.000 1.000 1450.000 460.000 202.000 34083.716 3751969.000 110589.876 3784993.770 184524.101 3827971994651.383
3447.000 4676.000 47090862.000 1.000 1440.000 470.000 36.000 18526.816 4100625.000 49974.854 228613.733 255566989.191 2559550924307.205
3353.000 5516.000 47090973.000 0.000 1420.000 470.000 177.000 28956.789 4490161.000 1131139.798 6749212.314 30874577.624 24213671551368.082
3426.000 5610.000 47090983.000 1.000 1400.000 470.000 173.000 1216.500 4186116.000 1339923.303 59194.890 1108675470.824 3130346413007.438
3426.000 5615.000 47090993.000 1.000 1400.000 470.000 176.000 1459.800 4186116.000 1351523.809 4662798.030 1092532453.206 8033396160994.021
3426.000 5609.000 47091003.000 1.000 1420.000 470.000 178.000 20624.609 4186116.000 1337609.202 3696758.835 192895145.630 3490490501416.830
3401.000 5528.000 47091013.000 1.000 1420.000 470.000 180.000 35818.850 4289041.000 1156809.011 2959880.748 1704516.458 1280082608172.906
3366.000 5385.000 47091023.000 1.000 1420.000 470.000 185.000 47984.410 4435236.000 869650.550 1088585.512 181471378.895 547434073033.887
3295.000 5201.000 47091033.000 1.000 1420.000 470.000 190.000 52458.662 4739329.000 560327.944 872848.725 322036782.308 913218501677.060
3203.000 5006.000 47091043.000 1.000 1420.000 470.000 205.000 56046.203 5148361.000 306418.224 344608.903 463666829.539 2201853817830.512
3096.000 4802.000 47091053.000 1.000 1430.000 460.000 211.000 57462.598 5645376.000 122185.595 1055001.596 526671257.004 598258617182.536
2986.000 4593.000 47091063.000 1.000 1430.000 460.000 233.000 53126.381 6180196.000 19754.460 2495246.845 346447577.774 444586839371.139
2882.000 4401.000 47091073.000 1.000 1430.000 460.000 241.000 42870.537 6708100.000 2647.045 1640010.364 69843766.537 35518312429.537
2804.000 4243.000 47091083.000 1.000 1430.000 460.000 257.000 36129.845 7118224.000 43869.067 4110624.300 2613286.650 5208212772859.835
2740.000 4109.000 47091093.000 1.000 1430.000 480.000 269.000 19234.554 7463824.000 117957.517 2496767.227 233439428.012 446616651648.583
2715.000 4034.000 47091103.000 1.000 1430.000 480.000 269.000 8972.461 7601049.000 175099.932 311092.869 652333368.038 2302443647607.291
2723.000 3998.000 47091113.000 1.000 1430.000 480.000 284.000 7693.822 7557001.000 206524.292 2655631.665 719283256.900 684190810757.822
2753.000 3988.000 47091123.000 1.000 1430.000 480.000 292.000 18608.872 7392961.000 215713.281 4354851.517 252950152.014 6382586437092.508
2828.000 4003.000 47091133.000 1.000 1430.000 480.000 317.000 36507.974 6990736.000 202004.798 3018138.690 3978809.398 1415303524379.942
2968.000 4057.000 47091143.000 1.000 1430.000 480.000 322.000 48912.983 6270016.000 156380.258 2576222.681 207351484.348 559129001157.594
3152.000 4138.000 47091153.000 1.000 1430.000 480.000 329.000 59501.650 5382400.000 98878.449 1014789.945 624418700.957 662080749791.599
3379.000 4229.000 47091163.000 1.000 1430.000 480.000 330.000 63672.591 4380649.000 49929.651 631325.545 850265494.661 1433162964442.633
3624.000 4321.000 47091173.000 1.000 1430.000 480.000 329.000 66267.435 3415104.000 17278.955 2727284.245 1008326443.252 807860951823.651
3880.000 4414.000 47091183.000 1.000 1420.000 480.000 335.000 55057.882 2534464.000 1478.359 1674247.053 422080725.355 23785763237.582
4099.000 4471.000 47091193.000 1.000 1420.000 480.000 335.000 48176.472 1885129.000 344.123 943800.845 186682851.552 782645513099.417
4296.000 4491.000 47091203.000 1.000 1420.000 480.000 337.000 44297.307 1382976.000 1486.146 2915526.428 95727210.061 1181684305922.695
4478.000 4486.000 47091213.000 1.000 1420.000 480.000 335.000 32314.050 988036.000 1125.640 1267686.914 4836606.811 314481472439.520
4604.000 4444.000 47091223.000 1.000 1420.000 480.000 335.000 27103.664 753424.000 71.393 307110.778 54902389.786 2314544199294.025
4693.000 4377.000 47091233.000 1.000 1400.000 480.000 334.000 25841.392 606841.000 5692.618 98583.700 75201618.684 2992518341959.048
4758.000 4293.000 47091243.000 1.000 1400.000 480.000 335.000 25436.198 509796.000 25424.123 1057369.148 82393393.769 594601753096.080
4785.000 4192.000 47091253.000 1.000 1400.000 480.000 344.000 29782.146 471969.000 67833.910 994859.539 22383616.487 694912053731.126
4775.000 4070.000 47091263.000 1.000 1420.000 480.000 343.000 33871.170 485809.000 146267.573 2435578.980 412303.564 368577196570.213
4741.000 3935.000 47091273.000 1.000 1420.000 480.000 359.000 43881.770 534361.000 267753.921 563285.970 87768629.512 1600699209474.778
4690.000 3762.000 47091283.000 1.000 1410.000 490.000 371.000 41566.579 611524.000 476720.427 162066.753 49749045.328 2776911082140.667
4612.000 3610.000 47091293.000 1.000 1410.000 490.000 373.000 40900.460 739600.000 709721.056 1082216.891 40796085.146 556898763331.083
4516.000 3472.000 47091303.000 1.000 1390.000 480.000 361.000 45348.536 913936.000 961281.101 1112369.546 117402801.074 512804716381.250
4411.000 3318.000 47091313.000 1.000 1410.000 490.000 367.000 40776.528 1125721.000 1286975.528 576007.641 39228291.977 1568670454149.071
4291.000 3201.000 47091323.000 1.000 1410.000 490.000 369.000 38409.049 1394761.000 1566125.696 704698.013 15177026.344 1262871099504.578
4162.000 3110.000 47091333.000 1.000 1410.000 490.000 371.000 35512.633 1716100.000 1802170.494 151585.632 998709.046 2811952555247.769
4026.000 3057.000 47091343.000 1.000 1410.000 490.000 371.000 34889.593 2090916.000 1947279.135 153815.963 141612.463 2804477500120.680
3884.000 3037.000 47091353.000 1.000 1410.000 490.000 366.000 35521.800 2521744.000 2003497.112 1596208.821 1017115.242 53946830333.751
3738.000 3037.000 47091363.000 1.000 1410.000 490.000 366.000 42082.461 3006756.000 2003497.112 113394.588 57292520.912 2941495299440.038
3567.000 3063.000 47091373.000 1.000 1410.000 490.000 369.000 41616.392 3629025.000 1930569.741 763862.490 50454218.760 1133396369870.130
3400.000 3100.000 47091383.000 1.000 1420.000 490.000 369.000 38476.801 4293184.000 1829119.483 409854.178 15709509.138 2012480470616.069
3249.000 3147.000 47091393.000 1.000 1410.000 500.000 372.000 36792.238 4941729.000 1704198.236 1777238.376 5193655.558 2625026730.388
3107.000 3199.000 47091403.000 1.000 1410.000 500.000 372.000 29487.518 5593225.000 1571135.494 1821510.704 25258270.467 48479005.957
2999.000 3254.000 47091413.000 1.000 1410.000 500.000 377.000 22000.832 6115729.000 1436281.056 1203667.142 156561322.055 390382848403.336
2928.000 3310.000 47091423.000 1.000 1410.000 500.000 386.000 17053.577 6471936.000 1305190.719 966893.664 304841182.943 742319625444.960
2881.000 3362.000 47091433.000 1.000 1410.000 500.000 399.000 13079.497 6713281.000 1189079.977 130976.176 459406997.337 2881496793883.747
2864.000 3413.000 47091443.000 1.000 1400.000 510.000 389.000 12541.165 6801664.000 1080455.135 1053293.143 482773779.804 600904416410.300
2880.000 3462.000 47091453.000 1.000 1400.000 510.000 399.000 16870.360 6718464.000 980990.090 2158361.500 311272579.739 108826164663.458
2918.000 3520.000 47091463.000 1.000 1400.000 510.000 388.000 25741.554 6522916.000 869461.955 2790802.333 76943153.956 926076993205.534
3003.000 3583.000 47091473.000 1.000 1400.000 510.000 388.000 37212.176 6095961.000 755942.326 2175222.190 7284046.715 120234729822.224
3140.000 3651.000 47091483.000 1.000 1400.000 510.000 388.000 46152.670 5438224.000 642321.202 1705375.828 135475430.175 15153009940.468
3312.000 3731.000 47091493.000 1.000 1400.000 510.000 393.000 53162.024 4665600.000 520489.292 1709686.618 347775701.809 14110297366.346
3512.000 3819.000 47091503.000 1.000 1400.000 510.000 371.000 60189.096 3841600.000 401258.191 923798.908 659247594.773 818435919632.252
3740.000 3915.000 47091513.000 1.000 1380.000 500.000 294.000 63986.050 2999824.000 288851.899 11833330.277 868644248.963 100097161315524.391
3986.000 4008.000 47091523.000 1.000 1380.000 500.000 80.000 15349.263 2208196.000 197535.303 48265.841 367259497.190 3169138919976.880
5933.000 5307.000 47091894.000 0.000 1440.000 470.000 13.000 22709.159 212521.000 730256.663 4433638.626 139337241.547 6786885903262.530
5867.000 5373.000 47091904.000 1.000 1440.000 470.000 41.000 4486.230 156025.000 847413.337 1091499.759 901623652.755 543130133807.841
5855.000 5387.000 47091914.000 1.000 1440.000 470.000 51.000 0.000 146689.000 873384.753 1351148.546 1191166405.616 227839007359.300
5855.000 5387.000 47091924.000 1.000 1440.000 470.000 58.000 5553.426 146689.000 873384.753 1635114.924 838673067.560 37387496641.099
5875.000 5376.000 47091934.000 1.000 1450.000 470.000 81.000 12273.997 162409.000 852945.640 1618018.477 494585649.882 44291270696.692
5907.000 5337.000 47091944.000 1.000 1460.000 470.000 132.000 18924.299 189225.000 782429.696 2451838.232 243016287.632 388583725380.179
5962.000 5282.000 47091954.000 1.000 1460.000 470.000 177.000 29001.727 240100.000 688154.135 599040.365 30377201.981 1511505564659.759
6034.000 5187.000 47091964.000 1.000 1460.000 470.000 190.000 31463.874 315844.000 539564.528 659561.970 9298868.935 1366353909421.882
6116.000 5087.000 47091974.000 1.000 1460.000 470.000 202.000 34174.774 414736.000 402654.415 402732.544 114585.422 2032736961923.206
6207.000 4980.000 47091984.000 1.000 1460.000 470.000 207.000 32519.482 540225.000 278309.595 289857.645 3975225.223 2367338412888.312
6300.000 4884.000 47091994.000 1.000 1460.000 470.000 210.000 31328.123 685584.000 186235.887 1510421.241 10145216.740 101157169923.074
6394.000 4796.000 47092004.000 1.000 1450.000 470.000 213.000 25120.062 850084.000 118026.989 922442.511 88232519.699 820891954953.671
6482.000 4742.000 47092014.000 1.000 1450.000 470.000 215.000 21328.683 1020100.000 83839.528 921869.296 173833563.387 821930984510.511
6568.000 4725.000 47092024.000 1.000 1450.000 470.000 215.000 25117.706 1201216.000 74283.809 1684853.960 88276786.087 20626540872.011
6671.000 4732.000 47092034.000 1.000 1450.000 470.000 217.000 32042.712 1437601.000 78148.517 2337405.727 6103699.747 259012122940.924
6792.000 4784.000 47092044.000 1.000 1450.000 470.000 213.000 41649.805 1742400.000 109925.775 1597351.115 50930007.839 53417506320.593
6924.000 4893.000 47092054.000 1.000 1460.000 480.000 208.000 48215.161 2108304.000 194084.798 827499.795 187741578.963 1001948139270.595
7058.000 5039.000 47092064.000 1.000 1460.000 480.000 208.000 51616.311 2515396.000 344041.562 434726.494 292513714.354 1942530412035.829
7210.000 5187.000 47092074.000 1.000 1460.000 480.000 205.000 53403.103 3020644.000 539564.528 3642992.698 356825462.637 3292480316597.088
7373.000 5334.000 47092084.000 1.000 1470.000 480.000 207.000 38429.849 3613801.000 777131.393 3190015.055 15339523.029 1853795703649.287
7491.000 5439.000 47092094.000 1.000 1470.000 480.000 212.000 25318.402 4076361.000 973282.011 3796615.481 84545757.260 3873583287645.830
7561.000 5516.000 47092104.000 1.000 1470.000 480.000 207.000 9713.735 4363921.000 1131139.798 1127326.171 615017367.004 491607423680.438
7598.000 5531.000 47092114.000 1.000 1470.000 480.000 207.000 5080.253 4519876.000 1163271.314 2279971.599 866303000.997 203850632106.225
7592.000 5511.000 47092124.000 1.000 1460.000 490.000 213.000 14451.283 4494400.000 1120529.292 2995440.746 402483670.881 1361812808356.853
7550.000 5469.000 47092134.000 1.000 1470.000 490.000 213.000 26763.000 4318084.000 1033375.045 3661992.239 60066819.701 3361791367104.313
7484.000 5381.000 47092144.000 1.000 1470.000 490.000 213.000 41814.345 4048144.000 862206.146 2278479.197 53305569.330 202505225711.801
7360.000 5262.000 47092154.000 1.000 1470.000 490.000 217.000 51179.241 3564544.000 655372.112 1843503.321 277754299.872 225898805.093
7203.000 5122.000 47092164.000 1.000 1480.000 500.000 215.000 58756.320 2996361.000 448297.955 1110050.411 587725052.182 516131577748.114
7023.000 4961.000 47092174.000 1.000 1480.000 500.000 218.000 63318.796 2405601.000 258623.674 626301.157 829757827.762 1445218079457.639
6836.000 4780.000 47092184.000 1.000 1480.000 500.000 220.000 65892.989 1860496.000 107289.371 165214.568 984686219.429 2766429911259.494
6646.000 4587.000 47092194.000 1.000 1500.000 500.000 207.000 65213.932 1378276.000 18103.854 2427223.571 942530113.944 358501778420.045
6453.000 4401.000 47092204.000 1.000 1510.000 490.000 211.000 55237.674 962361.000 2647.045 2151557.372 429500561.156 104383258978.466
6296.000 4237.000 47092214.000 1.000 1500.000 500.000 216.000 46394.446 678976.000 46418.460 3334918.209 141162136.758 2269375990609.997
6177.000 4088.000 47092224.000 1.000 1500.000 500.000 216.000 32687.425 497025.000 132823.393 3913260.070 3333741.680 4346335498224.193
6082.000 3993.000 47092234.000 1.000 1480.000 500.000 225.000 16603.331 372100.000 211093.786 2263743.732 320766226.094 189460270023.242
6043.000 3937.000 47092244.000 1.000 1480.000 500.000 237.000 7299.000 326041.000 265688.123 395081.002 740616964.366 2054613739957.327
6043.000 3907.000 47092254.000 1.000 1480.000 500.000 265.000 8922.843 326041.000 297515.090 2825345.337 654870398.568 993753677337.868
6079.000 3900.000 47092264.000 1.000 1480.000 500.000 296.000 20535.442 368449.000 305200.382 3264967.270 195379918.404 2063514665292.183
6161.000 3920.000 47092274.000 1.000 1480.000 500.000 309.000 33954.954 474721.000 283502.404 2436014.974 311726.454 369106775449.591
6295.000 3959.000 47092284.000 1.000 1480.000 500.000 322.000 43967.346 677329.000 243492.348 1132840.078 89379388.789 483905705725.472
6464.000 4023.000 47092294.000 1.000 1470.000 490.000 329.000 48623.491 984064.000 184426.820 726060.483 199098091.563 1215314219043.754
6648.000 4101.000 47092304.000 1.000 1460.000 500.000 337.000 51607.710 1382976.000 123516.708 421572.966 292219581.970 1979368804995.752
6841.000 4189.000 47092314.000 1.000 1460.000 500.000 339.000 53340.439 1874161.000 69405.606 879214.183 354461965.512 901093043386.170
7040.000 4281.000 47092324.000 1.000 1460.000 500.000 340.000 49726.735 2458624.000 29394.910 264717.699 231449253.036 2445331863296.038
7222.000 4374.000 47092334.000 1.000 1450.000 510.000 340.000 50814.765 3062500.000 6154.314 2329742.020 265738456.065 251270238729.311
7408.000 4469.000 47092344.000 1.000 1450.000 510.000 339.000 41239.171 3748096.000 273.921 1383741.500 45237627.428 197786454597.603
7559.000 4546.000 47092354.000 1.000 1450.000 510.000 329.000 35551.783 4355569.000 8751.708 2214907.583 1078491.211 149331384985.499
7685.000 4620.000 47092364.000 1.000 1450.000 510.000 285.000 26448.176 4897369.000 28073.191 325743.665 65045881.326 2258196628475.387
7769.000 4689.000 47092374.000 1.000 1450.000 510.000 180.000 25109.320 5276209.000 55956.168 384961.003 88434438.957 2083728013417.409
6889.000 5575.000 47092495.000 0.000 1480.000 500.000 139.000 44254.524 2007889.000 1260119.764 6901286.979 94891860.279 25733437701732.293
6708.000 5557.000 47092505.000 1.000 1480.000 500.000 51.000 15889.185 1527696.000 1220031.944 768412.687 346856865.602 1123728695509.885
6644.000 5544.000 47092515.000 1.000 1480.000 500.000 63.000 12730.892 1373584.000 1191482.629 1433207.067 474472369.712 156235466644.209
6597.000 5521.000 47092525.000 1.000 1460.000 500.000 66.000 18621.591 1265625.000 1141800.303 1211271.240 252545737.490 380938494817.612
6560.000 5454.000 47092535.000 1.000 1470.000 490.000 85.000 23600.100 1183744.000 1003103.528 2730412.840 119097469.019 813494770219.799
6560.000 5357.000 47092545.000 1.000 1470.000 490.000 117.000 34822.512 1183744.000 818211.719 2833906.820 95625.243 1010896380772.030
6554.000 5214.000 47092555.000 1.000 1460.000 490.000 151.000 46470.300 1170724.000 579959.258 1851163.621 142970358.718 514846551.475
6554.000 5023.000 47092565.000 1.000 1460.000 490.000 183.000 54078.864 1170724.000 325527.944 578505.602 382812128.703 1562419472765.100
6543.000 4801.000 47092575.000 1.000 1450.000 480.000 220.000 56456.610 1147041.000 121487.494 1495493.813 481509789.183 110875399159.285
6521.000 4570.000 47092585.000 1.000 1450.000 480.000 239.000 62603.317 1100401.000 13818.135 1071405.855 789050252.516 573151253597.263
6469.000 4318.000 47092595.000 1.000 1450.000 480.000 241.000 67006.958 994009.000 18076.651 831961.674 1055839195.401 993035601502.469
6394.000 4053.000 47092605.000 1.000 1440.000 480.000 252.000 63587.469 850084.000 159559.854 2869686.518 845308542.450 1084124776480.561
6303.000 3808.000 47092615.000 1.000 1430.000 490.000 259.000 51792.621 690561.000 415315.078 2033074.409 298575670.825 41861576693.074
6207.000 3618.000 47092625.000 1.000 1430.000 490.000 272.000 43436.376 540225.000 696305.865 2029014.948 79621665.686 40216916207.914
6115.000 3465.000 47092635.000 1.000 1430.000 500.000 277.000 35096.816 413449.000 975056.393 2297712.792 340515.798 220185615740.817
6043.000 3340.000 47092645.000 1.000 1430.000 500.000 280.000 25652.867 326041.000 1237543.753 1905948.212 78506895.235 6002347936.859
5982.000 3254.000 47092655.000 1.000 1420.000 500.000 277.000 17819.130 260100.000 1436281.056 3136789.044 278694600.330 1711689848693.321
5940.000 3194.000 47092665.000 1.000 1420.000 500.000 274.000 4926.450 219024.000 1583694.989 777121.124 875380431.659 1105341588676.331
5921.000 3187.000 47092675.000 1.000 1420.000 500.000 206.000 8120.536 201601.000 1601362.281 7282605.959 696576866.457 29747562072688.785
5916.000 3220.000 47092685.000 1.000 1410.000 510.000 91.000 38053.154 197136.000 1518931.618 347311.115 12530717.243 2193841686930.180
6946.000 4397.000 47092785.000 0.000 1400.000 530.000 36.000 52328.169 2172676.000 3074.640 9839968.511 317370316.921 64184054062734.711
7103.000 4544.000 47092795.000 1.000 1400.000 530.000 63.000 11884.402 2660161.000 8381.505 1342196.566 512066060.043 236465150231.574
7148.000 4563.000 47092805.000 1.000 1400.000 530.000 65.000 6367.770 2808976.000 12221.427 996101.829 792169659.160 692842416711.936
7167.000 4545.000 47092815.000 1.000 1400.000 530.000 103.000 10461.900 2873025.000 8565.606 2756116.268 578468816.668 860521307822.097
7167.000 4502.000 47092825.000 1.000 1410.000 520.000 170.000 21789.957 2873025.000 2455.258 1958268.661 161882914.710 16846812194.583
7157.000 4413.000 47092835.000 1.000 1410.000 520.000 215.000 29838.739 2839225.000 1556.258 1333489.832 21851321.270 245008723374.419
7137.000 4292.000 47092845.000 1.000 1410.000 520.000 232.000 35319.585 2772225.000 25744.022 698999.927 650129.873 1275710305182.174
7112.000 4149.000 47092855.000 1.000 1410.000 520.000 252.000 32446.589 2689600.000 92081.562 35430.076 4271206.256 3215004328358.134
7093.000 4017.000 47092865.000 1.000 1420.000 530.000 280.000 32592.212 2627641.000 189616.213 56764.810 3690497.210 3138951294894.163
7077.000 3884.000 47092875.000 1.000 1430.000 520.000 291.000 32358.900 2576025.000 323134.764 1468646.145 4641347.520 129475646741.581
7077.000 3751.000 47092885.000 1.000 1430.000 520.000 317.000 26322.541 2576025.000 492031.314 842159.107 67088183.831 972815866212.916
7093.000 3644.000 47092895.000 1.000 1430.000 520.000 330.000 22861.139 2627641.000 653590.494 700804.970 135772359.248 1271636067023.763
7120.000 3554.000 47092905.000 1.000 1430.000 520.000 339.000 25741.554 2715904.000 807211.393 41822.054 76943153.956 3192122998899.783
7183.000 3469.000 47092915.000 1.000 1430.000 520.000 366.000 25913.449 2927521.000 967172.798 1913120.453 73957070.618 7165125157.542
7271.000 3409.000 47092925.000 1.000 1420.000 530.000 398.000 33776.665 3236401.000 1088786.730 2287854.519 542599.722 211031021046.438
7403.000 3366.000 47092935.000 1.000 1420.000 530.000 412.000 43180.095 3728761.000 1180372.382 1712687.480 75113705.031 13406377114.547
7580.000 3353.000 47092945.000 1.000 1420.000 530.000 417.000 50219.501 4443664.000 1208789.067 3862571.191 246685419.396 4137553861221.861
7786.000 3366.000 47092955.000 1.000 1430.000 530.000 415.000 66095.256 5354596.000 1180372.382 125889.016 997421291.100 2898793552941.987
8056.000 3396.000 47092965.000 1.000 1420.000 540.000 430.000 66612.679 6677056.000 1116085.415 88188.464 1030371500.557 3028591626067.944
8324.000 3452.000 47092975.000 1.000 1420.000 540.000 443.000 66975.147 8133904.000 1000899.078 1428294.596 1053772894.475 160143067720.352
8591.000 3519.000 47092985.000 1.000 1420.000 540.000 452.000 61104.639 9728161.000 871327.854 3295406.776 707100443.381 2151893556934.086
8831.000 3593.000 47092995.000 1.000 1410.000 550.000 460.000 47560.016 11282881.000 738653.337 2032889.257 170217354.556 41785846398.854
9015.000 3659.000 47093005.000 1.000 1410.000 550.000 471.000 39204.532 12552849.000 629562.011 3224279.481 22007857.662 1948274641743.661
9162.000 3725.000 47093015.000 1.000 1430.000 550.000 474.000 25952.253 13616100.000 529182.685 1541738.574 73291160.786 82216855102.829
9245.000 3792.000 47093025.000 1.000 1430.000 550.000 465.000 19615.473 14235529.000 436193.460 1182749.667 221944614.240 416959127337.387
9285.000 3862.000 47093035.000 1.000 1430.000 550.000 464.000 24476.754 14538969.000 348630.539 1160268.017 100731827.761 446498421429.546
9296.000 3962.000 47093045.000 1.000 1440.000 560.000 473.000 29245.632 14622976.000 240540.651 3378741.649 27748101.602 2403331672720.380
9289.000 4082.000 47093055.000 1.000 1440.000 560.000 468.000 43132.774 14569489.000 137232.786 2551388.320 74295699.479 522605995017.818
9279.000 4259.000 47093065.000 1.000 1440.000 560.000 446.000 53619.368 14493249.000 37422.685 1764964.621 365042648.898 4033363827.666
9266.000 4479.000 47093075.000 1.000 1450.000 560.000 362.000 60873.641 14394436.000 704.932 14810556.855 694868701.357 168534491074284.875
9256.000 4729.000 47093085.000 1.000 1450.000 560.000 230.000 0.000 14318656.000 76480.213 0.000 1191166405.616 3343314940465.089
