3991.000 5871.000 62566836.000 0.000 1410.000 510.000 367.000 25612.607 3427855.882 1891354.237 3519460.159 8462489.612 6750575996113.890
4074.000 5727.000 62566846.000 1.000 1420.000 500.000 388.000 2773.800 3127404.685 1516013.873 248403.498 397195777.850 452753500632.964
4074.000 5745.000 62566856.000 1.000 1430.000 500.000 391.000 4385.763 3127404.685 1560663.419 1108328.036 335542095.198 34989549266.185
4083.000 5772.000 62566866.000 1.000 1440.000 490.000 396.000 11578.028 3095653.639 1628852.737 1460894.967 123777710.248 291191759876.011
4150.000 5806.000 62566876.000 1.000 1440.000 480.000 422.000 21058.203 2864376.745 1716794.767 27255.051 2707236.329 799268271057.294
4257.000 5891.000 62566886.000 1.000 1440.000 480.000 465.000 21235.069 2513642.094 1946764.843 53077.279 2156498.547 753763982746.823
4340.000 6001.000 62566896.000 1.000 1440.000 480.000 494.000 21579.503 2257346.897 2265823.176 334811.529 1263529.192 343937173682.212
4399.000 6128.000 62566906.000 1.000 1450.000 470.000 505.000 19406.813 2083539.154 2664289.525 300484.059 10868614.260 385379032814.317
4443.000 6246.000 62566916.000 1.000 1450.000 470.000 512.000 17456.884 1958451.821 3063428.101 360319.548 27527725.986 314668886948.962
4435.000 6359.000 62566926.000 1.000 1460.000 480.000 538.000 19795.103 1980906.973 3471757.025 277.226 8459186.944 848233399017.982
4361.000 6464.000 62566936.000 1.000 1460.000 480.000 562.000 19793.304 2194685.124 3874067.707 1253269.103 8469654.849 110221346334.942
4244.000 6517.000 62566946.000 1.000 1460.000 480.000 586.000 27926.134 2555032.715 4085512.813 378138.439 27275162.786 294995259444.680
4064.000 6538.000 62566956.000 1.000 1460.000 480.000 613.000 30379.985 3162873.624 4170846.949 552771.340 58927329.690 135793546760.179
3869.000 6509.000 62566966.000 1.000 1470.000 480.000 630.000 33967.080 3894492.942 4053236.570 587856.211 126866631.751 111166821542.073
3664.000 6428.000 62566976.000 1.000 1470.000 480.000 655.000 37781.851 4745631.200 3733648.616 844407.747 227354523.418 5908282416.114
3448.000 6312.000 62566986.000 1.000 1470.000 480.000 685.000 32302.242 5733376.291 3298819.101 560805.035 92134482.203 129937225529.838
3282.000 6184.000 62566996.000 1.000 1480.000 480.000 694.000 28663.014 6555888.685 2850239.222 1100823.829 35514959.155 32238464461.262
3148.000 6055.000 62567006.000 1.000 1480.000 480.000 703.000 21519.446 7260044.473 2431307.813 578330.211 1402152.357 117609824777.920
3097.000 5925.000 62567016.000 1.000 1480.000 480.000 707.000 25272.400 7537479.063 2042798.873 258567.934 6598881.692 439178136390.423
3097.000 5761.000 62567026.000 1.000 1480.000 480.000 719.000 26950.323 7537479.063 1600895.904 413819.370 18034901.327 257509287591.148
3142.000 5592.000 62567036.000 1.000 1470.000 490.000 722.000 29635.718 7292413.836 1201797.282 1163207.207 48054660.034 58532112368.156
3226.000 5419.000 62567046.000 1.000 1470.000 490.000 722.000 37184.110 6845794.745 852418.540 417601.292 209686005.562 253685289677.948
3350.000 5212.000 62567056.000 1.000 1470.000 490.000 719.000 39894.047 6212291.897 513035.767 444580.349 295512460.158 227235978386.478
3500.000 5001.000 62567066.000 1.000 1460.000 500.000 713.000 42779.059 5487057.806 255292.873 361260.174 403025212.659 313614476735.554
3668.000 4780.000 62567076.000 1.000 1460.000 500.000 711.000 40434.736 4728219.624 80806.676 558287.965 314394207.153 131758207873.483
3803.000 4555.000 62567086.000 1.000 1460.000 500.000 714.000 36811.842 4159343.942 3512.358 810578.174 199043306.548 12253366533.128
3915.000 4344.000 62567096.000 1.000 1450.000 510.000 719.000 31551.763 3715051.821 23023.464 936139.008 78290499.122 220995235.305
3954.000 4143.000 62567106.000 1.000 1450.000 510.000 725.000 25476.883 3566231.957 124421.873 138092.400 7691258.651 613372008081.176
3921.000 3981.000 62567116.000 1.000 1450.000 510.000 727.000 24580.761 3691958.457 264951.964 132630.480 3523841.756 621957181303.771
3841.000 3843.000 62567126.000 1.000 1440.000 510.000 768.000 25441.439 4005789.973 426062.782 35181.801 7495920.397 785157789290.842
3717.000 3734.000 62567136.000 1.000 1440.000 510.000 794.000 25213.134 4517524.821 580239.979 194825.240 6297905.729 527726492583.138
3566.000 3671.000 62567146.000 1.000 1430.000 520.000 808.000 26477.412 5182210.806 680187.570 239205.115 14241874.807 465216735490.227
3397.000 3640.000 62567156.000 1.000 1420.000 530.000 808.000 28029.684 5980210.882 732282.131 92442.124 28367478.155 686960785960.840
3216.000 3622.000 62567166.000 1.000 1400.000 530.000 806.000 27429.800 6898223.685 763412.585 44189.254 22337239.200 769276072050.357
3038.000 3622.000 62567176.000 1.000 1390.000 540.000 800.000 27143.043 7864922.806 763412.585 1250709.040 19708910.361 108528038888.128
2862.000 3629.000 62567186.000 1.000 1390.000 540.000 790.000 19026.826 8883064.139 751229.298 1261635.192 13518454.853 115846354005.822
2740.000 3648.000 62567196.000 1.000 1370.000 540.000 782.000 10839.706 9625177.200 718654.373 777758.726 140751296.154 20596375403.272
2672.000 3666.000 62567206.000 1.000 1370.000 540.000 707.000 5792.602 10051733.988 688459.919 5241933.866 285980877.387 18668109459106.906
2639.000 3684.000 62567216.000 1.000 1360.000 550.000 450.000 39809.045 10262072.488 658913.464 824081.629 292597235.840 9446181939.425
4466.000 4650.000 62567296.000 0.000 1370.000 540.000 699.000 82590.700 1894606.260 23797.737 10434706.288 3586468202.622 90505411031909.109
4994.000 4742.000 62567306.000 1.000 1370.000 540.000 708.000 14876.837 719862.260 60646.525 1669195.019 61257767.360 559387197657.233
5088.000 4764.000 62567316.000 1.000 1370.000 540.000 699.000 4044.942 569190.230 71966.192 1156576.592 348144441.531 55367733579.132
5080.000 4789.000 62567326.000 1.000 1370.000 540.000 707.000 11550.306 581325.382 86004.449 1296295.210 124395323.371 140641583358.192
5097.000 4716.000 62567336.000 1.000 1370.000 540.000 730.000 19962.345 555691.185 48516.737 1100069.201 7514320.772 31968045908.889
5131.000 4591.000 62567346.000 1.000 1390.000 540.000 742.000 27101.016 506156.791 9075.449 1223248.420 19337521.262 91189094186.502
5058.000 4431.000 62567356.000 1.000 1400.000 540.000 767.000 35039.033 615357.048 4190.601 953087.234 152163619.202 1012139153.502
4984.000 4216.000 62567366.000 1.000 1400.000 540.000 794.000 28854.171 736931.200 78251.585 1062361.548 37829878.589 19905950297.999
4910.000 4044.000 62567376.000 1.000 1400.000 540.000 794.000 21960.196 869457.351 204064.373 411917.930 552606.605 259442688704.091
4898.000 3902.000 62567386.000 1.000 1410.000 530.000 800.000 19287.140 891980.079 352521.070 606031.536 11672001.761 99377243362.701
4930.000 3781.000 62567396.000 1.000 1410.000 530.000 808.000 15354.424 832559.473 510845.904 162221.686 54009963.743 576159048347.849
4992.000 3703.000 62567406.000 1.000 1410.000 530.000 809.000 16407.128 723260.048 628428.540 765541.832 39645196.265 24252227679.516
5086.000 3653.000 62567416.000 1.000 1400.000 540.000 815.000 21374.953 572212.018 710202.025 1213011.557 1765226.172 85111327580.059
5224.000 3667.000 62567426.000 1.000 1410.000 550.000 809.000 29246.540 382476.654 686801.449 657971.095 42810441.451 69327945577.707
5390.000 3759.000 62567436.000 1.000 1410.000 550.000 800.000 33516.307 204708.260 542778.237 65930.144 116915256.693 731611571536.435
5553.000 3903.000 62567446.000 1.000 1400.000 550.000 788.000 33088.467 83779.548 351334.601 116128.373 107846061.941 648258030622.959
5676.000 4079.000 62567456.000 1.000 1400.000 550.000 788.000 33842.058 27704.594 173667.934 133243.798 124065889.443 620990180034.518
5771.000 4277.000 62567466.000 1.000 1400.000 550.000 791.000 32977.400 5104.669 47844.934 1382189.317 105551559.364 212443759547.524
5771.000 4491.000 62567476.000 1.000 1400.000 550.000 796.000 24007.969 5104.669 22.419 147911.652 1701453.767 598087928491.013
5695.000 4627.000 62567486.000 1.000 1390.000 550.000 796.000 23048.127 21740.609 17230.540 88910.461 118718.738 692827561983.293
5568.000 4706.000 62567496.000 1.000 1390.000 550.000 784.000 23625.093 75321.139 44211.434 126098.951 849202.531 632301926454.748
5420.000 4746.000 62567506.000 1.000 1390.000 550.000 783.000 22806.800 178461.442 62632.646 73205.667 10656.197 719218370079.991
5272.000 4746.000 62567516.000 1.000 1390.000 550.000 784.000 23281.853 325409.745 62632.646 1899036.402 334409.905 956021075700.891
5123.000 4721.000 62567526.000 1.000 1380.000 550.000 791.000 10958.450 517603.942 50744.388 422744.996 137947870.686 248530269986.860
5059.000 4690.000 62567536.000 1.000 1380.000 550.000 759.000 8215.134 613789.154 37738.949 2466728.166 209914810.874 2388431362547.103
5038.000 4641.000 62567546.000 1.000 1380.000 550.000 625.000 24222.455 647134.927 21101.964 270053.781 2307008.168 424086600797.471
6593.000 4321.000 62567647.000 0.000 1400.000 540.000 666.000 41922.281 563329.851 30532.267 4068388.090 369358808.531 9904332763382.131
6865.000 4316.000 62567657.000 1.000 1400.000 540.000 728.000 15521.320 1045614.700 32304.616 1181566.373 51584731.495 67752588225.402
6906.000 4408.000 62567667.000 1.000 1400.000 540.000 730.000 23188.850 1131145.048 7697.404 1268492.796 235495.568 120561517632.291
6918.000 4558.000 62567677.000 1.000 1420.000 540.000 727.000 14957.229 1156814.321 3876.949 405164.189 60005816.611 266368407505.317
6963.000 4644.000 62567687.000 1.000 1420.000 540.000 733.000 12328.000 1255639.094 21982.555 232387.269 107652476.563 474563687474.112
6963.000 4724.000 62567697.000 1.000 1420.000 540.000 745.000 10819.971 1255639.094 52104.979 475652.303 141219952.381 198577894280.046
6942.000 4791.000 62567707.000 1.000 1420.000 540.000 761.000 13906.618 1209016.866 87181.510 1049766.184 77386384.617 16510472762.377
6854.000 4811.000 62567717.000 1.000 1440.000 540.000 770.000 20718.858 1023239.533 99392.116 1161381.430 3939086.264 57652010371.859
6720.000 4800.000 62567727.000 1.000 1430.000 550.000 799.000 28255.402 770099.321 92577.282 334319.334 30822825.854 344514722843.522
6556.000 4718.000 62567737.000 1.000 1430.000 550.000 839.000 30424.898 509157.927 49401.798 1279347.446 59618888.418 128217237615.977
6422.000 4573.000 62567747.000 1.000 1430.000 550.000 909.000 38726.958 335881.715 5969.904 667401.706 256748926.339 64450684441.478
6253.000 4387.000 62567757.000 1.000 1440.000 560.000 941.000 43057.923 168553.791 11823.267 2662050.378 414299639.480 3030305533315.491
6061.000 4184.000 62567767.000 1.000 1440.000 560.000 967.000 25783.099 47765.427 97178.616 1023882.932 9483491.816 10528777724.123
5998.000 4029.000 62567777.000 1.000 1440.000 560.000 967.000 19138.823 24196.745 217841.419 282662.240 12707429.330 407823829881.005
6005.000 3905.000 62567787.000 1.000 1440.000 560.000 964.000 17304.545 26423.488 348967.661 105825.709 29149483.303 664954446685.615
6058.000 3806.000 62567797.000 1.000 1430.000 560.000 959.000 16617.811 46463.109 475734.161 698050.347 37036476.530 49828397237.058
6156.000 3761.000 62567807.000 1.000 1430.000 560.000 956.000 21147.664 98315.503 539835.298 960666.489 2420847.041 1551839135.702
6293.000 3753.000 62567817.000 1.000 1430.000 560.000 947.000 27381.710 202998.033 551655.055 470879.209 21884983.157 202854656606.550
6455.000 3826.000 62567827.000 1.000 1430.000 560.000 937.000 30437.383 375221.215 448544.767 445557.189 59811845.825 226305627510.052
6617.000 3939.000 62567837.000 1.000 1410.000 560.000 942.000 33328.734 599932.397 309953.692 623314.159 112894085.718 88779530228.397
6781.000 4080.000 62567847.000 1.000 1410.000 560.000 933.000 29283.866 880881.791 172835.464 461950.193 43300280.393 210977532442.567
6905.000 4224.000 62567857.000 1.000 1410.000 560.000 935.000 26286.136 1129018.942 73839.828 2886131.041 12834770.948 3860666730245.847
7001.000 4365.000 62567867.000 1.000 1410.000 560.000 944.000 7557.187 1342245.124 17091.601 551729.161 229412952.636 136562722487.691
7015.000 4412.000 62567877.000 1.000 1400.000 550.000 944.000 3976.855 1374880.609 7011.525 1330491.541 350689897.536 167459732857.489
6994.000 4397.000 62567887.000 1.000 1410.000 560.000 945.000 12610.804 1326074.382 9748.570 1266098.390 101863948.622 118904480963.185
6950.000 4328.000 62567897.000 1.000 1410.000 560.000 935.000 20826.887 1226673.715 28134.979 585685.404 3521943.376 112619101376.085
6879.000 4213.000 62567907.000 1.000 1410.000 560.000 941.000 24627.571 1074442.185 79938.995 41305.889 3701775.446 774342291568.484
6814.000 4067.000 62567917.000 1.000 1410.000 560.000 944.000 24895.617 943915.291 183813.570 666059.804 4805065.035 65133826203.837
6754.000 3917.000 62567927.000 1.000 1410.000 560.000 940.000 20573.360 830928.927 334934.025 249497.146 4537799.518 451282931711.012
6734.000 3785.000 62567937.000 1.000 1410.000 560.000 948.000 18954.300 794866.806 505144.025 818627.741 14057034.111 10536069623.149
6761.000 3665.000 62567947.000 1.000 1410.000 560.000 929.000 13641.985 843739.669 690120.388 315983.745 82112343.444 366375202680.198
6820.000 3599.000 62567957.000 1.000 1410.000 560.000 829.000 15692.496 955609.927 804133.388 518211.949 49155174.674 162458291048.491
6917.000 3568.000 62567967.000 1.000 1410.000 560.000 448.000 19055.325 1154664.215 860691.949 10752.116 13309699.927 829048461407.603
7615.000 4269.000 62568047.000 0.000 1430.000 560.000 722.000 18497.136 3141944.245 51408.692 879280.423 17694096.620 1763384880.270
7733.000 4291.000 62568057.000 1.000 1430.000 560.000 777.000 12791.228 3574190.760 41916.358 1491755.958 98254546.603 325450691833.688
7702.000 4368.000 62568067.000 1.000 1430.000 560.000 796.000 22471.669 3457937.473 16316.192 1889848.498 53778.604 938138302564.759
7725.000 4512.000 62568077.000 1.000 1410.000 560.000 784.000 10207.889 3544005.912 264.555 385695.195 156142072.242 286843691796.726
7783.000 4544.000 62568087.000 1.000 1430.000 560.000 794.000 7705.000 3765746.063 2329.525 612981.754 224957136.360 95043553714.871
7833.000 4544.000 62568097.000 1.000 1430.000 560.000 822.000 3727.182 3962301.366 2329.525 1254145.624 360103344.942 110804117561.960
7854.000 4532.000 62568107.000 1.000 1430.000 560.000 887.000 11865.700 4046345.594 1315.161 1609538.441 117459450.933 473709180299.683
7854.000 4455.000 62568117.000 1.000 1430.000 560.000 941.000 22310.466 4046345.594 1659.328 1181550.963 154531.654 67744566224.181
7839.000 4311.000 62568127.000 1.000 1440.000 570.000 976.000 29977.896 3986224.003 34126.964 191721.049 52915802.112 532246194399.808
7789.000 4123.000 62568137.000 1.000 1450.000 560.000 1008.000 28733.762 3789068.700 138931.267 179582.284 36363201.761 550105265808.293
7717.000 3951.000 62568147.000 1.000 1450.000 560.000 1023.000 27568.400 3513949.063 296736.055 397424.671 23666559.799 274417176049.857
7635.000 3792.000 62568157.000 1.000 1450.000 560.000 1023.000 24989.395 3213246.366 495242.737 1769257.697 5224990.701 719077877584.389
7571.000 3643.000 62568167.000 1.000 1460.000 550.000 1023.000 13508.164 2987895.579 727156.722 1057187.024 84555512.543 18472594870.932
7531.000 3565.000 62568177.000 1.000 1450.000 560.000 1023.000 6647.768 2851211.336 866267.358 1024421.049 257788814.597 10639499484.492
7501.000 3534.000 62568187.000 1.000 1450.000 560.000 1023.000 0.000 2750798.154 924933.919 990842.659 515452142.688 4839923607.970
7501.000 3534.000 62568197.000 1.000 1450.000 560.000 1023.000 6429.868 2750798.154 924933.919 2320964.822 264833414.017 1959136918013.808
7531.000 3563.000 62568207.000 1.000 1450.000 560.000 1023.000 21491.288 2851211.336 869994.298 2463697.944 1469630.421 2379074400907.479
7584.000 3692.000 62568217.000 1.000 1440.000 570.000 1011.000 37478.945 3033006.957 645989.707 1672366.397 218311672.586 564141141538.043
7728.000 3888.000 62568227.000 1.000 1440.000 570.000 977.000 48331.420 3555310.230 369341.646 41451.975 656786636.989 774085211129.775
7920.000 4136.000 62568237.000 1.000 1460.000 570.000 974.000 48600.414 4316226.594 129409.161 1016716.973 670646469.911 9109532987.238
8145.000 4357.000 62568247.000 1.000 1460.000 570.000 974.000 42002.640 5301750.457 19247.358 3636378.603 372454058.711 7371797895094.851
8328.000 4559.000 62568257.000 1.000 1460.000 570.000 980.000 18405.115 6177973.866 4002.479 1453804.826 18476725.221 283590039721.002
8436.000 4610.000 62568267.000 1.000 1470.000 580.000 988.000 8970.950 6726517.321 13056.525 428883.877 188584883.483 242447146441.615
8494.000 4605.000 62568277.000 1.000 1470.000 580.000 995.000 11754.103 7030733.473 11938.873 271519.423 119890852.635 422179840135.111
8557.000 4562.000 62568287.000 1.000 1490.000 580.000 985.000 13516.072 7368798.154 4391.070 982260.059 84410140.520 3719409228.131
8599.000 4485.000 62568297.000 1.000 1490.000 580.000 1003.000 19890.245 7598584.609 115.237 710656.036 7914803.992 44359547440.554
8627.000 4359.000 62568307.000 1.000 1490.000 580.000 1020.000 24501.900 7753735.579 18696.419 24117.883 3233986.675 804887482506.755
8627.000 4200.000 62568317.000 1.000 1500.000 580.000 1023.000 24658.408 7753735.579 87459.101 1187.495 3821387.134 846557519622.071
8609.000 4041.000 62568327.000 1.000 1500.000 580.000 1023.000 24650.702 7653815.669 206783.782 854068.738 3791318.571 4516426205.641
8584.000 3883.000 62568337.000 1.000 1500.000 580.000 1023.000 19108.400 7516113.018 375443.995 522429.820 12925255.554 159075961608.358
8584.000 3759.000 62568347.000 1.000 1530.000 580.000 1023.000 15718.200 7516113.018 542778.237 1145576.472 48795410.019 50312002911.475
8584.000 3657.000 62568357.000 1.000 1530.000 580.000 1023.000 8284.219 7516113.018 703476.146 521912.660 207917716.251 159488760643.684
8593.000 3604.000 62568367.000 1.000 1530.000 580.000 997.000 4897.375 7565541.973 795191.040 754685.488 317060621.116 27751432307.799
8606.000 3575.000 62568377.000 1.000 1540.000 580.000 855.000 0.000 7637225.351 847752.661 0.000 515452142.688 848744123876.296
