3466.000 4872.000 72762657.000 0.000 1440.000 470.000 95.000 13129.812 2761786.969 908518.751 1121016.257 10460286.142 184739782387.068
3522.000 4843.000 72762667.000 1.000 1450.000 470.000 163.000 7745.488 2578794.369 854076.326 895086.153 74279586.169 41568504437.788
3500.000 4873.000 72762677.000 1.000 1460.000 470.000 216.000 3446.323 2649936.319 910426.076 586500.025 166867633.708 10962628567.710
3507.000 4888.000 72762687.000 1.000 1460.000 470.000 276.000 6263.326 2627195.244 939275.951 388739.381 102024596.285 91483996987.693
3515.000 4917.000 72762697.000 1.000 1460.000 470.000 324.000 8130.470 2601325.444 996328.376 568782.621 67791815.945 14986650505.477
3524.000 4955.000 72762707.000 1.000 1460.000 470.000 336.000 10862.375 2572374.919 1073632.726 305839.970 30268411.988 148504354230.536
3535.000 5006.000 72762717.000 1.000 1460.000 470.000 358.000 12331.347 2537210.944 1181922.301 212588.023 16262681.892 229071910373.409
3547.000 5064.000 72762727.000 1.000 1460.000 470.000 364.000 13352.423 2499126.244 1311397.151 265458.331 9069888.529 181258179968.017
3559.000 5127.000 72762737.000 1.000 1470.000 470.000 369.000 14627.439 2461329.544 1459656.626 54473.240 3015812.773 405424273970.124
3565.000 5197.000 72762747.000 1.000 1470.000 470.000 373.000 14365.800 2442539.194 1633699.376 173388.960 3992997.318 268130962585.495
3565.000 5266.000 72762757.000 1.000 1470.000 470.000 371.000 13533.000 2442539.194 1814846.801 639398.648 8014835.963 2683649124.224
3565.000 5331.000 72762767.000 1.000 1470.000 470.000 393.000 10461.921 2442539.194 1994202.926 273851.081 34835109.764 174182287844.895
3539.000 5374.000 72762777.000 1.000 1480.000 460.000 396.000 9146.594 2524484.044 2117497.901 479777.329 52091650.362 44700643917.158
3506.000 5403.000 72762787.000 1.000 1480.000 460.000 402.000 11451.000 2630437.969 2202738.326 1254230.737 24138046.177 317000686516.314
3451.000 5403.000 72762797.000 1.000 1480.000 460.000 402.000 17475.163 2811867.844 2202738.326 1067392.889 1234575.293 141519135851.474
3373.000 5372.000 72762807.000 1.000 1490.000 470.000 405.000 22601.930 3079542.394 2111681.251 1162188.223 38911164.828 221827459969.260
3280.000 5316.000 72762817.000 1.000 1490.000 470.000 407.000 28184.006 3414595.819 1952063.051 644282.395 139711393.824 2201505348.683
3178.000 5227.000 72762827.000 1.000 1490.000 470.000 417.000 31278.542 3801963.769 1711289.126 475726.798 222442114.497 46429819922.367
3079.000 5114.000 72762837.000 1.000 1490.000 470.000 418.000 33563.493 4197837.544 1428413.401 561099.416 295820888.959 16926837686.803
2981.000 4986.000 72762847.000 1.000 1490.000 470.000 423.000 36258.495 4609018.594 1138835.801 84981.410 395788999.055 367504127476.755
2896.000 4834.000 72762857.000 1.000 1490.000 470.000 428.000 35850.323 4981210.219 837522.401 2020031.144 379714891.454 1765785307521.457
2817.000 4681.000 72762867.000 1.000 1490.000 470.000 440.000 26147.964 5340085.494 580891.676 1217038.930 95725001.288 276503849181.763
2774.000 4563.000 72762877.000 1.000 1490.000 470.000 448.000 20302.436 5540668.669 414945.326 483010.051 15510895.608 43344136178.733
2752.000 4468.000 72762887.000 1.000 1500.000 470.000 448.000 17982.503 5644722.619 301579.451 628680.512 2619394.766 3909011103.369
2760.000 4382.000 72762897.000 1.000 1490.000 480.000 460.000 14962.904 5606772.819 214519.501 101193.736 1963206.085 348110455970.016
2798.000 4321.000 72762907.000 1.000 1490.000 480.000 465.000 15448.945 5428259.269 161734.676 844312.419 837414.530 23442617615.838
2857.000 4276.000 72762917.000 1.000 1490.000 480.000 477.000 19504.240 5156816.494 127565.051 1322832.845 9860802.264 398956770283.286
2947.000 4250.000 72762927.000 1.000 1490.000 480.000 490.000 25857.904 4756161.244 109668.601 993734.228 90133291.068 91525387800.900
3071.000 4243.000 72762937.000 1.000 1490.000 480.000 495.000 30630.883 4230683.344 105081.326 308736.241 203542564.867 146280513414.548
3218.000 4249.000 72762947.000 1.000 1490.000 480.000 496.000 29148.000 3647574.769 109007.276 910292.040 163429414.356 48000184066.914
3358.000 4249.000 72762957.000 1.000 1490.000 480.000 488.000 24775.800 3132413.269 109007.276 436455.906 70757562.246 64895876537.237
3477.000 4249.000 72762967.000 1.000 1490.000 480.000 496.000 22679.470 2725346.994 109007.276 898943.891 39884547.933 43156445263.956
3582.000 4220.000 72762977.000 1.000 1480.000 480.000 495.000 18361.776 2389690.869 90698.851 450461.936 3990914.915 57956065822.606
3659.000 4177.000 72762987.000 1.000 1480.000 480.000 498.000 16198.174 2157557.044 66647.876 383522.930 27514.370 94666777439.079
3706.000 4115.000 72762997.000 1.000 1480.000 480.000 498.000 18040.263 2021692.969 38479.726 405352.283 2809694.840 81710401971.021
3734.000 4033.000 72763007.000 1.000 1480.000 480.000 491.000 19987.200 1942852.669 13033.076 990425.722 13127226.339 89534478579.649
3734.000 3937.000 72763017.000 1.000 1470.000 480.000 496.000 24744.288 1942852.669 329.876 241618.390 70228413.030 202125959116.381
3704.000 3822.000 72763027.000 1.000 1470.000 480.000 505.000 25904.799 2027384.419 9377.501 316622.232 91025918.911 140310449787.346
3659.000 3706.000 72763037.000 1.000 1470.000 480.000 517.000 27425.559 2157557.044 45299.801 1061192.693 122357013.159 136892671193.588
3593.000 3592.000 72763047.000 1.000 1470.000 480.000 512.000 32522.546 2355802.894 106822.751 888031.504 261097039.438 38741618660.339
3498.000 3468.000 72763057.000 1.000 1470.000 480.000 519.000 36787.827 2656451.769 203254.451 769890.080 417130725.664 6191719992.678
3384.000 3333.000 72763067.000 1.000 1460.000 480.000 527.000 40485.666 3041056.419 343205.576 33704.457 581852427.801 432303804004.834
3246.000 3196.000 72763077.000 1.000 1460.000 480.000 544.000 40647.551 3541406.469 522494.051 145400.426 589688490.632 297900009786.443
3092.000 3076.000 72763087.000 1.000 1460.000 480.000 554.000 41345.920 4144736.119 710375.051 2510879.924 624093900.520 3311225574670.818
2926.000 2967.000 72763097.000 1.000 1460.000 480.000 570.000 29285.978 4848198.469 905994.626 1532483.166 166976260.388 707752995903.156
2811.000 2886.000 72763107.000 1.000 1460.000 480.000 581.000 21925.348 5367851.844 1066753.301 1052660.866 30928051.434 130652080282.695
2720.000 2833.000 72763117.000 1.000 1470.000 480.000 591.000 16869.340 5797801.819 1179043.076 1504138.402 255319.437 660864623172.939
2646.000 2800.000 72763127.000 1.000 1470.000 480.000 595.000 9644.852 6159641.469 1251797.351 1141113.386 45147602.446 202419718126.089
2601.000 2789.000 72763137.000 1.000 1470.000 480.000 588.000 4164.000 6385034.094 1276532.776 173388.960 148841184.927 268130962585.495
2581.000 2789.000 72763147.000 1.000 1470.000 480.000 517.000 3331.200 6486508.594 1276532.776 3531217.324 169855141.653 8065683650002.886
2581.000 2805.000 72763157.000 1.000 1470.000 480.000 330.000 20291.898 6486508.594 1240633.976 50882.902 15428001.204 410009311708.845
4799.000 3837.000 72763408.000 0.000 1450.000 470.000 70.000 14157.600 108150.544 6697.376 1315889.583 4868415.259 390233830571.468
4799.000 3905.000 72763418.000 1.000 1460.000 480.000 103.000 7837.285 108150.544 191.476 109623.338 72705696.851 338234434411.752
4788.000 3941.000 72763428.000 1.000 1460.000 480.000 132.000 7310.756 115506.519 491.176 4929.760 81962106.222 470970406701.087
4776.000 3974.000 72763438.000 1.000 1460.000 480.000 170.000 7334.434 123807.219 3042.901 5527.294 81533939.147 470150621041.290
4756.000 4003.000 72763448.000 1.000 1460.000 480.000 220.000 7360.982 138281.719 7083.326 0.000 81055207.529 477761029995.863
4731.000 4028.000 72763458.000 1.000 1460.000 480.000 249.000 7360.982 157499.844 11916.451 114638.668 81055207.529 332425964137.432
4700.000 4045.000 72763468.000 1.000 1460.000 480.000 270.000 7911.600 183066.319 15916.976 329743.204 71443886.702 130652892733.709
4662.000 4045.000 72763478.000 1.000 1460.000 480.000 291.000 9495.381 217027.869 15916.976 139543.760 47178594.084 304327472357.443
4618.000 4033.000 72763488.000 1.000 1470.000 470.000 304.000 10165.620 259959.769 13033.076 1377477.641 38420516.644 470973436120.143
4590.000 3993.000 72763498.000 1.000 1470.000 470.000 333.000 16781.747 289296.069 5500.076 893329.153 174471.985 40855144670.740
4541.000 3929.000 72763508.000 1.000 1470.000 470.000 371.000 21072.473 344407.594 103.276 260578.331 22169260.684 185437258403.445
4479.000 3849.000 72763518.000 1.000 1470.000 470.000 387.000 22324.050 421022.544 4877.276 288505.238 35521617.135 162165162885.170
4443.000 3748.000 72763528.000 1.000 1470.000 470.000 402.000 20938.338 469036.644 29185.451 286335.794 20924123.858 163917128110.710
4410.000 3653.000 72763538.000 1.000 1470.000 470.000 420.000 19563.046 515326.569 70669.576 379342.690 10233584.605 97256601547.269
4383.000 3563.000 72763548.000 1.000 1460.000 480.000 433.000 17741.035 554820.144 126620.326 385349.052 1896091.649 93546390943.189
4377.000 3478.000 72763558.000 1.000 1460.000 480.000 440.000 15890.175 563794.494 194337.701 63944.882 224556.153 393452240932.932
4384.000 3402.000 72763568.000 1.000 1460.000 480.000 452.000 15583.043 553331.419 267121.001 577565.330 609969.689 12913428434.184
4413.000 3333.000 72763578.000 1.000 1440.000 480.000 465.000 12808.954 511028.394 343205.576 405277.748 12638697.348 81753019232.784
4456.000 3289.000 72763588.000 1.000 1440.000 480.000 464.000 10862.375 451399.219 396695.276 475858.381 30268411.988 46373131332.353
4507.000 3278.000 72763598.000 1.000 1440.000 480.000 467.000 13147.958 385470.244 410672.701 508721.710 10343238.506 33299274092.934
4569.000 3290.000 72763608.000 1.000 1430.000 490.000 473.000 15591.386 312327.294 395436.601 679132.993 597007.435 145675338.906
4631.000 3332.000 72763618.000 1.000 1420.000 480.000 473.000 18853.312 246872.344 344378.251 223866.217 6196432.461 218403292001.404
4693.000 3398.000 72763628.000 1.000 1420.000 480.000 475.000 19928.558 189105.394 271271.701 18381.770 12705727.530 452687865144.040
4744.000 3479.000 72763638.000 1.000 1410.000 490.000 477.000 19840.269 147350.419 193457.026 218670.586 12084108.530 223286501348.824
4789.000 3563.000 72763648.000 1.000 1410.000 490.000 477.000 18789.978 114827.794 126620.326 58164.626 5885133.636 400737072632.841
4813.000 3650.000 72763658.000 1.000 1410.000 490.000 477.000 19069.347 99138.394 72273.601 756105.158 7318639.636 4212342434.094
4830.000 3740.000 72763668.000 1.000 1410.000 490.000 480.000 15437.718 88722.069 31982.851 1539223.433 858088.311 719139338417.343
4843.000 3813.000 72763678.000 1.000 1420.000 490.000 485.000 8044.714 81146.644 11201.576 975956.238 69211327.563 81084636105.470
4836.000 3851.000 72763688.000 1.000 1420.000 490.000 490.000 3357.124 85183.719 4601.926 290016.146 169180086.575 160950568405.797
4828.000 3865.000 72763698.000 1.000 1420.000 490.000 490.000 1964.155 89917.519 2898.476 408937.071 207356934.611 79673827125.717
4820.000 3870.000 72763708.000 1.000 1430.000 500.000 485.000 0.000 94779.319 2385.101 1105142.048 267782085.356 171345869156.273
4820.000 3870.000 72763718.000 1.000 1430.000 500.000 478.000 5308.079 94779.319 2385.101 585400.312 122234462.967 11194123495.351
4815.000 3845.000 72763728.000 1.000 1440.000 490.000 475.000 8119.800 97882.944 5451.976 333360.679 67967634.360 128050838224.242
4815.000 3806.000 72763738.000 1.000 1440.000 490.000 473.000 9720.956 97882.944 12732.301 173592.580 44130678.794 267920129621.098
4823.000 3760.000 72763748.000 1.000 1450.000 500.000 397.000 10554.734 92941.144 25229.351 1224734.834 33748135.686 284656647998.254
4842.000 3713.000 72763758.000 1.000 1450.000 500.000 247.000 16437.226 81717.369 42369.076 82839.005 5354.937 370106259979.887
6006.000 3931.000 72763908.000 0.000 1460.000 500.000 66.000 22405.454 771125.469 147.926 2562139.181 36498579.660 3500403701630.230
6072.000 4016.000 72763918.000 1.000 1470.000 490.000 105.000 10099.310 891395.619 9440.551 852350.813 39246949.256 25968747544.155
6065.000 4064.000 72763928.000 1.000 1470.000 490.000 170.000 6005.406 878226.694 21072.151 150266.684 107301475.738 292611661892.003
6041.000 4080.000 72763938.000 1.000 1480.000 500.000 195.000 6727.148 833820.094 25973.351 593380.826 92869852.452 9569098866.903
6011.000 4092.000 72763948.000 1.000 1490.000 490.000 230.000 9577.200 779931.844 29985.251 476819.640 46061313.410 45960052219.906
5965.000 4092.000 72763958.000 1.000 1490.000 490.000 277.000 11867.400 700799.194 29985.251 518596.011 20219848.295 29793033504.684
5908.000 4092.000 72763968.000 1.000 1490.000 490.000 310.000 14358.255 608614.519 29985.251 11020.026 4023207.815 462648329790.142
5842.000 4072.000 72763978.000 1.000 1510.000 490.000 341.000 14305.325 509992.369 23458.751 337057.687 4238342.707 125418617225.786
5778.000 4047.000 72763988.000 1.000 1510.000 490.000 393.000 15924.238 422678.769 16425.626 186054.182 193433.331 255174921101.240
5721.000 3996.000 72763998.000 1.000 1510.000 480.000 414.000 16817.870 351812.094 5954.051 1476662.664 205953.897 616947516969.464
5679.000 3927.000 72764008.000 1.000 1510.000 480.000 439.000 23910.390 303752.544 66.626 152419.681 56947269.091 290287030492.645
5646.000 3817.000 72764018.000 1.000 1510.000 480.000 455.000 24642.473 268466.469 10370.876 1182392.992 68532311.167 241268004213.935
5618.000 3702.000 72764028.000 1.000 1490.000 490.000 461.000 18963.352 240234.769 47018.501 862893.644 6756378.360 29477815645.710
5604.000 3612.000 72764038.000 1.000 1490.000 490.000 465.000 14818.810 226706.919 94149.251 709072.361 2387762.215 319328468.096
5599.000 3541.000 72764048.000 1.000 1490.000 490.000 468.000 11413.083 221970.544 142761.176 494214.750 24512060.001 38804211836.147
5613.000 3488.000 72764058.000 1.000 1490.000 490.000 468.000 9039.333 235358.394 185620.951 234936.628 53651458.072 208178634399.069
5647.000 3461.000 72764068.000 1.000 1480.000 500.000 477.000 10167.751 269503.744 209615.176 1008888.273 38394103.483 100924188783.230
5695.000 3452.000 72764078.000 1.000 1480.000 500.000 485.000 15013.516 321644.944 217937.251 1003792.786 1823938.202 97712626305.944
5763.000 3476.000 72764088.000 1.000 1480.000 500.000 485.000 19834.807 403399.644 196105.051 807603.844 12046164.131 13549250320.615
5837.000 3536.000 72764098.000 1.000 1470.000 490.000 486.000 23713.788 502875.994 146564.551 248489.823 54018669.799 195994600196.368
5915.000 3619.000 72764108.000 1.000 1470.000 490.000 485.000 22520.273 619585.444 89902.526 53605.462 37899099.325 406530106464.568
5975.000 3709.000 72764118.000 1.000 1460.000 500.000 488.000 22262.802 717641.944 44031.776 15633.530 34795292.116 456393564185.915
6020.000 3806.000 72764128.000 1.000 1460.000 500.000 491.000 22187.713 795909.319 12732.301 2569290.226 33915067.481 3527213142484.555
6054.000 3907.000 72764138.000 1.000 1460.000 500.000 498.000 9847.222 857730.669 140.126 1356635.780 42469028.446 442801321137.327
6065.000 3953.000 72764148.000 1.000 1460.000 500.000 491.000 3331.200 878226.694 1167.076 693555.840 169855141.653 5537752.970
6065.000 3969.000 72764158.000 1.000 1460.000 500.000 489.000 0.000 878226.694 2516.276 346777.920 267782085.356 118628358074.890
6065.000 3969.000 72764168.000 1.000 1480.000 500.000 498.000 1665.600 878226.694 2516.276 1733889.600 216044390.144 1087196186381.526
6065.000 3961.000 72764178.000 1.000 1480.000 500.000 502.000 9993.600 878226.694 1777.676 1257069.960 40582614.887 320205872593.454
6065.000 3913.000 72764188.000 1.000 1480.000 500.000 524.000 16031.400 878226.694 34.076 1690542.360 110655.066 998679962062.798
6065.000 3836.000 72764198.000 1.000 1480.000 500.000 557.000 24151.200 878226.694 6862.051 502695.152 60639727.511 35535056792.152
6065.000 3720.000 72764208.000 1.000 1490.000 510.000 574.000 21736.718 878226.694 39536.351 154170.851 28865576.885 288403096131.253
6101.000 3622.000 72764218.000 1.000 1490.000 510.000 586.000 20996.224 946996.594 88112.501 449298.098 21457049.284 58517786600.155
6152.000 3535.000 72764228.000 1.000 1500.000 500.000 589.000 23154.236 1048857.619 147331.226 122982.907 46106645.436 322873616018.463
6220.000 3447.000 72764238.000 1.000 1500.000 500.000 589.000 22563.540 1192764.319 222630.626 148639.810 38433694.084 294374377755.823
6292.000 3366.000 72764248.000 1.000 1500.000 500.000 570.000 23277.468 1355216.119 305629.301 562003.421 47795368.319 16692427059.699
6374.000 3290.000 72764258.000 1.000 1490.000 510.000 467.000 20578.124 1552858.669 395436.601 583588.764 17758431.793 11580737036.810
6462.000 3245.000 72764268.000 1.000 1490.000 510.000 242.000 17775.104 1779922.869 454056.976 76574.652 1991077.448 377767510682.728
7089.000 4066.000 72764389.000 0.000 1480.000 510.000 296.000 13324.800 3846060.294 21656.801 2557487.160 9237031.825 3483018070372.045
7153.000 4066.000 72764399.000 1.000 1490.000 510.000 334.000 1041.000 4101181.894 21656.801 1279842.460 234795817.249 346496888400.955
7148.000 4066.000 72764409.000 1.000 1490.000 510.000 336.000 7188.178 4080955.519 21656.801 256708.726 84196600.580 188784923871.390
7114.000 4072.000 72764419.000 1.000 1500.000 510.000 361.000 8421.169 3944742.169 23458.751 840674.540 63089335.744 22341861766.616
7108.000 4032.000 72764429.000 1.000 1500.000 510.000 413.000 12458.991 3920944.519 12805.751 577504.119 15249474.566 12927343882.462
7098.000 3973.000 72764439.000 1.000 1510.000 500.000 448.000 15232.786 3881441.769 2933.576 964960.155 1279754.985 74943200603.187
7085.000 3901.000 72764449.000 1.000 1520.000 510.000 475.000 19867.561 3830387.194 318.176 10233.446 12274599.400 463718984511.515
7076.000 3806.000 72764459.000 1.000 1520.000 510.000 492.000 19818.409 3795239.719 12732.301 268288.394 11932606.032 178856423035.688
7070.000 3711.000 72764469.000 1.000 1530.000 500.000 522.000 18529.800 3771898.069 43196.426 650208.600 4690479.289 1680507783.887
7070.000 3622.000 72764479.000 1.000 1520.000 510.000 524.000 15406.800 3771898.069 88112.501 201384.157 916324.810 239922104090.560
7070.000 3548.000 72764489.000 1.000 1530.000 510.000 533.000 14439.537 3771898.069 137520.451 655547.889 3703744.754 1271258197.217
7077.000 3479.000 72764499.000 1.000 1530.000 510.000 541.000 11290.892 3799136.994 193457.026 1151838.393 25736917.508 212185336625.649
7082.000 3425.000 72764509.000 1.000 1530.000 510.000 536.000 5758.527 3818653.369 243875.476 615747.752 112477087.613 5693433622.656
7088.000 3398.000 72764519.000 1.000 1530.000 510.000 543.000 2801.045 3842139.019 271271.701 32902.471 183955065.636 433359055792.870
7097.000 3388.000 72764529.000 1.000 1530.000 520.000 556.000 2959.078 3877502.494 281788.451 2008128.974 179693235.781 1734295082635.887
7106.000 3399.000 72764539.000 1.000 1530.000 520.000 557.000 12604.270 3913027.969 270231.026 1338449.510 14135934.839 418928566485.117
7137.000 3451.000 72764549.000 1.000 1530.000 520.000 554.000 19032.942 4036633.494 218871.926 1570188.394 7122992.181 772616031459.574
7183.000 3530.000 72764559.000 1.000 1520.000 530.000 553.000 26574.673 4223590.144 151194.601 709757.756 104256851.404 344293928.299
7257.000 3634.000 72764569.000 1.000 1520.000 530.000 554.000 29983.692 4533226.494 81132.401 452684.888 185494687.365 56890697470.831
7345.000 3748.000 72764579.000 1.000 1520.000 530.000 553.000 32157.971 4915698.694 29185.451 2097211.717 249447985.962 1976861645734.076
7441.000 3869.000 72764589.000 1.000 1520.000 530.000 556.000 22084.908 5350605.094 2483.776 1339818.217 32728232.704 420702222605.277
7517.000 3943.000 72764599.000 1.000 1500.000 520.000 556.000 15649.662 5707977.994 583.826 735912.048 510348.161 1998935015.428
7580.000 3984.000 72764609.000 1.000 1500.000 520.000 554.000 12115.022 6012978.319 4246.151 788457.980 18054226.729 9458609537.065
7635.000 4003.000 72764619.000 1.000 1500.000 520.000 556.000 8328.000 6285738.444 7083.326 146528.037 64578076.499 296670376229.492
7675.000 4003.000 72764629.000 1.000 1520.000 530.000 556.000 7624.215 6487909.444 7083.326 252216.811 76384690.700 192708520244.190
7705.000 3982.000 72764639.000 1.000 1520.000 530.000 565.000 8835.631 6641637.694 3989.501 1195038.019 56677070.995 253850132537.494
7729.000 3947.000 72764649.000 1.000 1520.000 530.000 584.000 14575.487 6765916.294 793.126 867839.019 3198952.463 31200425603.458
7755.000 3882.000 72764659.000 1.000 1520.000 530.000 616.000 18743.782 6901851.444 1357.001 603364.641 5663131.234 7715506501.082
7774.000 3794.000 72764669.000 1.000 1520.000 530.000 644.000 21641.787 7002043.669 15584.401 457549.897 27854523.015 54593584182.242
7788.000 3691.000 72764679.000 1.000 1520.000 530.000 653.000 19444.141 7076331.519 51909.926 211464.784 9486969.424 230148369150.062
7809.000 3600.000 72764689.000 1.000 1520.000 530.000 662.000 20459.822 7188498.294 101657.351 71736.767 16775360.051 383737914444.669
7830.000 3504.000 72764699.000 1.000 1520.000 530.000 670.000 20804.379 7301547.069 172090.151 3252.292 19716534.394 473275622046.400
7854.000 3407.000 72764709.000 1.000 1520.000 530.000 667.000 20820.000 7431825.669 261977.626 674768.913 19855503.213 270065967.347
7882.000 3311.000 72764719.000 1.000 1520.000 530.000 665.000 17579.035 7585273.369 369466.426 986094.329 1476192.043 86961133646.194
7909.000 3231.000 72764729.000 1.000 1520.000 530.000 613.000 12842.751 7734725.794 473120.426 2673860.758 12399536.524 3930933383677.301
7930.000 3173.000 72764739.000 1.000 1520.000 530.000 415.000 0.000 7851974.569 556273.576 0.000 267782085.356 477761029995.863
