3863.000 5415.000 62583930.000 0.000 1510.000 640.000 417.000 28944.358 3946555.661 1023383.239 1820569.707 16782023.139 626427521371.874
4008.000 5492.000 62583940.000 1.000 1520.000 620.000 540.000 18617.814 3391468.405 1185102.344 295855.553 38812367.126 537644431988.001
4052.000 5588.000 62583950.000 1.000 1520.000 600.000 613.000 20295.951 3231344.135 1403334.164 9706.549 20719067.434 1039158855166.858
4074.000 5701.000 62583960.000 1.000 1530.000 580.000 652.000 20351.008 3152733.999 1683828.201 776854.314 20220879.574 63626858517.732
4135.000 5799.000 62583970.000 1.000 1520.000 570.000 685.000 24757.442 2939832.533 1947766.517 553345.053 8159.370 226340831480.781
4197.000 5925.000 62583980.000 1.000 1530.000 550.000 714.000 27896.098 2731066.879 2315339.780 382923.776 9292296.078 417541080090.865
4258.000 6071.000 62583990.000 1.000 1530.000 530.000 733.000 25724.097 2533171.413 2780970.006 167766.022 767946.850 741892712781.113
4287.000 6214.000 62584000.000 1.000 1540.000 520.000 737.000 24772.503 2441699.962 3278359.487 635517.954 5665.307 154905223573.218
4299.000 6354.000 62584010.000 1.000 1530.000 510.000 755.000 21167.750 2404341.706 3804934.224 1071730.168 13542556.276 1817504893.546
4239.000 6458.000 62584020.000 1.000 1530.000 510.000 757.000 27246.764 2594012.984 4221480.029 763750.111 5755166.296 70409482620.867
4108.000 6540.000 62584030.000 1.000 1530.000 510.000 773.000 31578.869 3033149.608 4565162.374 1213442.224 45307677.148 33982806522.055
3930.000 6560.000 62584040.000 1.000 1520.000 510.000 784.000 38461.695 3684841.067 4651027.337 1162505.980 185338920.331 17797698969.780
3715.000 6523.000 62584050.000 1.000 1520.000 510.000 823.000 45055.603 4556491.481 4492806.156 1272876.832 408356464.720 59428136915.931
3471.000 6447.000 62584060.000 1.000 1520.000 510.000 849.000 52275.551 5657709.345 4176399.299 863297.201 752283102.943 27489892717.179
3207.000 6312.000 62584070.000 1.000 1530.000 500.000 860.000 47378.800 6983302.969 3642845.803 2084467.712 507647257.296 1113805306866.269
2977.000 6173.000 62584080.000 1.000 1520.000 490.000 881.000 35555.387 8251796.202 3131569.314 972291.679 114653035.412 3226953914.702
2840.000 6025.000 62584090.000 1.000 1520.000 490.000 887.000 30040.403 9057655.954 2629664.592 197252.374 26963424.667 691967084126.392
2765.000 5872.000 62584100.000 1.000 1520.000 490.000 888.000 31159.248 9514720.052 2156856.630 36108.708 39834738.979 986027660769.438
2734.000 5698.000 62584110.000 1.000 1520.000 490.000 899.000 31364.062 9706925.879 1676051.457 1138679.388 42462045.359 12008088680.313
2766.000 5523.000 62584120.000 1.000 1530.000 500.000 906.000 37822.822 9508551.864 1253558.036 1351153.504 168351942.404 103719771416.158
2841.000 5322.000 62584130.000 1.000 1520.000 510.000 896.000 45486.767 9051637.766 843870.164 1074082.715 425968146.267 2023627902.355
2979.000 5104.000 62584140.000 1.000 1520.000 510.000 899.000 51579.125 8240309.827 490874.074 732790.421 714565274.212 87798159512.918
3166.000 4879.000 62584150.000 1.000 1520.000 510.000 896.000 55735.622 7201676.676 226218.247 370610.808 954059324.999 433605333448.525
3385.000 4651.000 62584160.000 1.000 1500.000 510.000 903.000 53633.462 6074223.511 61317.675 1038637.071 828615992.929 90994579.284
3593.000 4429.000 62584170.000 1.000 1500.000 510.000 902.000 47742.157 5092216.413 656.592 511859.547 524152899.644 267535579102.860
3755.000 4212.000 62584180.000 1.000 1500.000 510.000 906.000 44838.813 4387323.962 36624.750 1834278.795 399641750.927 648316172038.592
3886.000 3994.000 62584190.000 1.000 1490.000 520.000 906.000 34434.509 3855701.338 167588.660 359802.384 91905541.012 447956572219.915
3916.000 3801.000 62584200.000 1.000 1490.000 520.000 912.000 32393.656 3738785.699 362856.773 655853.454 56940376.916 139311463582.842
3860.000 3626.000 62584210.000 1.000 1480.000 530.000 932.000 28673.557 3958484.225 604313.352 997806.520 14636636.734 979154412.080
3746.000 3510.000 62584220.000 1.000 1470.000 530.000 937.000 34333.265 4425107.654 798120.570 24308.420 89974592.002 1009602025948.794
3568.000 3431.000 62584230.000 1.000 1470.000 530.000 992.000 34195.384 5205671.112 945514.968 56996.908 87377864.440 944980461351.384
3382.000 3376.000 62584240.000 1.000 1450.000 540.000 990.000 33872.089 6089020.075 1055501.322 327820.330 81438311.158 491790318704.266
3190.000 3369.000 62584250.000 1.000 1440.000 540.000 996.000 35731.535 7073440.165 1069933.585 1571679.945 118456313.734 294395207068.661
2989.000 3395.000 62584260.000 1.000 1430.000 550.000 994.000 26816.731 8182997.947 1016822.036 1030244.134 3876802.564 1313707.703
2845.000 3444.000 62584270.000 1.000 1410.000 550.000 988.000 20973.032 9027585.014 920402.194 1246029.516 15013604.124 47059298638.060
2739.000 3498.000 62584280.000 1.000 1400.000 550.000 967.000 13905.366 9675794.939 819705.592 1394738.566 119736232.285 133693050479.728
2678.000 3548.000 62584290.000 1.000 1400.000 550.000 888.000 5994.200 10059008.405 731667.998 348788.747 355457148.241 462820629527.988
2678.000 3582.000 62584300.000 1.000 1390.000 560.000 742.000 7972.582 10059008.405 674658.435 4824805.273 284772011.652 14407393982331.260
2715.000 3608.000 62584310.000 1.000 1390.000 560.000 441.000 35339.600 9825679.451 632622.886 223212.795 110078470.874 649450904184.167
4804.000 4374.000 62584421.000 0.000 1380.000 550.000 505.000 49393.270 1093266.781 862.946 5406198.246 602481509.717 19159006886451.367
5081.000 4416.000 62584431.000 1.000 1380.000 550.000 516.000 18728.504 590736.714 159.367 2619452.354 37445431.470 2529227088614.254
5107.000 4519.000 62584441.000 1.000 1390.000 550.000 516.000 3870.578 551445.827 13368.923 682382.901 440042635.938 120211334295.870
5118.000 4538.000 62584451.000 1.000 1390.000 550.000 567.000 0.000 535229.759 18123.638 710133.227 617411735.252 101738502883.497
5118.000 4538.000 62584461.000 1.000 1400.000 540.000 697.000 4027.982 535229.759 18123.638 1838754.876 433463623.710 655544316586.060
5109.000 4517.000 62584471.000 1.000 1400.000 540.000 797.000 14457.675 548479.451 12910.427 2174097.221 107954099.733 1311023300562.279
5059.000 4452.000 62584481.000 1.000 1400.000 540.000 870.000 26789.480 625038.849 2364.299 1146929.875 3770232.936 13884359458.997
4982.000 4321.000 62584491.000 1.000 1400.000 540.000 923.000 33295.038 752719.323 6785.795 1301752.657 71356315.831 74340582098.732
4911.000 4146.000 62584501.000 1.000 1410.000 530.000 961.000 25911.302 880958.669 66242.374 676864.006 1131097.692 124068760543.329
4887.000 4001.000 62584511.000 1.000 1410.000 530.000 992.000 22072.028 926587.180 161906.397 287430.529 7704750.496 550070582823.438
4894.000 3876.000 62584521.000 1.000 1420.000 540.000 991.000 20441.679 913159.864 278125.382 471857.606 19413648.766 310516815595.181
4924.000 3764.000 62584531.000 1.000 1420.000 540.000 1000.000 17765.232 856724.225 408801.592 164888.983 50162361.988 746857161307.575
4989.000 3687.000 62584541.000 1.000 1420.000 540.000 1012.000 16829.957 740622.007 513194.487 1269234.298 64285345.076 57665459333.066
5077.000 3650.000 62584551.000 1.000 1420.000 540.000 1015.000 24029.244 596901.466 567575.307 432627.330 669986.831 355777216165.963
5213.000 3641.000 62584561.000 1.000 1410.000 550.000 1005.000 26483.171 405251.902 581217.074 964010.516 2674532.398 4236375771.659
5356.000 3687.000 62584571.000 1.000 1410.000 550.000 991.000 31951.183 243635.022 513194.487 175965.735 50458458.730 727834598644.680
5503.000 3793.000 62584581.000 1.000 1400.000 550.000 980.000 30953.079 120127.390 372558.788 420781.909 37274782.929 370048421691.345
5599.000 3940.000 62584591.000 1.000 1400.000 550.000 938.000 33339.817 62797.345 214717.262 74765.833 72114841.307 910749814565.600
5660.000 4119.000 62584601.000 1.000 1400.000 550.000 950.000 32915.734 35945.879 80869.675 152324.610 65092023.208 768731512728.631
5697.000 4302.000 62584611.000 1.000 1400.000 550.000 937.000 33779.742 23284.924 10277.081 1775834.640 79780101.781 557615664608.565
5651.000 4488.000 62584621.000 1.000 1400.000 550.000 955.000 23706.942 39439.571 7161.232 102142.050 1301491.339 859247264854.752
5560.000 4587.000 62584631.000 1.000 1400.000 550.000 965.000 23127.577 83864.676 33717.795 173988.002 2959068.200 731213045594.304
5440.000 4640.000 62584641.000 1.000 1400.000 550.000 967.000 24114.463 167767.233 55990.946 1046949.616 537740.965 318681510.806
5305.000 4662.000 62584651.000 1.000 1400.000 550.000 965.000 18176.008 296582.608 66886.404 408805.322 44512424.638 384762960618.671
5203.000 4647.000 62584661.000 1.000 1400.000 550.000 947.000 15857.203 418083.781 59352.683 324288.512 80830317.154 496756362377.901
5124.000 4604.000 62584671.000 1.000 1400.000 550.000 861.000 14017.790 526486.631 40250.014 403822.555 117288493.509 390969335990.606
5073.000 4543.000 62584681.000 1.000 1400.000 550.000 488.000 11727.248 603098.217 19494.878 21888.556 172148129.910 1014470789776.482
6827.000 4127.000 62584952.000 0.000 1370.000 500.000 597.000 8362.643 955322.518 76383.660 2612051.456 271759452.861 2505741760643.842
6872.000 4112.000 62584962.000 1.000 1370.000 500.000 678.000 23178.590 1045314.060 84899.938 1500807.169 2786165.989 222509574918.750
6838.000 4239.000 62584972.000 1.000 1360.000 500.000 693.000 14665.787 976946.451 27019.450 429933.642 103672802.923 358997883694.541
6852.000 4321.000 62584982.000 1.000 1370.000 510.000 690.000 12227.139 1004817.819 6785.795 1404667.606 159280357.963 141052556658.432
6899.000 4372.000 62584992.000 1.000 1360.000 510.000 705.000 20194.624 1101252.984 984.450 570001.701 21651779.173 210769377885.928
6963.000 4467.000 62585002.000 1.000 1370.000 520.000 717.000 16961.489 1239672.954 4048.021 460444.297 62193447.460 323366991983.508
6997.000 4557.000 62585012.000 1.000 1370.000 520.000 724.000 14349.780 1316540.563 23600.352 566792.335 110207819.930 213726493784.754
7012.000 4637.000 62585022.000 1.000 1370.000 530.000 734.000 11134.849 1351187.744 54580.201 1094960.161 188044236.171 4337829110.535
6987.000 4695.000 62585032.000 1.000 1370.000 530.000 758.000 17345.627 1293692.443 85044.592 1060846.993 56282168.094 1008000898.779
6899.000 4739.000 62585042.000 1.000 1370.000 530.000 777.000 23362.910 1101252.984 112643.510 1529526.615 2204812.882 250428835629.658
6768.000 4719.000 62585052.000 1.000 1390.000 540.000 821.000 32038.614 843469.608 99618.547 1458704.613 51708219.699 184561873627.319
6609.000 4631.000 62585062.000 1.000 1390.000 540.000 896.000 40312.605 576697.496 51812.713 1904326.840 239161083.438 766025586937.261
6423.000 4498.000 62585072.000 1.000 1400.000 540.000 937.000 51114.232 328794.458 8953.713 2358940.896 689926961.220 1768482226150.076
6220.000 4291.000 62585082.000 1.000 1400.000 550.000 977.000 37733.966 137200.616 12628.352 1268543.026 166054015.571 57333938141.064
6109.000 4108.000 62585092.000 1.000 1400.000 550.000 1011.000 30538.600 67291.481 87246.946 1498743.930 32385532.054 220567334213.430
6063.000 3941.000 62585102.000 1.000 1400.000 550.000 1023.000 22037.500 45542.127 213791.510 566303.808 7897624.403 214178430006.554
6063.000 3816.000 62585112.000 1.000 1400.000 550.000 1023.000 18825.340 45542.127 345010.495 1102128.343 36269677.957 5333436386.471
6122.000 3727.000 62585122.000 1.000 1390.000 560.000 1023.000 25076.777 74205.037 457484.412 806605.116 52443.641 49503067016.352
6248.000 3661.000 62585132.000 1.000 1390.000 560.000 1023.000 29651.962 158727.353 551122.036 1005846.153 23080248.925 540646673.521
6416.000 3669.000 62585142.000 1.000 1390.000 560.000 987.000 35357.272 320815.774 539308.021 936150.003 110449606.370 8639323289.127
6602.000 3744.000 62585152.000 1.000 1360.000 560.000 962.000 40667.255 566114.811 434776.630 520553.429 250256066.652 258617543175.987
6799.000 3864.000 62585162.000 1.000 1360.000 560.000 936.000 43619.912 901371.781 290926.404 1267175.996 352393268.973 56681149743.447
7003.000 4004.000 62585172.000 1.000 1360.000 560.000 912.000 36432.300 1330345.436 159501.141 2192021.290 134201306.752 1352390664218.435
7155.000 4144.000 62585182.000 1.000 1360.000 560.000 899.000 23998.827 1704084.864 67275.878 1389609.823 720706.311 129968801119.341
7244.000 4247.000 62585192.000 1.000 1360.000 550.000 902.000 16116.752 1944368.135 24453.435 2561648.168 76230696.848 2348710130499.854
7290.000 4326.000 62585202.000 1.000 1360.000 550.000 902.000 1586.700 2074769.488 5987.036 1263432.441 541077434.911 54912647526.675
7290.000 4317.000 62585212.000 1.000 1360.000 550.000 912.000 8753.078 2074769.488 7460.803 806328.501 259039150.267 49626233250.018
7267.000 4273.000 62585222.000 1.000 1360.000 550.000 930.000 13326.694 2009039.811 16997.886 1806161.766 132735220.611 603828153757.545
7232.000 4206.000 62585232.000 1.000 1360.000 550.000 938.000 23571.514 1911046.390 38957.262 21910.917 1628832.525 1014425745857.392
7182.000 4082.000 62585242.000 1.000 1360.000 550.000 948.000 23695.796 1775305.789 103282.495 85867.620 1327046.938 889683480168.657
7138.000 3955.000 62585252.000 1.000 1370.000 540.000 948.000 23208.742 1659990.060 201040.983 855471.773 2686416.827 30146053893.080
7125.000 3824.000 62585262.000 1.000 1380.000 550.000 944.000 18356.378 1626660.503 335676.480 53579.686 42138186.107 951635908981.091
7130.000 3720.000 62585272.000 1.000 1380.000 550.000 908.000 18052.466 1639439.563 467002.675 215735.489 46176173.211 661558514294.866
7184.000 3633.000 62585282.000 1.000 1380.000 550.000 722.000 16828.782 1780639.413 593479.089 38381.940 64304188.320 981518238452.407
7815.000 4216.000 62585372.000 0.000 1400.000 550.000 512.000 18788.155 3862820.804 35109.743 1041859.130 36718948.892 162847380.323
7916.000 4250.000 62585382.000 1.000 1400.000 550.000 785.000 24697.736 4270033.819 23524.179 2800126.357 22510.571 3136541571954.738
7921.000 4390.000 62585392.000 1.000 1410.000 560.000 828.000 8815.000 4290722.879 178.916 1135923.114 257049753.412 11411612862.077
7921.000 4440.000 62585402.000 1.000 1410.000 560.000 834.000 2371.874 4290722.879 1341.322 880220.238 505165956.432 22164577034.757
7930.000 4430.000 62585412.000 1.000 1410.000 560.000 858.000 7364.615 4328089.187 708.841 1593385.120 305660751.870 318419995427.860
7958.000 4399.000 62585422.000 1.000 1410.000 560.000 918.000 16402.534 4445375.924 19.149 811652.761 71322031.923 47282415921.869
7998.000 4315.000 62585432.000 1.000 1430.000 560.000 970.000 21006.350 4615648.405 7810.307 1721737.867 14756517.090 479750036456.894
7992.000 4196.000 62585442.000 1.000 1440.000 560.000 997.000 30772.305 4589903.533 43004.780 178173.893 35100100.355 724071773097.303
7957.000 4025.000 62585452.000 1.000 1440.000 560.000 1023.000 31782.934 4441160.112 143168.352 100815.216 48096482.604 861708858587.254
7903.000 3853.000 62585462.000 1.000 1440.000 560.000 1023.000 32354.773 4216476.263 302913.675 2589457.201 56355075.528 2434720951259.979
7839.000 3681.000 62585472.000 1.000 1450.000 550.000 1023.000 17666.984 3957736.293 521826.998 1104926.929 51563705.287 5750032067.525
7780.000 3600.000 62585482.000 1.000 1440.000 560.000 1023.000 11399.673 3726467.383 645412.901 1268348.391 180851346.087 57240767244.217
7730.000 3559.000 62585492.000 1.000 1440.000 560.000 1023.000 4205.411 3535926.781 712970.728 741413.959 426107035.992 82762086222.363
7710.000 3546.000 62585502.000 1.000 1440.000 560.000 1023.000 0.000 3461110.541 735093.502 1647329.570 617411735.252 382210319754.351
7710.000 3546.000 62585512.000 1.000 1430.000 560.000 1023.000 9343.900 3461110.541 735093.502 1678556.531 240370023.212 421796431402.116
7710.000 3599.000 62585522.000 1.000 1430.000 560.000 1023.000 18864.924 3461110.541 647020.653 2858042.494 35794461.014 3345038097062.265
7775.000 3684.000 62585532.000 1.000 1410.000 560.000 991.000 35076.169 3707188.323 517501.743 1009921.680 104620120.878 367729834.022
7875.000 3856.000 62585542.000 1.000 1410.000 560.000 950.000 40804.596 4102269.526 299620.420 880811.549 254620256.642 21988860610.428
8010.000 4044.000 62585552.000 1.000 1410.000 560.000 924.000 45800.691 4667354.150 129151.066 390349.532 439024846.759 407999558249.041
8177.000 4243.000 62585562.000 1.000 1410.000 560.000 914.000 48014.812 5416818.759 25720.442 3550564.584 536711777.896 6357793920248.403
8364.000 4441.000 62585572.000 1.000 1410.000 560.000 921.000 27875.478 6322237.608 1415.570 2328494.944 9167008.266 1688432513938.817
8494.000 4531.000 62585582.000 1.000 1410.000 560.000 945.000 14667.906 6992883.172 16287.901 1078249.566 103629656.164 2415880066.383
8575.000 4550.000 62585592.000 1.000 1410.000 560.000 968.000 8551.913 7427837.947 21498.615 328486.568 265554995.553 490856326961.879
8622.000 4538.000 62585602.000 1.000 1400.000 550.000 1008.000 10415.138 7686235.112 18123.638 493486.972 208300902.041 286879133800.817
8655.000 4489.000 62585612.000 1.000 1400.000 550.000 1023.000 13214.270 7870302.909 7331.480 1602896.857 135338350.940 329245170626.194
8672.000 4416.000 62585622.000 1.000 1400.000 550.000 1023.000 22306.141 7965975.714 159.367 496261.741 6459884.242 283914439595.422
8679.000 4277.000 62585633.000 1.000 1400.000 550.000 1023.000 25402.499 8005538.398 15970.878 121629.546 307722.895 823498928057.179
8674.000 4133.000 62585643.000 1.000 1410.000 560.000 1023.000 26092.400 7977269.338 73103.149 714878.870 1549100.767 98733638476.619
8674.000 3985.000 62585653.000 1.000 1410.000 560.000 1023.000 22037.500 7977269.338 175038.427 430246.927 7897624.403 358622563453.353
8674.000 3860.000 62585663.000 1.000 1410.000 560.000 1023.000 19597.075 7977269.338 295257.412 181928.025 27569810.932 717696904042.015
8690.000 3750.000 62585673.000 1.000 1430.000 550.000 976.000 18565.152 8067906.330 426900.119 464654.693 39471304.428 318596205175.611
8723.000 3650.000 62585683.000 1.000 1440.000 560.000 830.000 15929.561 8256462.127 567575.307 2808381.604 79534473.761 3165850274728.873
8765.000 3570.000 62585693.000 1.000 1440.000 560.000 279.000 0.000 8499592.233 694515.457 0.000 617411735.252 1059042617682.877
