3478.000 5123.000 72772951.000 0.000 1450.000 440.000 34.000 14312.138 6537656.538 983555.968 3110027.587 46028997.852 390498402926.511
3535.000 5090.000 72772961.000 1.000 1450.000 440.000 67.000 0.000 6249420.745 919189.870 1180482.250 445066759.249 6525184410374.634
3535.000 5090.000 72772971.000 1.000 1470.000 450.000 48.000 5432.500 6249420.745 919189.870 1180482.250 245364197.868 6525184410374.634
3510.000 5090.000 72772981.000 1.000 1470.000 450.000 94.000 0.000 6375039.952 919189.870 681006.248 445066759.249 9326427690934.871
3510.000 5090.000 72772991.000 1.000 1470.000 450.000 139.000 3133.945 6375039.952 919189.870 993781.567 322657168.514 7513874453471.363
3518.000 5102.000 72773001.000 1.000 1470.000 450.000 184.000 7707.261 6334705.806 942343.724 1625499.395 179274543.364 4449681872322.681
3545.000 5125.000 72773011.000 1.000 1470.000 450.000 186.000 15187.700 6199523.062 987526.944 1311758.830 34915162.983 5871740593162.658
3584.000 5183.000 72773021.000 1.000 1480.000 450.000 195.000 21224.326 6006833.099 1106165.236 388073.245 16312.553 11201425379354.480
3650.000 5255.000 72773031.000 1.000 1480.000 450.000 203.000 23010.213 5687672.391 1262800.358 521499.791 3661894.061 10326109936032.924
3717.000 5337.000 72773041.000 1.000 1480.000 450.000 208.000 20610.306 5372586.916 1453818.358 560840.870 236487.103 10074818324138.045
3757.000 5423.000 72773051.000 1.000 1480.000 450.000 208.000 18029.354 5188756.184 1668602.309 659647.614 9408031.128 9457339003541.523
3779.000 5503.000 72773061.000 1.000 1470.000 450.000 208.000 14993.700 5089013.282 1881681.334 451461.611 37245454.277 10781140371357.730
3779.000 5572.000 72773071.000 1.000 1470.000 450.000 217.000 12916.104 5089013.282 2075742.992 522504.804 66920603.096 10319651875249.596
3766.000 5630.000 72773081.000 1.000 1470.000 450.000 209.000 10511.572 5147835.270 2246233.285 639239.667 112042932.002 9583275736756.807
3742.000 5672.000 72773091.000 1.000 1470.000 450.000 228.000 13453.310 5257317.709 2373891.773 151293.169 58419964.516 12842426425729.596
3689.000 5704.000 72773101.000 1.000 1470.000 450.000 237.000 14149.551 5503172.428 2473523.383 351549.244 48261564.786 11447240310741.723
3625.000 5716.000 72773111.000 1.000 1470.000 450.000 242.000 15767.357 5807541.599 2511413.236 67980.784 28400888.470 13446489425630.219
3553.000 5707.000 72773121.000 1.000 1470.000 450.000 249.000 16080.200 6159748.916 2482968.846 730513.925 25164323.100 9026493725868.031
3483.000 5683.000 72773131.000 1.000 1470.000 450.000 253.000 19441.976 6512112.696 2407909.139 1101837.251 2737798.439 6933157945936.348
3404.000 5641.000 72773141.000 1.000 1470.000 450.000 254.000 24512.557 6921551.391 2279326.651 917268.716 11668725.359 7939194267063.994
3318.000 5568.000 72773151.000 1.000 1470.000 450.000 256.000 28733.766 7381459.465 2064233.041 1434479.657 58326222.086 5292054762508.060
3225.000 5474.000 72773161.000 1.000 1470.000 450.000 245.000 35335.145 7895448.916 1802961.188 23557.276 202736010.045 13774260040725.189
3126.000 5345.000 72773171.000 1.000 1470.000 450.000 249.000 35226.736 8461606.977 1473174.261 594893.735 199660590.876 9859804516382.998
3024.000 5219.000 72773181.000 1.000 1470.000 450.000 255.000 32489.075 9065423.343 1183186.797 289363.199 129788363.670 11871905090788.287
2939.000 5096.000 72773191.000 1.000 1490.000 440.000 265.000 33820.705 9584498.648 930730.797 185433.172 161902710.724 12598901473770.521
2871.000 4956.000 72773201.000 1.000 1490.000 440.000 279.000 32967.354 10010162.891 680202.505 210374.866 140914672.411 12422462818906.178
2815.000 4815.000 72773211.000 1.000 1490.000 440.000 281.000 31999.223 10367653.916 467505.724 2267050.482 118867070.612 2154659420398.744
2776.000 4673.000 72773221.000 1.000 1480.000 450.000 286.000 21566.409 10620325.879 293486.456 905887.411 220715.426 8003461041891.448
2769.000 4574.000 72773231.000 1.000 1490.000 460.000 292.000 17397.576 10665999.257 196022.163 60943.741 13682818.475 13498147852169.863
2782.000 4495.000 72773241.000 1.000 1490.000 460.000 301.000 17117.117 10581255.270 132309.627 509148.242 15836327.897 10405644086791.266
2825.000 4429.000 72773251.000 1.000 1490.000 460.000 307.000 19460.183 10303356.233 88651.431 560977.117 2677878.259 10073953423465.818
2903.000 4385.000 72773261.000 1.000 1490.000 460.000 309.000 22041.762 9808698.306 64385.968 3001507.967 893321.005 537902452844.108
3003.000 4368.000 72773271.000 1.000 1490.000 460.000 317.000 35854.500 9192321.477 56047.675 52337.792 217795453.133 13561458127606.861
3168.000 4368.000 72773281.000 1.000 1490.000 460.000 327.000 36095.355 8219024.709 56047.675 99989.074 224962489.673 13212768645205.684
3334.000 4374.000 72773291.000 1.000 1490.000 460.000 329.000 35635.212 7294775.172 58924.602 824173.267 211371081.976 8472483225721.145
3497.000 4356.000 72773301.000 1.000 1490.000 460.000 327.000 31842.422 6440855.940 50509.822 185020.085 115472574.479 12601834143347.859
3640.000 4324.000 72773311.000 1.000 1490.000 460.000 327.000 30990.972 5735470.074 37150.212 1357763.195 97898490.488 5650904433165.348
3772.000 4270.000 72773321.000 1.000 1490.000 460.000 329.000 24742.637 5120644.660 19249.870 265536.689 13293546.455 12036664280784.330
3854.000 4191.000 72773331.000 1.000 1480.000 460.000 332.000 23520.655 4756255.660 3569.334 523709.080 5876016.481 10311916041308.514
3904.000 4095.000 72773341.000 1.000 1480.000 460.000 335.000 25930.729 4540667.245 1314.505 992795.677 23368751.015 7519280359814.327
3932.000 3979.000 72773351.000 1.000 1480.000 460.000 335.000 30499.508 4422121.733 23181.919 932263.720 88414577.374 7854917543689.520
3922.000 3839.000 72773361.000 1.000 1480.000 460.000 333.000 34789.723 4464279.416 85413.627 930749.790 187501469.708 7863405905596.478
3886.000 3683.000 72773371.000 1.000 1480.000 460.000 353.000 30506.475 4617703.074 200933.529 708644.418 88545645.958 9158382036185.959
3833.000 3553.000 72773381.000 1.000 1480.000 460.000 372.000 33767.609 4848293.794 334380.114 1057909.622 160554332.324 7166418300362.418
3751.000 3421.000 72773391.000 1.000 1480.000 460.000 391.000 38636.038 5216126.794 504463.724 66122.869 307631696.058 13460118623639.299
3633.000 3288.000 72773401.000 1.000 1480.000 460.000 404.000 38331.745 5769047.452 711080.846 198990.085 297050037.158 12502844924569.070
3492.000 3182.000 72773411.000 1.000 1480.000 460.000 422.000 37416.006 6466259.782 901087.139 273770.186 266322836.063 11979601653330.500
3344.000 3094.000 72773421.000 1.000 1470.000 460.000 425.000 36156.134 7240857.489 1075900.212 303264.749 226789401.764 11776301008395.746
3190.000 3031.000 72773431.000 1.000 1470.000 460.000 438.000 34760.530 8093365.806 1210563.480 2831534.169 186702835.574 816117344401.881
3032.000 3006.000 72773441.000 1.000 1470.000 460.000 461.000 21730.000 9017313.196 1266201.285 2017619.635 401188.724 2949142185548.779
2932.000 3006.000 72773451.000 1.000 1470.000 460.000 473.000 12445.050 9627890.026 1266201.285 1117713.189 74849410.776 6849804474326.909
2880.000 3030.000 72773461.000 1.000 1470.000 460.000 474.000 7301.409 9953293.977 1212764.992 166088.040 190307443.614 12736606534135.004
2860.000 3057.000 72773471.000 1.000 1470.000 460.000 466.000 6537.083 10079889.343 1154026.163 240025.886 211979692.410 12214328911704.836
2852.000 3086.000 72773481.000 1.000 1470.000 460.000 428.000 5432.500 10130751.489 1092560.309 3342553.147 245364197.868 153956692085.179
2867.000 3106.000 72773491.000 1.000 1470.000 460.000 242.000 20814.705 10035489.965 1051150.066 27221.993 79467.833 13747071236556.518
5641.000 4218.000 72773803.000 0.000 1490.000 460.000 63.000 16906.163 155144.721 7524.505 2351569.100 17559807.477 1913677145929.701
5579.000 4265.000 72773813.000 1.000 1490.000 460.000 93.000 6084.400 207830.355 17887.431 409591.595 225366310.862 11057850907820.273
5551.000 4265.000 72773823.000 1.000 1490.000 460.000 93.000 7969.313 234143.867 17887.431 695358.262 172325805.659 9238973864525.805
5515.000 4258.000 72773833.000 1.000 1490.000 460.000 125.000 11169.305 270279.526 16064.017 922485.437 98551293.159 7909823614251.629
5474.000 4227.000 72773843.000 1.000 1490.000 460.000 137.000 15414.521 314591.026 9166.895 527010.302 32286083.087 10290725057500.834
5428.000 4173.000 72773853.000 1.000 1480.000 460.000 179.000 17839.787 368308.367 1742.553 1045331.646 10606866.067 7233919408926.171
5382.000 4105.000 72773863.000 1.000 1480.000 460.000 195.000 22650.333 426257.709 689.383 951714.460 2414069.466 7746268152629.330
5333.000 4013.000 72773873.000 1.000 1480.000 460.000 209.000 27030.059 492641.355 13984.505 457628.150 35205871.667 10740683171427.301
5281.000 3900.000 72773883.000 1.000 1480.000 460.000 242.000 29136.033 568341.306 53479.383 1346101.356 64632396.194 5706484618495.161
5238.000 3773.000 72773893.000 1.000 1480.000 460.000 247.000 22941.365 635024.343 128347.431 610042.370 3403137.995 9764899583060.400
5227.000 3668.000 72773903.000 1.000 1480.000 460.000 265.000 20133.991 652676.794 214606.212 105743.178 926626.476 13170970141241.725
5238.000 3576.000 72773913.000 1.000 1470.000 470.000 282.000 20620.614 635024.343 308309.334 331339.909 226567.809 11584400328720.740
5284.000 3493.000 72773923.000 1.000 1470.000 470.000 282.000 22145.418 563827.001 407370.846 152538.081 1100007.878 12833505359755.904
5359.000 3424.000 72773933.000 1.000 1470.000 470.000 304.000 21443.448 456819.379 500211.188 881316.648 120299.792 8143088052460.388
5452.000 3391.000 72773943.000 1.000 1470.000 470.000 327.000 25499.208 339753.928 547979.090 907524.549 19382909.686 7994200667971.245
5569.000 3382.000 72773953.000 1.000 1460.000 480.000 340.000 29675.575 217048.038 561384.700 752710.251 73598719.460 8893612569677.717
5702.000 3413.000 72773963.000 1.000 1460.000 480.000 338.000 33139.497 110811.855 515891.822 1239975.948 145031238.177 6224777264604.207
5845.000 3466.000 72773973.000 1.000 1460.000 480.000 341.000 27433.211 36055.989 442565.675 952429.594 40152570.576 7742287925212.372
5952.000 3533.000 72773983.000 1.000 1460.000 480.000 341.000 23050.194 6869.782 357910.358 721201.968 3816508.432 9082534356124.861
6028.000 3607.000 72773993.000 1.000 1460.000 480.000 338.000 19731.271 47.391 274844.456 179526.958 1864138.014 12640864489158.725
6082.000 3680.000 72774003.000 1.000 1460.000 480.000 338.000 18905.100 2219.904 203632.066 921385.682 4802695.902 7916010815517.761
6082.000 3767.000 72774013.000 1.000 1470.000 480.000 338.000 23145.255 2219.904 132682.505 608645.783 4196965.199 9773629878065.113
6038.000 3864.000 72774023.000 1.000 1470.000 480.000 341.000 25946.202 9.709 71425.822 489258.121 23518587.218 10534361935535.309
5967.000 3960.000 72774033.000 1.000 1470.000 480.000 344.000 23694.669 4608.257 29328.651 11895.002 6749934.489 13860962054332.496
5886.000 4033.000 72774043.000 1.000 1470.000 480.000 354.000 23749.409 22166.489 9654.261 218034.909 7037366.960 12368525064067.260
5794.000 4092.000 72774053.000 1.000 1470.000 480.000 369.000 22746.027 58025.172 1541.041 955826.210 2720591.627 7723397316541.825
5695.000 4126.000 72774063.000 1.000 1470.000 480.000 372.000 18347.379 115521.233 27.627 1761558.965 7558245.778 3894178643321.180
5615.000 4153.000 72774073.000 1.000 1470.000 480.000 389.000 10240.803 176302.696 472.797 1206002.179 117848445.668 6395457215511.967
5570.000 4167.000 72774083.000 1.000 1470.000 480.000 394.000 4690.862 216117.270 1277.627 1019324.313 269148416.387 7374494157958.133
5549.000 4172.000 72774093.000 1.000 1480.000 470.000 386.000 0.000 236083.404 1660.066 1433787.991 445066759.249 5295237522367.039
5549.000 4172.000 72774103.000 1.000 1480.000 470.000 387.000 6598.196 236083.404 1660.066 644397.283 210203875.024 9551369611929.217
5578.000 4163.000 72774113.000 1.000 1480.000 470.000 384.000 9563.669 208743.123 1007.675 1469551.877 133008621.922 5131921281521.120
5619.000 4147.000 72774123.000 1.000 1480.000 470.000 369.000 16326.448 172959.623 247.870 1202673.578 22754401.586 6412303853820.303
5693.000 4134.000 72774133.000 1.000 1490.000 470.000 315.000 21861.071 116884.770 7.529 821465.492 584407.659 8488253886360.600
5793.000 4123.000 72774143.000 1.000 1490.000 470.000 225.000 25641.400 58507.940 68.163 1178781.878 20655157.989 6533874311919.802
5911.000 4123.000 72774153.000 1.000 1490.000 470.000 115.000 20216.725 15347.282 68.163 28412.141 774189.512 13738247219274.943
7492.000 4167.000 72774323.000 0.000 1520.000 480.000 81.000 17993.962 2123186.611 1277.627 1983911.190 9626396.045 3066053919420.130
7431.000 4223.000 72774333.000 1.000 1520.000 480.000 129.000 8864.136 1949139.477 8416.944 296643.401 149633307.532 11821789301354.881
7391.000 4231.000 72774343.000 1.000 1520.000 480.000 165.000 10229.269 1839050.209 9948.846 883620.680 118099000.351 8129943745111.185
7345.000 4221.000 72774353.000 1.000 1520.000 480.000 196.000 14295.632 1716403.550 8053.968 907198.816 46253239.138 7996042730183.088
7283.000 4199.000 72774363.000 1.000 1530.000 480.000 232.000 18470.500 1557793.184 4589.236 894668.647 6896429.553 8067063541867.609
7215.000 4148.000 72774373.000 1.000 1540.000 470.000 247.000 22587.705 1392673.428 280.358 186563.350 2223378.028 12590879632981.434
7142.000 4074.000 72774383.000 1.000 1540.000 470.000 270.000 23446.257 1225705.513 3278.261 652125.340 5520862.659 9503661765969.623
7081.000 3985.000 72774393.000 1.000 1550.000 470.000 279.000 26447.294 1094358.379 21390.846 86193.783 28629868.533 13313248988889.557
7023.000 3878.000 72774403.000 1.000 1550.000 470.000 292.000 26050.636 976372.940 64138.651 507190.369 24542419.222 10418279247589.893
6967.000 3772.000 72774413.000 1.000 1550.000 480.000 297.000 23716.580 868839.965 129064.944 2254333.000 6864266.924 2192156523363.312
6941.000 3666.000 72774423.000 1.000 1550.000 480.000 304.000 13342.291 821045.940 216463.236 856260.872 60129391.757 8286714652892.084
6934.000 3605.000 72774433.000 1.000 1550.000 480.000 316.000 9401.836 808409.318 276945.480 350770.875 136767631.234 11452507948233.191
6958.000 3569.000 72774443.000 1.000 1550.000 480.000 324.000 11016.060 852142.879 316131.919 572393.407 101617395.488 10001614306480.504
7005.000 3550.000 72774453.000 1.000 1540.000 490.000 340.000 13650.176 941124.770 337858.651 1479707.827 55449310.755 5086010366075.951
7066.000 3565.000 72774463.000 1.000 1530.000 490.000 345.000 20459.692 1063199.904 320645.968 856564.005 405658.674 8284969507806.641
7147.000 3613.000 72774473.000 1.000 1530.000 490.000 333.000 24401.542 1236801.672 268589.383 893176.447 10922605.954 8075542233471.446
7234.000 3684.000 72774483.000 1.000 1530.000 490.000 336.000 28511.880 1437878.830 200038.017 183927.935 54986297.448 12609589396287.383
7314.000 3788.000 72774493.000 1.000 1530.000 490.000 336.000 27665.456 1636137.367 117824.749 566518.919 43149798.253 10038805339162.158
7386.000 3893.000 72774503.000 1.000 1530.000 490.000 338.000 25058.374 1825514.050 56765.968 1949043.449 15695610.469 3189377561546.796
7429.000 4000.000 72774513.000 1.000 1530.000 490.000 341.000 16089.007 1943559.013 17228.163 1532136.667 25076041.699 4852282172248.851
7450.000 4071.000 72774523.000 1.000 1530.000 490.000 346.000 9038.217 2002552.879 3630.797 1019618.754 145404730.717 7372895075523.658
7457.000 4112.000 72774533.000 1.000 1520.000 490.000 358.000 4346.000 2022413.501 370.797 944385.800 280582781.144 7787116288470.016
7457.000 4132.000 72774543.000 1.000 1520.000 490.000 359.000 0.000 2022413.501 0.553 1511017.280 445066759.249 4945771334281.842
7457.000 4132.000 72774553.000 1.000 1520.000 490.000 369.000 6953.600 2022413.501 0.553 1049731.536 200024601.641 7210270926703.829
7457.000 4100.000 72774563.000 1.000 1520.000 490.000 366.000 11784.394 2022413.501 976.944 1598035.065 86717281.090 4566304155066.924
7462.000 4046.000 72774573.000 1.000 1520.000 490.000 382.000 19138.444 2036659.660 7268.602 306123.983 3834396.054 11756685336842.102
7481.000 3960.000 72774583.000 1.000 1520.000 490.000 389.000 20547.206 2091251.062 29328.651 43394585.529 301839.697 1572888570070445.000
7510.000 3870.000 72774593.000 1.000 1530.000 490.000 402.000 220246.173 2175966.782 68254.749 427325569.588 39660550276.724 179429033080180864.000
7562.000 3783.000 72774594.000 1.000 1530.000 490.000 409.000 23593.817 2332082.830 121282.309 567156.694 6236065.793 10034764283882.828
7632.000 3700.000 72774604.000 1.000 1530.000 490.000 412.000 20983.800 2550779.050 185981.822 487606.858 12725.057 10545083565757.068
7714.000 3649.000 72774614.000 1.000 1530.000 490.000 405.000 23227.734 2819430.050 232570.944 233157.467 4541709.125 12262384967713.223
7815.000 3614.000 72774624.000 1.000 1530.000 490.000 400.000 24300.709 3168812.452 267553.870 62752.111 10266279.903 13484863282687.379
7924.000 3589.000 72774634.000 1.000 1530.000 490.000 399.000 24589.490 3568758.709 294041.675 173269.153 12200242.854 12685401640855.066
8037.000 3583.000 72774644.000 1.000 1530.000 490.000 337.000 23792.117 4008467.891 300584.749 1967876.623 7265782.805 3122464564993.993
8145.000 3601.000 72774654.000 1.000 1530.000 490.000 156.000 14736.081 4452588.916 281171.529 387570.456 40456270.596 11204791153953.742
8563.000 4135.000 72774754.000 0.000 1520.000 490.000 81.000 32571.813 6391369.770 14.017 3508501.462 131680389.547 51268207776.925
8641.000 4263.000 72774764.000 1.000 1530.000 500.000 117.000 16425.925 6791839.843 17356.456 1905920.481 21815255.365 3345262290084.585
8676.000 4330.000 72774774.000 1.000 1530.000 500.000 156.000 7655.007 6975492.952 39499.139 1049582.251 180676567.449 7211072667590.867
8696.000 4359.000 72774784.000 1.000 1540.000 490.000 186.000 2824.900 7081537.587 51867.285 1035448.190 333855218.091 7287182072492.384
8708.000 4364.000 72774794.000 1.000 1540.000 490.000 209.000 7589.963 7145548.367 54169.724 1136639.150 182429388.823 6751096119748.804
8722.000 4332.000 72774804.000 1.000 1540.000 490.000 252.000 12820.700 7220591.611 40298.114 849947.220 68490610.129 8323104298581.627
8722.000 4273.000 72774814.000 1.000 1540.000 490.000 296.000 16732.100 7220591.611 20091.334 837005.484 19048907.355 8397945062379.442
8722.000 4196.000 72774824.000 1.000 1540.000 490.000 340.000 20583.943 7220591.611 4191.773 635747.656 262822.733 9604908274455.529
8704.000 4103.000 72774834.000 1.000 1550.000 480.000 371.000 23509.611 7124179.440 798.407 481016.584 5822596.043 10587928447260.027
8688.000 3996.000 72774844.000 1.000 1550.000 480.000 396.000 25723.217 7039023.733 18294.212 193417.643 21405534.931 12542283575639.127
8670.000 3879.000 72774854.000 1.000 1550.000 480.000 412.000 24833.122 6943835.562 63633.139 1466809.333 13961556.329 5144354581138.036
8662.000 3765.000 72774864.000 1.000 1550.000 480.000 418.000 18082.964 6901737.709 134143.529 954612.807 9082034.466 7730143125664.431
8656.000 3682.000 72774874.000 1.000 1540.000 490.000 433.000 13689.900 6870248.318 201831.041 1130843.107 54859284.828 6781249281971.901
8656.000 3619.000 72774884.000 1.000 1540.000 490.000 439.000 8485.836 6870248.318 262406.309 1075297.750 159031504.768 7073624030007.923
8665.000 3581.000 72774894.000 1.000 1540.000 490.000 450.000 3537.388 6917509.404 302781.773 38209.163 308326115.572 13665717599374.719
8677.000 3570.000 72774904.000 1.000 1540.000 490.000 467.000 3713.224 6980776.184 315008.407 1847915.723 302181948.771 3560808921990.167
8693.000 3576.000 72774914.000 1.000 1540.000 490.000 467.000 12217.208 7065579.891 308309.334 2014422.065 78843698.122 2960134826555.545
8728.000 3620.000 72774924.000 1.000 1540.000 490.000 468.000 21487.443 7252873.001 261382.797 1615380.603 152754.032 4492473966478.969
8775.000 3707.000 72774934.000 1.000 1540.000 490.000 468.000 28921.316 7508234.891 179993.236 1214201.777 61226096.031 6354052126571.321
8842.000 3822.000 72774944.000 1.000 1540.000 490.000 467.000 34508.991 7879899.416 95639.334 647937.317 179892087.581 9529500988165.572
8924.000 3958.000 72774954.000 1.000 1550.000 490.000 468.000 31527.227 8346990.416 30017.675 791875.316 108797867.039 8661549101099.074
9015.000 4071.000 72774964.000 1.000 1550.000 490.000 472.000 27883.070 8881090.501 3630.797 783093.788 46056101.817 8713315185595.854
9099.000 4168.000 72774974.000 1.000 1550.000 490.000 473.000 24279.325 9388805.965 1350.114 1081080.538 10129704.076 7042897334505.063
9179.000 4246.000 72774984.000 1.000 1550.000 500.000 475.000 19304.265 9885464.501 13166.163 923027.600 3212484.096 7906774305439.903
9255.000 4292.000 72774994.000 1.000 1550.000 500.000 475.000 15056.554 10369146.111 25838.602 391412.494 36482220.870 11179084578496.680
9320.000 4316.000 72775004.000 1.000 1550.000 500.000 477.000 13255.300 10791986.172 34130.309 101924.348 61486070.319 13198703191476.527
9381.000 4316.000 72775014.000 1.000 1570.000 510.000 480.000 13724.349 11196491.306 34130.309 77259.277 54350164.373 13378528059438.346
9439.000 4291.000 72775024.000 1.000 1570.000 510.000 490.000 13368.807 11588004.745 25518.114 1233318.962 59718868.054 6258039279209.829
9483.000 4248.000 72775034.000 1.000 1570.000 510.000 501.000 19044.458 11889502.940 13629.139 1039638.603 4211308.936 7264575775713.270
9508.000 4164.000 72775044.000 1.000 1570.000 510.000 527.000 23828.805 12062533.733 1072.163 724411.923 7464914.674 9063196820952.432
9520.000 4055.000 72775054.000 1.000 1590.000 500.000 564.000 27162.500 12146032.513 5814.992 849947.220 36795077.343 8323104298581.627
9520.000 3930.000 72775064.000 1.000 1590.000 500.000 578.000 31073.900 12146032.513 40504.017 424973.610 99546407.608 10955786817546.184
9520.000 3787.000 72775074.000 1.000 1590.000 500.000 586.000 29118.200 12146032.513 118512.261 294208.120 64345979.985 11838541601987.074
9520.000 3653.000 72775084.000 1.000 1600.000 500.000 594.000 27764.274 12146032.513 228728.895 1511698.515 44457804.608 4942741789038.940
9534.000 3526.000 72775094.000 1.000 1600.000 500.000 592.000 20807.539 12243811.757 366334.944 694384.540 83559.381 9244894201200.742
9546.000 3431.000 72775104.000 1.000 1590.000 510.000 588.000 17612.028 12327934.538 490358.602 330952.463 12142279.631 11587037890701.717
9559.000 3351.000 72775114.000 1.000 1590.000 510.000 567.000 16089.007 12419392.550 608799.578 3496141.221 25076041.699 57018314494.671
9580.000 3280.000 72775124.000 1.000 1590.000 510.000 443.000 0.000 12567846.416 724636.944 0.000 445066759.249 13949674474903.602
