4160.000 6311.000 51292971.000 0.000 1370.000 480.000 80.000 30623.229 1397800.954 576029.104 8698814.759 110755615.450 24899135124906.613
4206.000 6381.000 51292981.000 1.000 1360.000 470.000 124.000 6829.972 1291146.612 687184.317 1427730.883 176071870.740 5203784737319.806
4211.000 6399.000 51292991.000 1.000 1350.000 460.000 182.000 2924.800 1279808.749 717351.087 1022855.572 294959315.173 7214896130356.238
4219.000 6399.000 51293001.000 1.000 1340.000 460.000 251.000 5722.545 1261772.167 717351.087 2092162.452 206687622.864 2613877292810.691
4233.000 6392.000 51293011.000 1.000 1350.000 450.000 309.000 0.000 1230516.150 705542.565 6554957.930 403977021.211 8099980618643.867
4233.000 6392.000 51293021.000 1.000 1350.000 450.000 362.000 17929.316 1230516.150 705542.565 2292374.883 4708308.109 2006575819605.662
4271.000 6361.000 51293031.000 1.000 1360.000 460.000 413.000 11659.144 1147654.390 654425.685 275021.869 71234201.189 11791597591369.607
4295.000 6340.000 51293041.000 1.000 1360.000 460.000 425.000 10906.896 1096808.646 620890.121 751913.799 84498078.066 8743835053656.244
4318.000 6321.000 51293051.000 1.000 1380.000 460.000 436.000 8850.239 1049162.475 591308.420 393925.226 126538664.968 10989133604365.023
4337.000 6306.000 51293061.000 1.000 1380.000 460.000 435.000 7772.763 1010600.595 568464.446 757273.861 151940546.576 8712164402533.002
4353.000 6292.000 51293071.000 1.000 1380.000 460.000 431.000 9844.081 978687.432 547549.403 123748.654 105167047.611 12853392207910.688
4367.000 6269.000 51293081.000 1.000 1380.000 460.000 420.000 9505.600 951183.415 514039.976 3706921.499 112223929.067 3959868.398
4367.000 6243.000 51293091.000 1.000 1380.000 460.000 335.000 19644.882 951183.415 477433.753 114011.028 206386.323 12923308978004.906
3745.000 5722.000 51293242.000 0.000 1320.000 460.000 146.000 14936.002 2551323.603 28888.377 3321988.571 26658403.088 149709307180.219
3783.000 5707.000 51293252.000 1.000 1310.000 450.000 181.000 5849.600 2431373.843 24014.403 2138613.760 203050519.215 2465834806350.013
3783.000 5723.000 51293262.000 1.000 1310.000 450.000 207.000 0.000 2431373.843 29229.309 0.000 403977021.211 13756024075754.182
3783.000 5723.000 51293272.000 1.000 1300.000 460.000 250.000 0.000 2431373.843 29229.309 801980.160 403977021.211 8450249471338.241
3783.000 5723.000 51293282.000 1.000 1300.000 460.000 279.000 2193.600 2431373.843 29229.309 133663.360 320609781.363 12782398839319.078
3783.000 5717.000 51293292.000 1.000 1290.000 460.000 317.000 2559.200 2431373.843 27213.719 2956692.385 307650884.908 565833507920.214
3783.000 5710.000 51293302.000 1.000 1290.000 460.000 336.000 10646.433 2431373.843 24953.198 1652680.176 89354418.575 4228087014372.636
3791.000 5682.000 51293312.000 1.000 1290.000 460.000 369.000 15166.893 2406489.261 16891.112 132062.398 24327451.256 12793849075034.293
3802.000 5642.000 51293322.000 1.000 1280.000 470.000 389.000 14805.672 2372481.962 8093.847 374359.045 28021222.874 11119239680386.811
3816.000 5604.000 51293332.000 1.000 1280.000 470.000 388.000 13781.714 2329549.945 2700.446 193413.002 39910371.802 12358729273259.312
3830.000 5569.000 51293342.000 1.000 1280.000 470.000 389.000 13252.685 2287009.928 287.839 660856.732 46874488.518 9290637507884.738
3845.000 5536.000 51293352.000 1.000 1300.000 480.000 389.000 11445.090 2241866.338 257.095 417957.942 74893267.071 10830374931314.584
3859.000 5508.000 51293362.000 1.000 1300.000 480.000 389.000 10301.879 2200138.321 1939.010 207305.437 95987099.348 12261244605902.066
3872.000 5483.000 51293372.000 1.000 1280.000 480.000 394.000 9734.851 2161741.877 4765.719 185898.460 107419307.648 12411620462939.492
3887.000 5461.000 51293382.000 1.000 1280.000 480.000 366.000 10243.326 2117858.287 8287.223 1495341.657 97137850.488 4899891187786.429
3903.000 5438.000 51293392.000 1.000 1280.000 480.000 56.000 14333.429 2071545.125 13003.796 582255.738 33243880.159 9775975883899.855
4152.000 5688.000 51293482.000 0.000 1270.000 480.000 200.000 0.000 1416781.535 18486.702 0.000 403977021.211 13756024075754.182
4152.000 5688.000 51293492.000 1.000 1270.000 480.000 240.000 0.000 1416781.535 18486.702 0.000 403977021.211 13756024075754.182
4152.000 5688.000 51293502.000 1.000 1270.000 480.000 354.000 0.000 1416781.535 18486.702 4065212.424 403977021.211 126950390623.806
4152.000 5688.000 51293512.000 1.000 1270.000 480.000 436.000 11119.290 1416781.535 18486.702 425956.173 80638417.504 10777795290426.268
4157.000 5718.000 51293522.000 1.000 1270.000 480.000 488.000 12284.378 1404903.672 27544.651 2976056.754 61071124.288 537075991975.999
4184.000 5738.000 51293532.000 1.000 1270.000 480.000 540.000 20424.577 1341627.210 34583.283 5300949.198 105883.458 2534584220325.917
4223.000 5778.000 51293542.000 1.000 1270.000 480.000 560.000 34923.891 1252801.877 51060.548 3704444.925 219772067.637 19949763.460
4293.000 5843.000 51293552.000 1.000 1270.000 480.000 591.000 45056.399 1101001.791 84661.104 806698.228 622862799.412 8422841532595.538
4385.000 5925.000 51293562.000 1.000 1280.000 470.000 606.000 47262.904 916397.108 139103.497 856096.272 737867922.443 8138554387379.254
4491.000 5999.000 51293572.000 1.000 1310.000 470.000 619.000 49604.524 724688.407 199778.437 1294108.470 870565347.255 5831273387821.650
4606.000 6071.000 51293582.000 1.000 1310.000 470.000 636.000 53144.208 542117.552 269325.514 670265.082 1091973900.940 9233371693895.238
4735.000 6138.000 51293592.000 1.000 1310.000 470.000 639.000 54977.537 368796.680 343355.933 2819435.908 1216499813.849 791166723463.525
4872.000 6200.000 51293602.000 1.000 1330.000 470.000 637.000 47265.732 221169.227 419859.693 3306296.288 738021568.466 162098961270.360
4989.000 6255.000 51293612.000 1.000 1330.000 470.000 646.000 38222.252 124811.227 494160.933 1896921.815 328445752.658 3283306404034.696
5090.000 6282.000 51293622.000 1.000 1340.000 480.000 644.000 33033.735 63648.390 532850.087 4123321.254 167302722.998 171735493270.084
5180.000 6290.000 51293632.000 1.000 1350.000 470.000 649.000 21755.504 26336.851 544593.540 108558.705 2743410.467 12962539822237.924
5234.000 6265.000 51293642.000 1.000 1360.000 480.000 658.000 21458.571 11725.928 508320.249 1778508.362 1847944.937 3726456046670.212
5257.000 6211.000 51293652.000 1.000 1370.000 470.000 667.000 26323.200 7273.757 434235.941 3486153.939 38738429.748 49620904611.603
5257.000 6139.000 51293662.000 1.000 1380.000 480.000 667.000 35858.632 7273.757 344528.864 818037.312 248360339.463 8357153228609.626
5229.000 6045.000 51293672.000 1.000 1390.000 470.000 661.000 38096.152 12833.791 243015.292 495927.626 323891015.013 10323264994216.182
5182.000 5952.000 51293682.000 1.000 1390.000 470.000 652.000 39452.628 25691.706 159972.651 2931163.268 374555964.376 604892220305.702
5124.000 5861.000 51293692.000 1.000 1400.000 480.000 627.000 31435.223 47648.920 95459.873 1317850.534 128505879.618 5717172260064.017
5077.000 5789.000 51293702.000 1.000 1400.000 480.000 418.000 27830.599 70376.834 56152.796 1661398.569 59774845.701 4192308960218.177
4345.000 5004.000 51293843.000 0.000 1320.000 490.000 175.000 91905.325 994580.014 300341.471 21216692.602 5156122514.997 306522401188200.438
4158.000 4836.000 51293853.000 1.000 1290.000 490.000 193.000 33872.796 1402534.099 512704.958 2930577.211 189712508.311 605804173290.331
4080.000 4786.000 51293863.000 1.000 1290.000 490.000 223.000 25856.994 1593366.766 586808.377 6518804.842 33152426.488 7895500926064.084
4021.000 4747.000 51293873.000 1.000 1290.000 490.000 341.000 8026.565 1745797.552 648080.044 1998868.644 145748023.652 2924246366913.869
4002.000 4736.000 51293883.000 1.000 1290.000 490.000 440.000 2559.200 1796367.432 665911.796 2968150.289 307650884.908 548727084027.457
4002.000 4743.000 51293893.000 1.000 1280.000 480.000 480.000 10677.773 1796367.432 654536.317 7158010.011 88762902.612 11896280946902.631
4020.000 4766.000 51293903.000 1.000 1270.000 490.000 532.000 30256.575 1748441.125 617849.745 5006733.695 103172680.999 1684342603476.807
4077.000 4826.000 51293913.000 1.000 1270.000 490.000 561.000 43951.142 1600949.484 527125.642 894601.630 568916109.597 7920339711208.421
4161.000 4912.000 51293923.000 1.000 1270.000 490.000 592.000 46398.083 1395437.381 409643.762 2053732.774 691632319.233 2739616419055.285
4270.000 4977.000 51293933.000 1.000 1270.000 490.000 599.000 52015.514 1149797.962 330664.317 1608904.694 1018652400.551 4410028336637.820
4381.000 5066.000 51293943.000 1.000 1280.000 490.000 603.000 56416.238 924071.398 236229.232 2237953.495 1318928729.712 2163717278334.781
4495.000 5170.000 51293953.000 1.000 1280.000 490.000 602.000 50294.921 717894.116 145950.121 591009.949 911782797.767 9721309712616.623
4609.000 5247.000 51293963.000 1.000 1280.000 490.000 597.000 48678.373 537708.834 93045.856 4310716.846 816770294.515 362169745718.679
4721.000 5319.000 51293973.000 1.000 1280.000 490.000 591.000 36887.572 385996.697 54304.933 4154517.170 281850118.860 198564465889.009
4799.000 5383.000 51293983.000 1.000 1290.000 500.000 577.000 25524.013 295160.031 28572.557 4125567.134 29428817.251 173601966669.563
4854.000 5426.000 51293993.000 1.000 1290.000 500.000 519.000 14239.639 238423.535 15884.617 3292244.086 34334216.223 173611684562.438
4880.000 5455.000 51294003.000 1.000 1290.000 500.000 336.000 5234.595 213708.646 9415.634 2400465.986 220955875.788 1712029508206.905
4886.000 5468.000 51294013.000 1.000 1290.000 500.000 18.000 11800.421 208197.210 7061.745 183384.594 68869394.556 12429339547561.779
4664.000 5510.000 51294083.000 0.000 1300.000 510.000 105.000 15311.614 460072.338 1766.873 3026860.165 22920784.522 465193942830.899
4641.000 5545.000 51294093.000 1.000 1300.000 510.000 178.000 7032.456 491802.509 49.480 1368095.674 170739266.041 5479418454135.478
4632.000 5562.000 51294103.000 1.000 1290.000 500.000 217.000 3290.400 504506.663 99.317 534653.440 282535072.159 10075913855691.639
4623.000 5562.000 51294113.000 1.000 1290.000 500.000 225.000 4752.800 517372.817 99.317 4239983.482 235511367.299 282037512936.166
4623.000 5549.000 51294123.000 1.000 1290.000 500.000 272.000 16350.129 517372.817 9.206 4314471.558 14055380.517 366703055533.963
4615.000 5505.000 51294133.000 1.000 1290.000 500.000 317.000 28151.200 528945.398 2212.215 2940593.920 64835032.274 590311812780.077
4615.000 5428.000 51294143.000 1.000 1290.000 500.000 356.000 36194.400 528945.398 15384.480 1242520.117 259056119.229 6083086162153.854
4615.000 5329.000 51294153.000 1.000 1290.000 500.000 382.000 39592.978 528945.398 49744.249 447888.882 380008175.460 10634268129052.658
4623.000 5221.000 51294163.000 1.000 1300.000 500.000 394.000 40818.057 517372.817 109583.634 728663.833 429271880.079 8881875803843.463
4635.000 5110.000 51294173.000 1.000 1300.000 500.000 402.000 42811.120 500253.945 195394.223 335767.406 515832236.034 11378100679558.709
4651.000 4994.000 51294183.000 1.000 1290.000 490.000 409.000 41892.719 477876.783 311402.155 2731730.662 474958358.909 954882274471.205
4670.000 4881.000 51294193.000 1.000 1280.000 490.000 404.000 34420.808 451968.902 450286.882 1836183.956 205109039.587 3507108232354.140
4690.000 4789.000 51294203.000 1.000 1280.000 490.000 400.000 29398.423 425477.450 582221.172 3063873.143 86475927.526 416074405638.643
4705.000 4710.000 51294213.000 1.000 1280.000 490.000 399.000 21018.026 406133.860 709021.574 3625575.499 844278.679 6944879196.975
4718.000 4654.000 51294223.000 1.000 1270.000 500.000 389.000 11101.244 389733.415 806465.403 2454654.486 80962845.339 1573160508683.462
4727.000 4625.000 51294233.000 1.000 1270.000 500.000 312.000 4387.200 378577.261 859392.386 3319521.137 246866303.434 151624808699.446
4727.000 4613.000 51294243.000 1.000 1280.000 500.000 30.000 13466.853 378577.261 881785.206 3450329.801 43987756.333 66864464445.634
4737.000 4760.000 51294283.000 0.000 1270.000 510.000 113.000 51216.632 366371.535 627318.155 12717379.914 968295842.909 81152504232499.781
4732.000 4900.000 51294293.000 1.000 1270.000 510.000 250.000 16431.676 372449.398 425148.582 3412147.725 13450582.769 88068703019.988
4716.000 4942.000 51294303.000 1.000 1270.000 510.000 344.000 7098.668 392234.561 372141.711 452720.652 169013302.262 10602778453116.053
4700.000 4953.000 51294313.000 1.000 1270.000 510.000 398.000 8336.963 412531.723 358841.958 1032571.758 138349739.707 7162794097771.172
4678.000 4947.000 51294323.000 1.000 1270.000 510.000 413.000 11161.284 441276.321 366066.369 3595482.963 79885978.032 12866019577.770
4652.000 4931.000 51294333.000 1.000 1270.000 510.000 438.000 20995.756 476495.210 385683.463 1448373.025 803849.213 5110033929342.345
4619.000 4884.000 51294343.000 1.000 1270.000 510.000 452.000 24957.389 523143.108 446269.676 41773069.561 23602198.425 1448880133399001.750
4583.000 4826.000 51294353.000 1.000 1270.000 510.000 473.000 139216.332 576515.723 527125.642 355314070.672 14188895992.220 123626187997992080.000
4564.000 4793.000 51294354.000 1.000 1270.000 510.000 468.000 42029.770 605729.603 576132.899 8043284.494 480950794.618 18786789764239.621
4508.000 4706.000 51294363.000 1.000 1270.000 510.000 467.000 22229.562 696033.672 715773.847 588466.835 4538529.105 9737174537914.314
4472.000 4657.000 51294373.000 1.000 1270.000 510.000 464.000 20619.970 757398.287 801086.198 1735454.210 271222.625 3894533441827.160
4438.000 4612.000 51294383.000 1.000 1270.000 510.000 466.000 15873.104 817733.757 883664.275 3647949.854 17859715.107 3716315066.112
4411.000 4578.000 51294393.000 1.000 1270.000 510.000 430.000 5895.123 867294.219 948742.599 5934292.702 201755224.333 4952321757665.875
4403.000 4564.000 51294403.000 1.000 1270.000 510.000 1.000 22126.777 882258.800 976211.557 605248.972 4111151.154 9632720720285.449
4683.000 4959.000 51294483.000 0.000 1250.000 510.000 384.000 35370.737 434658.458 351689.548 10792927.687 233220464.952 50183286176316.586
4779.000 4971.000 51294493.000 1.000 1250.000 510.000 389.000 5849.600 317291.484 337600.728 463816.612 203050519.215 10530640447954.416
4779.000 4955.000 51294503.000 1.000 1260.000 510.000 404.000 4580.955 317291.484 356449.822 330153.252 240815295.214 11416006898435.029
4790.000 4961.000 51294513.000 1.000 1260.000 510.000 441.000 5484.000 305020.185 349321.411 1586591.761 213603475.190 4504240823299.020
4802.000 4952.000 51294523.000 1.000 1260.000 510.000 477.000 9823.693 291909.313 360041.027 772520.478 105585625.183 8622391886458.677
4821.000 4933.000 51294533.000 1.000 1270.000 520.000 532.000 11936.714 271739.432 383203.326 1346038.660 66625844.922 5583167778281.869
4850.000 4918.000 51294543.000 1.000 1280.000 520.000 570.000 15618.439 242345.826 401999.352 757050.845 20077036.462 8713480977082.137
4890.000 4903.000 51294553.000 1.000 1290.000 520.000 597.000 17689.147 204562.920 421245.377 16554.368 5808257.207 13633500753112.980
4936.000 4888.000 51294563.000 1.000 1290.000 520.000 611.000 17734.427 165068.578 440941.403 387719.531 5592054.932 11030315701772.057
4983.000 4876.000 51294573.000 1.000 1300.000 520.000 616.000 16673.925 129086.663 457022.223 512441.046 11732369.180 10217422984882.035
5027.000 4864.000 51294583.000 1.000 1300.000 520.000 610.000 15272.281 99405.467 473391.044 1287442.851 23298950.243 5863510131425.248
5068.000 4856.000 51294593.000 1.000 1310.000 520.000 620.000 11750.829 75232.988 484463.591 30019.748 69694957.997 13534244087409.436
5103.000 4851.000 51294604.000 1.000 1310.000 520.000 613.000 11841.151 57257.945 491448.933 233085.721 68195036.613 12081364434476.652
5135.000 4856.000 51294614.000 1.000 1330.000 520.000 594.000 12478.694 42967.620 484463.591 332348.680 58071801.014 11401176077673.254
5164.000 4874.000 51294624.000 1.000 1330.000 520.000 324.000 11569.644 31786.014 459730.360 154005.439 72752977.814 12637356681688.340
5728.000 6216.000 51295084.000 0.000 1360.000 480.000 61.000 30946.696 148775.039 440850.599 9576488.378 117668611.714 34428459113871.062
5794.000 6269.000 51295094.000 1.000 1360.000 480.000 160.000 4752.800 204045.244 514039.976 162089.491 235511367.299 12579945943637.631
5794.000 6282.000 51295104.000 1.000 1360.000 480.000 191.000 5196.152 204045.244 532850.087 749897.515 222100232.105 8755763413123.842
5783.000 6291.000 51295114.000 1.000 1360.000 480.000 221.000 3145.010 194228.544 546070.471 4336898.558 287443867.347 394367819359.507
5778.000 6284.000 51295124.000 1.000 1370.000 470.000 282.000 15007.424 189846.407 535773.950 2929833.215 25925975.247 606962881927.660
5755.000 6250.000 51295134.000 1.000 1370.000 470.000 317.000 23021.191 170332.578 487156.275 968486.099 8538150.532 7509931054021.800
5721.000 6197.000 51295144.000 1.000 1370.000 470.000 353.000 25670.223 143424.048 415980.899 0.000 31036524.393 13756024075754.182
5680.000 6140.000 51295154.000 1.000 1370.000 470.000 362.000 25670.223 114050.526 345703.796 78672.002 31036524.393 13178638383074.779
5639.000 6083.000 51295164.000 1.000 1370.000 470.000 374.000 25885.409 88039.005 281924.693 265179.917 33480450.491 11859286808066.842
5597.000 6026.000 51295174.000 1.000 1370.000 470.000 377.000 25160.081 64879.056 224643.591 181747.803 25612722.825 12440883327872.785
5557.000 5970.000 51295184.000 1.000 1370.000 470.000 374.000 25657.203 46101.962 174695.420 71697.450 30891623.944 13229325614927.207
5519.000 5911.000 51295194.000 1.000 1370.000 470.000 369.000 25461.094 31227.723 128856.454 3024976.228 28750125.868 467767375318.301
5482.000 5852.000 51295204.000 1.000 1370.000 470.000 359.000 17187.089 19519.911 89979.488 2455303.061 8480271.752 1571533969924.064
5463.000 5809.000 51295214.000 1.000 1370.000 470.000 254.000 10471.271 14571.791 66031.429 271510.403 92696624.306 11815725894721.391
5823.000 5992.000 51295355.000 0.000 1350.000 490.000 13.000 0.000 231085.638 193569.916 0.000 403977021.211 13756024075754.182
5823.000 5992.000 51295365.000 1.000 1350.000 490.000 50.000 0.000 231085.638 193569.916 0.000 403977021.211 13756024075754.182
5823.000 5992.000 51295375.000 1.000 1350.000 490.000 95.000 0.000 231085.638 193569.916 7776634.825 403977021.211 16546373530304.934
5823.000 5992.000 51295385.000 1.000 1350.000 490.000 132.000 21270.883 231085.638 193569.916 298650.597 1372888.822 11629879022807.943
5799.000 5939.000 51295395.000 1.000 1350.000 490.000 179.000 20454.005 208587.381 149742.540 63582.227 125901.054 13288425077039.797
5776.000 5888.000 51295405.000 1.000 1350.000 490.000 190.000 20280.093 188107.552 112873.027 169404.050 32729.653 12528112569582.270
5750.000 5839.000 51295415.000 1.000 1350.000 490.000 198.000 19816.734 166230.441 82349.377 683229.624 79775.526 9154750456560.689
5723.000 5792.000 51295425.000 1.000 1350.000 490.000 196.000 17947.944 144942.902 57583.591 626151.786 4627814.673 9503407089310.033
5696.000 5751.000 51295435.000 1.000 1350.000 490.000 198.000 16235.275 125113.364 39587.394 1175999.562 14929758.877 6415642585805.106
5670.000 5715.000 51295445.000 1.000 1340.000 490.000 188.000 13018.646 107396.253 26557.856 4208839.846 50133956.279 249928410318.126
5648.000 5687.000 51295455.000 1.000 1340.000 490.000 170.000 1506.502 93460.851 18215.770 646478.833 345687660.910 9378493477363.812
5672.000 5671.000 51295525.000 0.000 1300.000 510.000 41.000 13884.379 108711.108 14152.864 1268262.561 38623746.689 5956766954506.537
5747.000 5683.000 51295545.000 1.000 1290.000 510.000 65.000 6946.400 163793.159 17152.044 1336633.600 172995611.611 5627702153987.199
5766.000 5683.000 51295555.000 1.000 1280.000 500.000 88.000 3290.400 179533.279 17152.044 2170540.511 282535072.159 2366585117677.379
5775.000 5683.000 51295565.000 1.000 1270.000 510.000 131.000 9227.327 187241.125 17152.044 2798205.882 118197179.291 829384614843.229
5789.000 5662.000 51295575.000 1.000 1280.000 520.000 214.000 16881.063 199553.108 12092.480 2164848.850 10356274.550 2384129284331.758
5803.000 5618.000 51295585.000 1.000 1280.000 520.000 302.000 22802.422 212257.091 4351.488 5557353.253 7307519.390 3416737133060.786
5816.000 5557.000 51295595.000 1.000 1280.000 520.000 369.000 38003.060 224404.646 24.659 1680587.521 320548932.827 4114097923664.036
5830.000 5454.000 51295605.000 1.000 1290.000 520.000 412.000 42599.853 237864.629 9610.702 1034208.183 506280302.761 7154037517327.073
5841.000 5338.000 51295615.000 1.000 1290.000 520.000 438.000 45428.650 248715.330 45810.634 2825176.559 641582069.965 780987341323.653
5849.000 5214.000 51295625.000 1.000 1290.000 520.000 449.000 37701.143 256758.749 114267.112 3469783.468 309829114.993 57182187379.116
5854.000 5111.000 51295635.000 1.000 1300.000 530.000 440.000 28210.488 261850.885 194511.155 2222979.616 65793323.710 2207993387976.314
5859.000 5034.000 51295645.000 1.000 1300.000 530.000 440.000 22130.128 266993.022 268359.420 5998612.345 4124751.341 5242730230659.077
5867.000 4974.000 51295655.000 1.000 1300.000 530.000 449.000 5722.545 275324.441 334123.523 1543873.960 206687622.864 4687387293302.112
5874.000 4960.000 51295665.000 1.000 1310.000 540.000 422.000 9945.395 282719.432 350504.480 3528369.406 103099342.016 32595426332.501
5882.000 4986.000 51295675.000 1.000 1310.000 540.000 255.000 19596.296 291290.851 320394.702 6745747.752 252891.931 9222374780976.113
5890.000 5039.000 51295685.000 1.000 1310.000 540.000 5.000 38047.466 299990.270 263204.078 182714.267 322140984.144 12434066508569.346
6009.000 5863.000 51295765.000 0.000 1300.000 530.000 389.000 42045.590 444507.125 96699.736 11486422.994 481644928.770 60489685960039.859
6110.000 5918.000 51295775.000 1.000 1310.000 520.000 402.000 10627.584 589384.287 133930.976 215174.611 89711123.501 12206197035954.693
6123.000 5944.000 51295785.000 1.000 1310.000 520.000 453.000 10039.032 609513.843 153637.198 778933.102 101206570.043 8584773065882.275
6118.000 5971.000 51295795.000 1.000 1320.000 510.000 535.000 12169.593 601731.706 175532.352 1148722.878 62878343.891 6554565477131.310
6136.000 5999.000 51295805.000 1.000 1320.000 510.000 580.000 15311.614 629981.398 199778.437 1333263.499 22920784.522 5643703143415.118
6159.000 6034.000 51295815.000 1.000 1330.000 510.000 605.000 18958.396 667021.227 232291.044 639397.474 1301387.257 9421915992427.486
6192.000 6074.000 51295825.000 1.000 1330.000 510.000 616.000 20707.295 722013.330 272448.309 342690.407 369804.321 11331444048449.318
6234.000 6112.000 51295835.000 1.000 1340.000 500.000 620.000 21644.632 795153.279 313561.711 163107.322 2388423.073 12572726848953.584
6281.000 6148.000 51295845.000 1.000 1340.000 500.000 617.000 21198.496 881183.364 355175.249 1515093.197 1208496.513 4812838486863.462
6330.000 6179.000 51295855.000 1.000 1350.000 500.000 608.000 17054.368 975578.304 393086.129 1154110.725 9270877.773 6527006697491.489
6370.000 6203.000 51295865.000 1.000 1350.000 500.000 562.000 13897.610 1056195.398 423756.488 1972035.798 38459465.694 3016736998578.628
6404.000 6220.000 51295875.000 1.000 1360.000 500.000 422.000 8503.639 1127235.928 446178.326 1638633.458 134456562.163 4286050926098.281
6425.000 6230.000 51295885.000 1.000 1370.000 500.000 246.000 4021.600 1172268.902 459637.642 133663.360 258488566.289 12782398839319.078
6436.000 6230.000 51295895.000 1.000 1370.000 500.000 95.000 3656.000 1196209.603 459637.642 133663.360 270378155.864 12782398839319.078
6436.000 6220.000 51295905.000 1.000 1370.000 500.000 103.000 4021.600 1196209.603 446178.326 705584.967 258488566.289 9019969908274.137
6436.000 6209.000 51295915.000 1.000 1380.000 490.000 93.000 5951.537 1196209.603 431604.078 203926.562 200155791.573 12284919000670.564
6424.000 6198.000 51295925.000 1.000 1380.000 490.000 141.000 6509.323 1170104.475 417271.830 191257.425 184684202.827 12373889774927.975
6413.000 6184.000 51295935.000 1.000 1380.000 490.000 209.000 7032.456 1146427.774 399380.787 2358195.314 170739266.041 1824434055218.369
6404.000 6167.000 51295945.000 1.000 1380.000 490.000 277.000 13482.662 1127235.928 378182.950 1422209.958 43778305.355 5229003671474.892
6396.000 6131.000 51295955.000 1.000 1400.000 500.000 359.000 17372.733 1110312.509 335201.411 2737637.295 7433511.147 943373466314.460
6389.000 6084.000 51295965.000 1.000 1400.000 500.000 418.000 24860.800 1095609.518 282987.625 3100667.493 22673028.687 369960700044.685
6389.000 6016.000 51295975.000 1.000 1400.000 500.000 486.000 33341.838 1095609.518 215264.275 2018834.060 175368001.092 2856361553117.784
6395.000 5925.000 51295985.000 1.000 1380.000 500.000 512.000 38863.813 1108206.082 139103.497 2797015.122 352111466.059 831554896255.018
6403.000 5819.000 51295995.000 1.000 1380.000 500.000 537.000 31213.334 1125113.501 71270.745 518236.172 123524427.685 10180408670981.029
6411.000 5734.000 51296005.000 1.000 1370.000 510.000 554.000 29795.839 1142148.920 33111.557 531214.972 94025203.221 10097754847872.867
6420.000 5653.000 51296015.000 1.000 1370.000 510.000 556.000 28342.844 1161466.766 10194.095 1855859.451 67958002.486 3433801676930.243
6429.000 5576.000 51296025.000 1.000 1360.000 510.000 557.000 23266.642 1180946.612 574.360 2241193.077 10032817.958 2154197195458.325
6438.000 5513.000 51296035.000 1.000 1360.000 510.000 548.000 17136.464 1200588.458 1523.668 1596430.788 8777683.818 4462574508486.807
6447.000 5467.000 51296045.000 1.000 1350.000 520.000 540.000 12769.859 1220392.304 7230.813 3624716.339 53718940.683 7088815168.407
6455.000 5433.000 51296055.000 1.000 1350.000 520.000 467.000 2855.427 1238131.723 14169.138 1762986.449 297347004.261 3786624073741.762
6460.000 5427.000 51296065.000 1.000 1340.000 520.000 277.000 7677.600 1249283.860 15633.548 2951463.208 154295640.141 573727825383.494
6460.000 5448.000 51296075.000 1.000 1330.000 530.000 153.000 15750.530 1249283.860 10823.112 1146971.654 18910753.477 6563535471228.236
6476.000 5488.000 51296085.000 1.000 1330.000 530.000 160.000 18887.761 1285306.697 4100.377 572204.216 1467535.062 9838932214160.766
6489.000 5538.000 51296095.000 1.000 1310.000 540.000 242.000 17322.651 1314952.253 196.958 986626.806 7709111.152 7410833632910.043
6495.000 5585.000 51296105.000 1.000 1310.000 540.000 372.000 14624.000 1328748.817 1086.745 534653.440 29977591.821 10075913855691.639
6495.000 5625.000 51296115.000 1.000 1300.000 540.000 491.000 13161.600 1328748.817 5324.010 302846.954 48130010.920 11601275288292.539
6495.000 5661.000 51296125.000 1.000 1280.000 540.000 567.000 12333.244 1328748.817 11873.548 382752.855 60309755.982 11063330937942.219
6502.000 5694.000 51296135.000 1.000 1280.000 540.000 605.000 11286.327 1344935.808 20154.292 322922.050 77666371.220 11464924154662.238
6515.000 5722.000 51296145.000 1.000 1260.000 540.000 627.000 12169.593 1375257.364 28888.377 537238.232 62878343.891 10059510943468.475
6533.000 5750.000 51296155.000 1.000 1260.000 540.000 633.000 13639.063 1417799.056 39190.463 1372411.548 41733106.684 5459231749090.349
6563.000 5778.000 51296166.000 1.000 1260.000 540.000 639.000 17768.310 1490141.877 51060.548 622028.915 5432953.164 9528843728136.869
6602.000 5807.000 51296176.000 1.000 1260.000 540.000 641.000 19469.702 1586878.544 65007.565 147095.138 396242.068 12686535374946.650
6646.000 5837.000 51296186.000 1.000 1260.000 540.000 638.000 19067.363 1699669.347 81205.514 1112667.771 1064645.528 6740481193016.508
6690.000 5865.000 51296196.000 1.000 1260.000 540.000 628.000 16023.961 1816332.150 97947.599 1182052.436 16607406.763 6385016430177.715
6726.000 5890.000 51296206.000 1.000 1280.000 540.000 597.000 12790.776 1914663.535 114220.890 3117538.470 53412763.405 349721990601.914
6756.000 5908.000 51296216.000 1.000 1280.000 540.000 497.000 4263.592 1998586.355 126711.659 5381914.609 250765835.125 2798939600781.504
6762.000 5918.000 51296226.000 1.000 1290.000 530.000 218.000 18984.365 2015586.920 133930.976 13157.745 1242811.627 13658595380076.205
6256.000 5653.000 51296336.000 0.000 1330.000 520.000 260.000 19380.249 834872.680 10194.095 2006211.354 516861.230 2899187585614.918
6213.000 5622.000 51296346.000 1.000 1330.000 520.000 304.000 13892.800 758142.304 4895.215 916286.097 38519147.930 7798756310877.023
6175.000 5622.000 51296356.000 1.000 1310.000 520.000 330.000 11386.547 693412.065 4895.215 813327.287 75909967.091 8384407591782.201
6152.000 5601.000 51296366.000 1.000 1310.000 520.000 377.000 9161.910 655636.236 2397.651 1595950.024 119623866.640 4464605948917.963
6140.000 5579.000 51296376.000 1.000 1310.000 520.000 423.000 13527.200 636347.108 727.155 1202970.240 43190916.065 6279741301905.490
6140.000 5542.000 51296386.000 1.000 1300.000 530.000 463.000 16817.600 636347.108 100.685 3038350.242 10768764.772 449652321346.407
6140.000 5496.000 51296396.000 1.000 1300.000 530.000 509.000 25128.186 636347.108 3139.830 643528.023 25290905.217 9396575498170.359
6150.000 5428.000 51296406.000 1.000 1290.000 530.000 540.000 26888.383 652401.381 15384.480 871026.645 46093282.598 8053590114276.459
6165.000 5356.000 51296416.000 1.000 1290.000 530.000 586.000 29270.841 676857.791 38429.403 154974.915 84119372.554 12630464829470.039
6178.000 5277.000 51296426.000 1.000 1290.000 530.000 617.000 29694.733 698417.347 75643.805 1633622.545 92074644.757 4306824001062.705
6184.000 5196.000 51296436.000 1.000 1290.000 530.000 647.000 25226.400 708481.911 126760.343 1336633.600 26288388.872 5627702153987.199
6184.000 5127.000 51296446.000 1.000 1290.000 530.000 670.000 21570.400 708481.911 180654.061 2099888.677 2164489.420 2588954254451.341
6184.000 5068.000 51296456.000 1.000 1290.000 530.000 678.000 15826.722 708481.911 234289.095 2479600.471 18253894.075 1511205460489.526
6189.000 5025.000 51296466.000 1.000 1290.000 530.000 699.000 9044.445 716924.048 277765.035 1488630.703 122207157.417 4929646554679.863
6195.000 5001.000 51296476.000 1.000 1290.000 530.000 707.000 4972.698 727120.612 303638.676 748711.509 228810446.061 8762783636274.257
6203.000 4990.000 51296486.000 1.000 1290.000 530.000 737.000 2924.800 740828.031 315882.429 2673267.200 294959315.173 1072558993518.138
6211.000 4990.000 51296496.000 1.000 1290.000 530.000 783.000 10236.800 754663.450 315882.429 2301907.172 97266531.678 1979661012443.065
6239.000 4990.000 51296506.000 1.000 1300.000 540.000 818.000 16533.045 804095.415 315882.429 3347212.778 12717316.095 130825922676.872
6282.000 5004.000 51296516.000 1.000 1300.000 540.000 849.000 25688.441 883061.791 300341.471 1792183.630 31239842.826 3673845500723.644
6346.000 5033.000 51296526.000 1.000 1300.000 540.000 854.000 30590.475 1007441.142 269396.488 1073861.525 110067278.847 6943488058798.119
6422.000 5068.000 51296536.000 1.000 1300.000 540.000 864.000 33527.733 1165781.620 234289.095 1979134.287 180326046.003 2992129001835.037
6505.000 5107.000 51296546.000 1.000 1300.000 540.000 875.000 38941.120 1351903.091 198055.429 488558.592 355018717.457 10370672470823.809
6602.000 5151.000 51296556.000 1.000 1300.000 540.000 878.000 40277.440 1586878.544 160828.420 937723.784 407162192.149 7679481029243.300
6703.000 5195.000 51296566.000 1.000 1300.000 540.000 879.000 42842.330 1851541.706 127473.411 39302.731 517250889.417 13466028083096.465
6807.000 5249.000 51296576.000 1.000 1300.000 540.000 878.000 42949.832 2145386.150 91829.719 3465871.914 522152314.403 59068211590.906
6908.000 5309.000 51296586.000 1.000 1300.000 540.000 882.000 33469.876 2451459.313 59065.617 4945858.005 178775521.810 1530036802667.158
6978.000 5368.000 51296596.000 1.000 1300.000 540.000 878.000 19941.818 2675559.227 33868.582 6627935.146 24762.678 8520699391474.641
7026.000 5404.000 51296607.000 1.000 1300.000 540.000 873.000 0.000 2834891.740 21914.121 0.000 403977021.211 13756024075754.182
7026.000 5404.000 51296617.000 1.000 1300.000 540.000 853.000 0.000 2834891.740 21914.121 0.000 403977021.211 13756024075754.182
7026.000 5404.000 51296627.000 1.000 1300.000 550.000 725.000 0.000 2834891.740 21914.121 0.000 403977021.211 13756024075754.182
