5247.000 6634.000 60973164.000 0.000 1180.000 510.000 436.000 24206.944 1440500.043 261656.608 208916.020 35238118.368 4515073982352.130
5303.000 6689.000 60973174.000 1.000 1180.000 510.000 537.000 23529.525 1309212.710 320949.227 6305399.910 27654465.711 15773714152151.338
5228.000 6703.000 60973184.000 1.000 1180.000 510.000 553.000 3084.000 1486468.960 337007.893 380442.240 230638094.041 3815553270020.902
5228.000 6713.000 60973194.000 1.000 1180.000 510.000 545.000 1850.400 1486468.960 348718.370 570663.360 269628670.962 3108602730172.523
5222.000 6713.000 60973204.000 1.000 1180.000 510.000 567.000 0.000 1501135.460 348718.370 0.000 333821169.944 5446558796681.985
5222.000 6713.000 60973214.000 1.000 1180.000 510.000 595.000 0.000 1501135.460 348718.370 475552.800 333821169.944 3453031981473.199
5222.000 6713.000 60973224.000 1.000 1180.000 510.000 592.000 1542.000 1501135.460 348718.370 401323.387 279851867.992 3734413160696.475
5227.000 6713.000 60973234.000 1.000 1180.000 510.000 586.000 2843.308 1488908.377 348718.370 1568408.600 238006696.529 585803122901.269
5234.000 6707.000 60973244.000 1.000 1190.000 510.000 586.000 7928.939 1471874.460 341668.084 1084073.185 106953544.026 1561783031849.142
5259.000 6701.000 60973254.000 1.000 1190.000 510.000 561.000 11444.092 1411839.043 334689.798 14616.618 46603582.415 5378548314626.989
5295.000 6692.000 60973264.000 1.000 1190.000 510.000 364.000 11396.697 1327584.043 324357.370 172307.449 47252929.856 4671991103592.043
4988.000 6372.000 60973384.000 0.000 1170.000 500.000 575.000 18101.267 2129288.960 62262.132 423859.409 28732.506 3647820976618.784
5011.000 6318.000 60973394.000 1.000 1160.000 490.000 634.000 19475.649 2062694.377 38229.560 3737549.252 1451724.598 1970550243386.495
4949.000 6306.000 60973404.000 1.000 1160.000 490.000 614.000 7356.488 2244628.210 33680.989 258409.594 119121631.354 4307188740914.595
4929.000 6293.000 60973414.000 1.000 1160.000 490.000 613.000 8194.392 2304956.543 29078.370 1046779.915 101533467.252 1656385601912.601
4938.000 6268.000 60973424.000 1.000 1160.000 490.000 613.000 11588.620 2277709.793 21177.179 789768.607 44651177.466 2383990836504.674
4954.000 6234.000 60973434.000 1.000 1160.000 490.000 620.000 14149.478 2229671.127 12437.560 1020768.534 16985077.874 1724015824086.272
4970.000 6191.000 60973444.000 1.000 1160.000 490.000 592.000 17459.363 2182144.460 4695.512 1047285.074 658387.251 1655085571315.833
4987.000 6137.000 60973454.000 1.000 1160.000 490.000 481.000 20855.229 2132208.377 210.941 5150153.864 6679409.432 7931925890362.304
5014.000 6075.000 60973464.000 1.000 1160.000 500.000 244.000 4155.638 2054086.127 2253.989 1492741.961 199237054.552 707355689219.368
5086.000 6012.000 60973535.000 0.000 1160.000 520.000 279.000 38521.617 1852888.127 12204.989 5662861.771 410096656.193 11082743059943.760
5147.000 6121.000 60973545.000 1.000 1160.000 520.000 329.000 20159.549 1690541.710 2.179 5889140.402 3567472.305 12640542329597.318
5179.000 6178.000 60973555.000 1.000 1160.000 520.000 387.000 39255.335 1608352.377 3082.893 3460438.283 440351814.852 1269344544708.630
5268.000 6269.000 60973565.000 1.000 1160.000 520.000 418.000 50475.952 1390532.293 21469.227 1534613.512 1037173512.249 638677248705.769
5396.000 6371.000 60973575.000 1.000 1160.000 520.000 463.000 55452.001 1105038.960 61764.084 985278.170 1382443666.898 1818474351532.656
5539.000 6480.000 60973585.000 1.000 1170.000 520.000 486.000 52257.195 824842.377 127823.274 441333.044 1155076835.856 3581379571533.112
5685.000 6566.000 60973595.000 1.000 1180.000 530.000 499.000 50826.154 580961.543 196713.370 4906691.185 1059852789.423 6619839213636.864
5840.000 6622.000 60973605.000 1.000 1180.000 530.000 532.000 34916.001 368701.960 249524.036 3698494.093 277063593.375 1862427183317.825
5947.000 6659.000 60973615.000 1.000 1180.000 530.000 562.000 22923.478 250208.377 287857.798 2979846.535 21647657.724 417393743475.782
6020.000 6673.000 60973625.000 1.000 1180.000 530.000 580.000 13261.200 182506.960 303076.465 2341167.714 25095828.202 54484315.520
6063.000 6673.000 60973635.000 1.000 1180.000 530.000 600.000 5669.865 147616.043 303076.465 987701.886 158782898.926 1811943424156.007
6080.000 6666.000 60973645.000 1.000 1180.000 530.000 617.000 2467.200 134841.960 295418.132 3545429.314 249752940.261 1468078636265.297
6080.000 6658.000 60973655.000 1.000 1180.000 530.000 611.000 13963.404 134841.960 286785.751 3457877.638 18553433.343 1263581190409.458
6075.000 6613.000 60973665.000 1.000 1190.000 530.000 492.000 25175.718 138539.043 240613.608 6430090.039 47678256.411 16779703790991.330
6033.000 6543.000 60973675.000 1.000 1190.000 530.000 5.000 46025.556 171568.543 176840.274 236954.853 770327943.032 4396702389017.263
5077.000 5397.000 60973775.000 0.000 1170.000 540.000 544.000 38342.195 1877470.877 526315.703 10588295.658 402861954.818 68136923670974.859
4981.000 5318.000 60973785.000 1.000 1140.000 530.000 545.000 4009.200 2149766.877 647181.941 1938033.402 203392483.110 156620407591.362
4968.000 5318.000 60973795.000 1.000 1140.000 530.000 535.000 10293.355 2188057.293 647181.941 3974655.499 63639208.393 2692451515460.865
4973.000 5351.000 60973805.000 1.000 1130.000 540.000 570.000 23181.343 2173290.210 595175.512 4920924.770 24113691.294 6693285127488.320
5030.000 5400.000 60973815.000 1.000 1120.000 540.000 595.000 39137.649 2008479.460 521971.846 1910877.857 435426486.674 178851605997.817
5126.000 5483.000 60973825.000 1.000 1120.000 540.000 606.000 45333.751 1745591.460 408929.798 1650224.653 732404742.789 467256613884.517
5248.000 5565.000 60973835.000 1.000 1100.000 540.000 617.000 50684.674 1438100.627 310779.703 600460.660 1050660935.591 3004417999035.972
5391.000 5646.000 60973845.000 1.000 1100.000 540.000 619.000 52631.693 1115576.043 227029.560 1140323.803 1180672778.250 1424352886497.783
5536.000 5736.000 60973855.000 1.000 1090.000 550.000 614.000 56329.241 830300.627 149363.846 347238.662 1448446936.669 3946371775632.395
5692.000 5831.000 60973865.000 1.000 1080.000 540.000 554.000 57455.177 570339.627 84958.370 15311495.628 1535417465.522 168420937719281.875
5854.000 5923.000 60973875.000 1.000 1080.000 540.000 312.000 7807.007 351896.127 39790.751 218880.087 109490412.605 4472828564018.846
5700.000 6155.000 60973985.000 0.000 1130.000 520.000 513.000 0.000 558320.293 1057.798 5262115.709 333821169.944 8575112747907.578
5700.000 6155.000 60973995.000 1.000 1130.000 520.000 614.000 17062.632 558320.293 1057.798 4198747.266 1459606.258 3478079162880.384
5645.000 6161.000 60974005.000 1.000 1140.000 510.000 594.000 3448.017 643538.210 1484.084 3690257.038 219714114.846 1840012687161.230
5635.000 6156.000 60974015.000 1.000 1140.000 510.000 602.000 15413.831 659682.377 1123.846 2694812.770 8162121.333 130340065227.566
5652.000 6109.000 60974025.000 1.000 1150.000 510.000 664.000 24151.875 632356.293 181.608 7491490.273 34587353.033 26601909604317.695
5659.000 6031.000 60974035.000 1.000 1150.000 510.000 722.000 48443.348 621272.377 8367.893 2100002.923 910384242.619 54654697675.440
5664.000 5874.000 60974045.000 1.000 1150.000 510.000 727.000 41634.000 613415.293 61740.417 1312306.147 545840345.259 1043421835424.834
5664.000 5739.000 60974055.000 1.000 1150.000 510.000 748.000 37378.792 613415.293 147053.989 1192028.914 365116365.082 1303610076533.432
5687.000 5620.000 60974065.000 1.000 1140.000 510.000 757.000 33513.588 577916.710 252482.322 1039536.833 232343389.163 1675081850650.803
5715.000 5515.000 60974075.000 1.000 1140.000 510.000 763.000 30142.846 536129.043 369027.322 712358.665 140946101.771 2629027785786.814
5748.000 5423.000 60974085.000 1.000 1140.000 530.000 762.000 27832.993 488892.293 489266.941 1289266.817 91436038.806 1091021085805.951
5781.000 5339.000 60974095.000 1.000 1140.000 530.000 763.000 23652.491 443833.543 613834.941 1939441.865 28962881.584 155507584548.802
5810.000 5268.000 60974105.000 1.000 1120.000 530.000 673.000 17363.769 406034.460 730129.560 1824947.131 822657.444 258917365888.094
5829.000 5215.000 60974115.000 1.000 1130.000 540.000 446.000 11446.301 382181.543 823513.036 291116.409 46573427.016 4172500548464.153
5558.000 5474.000 60974216.000 0.000 1070.000 560.000 649.000 20980.269 790691.460 420521.370 4875971.461 7341365.026 6462705063171.924
5626.000 5476.000 60974226.000 1.000 1070.000 560.000 700.000 5169.726 674383.127 417931.465 2495410.582 171637449.652 26122387574.738
5621.000 5492.000 60974236.000 1.000 1070.000 560.000 699.000 13261.200 682620.210 397500.227 3423980.160 25095828.202 1188522511019.900
5578.000 5492.000 60974246.000 1.000 1080.000 560.000 728.000 2158.800 755523.127 397500.227 190221.120 259595695.052 4594871958857.389
5578.000 5485.000 60974256.000 1.000 1080.000 560.000 796.000 2775.600 755523.127 406375.893 2423595.941 240100406.591 8065759971.236
5569.000 5485.000 60974266.000 1.000 1080.000 560.000 787.000 10634.212 771249.877 406375.893 2276038.260 58317073.907 3334843611.842
5552.000 5455.000 60974276.000 1.000 1080.000 560.000 783.000 18014.362 801397.960 445524.465 4532369.143 65746.937 4833766232451.058
5516.000 5409.000 60974286.000 1.000 1070.000 550.000 739.000 32710.760 867148.960 509048.274 410846.162 208513205.651 3697699023672.702
5465.000 5316.000 60974296.000 1.000 1070.000 550.000 586.000 34042.946 964733.210 650403.846 7630284.151 248761420.488 28052888798868.406
5404.000 5224.000 60974306.000 1.000 1070.000 550.000 230.000 9301.428 1088283.627 807259.465 2332472.342 80449161.475 1726656.007
5624.000 5383.000 60974396.000 0.000 1060.000 550.000 389.000 77369.687 677671.960 546825.036 18870451.982 3492681558.588 273461309733982.250
5857.000 5476.000 60974406.000 1.000 1060.000 550.000 417.000 16181.451 348345.877 417931.465 3029605.025 4365269.156 484163607836.135
5909.000 5483.000 60974416.000 1.000 1060.000 550.000 465.000 6357.829 289668.210 408929.798 3879064.760 141918250.347 2387885318568.868
5925.000 5496.000 60974426.000 1.000 1060.000 550.000 556.000 18935.860 272701.543 392472.417 1084291.224 442339.847 1561238106966.112
5984.000 5513.000 60974436.000 1.000 1060.000 550.000 616.000 15420.000 214561.960 371461.227 665773.920 8126910.431 2782265516118.875
6034.000 5513.000 60974446.000 1.000 1070.000 560.000 663.000 13261.200 170741.127 371461.227 216990.240 25095828.202 4480825834109.417
6077.000 5513.000 60974456.000 1.000 1070.000 560.000 707.000 12557.600 137054.210 371461.227 277383.287 32640353.209 4228793618522.407
6114.000 5496.000 60974466.000 1.000 1070.000 560.000 717.000 11658.173 111027.793 392472.417 608848.523 43726487.419 2975410558188.638
6144.000 5473.000 60974476.000 1.000 1070.000 560.000 728.000 9683.956 91935.293 421819.322 221774.141 73733437.436 4460595633621.424
6169.000 5454.000 60974486.000 1.000 1070.000 560.000 721.000 8964.844 77399.877 446860.417 453578.992 86600326.739 3535179764856.826
6188.000 5432.000 60974496.000 1.000 1070.000 570.000 617.000 10435.593 67188.960 476757.370 2377022.915 61390055.893 1869399270.315
6199.000 5400.000 60974506.000 1.000 1070.000 570.000 136.000 18143.190 61607.377 521971.846 281386.383 16277.589 4212345685429.468
6818.000 6669.000 60974746.000 0.000 1230.000 550.000 514.000 40040.963 137486.460 298688.274 11777969.629 473941144.128 89192597527165.781
6902.000 6768.000 60974756.000 1.000 1230.000 550.000 602.000 1850.400 206835.460 416700.989 1054586.753 269628670.962 1636351646914.551
6908.000 6768.000 60974766.000 1.000 1230.000 550.000 600.000 5269.942 212328.960 416700.989 1625250.113 169021623.715 502023620162.029
6892.000 6762.000 60974776.000 1.000 1230.000 550.000 656.000 0.000 197839.627 408990.703 0.000 333821169.944 5446558796681.985
6892.000 6762.000 60974786.000 1.000 1230.000 550.000 713.000 0.000 197839.627 408990.703 941546.434 333821169.944 1938332025006.806
6892.000 6762.000 60974796.000 1.000 1250.000 550.000 730.000 3053.004 197839.627 408990.703 3329966.270 231580513.265 992374403457.869
6885.000 6755.000 60974806.000 1.000 1250.000 550.000 740.000 13850.560 191661.543 400086.370 3826859.734 19538288.754 2229268085714.700
6876.000 6711.000 60974816.000 1.000 1250.000 550.000 736.000 26259.314 183862.293 346360.274 2717500.832 63816776.847 147236792312.999
6829.000 6640.000 60974826.000 1.000 1240.000 550.000 671.000 35070.925 145764.877 267830.893 8890459.596 282245085.223 42989963860297.547
6765.000 6546.000 60974836.000 1.000 1230.000 550.000 465.000 6243.235 100991.543 179372.417 1389746.275 144661686.092 891211691212.529
6774.000 6362.000 60974927.000 0.000 1210.000 550.000 363.000 47250.664 106792.793 57371.655 14001441.418 839834044.422 136134174439685.609
6917.000 6417.000 60974937.000 1.000 1210.000 550.000 431.000 1850.400 220704.210 86744.274 570663.360 269628670.962 3108602730172.523
6923.000 6417.000 60974947.000 1.000 1200.000 540.000 491.000 0.000 226377.710 86744.274 665773.920 333821169.944 2782265516118.875
6923.000 6417.000 60974957.000 1.000 1200.000 540.000 622.000 2158.800 226377.710 86744.274 418653.308 259595695.052 3667734625375.789
6923.000 6410.000 60974967.000 1.000 1200.000 540.000 666.000 3516.301 226377.710 82669.941 5782660.676 217694463.320 11894734014225.348
6914.000 6403.000 60974977.000 1.000 1200.000 540.000 625.000 22266.822 217894.460 78693.608 3149051.737 15968402.377 664657627054.053
6871.000 6345.000 60974987.000 1.000 1210.000 550.000 455.000 12055.889 179599.377 49516.846 2024550.440 38624791.272 95626857207.527
6703.000 6129.000 60975057.000 0.000 1220.000 560.000 344.000 58008.720 65429.377 42.560 17224115.328 1579104379.737 221721896631320.062
6889.000 6157.000 60975067.000 1.000 1220.000 560.000 417.000 2158.800 195179.877 1191.893 2144417.149 259595695.052 35860699905.332
6889.000 6150.000 60975077.000 1.000 1220.000 560.000 588.000 9112.163 195179.877 757.560 1783757.227 83880149.126 302532052465.680
6901.000 6123.000 60975087.000 1.000 1220.000 560.000 624.000 14896.071 205926.877 0.274 1478442.152 11388618.008 731613722427.475
6923.000 6080.000 60975097.000 1.000 1220.000 560.000 730.000 10102.160 226377.710 1804.227 1354690.176 66726249.041 958629346987.959
6930.000 6048.000 60975107.000 1.000 1220.000 560.000 759.000 14494.800 233087.793 5546.703 951105.600 14257977.041 1911806097440.092
6930.000 6001.000 60975117.000 1.000 1220.000 560.000 763.000 17578.800 233087.793 14756.465 607537.206 478827.539 2979936158372.792
6930.000 5944.000 60975127.000 1.000 1220.000 560.000 761.000 19548.765 233087.793 31853.751 76784.815 1633261.879 5094055995950.069
6923.000 5881.000 60975137.000 1.000 1220.000 560.000 666.000 19797.743 226377.710 58310.751 171673.019 2331635.381 4674734120230.612
6918.000 5817.000 60975147.000 1.000 1210.000 560.000 492.000 20354.400 221644.793 93315.703 1814031.313 4341498.747 270145313906.271
6918.000 5751.000 60975157.000 1.000 1220.000 570.000 61.000 14472.327 221644.793 137994.560 297551.043 14428196.989 4146254285881.699
7121.000 6425.000 60975307.000 0.000 1130.000 520.000 666.000 0.000 453995.210 91520.655 0.000 333821169.944 5446558796681.985
7121.000 6425.000 60975317.000 1.000 1140.000 510.000 647.000 0.000 453995.210 91520.655 6647541.029 333821169.944 18608479302619.672
7121.000 6425.000 60975327.000 1.000 1140.000 510.000 614.000 21554.932 453995.210 91520.655 349383.276 10785696.037 3937855618971.275
7160.000 6483.000 60975337.000 1.000 1150.000 510.000 620.000 20422.042 508071.960 129977.417 2794730.052 4627955.493 212469082738.801
7212.000 6524.000 60975347.000 1.000 1150.000 510.000 625.000 29484.072 584906.293 161221.370 166114.109 125738059.779 4698803008709.572
7288.000 6582.000 60975357.000 1.000 1160.000 520.000 625.000 30022.704 706930.627 211162.132 279235.229 138107866.839 4221180369754.041
7369.000 6636.000 60975367.000 1.000 1170.000 520.000 620.000 29117.272 849699.877 263706.703 257552.858 117646526.353 4310745574897.442
7452.000 6681.000 60975377.000 1.000 1170.000 520.000 517.000 28282.146 1009606.293 311948.846 8113306.091 100227576.235 33402848265149.621
7535.000 6720.000 60975387.000 1.000 1180.000 530.000 216.000 1974.409 1183290.710 357034.703 403459.104 265571500.961 3726163333916.320
7538.000 6649.000 60975498.000 0.000 1240.000 540.000 667.000 16495.797 1189826.460 277227.322 4136198.195 3150542.125 3248688405524.751
7519.000 6599.000 60975508.000 1.000 1240.000 540.000 705.000 3084.000 1148737.377 227074.941 951105.600 230638094.041 1911806097440.092
7513.000 6591.000 60975518.000 1.000 1230.000 530.000 679.000 0.000 1135911.877 219514.560 3233759.040 333821169.944 809950816046.646
7513.000 6591.000 60975528.000 1.000 1230.000 530.000 733.000 10485.600 1135911.877 219514.560 1616879.520 60608928.835 513955424168.885
7513.000 6557.000 60975538.000 1.000 1240.000 540.000 790.000 15728.400 1135911.877 188810.941 1083681.209 6463663.800 1562762900641.083
7513.000 6506.000 60975548.000 1.000 1240.000 540.000 824.000 19242.282 1135911.877 147090.512 132575.609 943828.465 4845328791596.354
7506.000 6444.000 60975558.000 1.000 1250.000 540.000 842.000 18812.400 1121039.793 103377.560 265236.028 293359.098 4278900496013.298
7506.000 6383.000 60975568.000 1.000 1240.000 540.000 853.000 19672.439 1121039.793 67872.655 56396.800 1964665.740 5186503230011.761
7516.000 6320.000 60975578.000 1.000 1240.000 540.000 853.000 19855.308 1142315.627 39015.655 198973.820 2510749.091 4557424601577.774
7523.000 6256.000 60975588.000 1.000 1240.000 540.000 855.000 19210.127 1157327.710 17828.608 9916.602 882384.707 5400370674611.054
7529.000 6194.000 60975598.000 1.000 1230.000 550.000 852.000 19242.282 1170273.210 5115.655 608128.409 943828.465 2977895380530.879
7536.000 6132.000 60975608.000 1.000 1230.000 550.000 771.000 17270.400 1185467.293 90.703 3664081.279 1000747.449 1769684558657.698
7536.000 6076.000 60975618.000 1.000 1230.000 550.000 521.000 5389.462 1185467.293 2160.036 636422.533 165928189.947 2881043977615.938
7580.000 6227.000 60975708.000 0.000 1220.000 560.000 611.000 23962.104 1283216.960 10925.227 6153475.594 32391241.099 14590025807411.840
7621.000 6293.000 60975718.000 1.000 1220.000 560.000 619.000 4009.200 1377786.877 29078.370 1960749.221 203392483.110 139156710679.331
7621.000 6306.000 60975728.000 1.000 1220.000 560.000 616.000 10367.012 1377786.877 33680.989 706983.253 62469448.295 2646488364670.617
7638.000 6335.000 60975738.000 1.000 1220.000 560.000 616.000 12659.435 1417984.793 45166.370 700595.981 31487121.498 2667310829845.671
7661.000 6369.000 60975748.000 1.000 1220.000 560.000 613.000 14931.147 1473290.210 60773.989 1024513.127 11153106.193 1714196411306.581
7691.000 6407.000 60975758.000 1.000 1220.000 560.000 594.000 11609.120 1547017.710 80953.798 300661.627 44377629.416 4133596199589.862
7720.000 6431.000 60975768.000 1.000 1220.000 560.000 496.000 10634.212 1619998.627 95186.941 771319.502 58317073.907 2441302697452.240
7750.000 6448.000 60975778.000 1.000 1220.000 560.000 262.000 8133.176 1697266.127 105965.751 404839.029 102770886.210 3720837824418.515
7423.000 6345.000 60975908.000 0.000 1210.000 550.000 819.000 25198.375 952169.377 49516.846 4573992.349 47991660.399 5018522851496.141
7393.000 6269.000 60975918.000 1.000 1210.000 550.000 829.000 10367.012 894521.877 21469.227 1770528.101 62469448.295 317259871776.541
7376.000 6298.000 60975928.000 1.000 1210.000 550.000 796.000 4626.000 862653.960 30808.608 1372243.687 186179848.090 924564321294.898
7391.000 6298.000 60975938.000 1.000 1230.000 550.000 797.000 9075.558 890742.710 30808.608 2907731.513 84551990.938 329413033104.057
7396.000 6269.000 60975948.000 1.000 1240.000 550.000 803.000 18504.000 900205.627 21469.227 1269581.645 54394.528 1132531685715.544
7396.000 6209.000 60975958.000 1.000 1240.000 550.000 800.000 22620.672 900205.627 7486.370 670579.100 18921615.614 2766258405794.378
7382.000 6137.000 60975968.000 1.000 1240.000 550.000 774.000 24795.053 873835.460 210.941 103621.475 42566220.975 4973635435845.324
7374.000 6057.000 60975978.000 1.000 1240.000 550.000 610.000 24459.056 858942.793 4287.132 4026071.022 38294838.384 2863827360881.702
7367.000 5978.000 60975988.000 1.000 1240.000 550.000 137.000 11404.351 846016.710 20873.370 439637.731 47147760.074 3587799047052.683
7186.000 5744.000 60976068.000 0.000 1190.000 560.000 650.000 0.000 545813.127 143244.227 0.000 333821169.944 5446558796681.985
7186.000 5744.000 60976078.000 1.000 1190.000 560.000 619.000 0.000 545813.127 143244.227 0.000 333821169.944 5446558796681.985
7186.000 5744.000 60976088.000 1.000 1180.000 570.000 650.000 0.000 545813.127 143244.227 8337784.591 333821169.944 36047994699812.477
7186.000 5744.000 60976098.000 1.000 1180.000 570.000 699.000 27035.618 545813.127 143244.227 2091902.489 76822496.396 58507809388.155
7260.000 5791.000 60976108.000 1.000 1160.000 570.000 752.000 33818.700 660630.293 109876.465 1740005.444 241738013.637 352575781945.681
7356.000 5844.000 60976118.000 1.000 1160.000 560.000 761.000 39460.741 825902.293 77548.989 105263.705 449014716.092 4966313245390.636
7472.000 5898.000 60976128.000 1.000 1160.000 560.000 750.000 39119.419 1050197.960 50389.560 755467.126 434666012.732 2491091619671.434
7589.000 5947.000 60976138.000 1.000 1160.000 560.000 754.000 36669.785 1303688.210 30791.893 581266.152 338523618.482 3071327096389.393
7702.000 5984.000 60976148.000 1.000 1160.000 560.000 759.000 34785.005 1574502.127 19175.655 1776685.307 272719836.924 310361588639.019
7811.000 6013.000 60976158.000 1.000 1160.000 560.000 760.000 29024.028 1859927.710 11985.036 2376675.656 115632479.013 1839491296.779
7902.000 6037.000 60976168.000 1.000 1160.000 570.000 779.000 21317.557 2116418.793 7306.179 1660698.226 9282888.753 453047642638.121
7969.000 6054.000 60976178.000 1.000 1160.000 570.000 790.000 15932.673 2315849.877 4688.989 2097014.527 5466714.672 56060903190.975
8019.000 6067.000 60976188.000 1.000 1160.000 570.000 796.000 9133.015 2470529.043 3077.608 2055737.346 83498633.233 77311256874.180
8048.000 6073.000 60976198.000 1.000 1170.000 580.000 799.000 2467.200 2562533.960 2447.893 285331.680 249752940.261 4196166595815.632
8056.000 6073.000 60976208.000 1.000 1170.000 580.000 817.000 1542.000 2588210.627 2447.893 475552.800 279851867.992 3453031981473.199
8051.000 6073.000 60976218.000 1.000 1190.000 580.000 812.000 0.000 2572147.710 2447.893 0.000 333821169.944 5446558796681.985
8051.000 6073.000 60976228.000 1.000 1190.000 580.000 793.000 0.000 2572147.710 2447.893 0.000 333821169.944 5446558796681.985
8051.000 6073.000 60976238.000 1.000 1200.000 570.000 707.000 0.000 2572147.710 2447.893 0.000 333821169.944 5446558796681.985
8051.000 6073.000 60976248.000 1.000 1210.000 580.000 465.000 0.000 2572147.710 2447.893 0.000 333821169.944 5446558796681.985
