4355.000 6278.000 51236530.000 0.000 1300.000 510.000 237.000 21038.618 1766558.387 546606.421 3427736.957 36064811.891 3848105076104.051
4330.000 6341.000 51236540.000 1.000 1300.000 510.000 257.000 9995.651 1833639.358 643730.794 3102650.070 25377095.766 2678367483330.359
4349.000 6367.000 51236550.000 1.000 1300.000 510.000 277.000 0.000 1782543.820 686127.869 0.000 225997686.665 2149385290615.888
4349.000 6367.000 51236560.000 1.000 1300.000 510.000 317.000 0.000 1782543.820 686127.869 953798.051 225997686.665 262430951793.475
4349.000 6367.000 51236570.000 1.000 1300.000 510.000 372.000 3072.803 1782543.820 686127.869 302428.307 143051561.366 1354081075146.230
4356.000 6360.000 51236580.000 1.000 1300.000 510.000 420.000 4047.121 1763901.149 674580.272 1256226.358 120694358.885 44037795891.476
4367.000 6353.000 51236590.000 1.000 1300.000 510.000 466.000 8094.242 1734803.522 663130.675 908924.454 48149407.882 310420297480.142
4389.000 6339.000 51236600.000 1.000 1300.000 510.000 488.000 11022.478 1677334.268 640525.481 125762.906 16086046.881 1796445089250.757
4419.000 6320.000 51236610.000 1.000 1320.000 510.000 489.000 10617.314 1600527.104 610474.003 149880.054 19500220.836 1732377561419.732
4446.000 6299.000 51236620.000 1.000 1330.000 510.000 489.000 10134.453 1532939.656 578099.212 417192.499 23997912.612 1100161215265.141
4471.000 6278.000 51236630.000 1.000 1330.000 510.000 488.000 8790.405 1471658.686 546606.421 296851.971 38972732.105 1367089976256.868
4490.000 6257.000 51236640.000 1.000 1330.000 510.000 493.000 9746.758 1425921.149 515995.630 251302.634 27946674.533 1475679677491.193
4509.000 6232.000 51236650.000 1.000 1330.000 510.000 470.000 8937.149 1380905.611 480704.212 1152662.640 37162074.783 98229313699.186
4519.000 6205.000 51236660.000 1.000 1330.000 510.000 334.000 12650.624 1357503.223 443993.481 38629.590 5676761.020 2037609536236.230
4200.000 5890.000 51236770.000 0.000 1320.000 510.000 310.000 11281.663 2202610.402 123431.615 1709648.746 14074175.706 59326610529.742
4195.000 5854.000 51236780.000 1.000 1320.000 510.000 317.000 5773.774 2217476.596 99431.973 465329.952 85737329.816 1001497057308.977
4184.000 5839.000 51236790.000 1.000 1320.000 510.000 325.000 7272.904 2250358.223 90197.123 825631.718 60222495.694 410171697223.831
4169.000 5821.000 51236800.000 1.000 1320.000 510.000 339.000 9932.800 2295586.805 79709.302 21148.794 26014278.442 2087820990393.858
4169.000 5789.000 51236810.000 1.000 1300.000 520.000 351.000 9864.666 2295586.805 62664.287 645592.890 26713944.640 673196145101.416
4176.000 5758.000 51236820.000 1.000 1300.000 520.000 381.000 7784.792 2274424.134 48104.929 277123.258 52539700.321 1413613855809.799
4186.000 5735.000 51236830.000 1.000 1300.000 520.000 412.000 6891.998 2244361.746 38544.824 35000.704 66279486.499 2047982801608.128
4199.000 5717.000 51236840.000 1.000 1300.000 520.000 493.000 6779.238 2205579.641 31801.003 3454771.245 68128209.576 3954900024381.903
4220.000 5711.000 51236850.000 1.000 1280.000 520.000 566.000 17909.300 2143645.626 29697.063 2672943.795 8271839.400 1456524562665.465
4272.000 5736.000 51236860.000 1.000 1280.000 520.000 606.000 26520.588 1994081.208 38938.481 5189484.480 131959636.484 13863754320608.416
4344.000 5782.000 51236870.000 1.000 1280.000 520.000 622.000 43239.288 1795920.014 59208.690 280642.573 795582303.735 1405257627459.417
4443.000 5880.000 51236880.000 1.000 1280.000 520.000 631.000 44143.420 1540377.372 116505.048 2770103.651 847403776.771 1700482374987.300
4547.000 5977.000 51236890.000 1.000 1280.000 520.000 633.000 35219.117 1293040.537 192131.750 1835400.477 407470460.391 136398943759.287
4640.000 6042.000 51236900.000 1.000 1280.000 520.000 625.000 29306.100 1090185.328 253339.436 4863868.672 203715119.543 11544980086745.514
4723.000 6087.000 51236910.000 1.000 1290.000 520.000 616.000 13636.420 923750.507 300663.988 1916377.939 1951048.669 202769854298.263
4766.000 6096.000 51236920.000 1.000 1290.000 520.000 611.000 7462.522 842943.238 310614.899 377397.357 57315459.695 1185225979475.091
4789.000 6089.000 51236930.000 1.000 1290.000 520.000 554.000 6246.680 801238.746 302861.302 6024808.128 77203275.292 20782018549910.977
4798.000 6071.000 51236940.000 1.000 1290.000 520.000 329.000 25656.500 785207.596 283373.481 492420.079 112854089.903 948010137984.342
4282.000 5026.000 51237081.000 0.000 1280.000 530.000 519.000 48024.809 1965938.820 262832.212 11326428.954 1088444981.840 97226516977780.156
4259.000 4873.000 51237091.000 1.000 1280.000 530.000 524.000 11535.025 2030965.313 443118.735 2231597.520 12237364.325 586019828196.400
4225.000 4858.000 51237101.000 1.000 1270.000 520.000 522.000 4345.600 2129029.432 463313.884 2104908.381 114225209.247 408103999241.155
4225.000 4844.000 51237111.000 1.000 1250.000 530.000 539.000 11126.877 2129029.432 482568.690 2791035.165 15259511.241 1755510957203.567
4256.000 4862.000 51237121.000 1.000 1250.000 530.000 589.000 20118.614 2039525.029 457884.511 5818726.118 25861237.853 18945543891833.109
4307.000 4902.000 51237131.000 1.000 1250.000 530.000 619.000 38864.510 1896457.850 405350.779 1994705.827 567930409.859 279447167270.215
4393.000 4993.000 51237141.000 1.000 1240.000 530.000 637.000 45290.753 1666989.313 297757.541 1115897.312 915518337.267 122626654822.220
4502.000 5090.000 51237151.000 1.000 1240.000 530.000 656.000 48885.783 1397406.283 201306.242 2455824.893 1145996059.732 979598514886.293
4622.000 5192.000 51237161.000 1.000 1240.000 530.000 658.000 40973.976 1128097.626 120181.227 1759592.416 672922851.019 86150594573.537
4727.000 5272.000 51237171.000 1.000 1240.000 540.000 655.000 35305.186 916077.552 71113.765 4486169.606 410952628.299 9120952096267.770
4823.000 5333.000 51237181.000 1.000 1240.000 540.000 650.000 20852.320 741526.626 42300.824 2500023.680 33861931.353 1069043254130.957
4870.000 5381.000 51237191.000 1.000 1240.000 540.000 646.000 12798.120 662790.402 24860.347 905999.866 4995669.497 313687741018.716
4902.000 5407.000 51237201.000 1.000 1250.000 550.000 631.000 9879.306 611710.761 17337.421 1420138.355 26562823.724 2110469424.448
4925.000 5429.000 51237211.000 1.000 1250.000 550.000 513.000 5304.118 576262.268 12027.869 1028282.877 94655414.787 191664745467.963
4931.000 5445.000 51237221.000 1.000 1260.000 560.000 219.000 8616.885 567188.835 8774.376 116476.576 41169347.618 1821424545437.194
4710.000 5613.000 51237321.000 0.000 1250.000 550.000 292.000 12369.352 948908.611 5524.705 1407729.184 7096189.726 3404607751.773
4722.000 5575.000 51237331.000 1.000 1250.000 550.000 302.000 7834.142 925673.746 1319.750 2867431.123 51826715.956 1963790012792.737
4701.000 5561.000 51237341.000 1.000 1250.000 550.000 316.000 17072.000 966523.761 498.556 3006934.506 4156626.181 2374238153532.173
4701.000 5506.000 51237351.000 1.000 1250.000 550.000 340.000 26759.289 966523.761 1067.436 1136036.374 137500707.377 108927607382.310
4707.000 5420.000 51237361.000 1.000 1250.000 550.000 377.000 30419.200 954762.328 14082.959 517223.245 236728397.860 900325726987.605
4707.000 5322.000 51237371.000 1.000 1250.000 550.000 409.000 32085.512 954762.328 46946.600 376888.301 290780681.626 1186334637644.260
4729.000 5221.000 51237381.000 1.000 1240.000 540.000 430.000 33299.714 912253.074 100915.272 377493.581 333664823.590 1185016474283.137
4751.000 5116.000 51237391.000 1.000 1240.000 540.000 441.000 34515.866 870711.820 178651.317 509913.325 379573517.067 914251269553.792
4773.000 5007.000 51237401.000 1.000 1240.000 540.000 441.000 32873.104 830138.566 282674.735 499872.816 318261481.192 933552845455.000
4793.000 4903.000 51237411.000 1.000 1250.000 550.000 443.000 31262.689 794093.790 404078.436 2100365.677 263395682.270 402320602570.196
4805.000 4803.000 51237421.000 1.000 1250.000 550.000 438.000 24496.047 772850.925 541212.765 2786164.989 89545105.472 1742629128600.863
4817.000 4725.000 51237431.000 1.000 1240.000 550.000 436.000 15520.000 751896.059 662061.541 1734266.880 236955.316 71925167695.872
4817.000 4675.000 51237441.000 1.000 1250.000 560.000 427.000 9932.800 751896.059 745928.705 1830615.040 26014278.442 132887107194.864
4817.000 4643.000 51237451.000 1.000 1250.000 560.000 394.000 4035.200 751896.059 802227.690 2431131.952 120956431.554 931328742866.515
4817.000 4630.000 51237461.000 1.000 1230.000 560.000 137.000 11867.455 751896.059 825684.153 1902246.291 10022064.476 190242602981.627
4783.000 4822.000 51237512.000 0.000 1230.000 590.000 139.000 43122.146 812016.178 513618.242 10792650.214 788987795.416 86984945518964.609
4767.000 4960.000 51237522.000 1.000 1230.000 590.000 253.000 8352.010 841107.999 334860.869 183759.904 44638559.552 1644340214093.695
4749.000 4980.000 51237532.000 1.000 1230.000 590.000 302.000 7760.000 874448.298 312114.003 436423.021 52899720.991 1060189789116.848
4724.000 4980.000 51237542.000 1.000 1230.000 590.000 339.000 9166.002 921829.268 312114.003 1732171.059 34424240.463 70805409229.527
4698.000 4966.000 51237552.000 1.000 1230.000 590.000 377.000 14746.450 972431.477 327952.809 1248380.378 82236.710 47392342015.469
4667.000 4930.000 51237562.000 1.000 1230.000 590.000 420.000 18768.294 1034531.880 370481.168 1118076.630 13950781.985 121105093221.094
4633.000 4880.000 51237572.000 1.000 1230.000 590.000 440.000 22370.345 1104851.999 433848.332 227551.757 53833411.515 1533947751784.836
4598.000 4817.000 51237582.000 1.000 1210.000 580.000 465.000 23103.437 1179655.358 520809.959 484300.358 65128411.501 963887732448.903
4560.000 4753.000 51237592.000 1.000 1210.000 580.000 464.000 21543.191 1263644.432 617279.929 269900.870 42379729.741 1430840206519.854
4519.000 4697.000 51237602.000 1.000 1210.000 580.000 465.000 20673.665 1357503.223 708411.153 271935.542 31814626.140 1425976689366.314
4475.000 4647.000 51237612.000 1.000 1200.000 570.000 468.000 19797.584 1461969.731 795078.317 1101824.707 22699169.681 132680607684.616
4433.000 4599.000 51237622.000 1.000 1200.000 570.000 468.000 16247.891 1565299.761 882982.794 1225720.557 1475427.004 57771796892.908
4395.000 4563.000 51237632.000 1.000 1220.000 570.000 442.000 12299.049 1661828.835 951935.153 1466536.947 7475687.983 210448.153
4366.000 4536.000 51237642.000 1.000 1210.000 560.000 220.000 17023.717 1737438.761 1005350.421 641377.002 3962080.545 680132067164.296
4662.000 4931.000 51237732.000 0.000 1170.000 560.000 386.000 35620.344 1044728.074 369264.824 9804028.698 423829697.739 69521418495151.523
4775.000 4951.000 51237742.000 1.000 1170.000 560.000 386.000 4035.200 826498.089 345357.959 2586920.781 120956431.554 1256288089776.759
4788.000 4951.000 51237752.000 1.000 1170.000 560.000 394.000 12369.352 803029.984 345357.959 64734.541 7096189.726 1963764052627.403
4826.000 4939.000 51237762.000 1.000 1180.000 570.000 427.000 12577.904 736368.910 359606.078 349347.130 6028573.899 1247088284303.436
4865.000 4928.000 51237772.000 1.000 1190.000 560.000 475.000 13703.378 670956.596 372919.854 316666.045 1768478.250 1321148303708.662
4908.000 4918.000 51237782.000 1.000 1190.000 560.000 532.000 14723.565 602361.328 385233.287 432492.736 95885.871 1068298912873.053
4953.000 4903.000 51237792.000 1.000 1200.000 570.000 556.000 16116.905 534535.581 404078.436 212587.994 1174374.398 1571237698333.967
5003.000 4889.000 51237802.000 1.000 1220.000 570.000 567.000 16801.789 463923.641 422073.242 154351.987 3127838.296 1720625659750.809
5056.000 4878.000 51237812.000 1.000 1220.000 570.000 567.000 17299.057 394533.984 436487.018 152559.738 5134019.858 1725330751896.900
5111.000 4869.000 51237822.000 1.000 1220.000 570.000 566.000 17790.551 328465.850 448460.108 355050.730 7602877.344 1234382040686.520
5168.000 4863.000 51237832.000 1.000 1240.000 570.000 559.000 18934.400 266379.238 456532.168 923030.582 15219209.779 294900716193.572
5229.000 4863.000 51237842.000 1.000 1240.000 570.000 524.000 15960.719 207133.671 456532.168 1979857.222 860255.438 263968882711.116
5279.000 4875.000 51237852.000 1.000 1240.000 570.000 276.000 22339.125 164121.731 440460.048 148054.843 53376256.084 1737185571486.059
6153.000 6108.000 51238062.000 0.000 1310.000 540.000 344.000 12322.528 219849.014 324134.779 1813104.134 7347848.071 120426998371.341
6179.000 6078.000 51238072.000 1.000 1310.000 540.000 374.000 6481.342 244906.805 290875.078 1349347.910 73134607.711 13625960770.739
6159.000 6084.000 51238082.000 1.000 1330.000 530.000 393.000 10828.468 225511.581 297383.018 2064924.515 17679934.654 358616908131.031
6143.000 6115.000 51238092.000 1.000 1330.000 530.000 414.000 4176.005 210571.402 332154.376 1349397.885 117879105.349 13614296075.683
6133.000 6106.000 51238102.000 1.000 1340.000 540.000 464.000 8523.292 201493.790 321861.466 811215.501 42379155.246 428845155479.875
6118.000 6083.000 51238112.000 1.000 1350.000 530.000 502.000 5909.840 188252.372 296293.362 1216094.277 83236052.366 62491962116.656
6099.000 6050.000 51238132.000 1.000 1350.000 540.000 515.000 13745.499 172125.910 261456.690 0.000 1658223.926 2149385290615.888
6080.000 6010.000 51238142.000 1.000 1350.000 540.000 522.000 13745.499 156721.447 222150.421 262785.571 1658223.926 1447913152729.852
6061.000 5970.000 51238152.000 1.000 1360.000 550.000 524.000 14592.102 142038.984 186044.153 323043.523 194584.594 1306528274462.274
6042.000 5927.000 51238162.000 1.000 1360.000 550.000 518.000 13551.369 128078.522 150798.914 518588.384 2195880.720 897736952781.311
6027.000 5886.000 51238172.000 1.000 1380.000 550.000 517.000 11880.659 117567.104 120636.988 662362.870 9938637.314 645958332828.600
6014.000 5850.000 51238182.000 1.000 1380.000 550.000 491.000 9746.758 108821.208 96925.347 166981.232 27946674.533 1687652934128.185
6009.000 5819.000 51238192.000 1.000 1380.000 550.000 373.000 9208.803 105547.402 78583.988 391927.872 33923826.841 1153798928681.588
6197.000 5914.000 51238263.000 0.000 1350.000 570.000 228.000 18173.648 263046.507 140871.376 5641100.339 9862291.554 17430809855158.018
6255.000 5922.000 51238273.000 1.000 1350.000 570.000 282.000 0.000 325904.656 146940.630 770785.280 225997686.665 483432245598.366
6255.000 5922.000 51238283.000 1.000 1350.000 570.000 335.000 2483.200 325904.656 146940.630 389400.214 157502987.889 1159235487079.718
6255.000 5914.000 51238293.000 1.000 1350.000 570.000 422.000 3737.711 325904.656 140871.376 347901.907 127588510.869 1250318223829.384
6247.000 5905.000 51238303.000 1.000 1350.000 570.000 475.000 4858.529 316834.566 134196.466 478180.822 103524325.505 975941230874.769
6240.000 5891.000 51238313.000 1.000 1340.000 570.000 499.000 6399.060 309003.238 124135.272 365890.208 74548709.198 1210413619317.380
6227.000 5875.000 51238323.000 1.000 1340.000 570.000 504.000 7577.830 294719.343 113116.765 456848.893 55582831.669 1018543795553.760
6213.000 5855.000 51238333.000 1.000 1340.000 570.000 499.000 9049.637 279714.686 100063.630 1359651.328 35803258.790 11326679236.196
6198.000 5830.000 51238343.000 1.000 1340.000 570.000 488.000 13429.957 264073.268 84872.212 1122601.331 2570450.444 117976360030.189
6174.000 5794.000 51238353.000 1.000 1340.000 570.000 467.000 17046.585 239982.999 65192.571 310206.931 4053640.887 1336038392155.843
6144.000 5748.000 51238363.000 1.000 1340.000 570.000 366.000 18045.963 211490.164 43818.362 2793268.803 9076623.772 1761434894789.859
6118.000 5696.000 51238373.000 1.000 1340.000 570.000 81.000 9047.030 188252.372 24752.212 401171.159 35834463.985 1134027007497.212
6083.000 5495.000 51238443.000 0.000 1290.000 590.000 80.000 0.000 159105.731 1907.212 3417305.034 225997686.665 3807286154925.877
6083.000 5495.000 51238453.000 1.000 1290.000 590.000 91.000 11009.359 159105.731 1907.212 1972082.634 16191452.823 256040486502.640
6106.000 5468.000 51238463.000 1.000 1280.000 590.000 134.000 4656.000 177983.238 4994.481 270207.856 107686683.260 1430105881372.164
6106.000 5453.000 51238473.000 1.000 1280.000 590.000 211.000 5526.515 177983.238 7339.630 74680.067 90377429.268 1935988766509.530
6117.000 5439.000 51238483.000 1.000 1260.000 600.000 296.000 5285.922 187385.611 9934.436 767953.811 95009807.341 487377663516.920
6128.000 5426.000 51238493.000 1.000 1250.000 600.000 369.000 7760.000 197029.984 12694.899 693946.070 52899720.991 596188027284.675
6143.000 5406.000 51238503.000 1.000 1250.000 600.000 425.000 9995.651 210571.402 17601.765 820507.014 25377095.766 416762157118.443
6162.000 5380.000 51238513.000 1.000 1250.000 600.000 475.000 12639.037 228369.865 25176.690 2013015.702 5732109.546 299140630310.329
6179.000 5343.000 51238523.000 1.000 1250.000 600.000 532.000 19124.268 244906.805 38287.391 1271931.667 16736678.338 37692876554.100
6193.000 5283.000 51238533.000 1.000 1250.000 600.000 557.000 23221.986 258959.462 65367.988 885140.986 67055897.810 337488047442.469
6204.000 5209.000 51238543.000 1.000 1250.000 600.000 569.000 26073.600 270275.835 108683.391 251073.248 121890002.958 1476237035125.424
6204.000 5125.000 51238553.000 1.000 1250.000 600.000 572.000 25264.730 270275.835 171124.227 1936572.253 104683808.384 221364653234.226
6212.000 5044.000 51238563.000 1.000 1250.000 600.000 569.000 19025.773 278657.925 244700.033 1122032.678 15940483.947 118367321701.213
6218.000 4983.000 51238573.000 1.000 1250.000 600.000 568.000 15410.977 285028.492 308770.973 2586491.187 142700.776 1255325259832.895
6226.000 4934.000 51238583.000 1.000 1250.000 600.000 550.000 7078.209 293634.581 365627.794 4401226.163 63282191.066 8615093560497.466
6240.000 4916.000 51238593.000 1.000 1250.000 600.000 477.000 21257.417 309003.238 387719.973 412393.890 38740635.293 1110250626649.932
6622.000 5943.000 51238753.000 0.000 1280.000 590.000 504.000 0.000 879620.014 163481.421 0.000 225997686.665 2149385290615.888
6622.000 5943.000 51238763.000 1.000 1280.000 590.000 512.000 0.000 879620.014 163481.421 5120974.854 225997686.665 13358269546183.529
6622.000 5943.000 51238773.000 1.000 1290.000 590.000 546.000 16497.986 879620.014 163481.421 2256338.262 2145541.082 624510964459.932
6569.000 5947.000 51238783.000 1.000 1290.000 590.000 584.000 9228.855 783013.671 166732.048 2456364.368 33690646.527 980666693113.208
6579.000 5975.000 51238793.000 1.000 1310.000 580.000 619.000 17142.400 800811.283 190382.436 1835404.202 4448642.644 136401695224.121
6616.000 6016.000 51238803.000 1.000 1310.000 580.000 628.000 23055.429 868401.447 227842.362 69706.838 64355846.260 1949852982614.505
6670.000 6067.000 51238813.000 1.000 1320.000 580.000 633.000 23280.000 971960.552 279130.854 232629.590 68009389.641 1521395475278.260
6742.000 6088.000 51238823.000 1.000 1320.000 580.000 630.000 24029.451 1119111.358 301761.645 249111.210 80932182.321 1481008656493.373
6810.000 6125.000 51238833.000 1.000 1350.000 580.000 624.000 24832.000 1267607.119 343780.944 4039024.128 96016100.506 6620050744725.173
6874.000 6173.000 51238843.000 1.000 1350.000 580.000 617.000 11819.680 1415815.835 402372.466 1931887.386 10326835.718 216978197094.555
6907.000 6192.000 51238853.000 1.000 1360.000 570.000 546.000 5595.816 1495436.955 426837.944 1255200.486 89064583.648 44469410564.019
6924.000 6198.000 51238863.000 1.000 1360.000 570.000 391.000 1552.000 1537303.895 434713.884 1765465.184 181743277.530 89632565759.644
6929.000 6198.000 51238873.000 1.000 1380.000 580.000 219.000 7239.710 1549727.701 434713.884 247924.240 60738789.357 1483899072009.095
6917.000 6178.000 51238883.000 1.000 1380.000 580.000 36.000 8038.435 1519994.566 408740.750 1064320.247 48927009.331 161409453374.403
6866.000 6116.000 51238914.000 0.000 1390.000 580.000 42.000 18667.922 1396841.746 333308.033 4362204.538 13211062.716 8387547761507.618
6822.000 6075.000 51238924.000 1.000 1390.000 580.000 98.000 4614.428 1294772.253 287648.108 256239.235 108551215.025 1463710322965.771
6811.000 6065.000 51238934.000 1.000 1390.000 580.000 178.000 3788.915 1269859.880 277021.541 76446.864 126434382.290 1931075251984.257
6804.000 6055.000 51238944.000 1.000 1390.000 580.000 269.000 4035.200 1254132.552 266594.973 674437.120 120956431.554 626695600677.857
6804.000 6042.000 51238954.000 1.000 1390.000 580.000 353.000 6208.000 1254132.552 253339.436 2216007.680 77884498.126 562394223898.545
6804.000 6022.000 51238964.000 1.000 1390.000 580.000 453.000 13347.200 1254132.552 233606.302 1445222.400 2842661.545 434964423.523
6804.000 5979.000 51238974.000 1.000 1390.000 580.000 532.000 18003.200 1254132.552 193889.063 1541570.560 8820784.540 5699096310.202
6804.000 5921.000 51238984.000 1.000 1390.000 580.000 591.000 22969.600 1254132.552 146174.973 192696.320 62986136.428 1621501414136.880
6804.000 5847.000 51238994.000 1.000 1390.000 580.000 611.000 23590.400 1254132.552 95066.376 770785.280 73225339.174 483432245598.366
6804.000 5771.000 51239004.000 1.000 1380.000 590.000 638.000 21107.200 1254132.552 53976.466 454274.746 36893239.870 1023746230976.078
6804.000 5703.000 51239014.000 1.000 1380.000 590.000 647.000 19643.686 1254132.552 27003.809 605555.014 21256401.921 740500154876.578
6798.000 5640.000 51239024.000 1.000 1380.000 590.000 647.000 17692.800 1240729.984 10267.436 1389404.410 7073368.767 5878870182.825
6798.000 5583.000 51239034.000 1.000 1350.000 590.000 639.000 13216.626 1240729.984 1965.003 922951.430 3300011.718 294986689068.844
6791.000 5541.000 51239044.000 1.000 1350.000 590.000 625.000 10243.200 1225184.656 5.421 2408704.000 22944286.215 888543397475.013
6791.000 5508.000 51239054.000 1.000 1340.000 600.000 592.000 2483.200 1225184.656 940.750 770785.280 157502987.889 483432245598.366
6791.000 5500.000 51239064.000 1.000 1340.000 600.000 441.000 0.000 1225184.656 1495.496 1541570.560 225997686.665 5699096310.202
6791.000 5500.000 51239074.000 1.000 1310.000 600.000 179.000 4966.400 1225184.656 1495.496 1614475.139 101340853.593 22021651291.941
6791.000 5516.000 51239084.000 1.000 1310.000 600.000 78.000 10167.673 1225184.656 514.003 130652.016 23673542.138 1783363094826.247
6798.000 5548.000 51239094.000 1.000 1290.000 600.000 101.000 9746.758 1240729.984 87.018 0.000 27946674.533 2149385290615.888
6803.000 5579.000 51239104.000 1.000 1280.000 610.000 217.000 9746.758 1251893.790 1626.376 474440.813 27946674.533 983344708717.041
6808.000 5610.000 51239114.000 1.000 1280.000 610.000 334.000 8218.276 1263107.596 5087.735 43300.800 46443454.061 2024295531989.365
6813.000 5636.000 51239124.000 1.000 1260.000 610.000 428.000 8357.776 1274371.402 9472.809 429605.395 44561545.091 1074275876989.662
6823.000 5661.000 51239134.000 1.000 1260.000 610.000 497.000 9741.814 1297049.014 14964.227 542324.672 27998971.507 853320581816.033
6839.000 5688.000 51239144.000 1.000 1260.000 620.000 543.000 11488.994 1333749.193 22298.959 521522.595 12561533.954 892185292290.308
6862.000 5717.000 51239154.000 1.000 1240.000 630.000 550.000 13169.157 1387402.701 31801.003 73151.037 3474728.772 1940246083419.063
6892.000 5747.000 51239164.000 1.000 1240.000 630.000 559.000 13404.824 1458975.537 43400.705 8914.688 2651671.702 2123325502792.049
6924.000 5776.000 51239174.000 1.000 1240.000 630.000 557.000 13433.544 1537303.895 56324.750 558322.067 2558961.506 824021198299.778
6957.000 5804.000 51239184.000 1.000 1250.000 640.000 545.000 11634.826 1620225.014 70399.138 613798.618 11549077.958 726380487115.271
6983.000 5831.000 51239194.000 1.000 1250.000 640.000 515.000 9657.382 1687090.805 85455.869 533084.685 28899628.158 870476900368.881
7005.000 5853.000 51239204.000 1.000 1250.000 640.000 320.000 11374.794 1744725.552 98802.317 353073.606 13384076.684 1238779227859.857
6662.000 5724.000 51239304.000 0.000 1300.000 630.000 396.000 0.000 956250.462 34346.600 5210823.549 225997686.665 14023117723491.529
6662.000 5724.000 51239314.000 1.000 1290.000 630.000 418.000 16787.447 956250.462 34346.600 1940658.669 3077314.340 225226620876.264
6617.000 5694.000 51239324.000 1.000 1300.000 620.000 474.000 10535.325 870266.208 24126.899 282979.574 20231054.374 1399722360538.273
6593.000 5670.000 51239334.000 1.000 1300.000 620.000 539.000 11446.986 826063.940 17247.138 782522.746 12861070.270 467248059672.568
6585.000 5634.000 51239344.000 1.000 1290.000 610.000 592.000 13968.000 811585.850 9087.496 0.000 1134692.451 2149385290615.888
6585.000 5589.000 51239354.000 1.000 1290.000 610.000 605.000 13968.000 811585.850 2532.944 58484.947 1134692.451 1981318767907.971
6585.000 5544.000 51239364.000 1.000 1290.000 610.000 614.000 14156.418 811585.850 28.391 2767439.798 768780.761 1693542006884.477
6597.000 5500.000 51239374.000 1.000 1270.000 620.000 613.000 23072.139 833350.984 1495.496 3045596.688 64624227.727 2494878651670.617
6611.000 5427.000 51239384.000 1.000 1260.000 610.000 608.000 13260.294 859107.641 12470.556 2074414.374 3143264.608 370072899725.313
6623.000 5386.000 51239394.000 1.000 1260.000 610.000 594.000 6577.258 881496.775 23308.630 1925840.483 71503283.838 211381356210.609
6630.000 5366.000 51239404.000 1.000 1240.000 620.000 469.000 12781.641 894690.104 29815.496 49365.900 5069605.462 2007073743001.205
6508.000 5060.000 51239484.000 0.000 1230.000 620.000 148.000 14053.958 678779.238 229126.541 3155109.533 958952.964 2852826841435.655
6531.000 5021.000 51239494.000 1.000 1230.000 620.000 399.000 3889.301 717206.746 267983.929 629150.070 124186918.149 700448695984.477
6525.000 5010.000 51239504.000 1.000 1230.000 620.000 415.000 1862.400 707080.178 279493.705 464075.626 173470484.663 1004009159738.330
6519.000 5010.000 51239514.000 1.000 1230.000 620.000 522.000 3357.489 697025.611 279493.705 17665.174 136322681.256 2097900295961.814
6513.000 5001.000 51239524.000 1.000 1230.000 620.000 611.000 3414.400 687043.044 289090.794 2601400.320 134996965.128 1288956314534.565
6524.000 5001.000 51239534.000 1.000 1230.000 620.000 696.000 11795.200 705399.417 289090.794 2805590.752 10484769.880 1794293875046.252
6562.000 5001.000 51239544.000 1.000 1230.000 620.000 754.000 20833.830 770674.343 289090.794 3901691.683 33647082.894 5932213035081.562
6618.000 5038.000 51239554.000 1.000 1230.000 620.000 782.000 33403.713 872132.969 250672.093 2063760.515 337475033.718 357224148807.379
6708.000 5097.000 51239564.000 1.000 1230.000 620.000 783.000 40052.426 1048331.477 195073.839 848753.725 625960697.001 381089508318.550
6813.000 5172.000 51239574.000 1.000 1230.000 620.000 787.000 42786.813 1274371.402 134448.093 1678772.016 770261955.615 45238659059.887
6928.000 5248.000 51239584.000 1.000 1240.000 630.000 791.000 37378.398 1547238.940 84490.003 1025876.966 499307004.976 193777127045.859
7023.000 5322.000 51239594.000 1.000 1240.000 630.000 790.000 34073.382 1792601.253 46946.600 1440052.067 362527790.395 677359636.225
7118.000 5377.000 51239604.000 1.000 1240.000 630.000 793.000 29434.039 2056013.566 26137.720 1298889.907 207383604.063 27951925555.807
7202.000 5421.000 51239614.000 1.000 1240.000 630.000 758.000 25249.471 2303961.507 13846.615 2859862.019 104371795.982 1942633332109.162
7278.000 5450.000 51239624.000 1.000 1250.000 640.000 614.000 16035.998 2540455.358 7862.660 4977573.779 1005564.845 12330601196305.154
7328.000 5463.000 51239634.000 1.000 1250.000 640.000 317.000 0.000 2702343.417 5726.197 0.000 225997686.665 2149385290615.888
