7313.000 5833.000 61043585.000 0.000 1260.000 490.000 540.000 18288.534 838452.626 82554.811 3059227.904 14523843.804 1449300755803.191
7328.000 5896.000 61043595.000 1.000 1260.000 490.000 594.000 7455.574 811207.509 122726.575 1307956.498 49307695.970 299649309227.901
7307.000 5912.000 61043605.000 1.000 1260.000 490.000 588.000 2824.000 849476.673 134192.928 797497.600 135804479.171 1119070374494.747
7317.000 5912.000 61043615.000 1.000 1280.000 490.000 585.000 0.000 831143.261 134192.928 0.000 209598524.204 3442356375005.972
7317.000 5912.000 61043625.000 1.000 1280.000 490.000 606.000 0.000 831143.261 134192.928 478498.560 209598524.204 1895744193417.854
7317.000 5912.000 61043635.000 1.000 1290.000 500.000 603.000 1694.400 831143.261 134192.928 256757.798 163408102.945 2555525248264.835
7317.000 5906.000 61043645.000 1.000 1290.000 500.000 602.000 2603.599 831143.261 129833.046 1370197.740 140989949.764 235381279836.737
7323.000 5899.000 61043655.000 1.000 1290.000 500.000 597.000 7455.574 820239.214 124837.516 1623220.233 49307695.970 53888326583.965
7344.000 5883.000 61043665.000 1.000 1300.000 510.000 540.000 13203.521 782642.050 113787.163 1825619.984 1623068.071 884398752.190
7375.000 5848.000 61043675.000 1.000 1300.000 510.000 98.000 6738.861 728753.473 91399.516 768300.935 59886810.434 1181694859434.058
7193.000 5690.000 61043776.000 0.000 1290.000 510.000 351.000 34217.046 1072613.567 20829.281 6517071.598 389648970.075 21731565964130.746
7158.000 5574.000 61043786.000 1.000 1280.000 520.000 486.000 11139.597 1146335.509 802.222 1194499.474 11141715.856 436735083763.394
7124.000 5554.000 61043796.000 1.000 1280.000 520.000 490.000 15369.411 1220297.109 69.281 2757406.974 795473.323 813690860440.020
7105.000 5503.000 61043806.000 1.000 1280.000 520.000 493.000 25133.600 1262635.591 1821.281 5821732.480 113552085.973 15732119959318.936
7105.000 5414.000 61043816.000 1.000 1270.000 520.000 489.000 4518.400 1262635.591 17338.693 2103737.953 99184029.112 61692190489.670
7105.000 5398.000 61043826.000 1.000 1260.000 510.000 496.000 11967.897 1262635.591 21808.340 1127362.262 6298197.003 529978997898.108
7119.000 5358.000 61043836.000 1.000 1240.000 520.000 490.000 15959.973 1231368.814 35222.458 1564989.353 2197673.158 84314431130.418
7132.000 5303.000 61043846.000 1.000 1250.000 530.000 481.000 10418.226 1202686.379 58891.869 972433.386 16477850.634 779557333450.956
7152.000 5272.000 61043856.000 1.000 1250.000 530.000 471.000 6974.765 1159219.556 74898.811 454428.196 56291300.902 1962606631423.681
7173.000 5259.000 61043866.000 1.000 1250.000 530.000 443.000 5365.600 1114440.391 82183.399 292806.722 83027047.602 2441569079222.228
7192.000 5259.000 61043876.000 1.000 1240.000 530.000 441.000 6402.451 1074685.909 82183.399 2880935.229 65206705.249 1051806957401.040
7209.000 5274.000 61043886.000 1.000 1240.000 530.000 456.000 16604.063 1039728.109 73808.105 1989072.822 4522194.112 17879432597.293
7248.000 5318.000 61043896.000 1.000 1250.000 540.000 491.000 23647.522 961714.803 51836.575 3086645.838 84088975.410 1516067704732.060
7302.000 5382.000 61043906.000 1.000 1240.000 540.000 518.000 34577.571 858718.379 26789.987 780673.338 404012135.096 1154948899154.552
7378.000 5478.000 61043916.000 1.000 1230.000 550.000 537.000 37341.995 723640.450 4580.105 267993.929 522784313.594 2519727317759.159
7471.000 5572.000 61043926.000 1.000 1240.000 550.000 545.000 38290.982 574064.720 692.928 549483.189 567081073.002 1705311180569.940
7575.000 5659.000 61043936.000 1.000 1240.000 550.000 551.000 36345.220 427285.238 12842.222 557653.021 478196395.649 1684040357582.600
7683.000 5729.000 61043946.000 1.000 1240.000 550.000 551.000 34370.528 297756.391 33607.516 2394875.974 395731851.307 291078752465.579
7790.000 5787.000 61043956.000 1.000 1240.000 550.000 557.000 25890.089 192431.885 58237.046 1835856.137 130246779.381 380354897.045
7872.000 5828.000 61043966.000 1.000 1240.000 550.000 561.000 19389.182 127213.909 79706.575 2684263.397 24124444.347 687082787025.046
7939.000 5843.000 61043976.000 1.000 1240.000 550.000 559.000 9884.000 83909.050 88401.281 1515245.440 21100406.590 115677115664.494
7974.000 5843.000 61043986.000 1.000 1240.000 550.000 553.000 4518.400 64857.109 88401.281 1594995.200 99184029.112 67789217995.042
7990.000 5843.000 61043996.000 1.000 1240.000 550.000 540.000 10166.400 56963.650 88401.281 5842473.913 18585737.446 15897086713136.627
7990.000 5807.000 61044006.000 1.000 1250.000 550.000 376.000 30855.047 56963.650 68289.987 573771.460 268223459.807 1642466177927.171
7346.000 5216.000 61044086.000 0.000 1250.000 550.000 592.000 47109.196 779107.367 108686.575 12665638.870 1064826416.390 116862154619275.906
7244.000 5084.000 61044096.000 1.000 1250.000 550.000 641.000 2259.200 969576.167 213145.163 159499.520 149287292.018 2875938787382.805
7236.000 5084.000 61044106.000 1.000 1260.000 540.000 616.000 1694.400 985394.897 213145.163 3351150.997 163408102.945 2237394217381.896
7230.000 5084.000 61044116.000 1.000 1260.000 540.000 656.000 13561.082 997342.944 213145.163 3027438.701 839854.737 1373771232249.305
7271.000 5109.000 61044126.000 1.000 1260.000 540.000 676.000 24281.474 917132.956 190686.340 55886.678 96117555.441 3238100013163.693
7343.000 5156.000 61044136.000 1.000 1250.000 550.000 687.000 24479.373 784412.391 151847.752 2893651.701 100037105.677 1078052093274.120
7428.000 5173.000 61044146.000 1.000 1250.000 550.000 679.000 34726.015 641073.391 138887.752 2336829.218 410001635.285 231813737908.157
7533.000 5237.000 61044156.000 1.000 1250.000 550.000 669.000 43000.906 483957.567 95281.163 2939352.210 813583669.374 1175041655510.038
7652.000 5332.000 61044166.000 1.000 1250.000 550.000 613.000 32592.435 332548.967 45657.634 7334443.662 328150221.966 30020370634799.457
7754.000 5386.000 61044176.000 1.000 1250.000 550.000 431.000 6620.609 225312.167 25496.575 258811.834 61731017.278 2548962299204.444
7684.000 5560.000 61044256.000 0.000 1240.000 550.000 475.000 13952.389 296666.050 205.163 2584408.734 275760.349 531513767651.491
7644.000 5589.000 61044266.000 1.000 1240.000 550.000 488.000 4800.800 341839.697 1876.928 877247.360 93638869.088 956702040864.258
7627.000 5589.000 61044276.000 1.000 1240.000 550.000 489.000 7907.200 362007.497 1876.928 1075420.430 43169077.152 608303902307.463
7627.000 5561.000 61044286.000 1.000 1240.000 550.000 546.000 11715.346 362007.497 234.811 2686095.043 7629593.540 690122661434.056
7638.000 5521.000 61044296.000 1.000 1240.000 550.000 603.000 21227.014 348891.744 608.928 1211269.233 45555697.763 414851404432.262
7643.000 5446.000 61044306.000 1.000 1240.000 550.000 617.000 25516.211 343010.038 9935.399 896577.922 121852745.616 919260822799.998
7651.000 5356.000 61044316.000 1.000 1230.000 550.000 624.000 28691.062 333703.309 35977.163 2066083.866 202024836.217 44405042279.714
7662.000 5255.000 61044326.000 1.000 1240.000 550.000 627.000 21374.901 321115.556 84492.811 230401.970 47573893.790 2640484785429.008
7682.000 5182.000 61044336.000 1.000 1240.000 550.000 624.000 20559.030 298848.732 132260.575 782414.616 36984789.566 1151209278807.599
7708.000 5114.000 61044346.000 1.000 1240.000 550.000 613.000 17788.440 271097.861 186344.575 252583.695 10962205.230 2568888122098.271
7732.000 5049.000 61044357.000 1.000 1240.000 550.000 589.000 16804.580 246681.673 246687.516 2510385.481 5415218.072 429059918128.582
7757.000 4995.000 61044367.000 1.000 1230.000 550.000 257.000 7915.113 222473.144 303244.575 143845.834 43065157.917 2929276723435.896
7576.000 5209.000 61044467.000 0.000 1240.000 550.000 637.000 13008.804 425978.897 113351.046 3673686.250 2157120.485 3306314619116.327
7597.000 5168.000 61044477.000 1.000 1240.000 550.000 638.000 0.000 399007.732 142639.516 2153243.520 209598524.204 88735290632.103
7597.000 5168.000 61044487.000 1.000 1240.000 550.000 659.000 7624.800 399007.732 142639.516 1674744.960 46959742.456 32621368765.705
7597.000 5195.000 61044497.000 1.000 1240.000 550.000 694.000 1694.400 399007.732 122973.987 637998.080 163408102.945 1481967187076.070
7597.000 5189.000 61044507.000 1.000 1230.000 550.000 714.000 3953.600 399007.732 127218.105 4230901.550 110752847.718 5643203231257.643
7597.000 5175.000 61044517.000 1.000 1230.000 550.000 724.000 18935.546 399007.732 137401.046 2474585.633 19874014.645 383441837910.044
7577.000 5111.000 61044527.000 1.000 1230.000 550.000 722.000 27698.243 424674.556 188943.634 680037.838 174787572.481 1381379425967.134
7549.000 5017.000 61044537.000 1.000 1230.000 550.000 707.000 25290.177 461952.109 279498.811 706419.082 116913597.067 1320062536451.173
7513.000 4935.000 61044547.000 1.000 1230.000 550.000 679.000 27791.661 512184.391 372925.752 5124911.045 177266406.801 10689971709613.672
7471.000 4846.000 61044557.000 1.000 1230.000 550.000 386.000 9643.959 574064.720 489547.163 1225128.232 23363291.526 397190602221.579
7663.000 5086.000 61044647.000 0.000 1210.000 550.000 344.000 48688.414 319983.214 211302.458 12074863.154 1170385412.770 104438268700151.953
7828.000 5136.000 61044657.000 1.000 1210.000 550.000 443.000 5930.400 160536.920 167834.811 398748.800 73053224.195 2121712769248.919
7849.000 5136.000 61044667.000 1.000 1210.000 550.000 516.000 7342.400 144149.756 167834.811 717747.840 50909907.279 1294158756565.351
7875.000 5136.000 61044677.000 1.000 1210.000 550.000 570.000 9884.000 125082.885 167834.811 149784.113 21100406.590 2908985103270.409
7910.000 5136.000 61044687.000 1.000 1220.000 560.000 645.000 10414.397 101550.944 167834.811 746484.582 16508951.352 1229602090076.308
7946.000 5128.000 61044697.000 1.000 1220.000 560.000 668.000 13057.756 79902.661 174453.634 6892.537 2015723.819 3416827623352.656
7989.000 5111.000 61044707.000 1.000 1220.000 560.000 684.000 13082.163 57441.991 188943.634 217276.583 1947015.264 2683313436412.176
8028.000 5086.000 61044717.000 1.000 1220.000 560.000 696.000 12312.770 40268.685 211302.458 873323.977 4686133.420 964392445597.826
8063.000 5060.000 61044727.000 1.000 1220.000 560.000 710.000 9220.263 27446.744 235881.634 642217.418 27638728.960 1471712076974.545
8084.000 5035.000 61044737.000 1.000 1220.000 560.000 725.000 6946.122 20929.579 260790.458 924837.973 56721924.025 865869058765.525
8095.000 5013.000 61044747.000 1.000 1230.000 560.000 731.000 3671.200 17867.826 283744.222 637998.080 116776506.302 1481967187076.070
8100.000 5001.000 61044757.000 1.000 1230.000 560.000 722.000 1412.000 16556.120 296672.458 79749.760 170707757.688 3152787556974.331
8100.000 4996.000 61044767.000 1.000 1250.000 560.000 710.000 1694.400 16556.120 302144.222 2993689.924 163408102.945 1295797687575.731
8100.000 4990.000 61044777.000 1.000 1250.000 560.000 585.000 12295.285 16556.120 308776.340 216270.887 4762140.378 2686609273356.503
8345.000 6055.000 61045028.000 0.000 1280.000 490.000 649.000 31517.662 13532.532 259410.458 7863840.869 290366511.350 36101856455257.039
8435.000 6121.000 61045038.000 1.000 1280.000 490.000 730.000 3671.200 42571.826 330997.163 239249.280 116776506.302 2611810066231.395
8435.000 6108.000 61045048.000 1.000 1280.000 490.000 708.000 2824.000 42571.826 316207.752 717747.840 135804479.171 1294158756565.351
8435.000 6118.000 61045058.000 1.000 1290.000 500.000 728.000 5365.600 42571.826 327554.222 1036746.880 83027047.602 670125518923.626
8435.000 6137.000 61045068.000 1.000 1290.000 500.000 730.000 1694.400 42571.826 349663.516 478498.560 163408102.945 1895744193417.854
8429.000 6137.000 61045078.000 1.000 1300.000 500.000 736.000 0.000 40131.873 349663.516 3748238.720 209598524.204 3582994291283.382
8429.000 6137.000 61045088.000 1.000 1320.000 500.000 748.000 13272.800 40131.873 349663.516 2458424.446 1451345.190 363688141444.204
8429.000 6090.000 61045098.000 1.000 1300.000 510.000 737.000 21978.269 40131.873 296288.105 3289922.723 56261267.241 2057973573191.897
8393.000 6021.000 61045108.000 1.000 1300.000 510.000 719.000 33628.137 27004.156 225932.458 711694.878 366746212.364 1307967227058.245
8335.000 5917.000 61045118.000 1.000 1320.000 510.000 498.000 36148.303 11305.944 137881.163 9105469.514 469622927.360 52564104981257.633
8259.000 5814.000 61045128.000 1.000 1300.000 520.000 15.000 3905.139 919.873 71997.516 1742326.185 111775195.356 12776378040.478
8350.000 5781.000 61045198.000 0.000 1290.000 530.000 387.000 47093.111 14720.826 55377.163 13299094.546 1063776914.032 130959087218164.062
8510.000 5828.000 61045208.000 1.000 1290.000 530.000 504.000 0.000 79146.238 79706.575 398748.800 209598524.204 2121712769248.919
8510.000 5828.000 61045218.000 1.000 1280.000 540.000 519.000 1412.000 79146.238 79706.575 79749.760 170707757.688 3152787556974.331
8510.000 5823.000 61045228.000 1.000 1290.000 550.000 566.000 1694.400 79146.238 76908.340 717747.840 163408102.945 1294158756565.351
8510.000 5817.000 61045238.000 1.000 1270.000 550.000 619.000 4236.000 79146.238 73616.458 2638382.151 104888688.655 613125526738.669
8498.000 5808.000 61045248.000 1.000 1270.000 550.000 641.000 13578.713 72538.332 68813.634 2896553.643 807850.227 1084086645943.218
8484.000 5762.000 61045258.000 1.000 1260.000 560.000 639.000 23835.631 65193.109 46795.869 125906.063 87574281.013 2991006861116.745
8434.000 5694.000 61045268.000 1.000 1260.000 560.000 616.000 24281.474 42160.167 21999.869 5128007.561 96117555.441 10710229739539.965
8387.000 5622.000 61045278.000 1.000 1250.000 560.000 438.000 6122.807 25068.203 5825.281 2108611.499 69801194.026 64136916137.331
8333.000 5528.000 61045328.000 0.000 1230.000 560.000 255.000 43456.580 10884.626 312.458 10039144.912 839786040.878 66974354693512.281
8485.000 5552.000 61045338.000 1.000 1230.000 560.000 386.000 7907.200 65704.767 39.987 301493.629 43169077.152 2414497051946.870
8513.000 5552.000 61045348.000 1.000 1230.000 560.000 486.000 8974.812 80843.214 39.987 463298.098 30279772.092 1937833071782.817
8506.000 5521.000 61045358.000 1.000 1230.000 560.000 578.000 10615.386 76911.603 608.928 272255.910 14916062.722 2506214844174.930
8524.000 5488.000 61045368.000 1.000 1240.000 570.000 664.000 9651.307 87219.461 3326.575 363804.906 23292311.538 2224733097706.275
8536.000 5456.000 61045378.000 1.000 1240.000 570.000 711.000 8363.046 94451.367 8041.869 748516.450 37386766.472 1225100046377.102
8542.000 5427.000 61045388.000 1.000 1240.000 570.000 721.000 11013.600 98175.320 14084.105 299469.668 11998727.136 2420791073482.922
8542.000 5388.000 61045398.000 1.000 1240.000 570.000 724.000 12074.045 98175.320 24861.869 359678.760 5776681.924 2237058861272.654
8550.000 5346.000 61045408.000 1.000 1240.000 570.000 717.000 13347.695 103252.591 39870.693 359678.760 1276499.759 2237058861272.654
8555.000 5299.000 61045418.000 1.000 1240.000 570.000 700.000 12074.045 106490.885 60849.281 1185277.984 5776681.924 449008335461.859
8563.000 5257.000 61045428.000 1.000 1240.000 570.000 666.000 7876.885 111776.156 83334.105 1656977.199 43568354.525 39355270122.547
8570.000 5230.000 61045438.000 1.000 1230.000 560.000 324.000 13744.368 116505.767 99651.634 277243.537 537508.759 2490447866897.969
8670.000 5904.000 61045578.000 0.000 1260.000 560.000 728.000 0.000 194771.650 128395.752 0.000 209598524.204 3442356375005.972
8670.000 5904.000 61045588.000 1.000 1270.000 550.000 699.000 0.000 194771.650 128395.752 0.000 209598524.204 3442356375005.972
8670.000 5904.000 61045598.000 1.000 1270.000 550.000 697.000 0.000 194771.650 128395.752 4116972.636 209598524.204 5114897023400.929
8670.000 5904.000 61045608.000 1.000 1290.000 550.000 730.000 14578.515 194771.650 128395.752 1075955.578 10200.417 607469423744.844
8678.000 5955.000 61045618.000 1.000 1290.000 550.000 728.000 18388.556 201896.920 167545.752 2438502.820 15296219.112 340056917175.710
8722.000 6003.000 61045628.000 1.000 1300.000 540.000 725.000 27023.481 243373.909 209144.811 55221.343 157401190.402 3240494959438.176
8801.000 6057.000 61045638.000 1.000 1300.000 540.000 676.000 27219.024 327560.956 261451.752 445086.122 162345977.996 1988869101007.968
8884.000 6106.000 61045648.000 1.000 1310.000 540.000 509.000 28795.108 429456.638 313962.458 7477681.461 204993386.609 31610511806609.457
8975.000 6152.000 61045658.000 1.000 1310.000 540.000 1.000 2316.066 557007.591 367628.222 683077.375 147900912.030 1374243801489.571
9018.000 6091.000 61045749.000 0.000 1330.000 530.000 497.000 24327.412 623040.920 297377.752 5992813.789 97020414.013 17118533566861.908
9004.000 6006.000 61045759.000 1.000 1330.000 530.000 533.000 3106.400 601135.697 211897.752 159499.520 129302322.028 2875938787382.805
9004.000 5995.000 61045769.000 1.000 1330.000 530.000 543.000 3671.200 601135.697 201891.634 5043093.552 116776506.302 10161652680271.074
9004.000 6008.000 61045779.000 1.000 1340.000 540.000 585.000 21529.180 601135.697 213743.046 360168.724 49725938.538 2235593442561.188
8998.000 5932.000 61045789.000 1.000 1340.000 540.000 643.000 22804.565 591867.744 149245.869 258970.684 69339713.602 2548455101458.255
8987.000 5852.000 61045799.000 1.000 1350.000 540.000 676.000 23721.600 575063.497 93834.105 398748.800 85453054.089 2121712769248.919
8987.000 5768.000 61045809.000 1.000 1350.000 540.000 696.000 22309.600 575063.497 49427.752 558248.320 61341510.205 1682495666026.905
8987.000 5689.000 61045819.000 1.000 1350.000 540.000 705.000 20332.800 575063.497 20541.634 139030.038 34284328.608 2945784510173.299
8987.000 5617.000 61045829.000 1.000 1340.000 550.000 699.000 19840.484 575063.497 5087.046 897716.842 28761405.516 917078170443.298
8993.000 5547.000 61045839.000 1.000 1340.000 550.000 693.000 16661.600 584199.450 1.752 558248.320 4770214.671 1682495666026.905
8993.000 5488.000 61045849.000 1.000 1320.000 550.000 671.000 14684.800 584199.450 3326.575 2221357.553 42965.874 133955067812.540
8993.000 5436.000 61045859.000 1.000 1340.000 560.000 205.000 6818.803 584199.450 12028.928 78591.136 58655913.739 3156903425941.992
9045.000 5647.000 61045949.000 0.000 1270.000 560.000 658.000 9323.478 666393.709 10266.458 2154451.627 26564127.170 89456503321.489
9044.000 5680.000 61045959.000 1.000 1260.000 570.000 669.000 1694.400 664762.050 18042.811 159499.520 163408102.945 2875938787382.805
9038.000 5680.000 61045969.000 1.000 1250.000 560.000 662.000 2259.200 655014.097 18042.811 637998.080 149287292.018 1481967187076.070
9038.000 5688.000 61045979.000 1.000 1250.000 560.000 666.000 0.000 655014.097 20255.987 3584305.802 209598524.204 2989257644151.620
9038.000 5688.000 61045989.000 1.000 1250.000 560.000 667.000 12692.301 655014.097 20255.987 82573.760 3186999.338 3142766891942.838
9076.000 5712.000 61045999.000 1.000 1250.000 560.000 570.000 12399.901 717967.132 27663.516 1362877.932 4316491.934 242537431430.138
9114.000 5734.000 61046009.000 1.000 1250.000 560.000 301.000 7573.846 783808.167 35465.752 109193.477 47660685.540 3049093427732.826
8819.000 5731.000 61046119.000 0.000 1250.000 550.000 662.000 11827.133 348488.814 34344.811 2143735.959 7024540.056 83161370559.101
8796.000 5696.000 61046129.000 1.000 1250.000 550.000 671.000 4236.000 321862.661 22597.163 478498.560 104888688.655 1895744193417.854
8781.000 5696.000 61046139.000 1.000 1260.000 540.000 659.000 5930.400 305067.779 22597.163 2368182.396 73053224.195 262988013452.821
8760.000 5696.000 61046149.000 1.000 1250.000 540.000 666.000 14316.315 282310.944 22597.163 1938304.644 25986.371 6880008643.671
8773.000 5647.000 61046159.000 1.000 1250.000 540.000 667.000 21180.000 296294.509 10266.458 3189990.400 44923266.459 1781241437030.192
8773.000 5572.000 61046169.000 1.000 1250.000 540.000 669.000 32476.000 296294.509 692.928 3429239.680 323945358.328 2477100941069.439
8773.000 5457.000 61046179.000 1.000 1250.000 540.000 666.000 20332.800 296294.509 7863.516 2238434.846 34284328.608 146747236729.485
8773.000 5385.000 61046189.000 1.000 1250.000 540.000 666.000 12406.331 296294.509 25816.928 407444.178 4289815.126 2096456829289.774
8764.000 5342.000 61046199.000 1.000 1240.000 540.000 667.000 13849.122 286577.579 41484.105 2555246.133 394881.392 489842241824.528
8750.000 5295.000 61046209.000 1.000 1240.000 540.000 667.000 4800.800 271784.356 62838.693 1355745.920 93638869.088 249613056323.744
8750.000 5278.000 61046219.000 1.000 1250.000 550.000 673.000 0.000 271784.356 71650.693 398748.800 209598524.204 2121712769248.919
8750.000 5278.000 61046229.000 1.000 1240.000 550.000 679.000 1412.000 271784.356 71650.693 79749.760 170707757.688 3152787556974.331
8750.000 5283.000 61046239.000 1.000 1240.000 550.000 697.000 1694.400 271784.356 68998.928 4766222.944 163408102.945 8473129910651.795
8756.000 5283.000 61046249.000 1.000 1230.000 560.000 760.000 18571.960 278076.309 68998.928 3101615.862 16764456.207 1553156598577.235
8814.000 5314.000 61046259.000 1.000 1230.000 560.000 763.000 29555.019 342610.520 53673.987 2389117.838 227331039.775 284898682376.296
8907.000 5362.000 61046269.000 1.000 1230.000 560.000 773.000 38015.068 460130.791 33737.046 713566.626 554016265.264 1303689429082.333
9027.000 5423.000 61046279.000 1.000 1230.000 560.000 784.000 40541.862 637329.850 15049.516 500143.108 679350033.976 1836609643621.638
9156.000 5486.000 61046289.000 1.000 1240.000 570.000 785.000 42312.907 859939.838 3561.281 663798.991 774808887.003 1419814841534.731
9291.000 5551.000 61046299.000 1.000 1240.000 570.000 809.000 39962.344 1128543.779 28.340 3415555.423 649476361.947 2434213419785.251
9423.000 5602.000 61046309.000 1.000 1240.000 570.000 824.000 27867.601 1426422.744 3172.340 2293596.885 179294325.740 192052595933.317
9516.000 5635.000 61046319.000 1.000 1240.000 570.000 828.000 19745.799 1657217.014 7978.693 3525853.803 27754785.873 2790553466570.697
9583.000 5655.000 61046329.000 1.000 1240.000 570.000 849.000 7260.481 1834208.156 11951.634 1412361.754 52085621.446 196246406227.935
9608.000 5661.000 61046339.000 1.000 1240.000 570.000 875.000 2259.200 1902549.626 13299.516 637998.080 149287292.018 1481967187076.070
9616.000 5661.000 61046349.000 1.000 1240.000 570.000 906.000 0.000 1924682.897 13299.516 0.000 209598524.204 3442356375005.972
9616.000 5661.000 61046359.000 1.000 1240.000 570.000 900.000 0.000 1924682.897 13299.516 398748.800 209598524.204 2121712769248.919
9616.000 5661.000 61046369.000 1.000 1240.000 570.000 912.000 1412.000 1924682.897 13299.516 398748.800 170707757.688 2121712769248.919
9611.000 5661.000 61046379.000 1.000 1240.000 570.000 915.000 0.000 1910834.603 13299.516 0.000 209598524.204 3442356375005.972
9611.000 5661.000 61046389.000 1.000 1240.000 570.000 909.000 0.000 1910834.603 13299.516 0.000 209598524.204 3442356375005.972
9611.000 5661.000 61046399.000 1.000 1260.000 580.000 788.000 0.000 1910834.603 13299.516 0.000 209598524.204 3442356375005.972
9611.000 5661.000 61046409.000 1.000 1260.000 580.000 415.000 0.000 1910834.603 13299.516 0.000 209598524.204 3442356375005.972
