3500.000 6001.000 27580291.000 0.000 1650.000 650.000 376.000 30050.477 8378153.783 3261078.073 1348962.875 17207261.940 2267251427512.878
3709.000 5941.000 27580301.000 1.000 1650.000 650.000 384.000 20289.530 7211932.083 3047976.609 46960.360 31503336.564 7883415196042.816
3834.000 6018.000 27580311.000 1.000 1650.000 650.000 396.000 20629.330 6556181.067 3322765.821 300401.194 27804353.062 6524454498919.449
3983.000 6027.000 27580321.000 1.000 1650.000 650.000 398.000 22803.000 5815351.856 3355658.040 210091.640 9605743.037 6993965914478.185
4148.000 6027.000 27580331.000 1.000 1650.000 650.000 399.000 24323.200 5046780.514 3355658.040 630274.920 2493598.868 4948077481362.420
4324.000 6027.000 27580341.000 1.000 1650.000 650.000 389.000 19762.600 4286987.083 3355658.040 757767.460 37696079.616 4397136017765.507
4467.000 6027.000 27580351.000 1.000 1650.000 650.000 391.000 14279.478 3715271.921 3355658.040 547233.580 135090300.808 5324412217912.139
4567.000 6053.000 27580361.000 1.000 1650.000 650.000 388.000 10319.756 3339771.108 3451590.008 709268.796 242816092.540 4602885221458.081
4637.000 6079.000 27580371.000 1.000 1650.000 650.000 369.000 5187.565 3088820.539 3548873.975 491496.968 429100797.840 5584739773156.339
4662.000 6107.000 27580381.000 1.000 1650.000 650.000 207.000 8743.983 3001570.335 3655153.325 228086.852 294408299.270 6899109080636.976
4241.000 5826.000 27580461.000 0.000 1540.000 530.000 103.000 21947.274 4637579.758 2659657.138 1124622.263 15642336.000 2993177177452.941
4147.000 5698.000 27580471.000 1.000 1540.000 520.000 211.000 13809.631 5051274.522 2258544.682 2405781.730 146232965.622 201529741229.696
4108.000 5606.000 27580481.000 1.000 1520.000 510.000 317.000 31217.603 5228100.839 1990485.105 597240.836 28252304.413 5096132578554.127
4088.000 5381.000 27580491.000 1.000 1520.000 490.000 384.000 35539.172 5319961.002 1406229.617 385728.776 92869045.275 6095830609033.508
4079.000 5124.000 27580501.000 1.000 1510.000 480.000 436.000 38330.263 5361559.075 862754.016 1515057.854 154453933.321 1794647429880.576
4065.000 4847.000 27580511.000 1.000 1500.000 470.000 480.000 49293.055 5426589.189 424902.593 773979.564 547126796.477 4329407396389.667
4043.000 4491.000 27580521.000 1.000 1500.000 460.000 504.000 43692.624 5529571.368 87524.577 467592.514 316495154.195 5698293465737.970
4016.000 4176.000 27580531.000 1.000 1500.000 450.000 543.000 40309.176 5657281.587 366.894 585680.129 207557692.365 5148461931222.606
3964.000 3889.000 27580541.000 1.000 1490.000 440.000 594.000 36071.259 5907350.010 93730.560 428928.438 103407456.302 5884379170314.601
3874.000 3644.000 27580551.000 1.000 1490.000 440.000 633.000 32967.580 6352940.742 303771.252 400455.230 49917993.301 6023329025355.467
3759.000 3435.000 27580561.000 1.000 1480.000 450.000 644.000 35865.230 6945881.677 577834.821 293319.550 99259708.831 6560681951798.960
3577.000 3250.000 27580571.000 1.000 1470.000 450.000 649.000 37987.658 7938329.157 893316.975 344809.415 146055556.105 6299562646742.158
3361.000 3080.000 27580581.000 1.000 1460.000 460.000 649.000 35492.655 9202146.913 1243569.495 15147.687 91974653.595 8063070799086.208
3122.000 2986.000 27580591.000 1.000 1460.000 460.000 646.000 35602.262 10709282.856 1462054.536 499016.430 94089004.451 5549256249024.494
2868.000 2943.000 27580601.000 1.000 1450.000 460.000 645.000 31991.434 12436230.921 1567890.821 1010293.410 37077390.691 3401844412598.002
2649.000 3018.000 27580611.000 1.000 1450.000 460.000 594.000 39301.806 14028800.701 1385692.650 531033.362 179546404.160 5399437659835.417
2454.000 3225.000 27580621.000 1.000 1450.000 460.000 469.000 43144.305 15527572.287 941199.699 538861.977 297286277.194 5363116726942.417
2349.000 3519.000 27580631.000 1.000 1450.000 460.000 289.000 47043.451 16366103.140 457184.869 2517223.585 446947702.528 113891930484.213
2397.000 3856.000 27580641.000 1.000 1440.000 460.000 146.000 28829.098 15980038.750 115025.756 339785.169 8566068.580 6324808529071.569
4626.000 4483.000 27580752.000 0.000 1470.000 430.000 431.000 56120.092 3127606.628 82855.048 6040582.833 913114148.530 10149834323022.807
4922.000 4205.000 27580762.000 1.000 1470.000 430.000 447.000 12411.099 2168268.222 96.934 538496.438 182012863.749 5364809920524.183
4910.000 4116.000 27580772.000 1.000 1480.000 420.000 469.000 16307.600 2203752.319 6265.430 2141148.908 92058523.637 509158543468.657
4910.000 3998.000 27580782.000 1.000 1490.000 430.000 468.000 31800.718 2203752.319 38869.886 1544973.594 34791177.804 1715389467300.054
4917.000 3768.000 27580792.000 1.000 1490.000 430.000 472.000 20621.459 2183018.262 182460.943 297366.737 27887422.318 6539965541017.407
4925.000 3619.000 27580802.000 1.000 1500.000 430.000 477.000 18469.746 2159442.197 331953.975 728166.541 55243056.923 4522154633023.475
5019.000 3524.000 27580812.000 1.000 1500.000 430.000 488.000 13200.813 1892011.433 450448.325 119377.436 161328110.305 7482002495851.931
5109.000 3492.000 27580822.000 1.000 1500.000 430.000 498.000 12337.011 1652520.701 494426.211 551000.221 184017426.954 5307043592393.518
5196.000 3512.000 27580832.000 1.000 1490.000 440.000 488.000 16323.988 1436411.994 466700.032 120019.375 91744315.880 7478491084431.695
5300.000 3568.000 27580842.000 1.000 1500.000 440.000 498.000 17192.435 1197939.148 393322.731 621673.628 75861980.298 4986417363651.075
5374.000 3668.000 27580852.000 1.000 1500.000 440.000 498.000 21690.797 1041428.547 277891.837 433078.584 17736869.689 5864261762062.879
5429.000 3815.000 27580862.000 1.000 1500.000 450.000 488.000 24824.506 932198.100 144517.422 398295.026 1161668.613 6033937040815.439
5414.000 3994.000 27580872.000 1.000 1510.000 450.000 491.000 21942.487 961388.222 40463.121 869847.522 15680224.461 3939648768565.051
5354.000 4141.000 27580882.000 1.000 1500.000 460.000 501.000 15648.366 1082648.709 2932.707 387269.568 105143435.581 6088224633549.076
5265.000 4211.000 27580892.000 1.000 1500.000 460.000 501.000 18450.606 1275779.433 251.081 227407.962 55527941.939 6902675907546.958
5133.000 4231.000 27580902.000 1.000 1490.000 470.000 499.000 20096.105 1591392.506 1284.902 464979.566 33712055.021 5710775081084.483
5005.000 4162.000 27580912.000 1.000 1490.000 470.000 492.000 23460.646 1930721.547 1099.219 86051.888 5961739.287 7665425492784.376
4882.000 4045.000 27580922.000 1.000 1490.000 470.000 492.000 24083.308 2287668.547 22546.365 1168747.311 3308780.344 2842444461762.697
4790.000 3897.000 27580932.000 1.000 1490.000 470.000 494.000 15626.381 2574433.295 88896.089 1428536.362 105594784.985 2033949483047.157
4719.000 3809.000 27580942.000 1.000 1490.000 470.000 492.000 5289.649 2807313.872 149115.276 291746.972 424881930.248 6568740373345.886
4706.000 3773.000 27580952.000 1.000 1490.000 470.000 497.000 3178.600 2851045.978 178214.398 652051.509 516367146.917 4851670816502.689
4729.000 3773.000 27580962.000 1.000 1480.000 460.000 514.000 7896.773 2773903.791 178214.398 1871511.586 324199482.110 966664118206.153
4777.000 3804.000 27580972.000 1.000 1480.000 460.000 514.000 21438.825 2616319.400 153001.821 1823448.252 19922727.957 1063485056378.241
4893.000 3907.000 27580982.000 1.000 1480.000 460.000 514.000 34633.096 2254514.457 83032.999 1394900.141 76226566.256 2131022548481.731
5093.000 4058.000 27580992.000 1.000 1480.000 460.000 512.000 44726.440 1693912.831 18811.349 24216013.047 354347745.375 456305593829241.375
5349.000 4256.000 27581002.000 1.000 1480.000 460.000 526.000 219950.847 1093078.750 3702.178 217203620.682 37654833424.494 45945458781423376.000
5486.000 4337.000 27581003.000 1.000 1485.000 460.000 531.000 62784.696 825379.636 20120.154 6213177.173 1360310152.370 11279353000802.215
5830.000 4558.000 27581012.000 1.000 1500.000 460.000 537.000 22322.616 318664.839 131656.878 743633.746 12814232.882 4456610736232.718
5991.000 4571.000 27581022.000 1.000 1500.000 460.000 545.000 16941.764 162815.531 141259.861 393843.466 80291444.064 6055826546556.486
6093.000 4503.000 27581032.000 1.000 1500.000 460.000 553.000 19791.572 90904.701 94768.869 544817.706 37341159.444 5335567162071.607
6168.000 4381.000 27581042.000 1.000 1510.000 460.000 564.000 23733.813 51304.091 34538.560 73160.178 4702393.625 7736976967187.787
6225.000 4219.000 27581052.000 1.000 1510.000 460.000 563.000 23204.434 28731.628 568.609 116414.981 7278552.809 7498217826047.661
6261.000 4055.000 27581062.000 1.000 1510.000 460.000 572.000 24046.800 17823.335 19643.276 128678.849 3442929.670 7431204238330.680
6261.000 3881.000 27581072.000 1.000 1520.000 460.000 574.000 24977.906 17823.335 98693.032 1714755.472 854528.888 1299478930797.359
6236.000 3702.000 27581082.000 1.000 1520.000 460.000 584.000 12570.124 25123.539 243201.333 1023584.657 177747271.986 3352992079725.804
6213.000 3614.000 27581092.000 1.000 1530.000 470.000 584.000 5163.578 32943.726 337740.520 713606.480 430095142.552 4584291611184.515
6203.000 3578.000 27581102.000 1.000 1530.000 470.000 645.000 0.000 36673.807 380879.642 401084.040 670929835.176 6020242910468.979
6203.000 3578.000 27581112.000 1.000 1530.000 470.000 653.000 2902.200 36673.807 380879.642 1701047.414 529005212.598 1330919758047.362
6203.000 3599.000 27581122.000 1.000 1540.000 470.000 656.000 15210.792 36673.807 355400.154 1159871.140 114308628.073 2872452898982.502
6236.000 3704.000 27581132.000 1.000 1540.000 470.000 650.000 23603.492 25123.539 241232.715 1829798.957 5284579.448 1050427006462.336
6293.000 3865.000 27581142.000 1.000 1540.000 470.000 652.000 36843.716 10303.075 109001.975 74781.126 119714292.670 7727962124153.363
6436.000 4090.000 27581152.000 1.000 1540.000 470.000 656.000 37384.824 1721.913 11057.463 1235942.363 131848051.584 2620383961025.958
6592.000 4311.000 27581162.000 1.000 1540.000 470.000 661.000 28441.681 39004.644 13420.186 1927859.320 6448388.229 859038039770.350
6757.000 4434.000 27581172.000 1.000 1540.000 470.000 661.000 14491.903 131403.303 57047.186 394243.969 130197463.604 6053855544211.692
6843.000 4494.000 27581182.000 1.000 1540.000 470.000 665.000 11639.197 201148.604 89308.650 1208390.396 203436487.074 2710343116512.086
6885.000 4421.000 27581192.000 1.000 1540.000 470.000 668.000 20382.977 240586.262 51006.203 929640.581 30463073.381 3705862892375.634
6897.000 4274.000 27581202.000 1.000 1550.000 470.000 671.000 27109.754 252502.165 6216.617 135279.143 1457913.003 7395262688829.422
6889.000 4078.000 27581212.000 1.000 1550.000 470.000 673.000 28088.619 244526.230 13725.170 1007935.027 4779932.539 3410549620042.113
6899.000 3875.000 27581222.000 1.000 1550.000 480.000 671.000 20795.312 254516.148 102498.886 439601.762 26081462.453 5832710947900.797
6920.000 3726.000 27581232.000 1.000 1550.000 480.000 667.000 17614.402 276145.978 220105.918 308795.738 68689474.000 6481640580062.093
6977.000 3612.000 27581242.000 1.000 1550.000 480.000 673.000 15379.990 339301.514 340069.138 142778.013 110719287.989 7354533719368.658
7061.000 3539.000 27581252.000 1.000 1560.000 480.000 693.000 14346.864 444216.831 430538.691 887301.491 133528408.919 3870666219617.690
7162.000 3515.000 27581262.000 1.000 1560.000 480.000 696.000 20767.280 589050.010 462610.105 1122434.004 26368567.167 3000753692661.152
7312.000 3524.000 27581272.000 1.000 1560.000 480.000 699.000 28889.089 841798.791 450448.325 1042270.126 8920828.980 3284910639945.519
7511.000 3588.000 27581282.000 1.000 1560.000 480.000 696.000 36430.841 1246563.173 368636.552 962419.134 110849895.170 3580735846138.927
7742.000 3715.000 27581292.000 1.000 1560.000 480.000 690.000 43394.800 1815745.295 230548.317 74271.720 305987090.352 7730794600770.519
8006.000 3885.000 27581302.000 1.000 1570.000 490.000 697.000 42857.378 2596919.148 96195.796 298236.429 287474218.402 6535518108698.503
8243.000 4085.000 27581312.000 1.000 1570.000 490.000 699.000 40699.372 3416937.222 12134.008 952790.187 218952945.666 3617269952740.663
8461.000 4283.000 27581322.000 1.000 1570.000 490.000 697.000 33805.087 4270405.449 7716.837 2354864.704 62453831.884 249837692588.023
8606.000 4480.000 27581332.000 1.000 1580.000 490.000 696.000 16765.545 4890714.270 81136.975 1476631.759 83480535.280 1899078609551.735
8665.000 4586.000 27581342.000 1.000 1580.000 490.000 690.000 6080.800 5155151.791 152760.227 324687.080 392892390.179 6400977368826.799
8665.000 4630.000 27581352.000 1.000 1580.000 490.000 699.000 8430.200 5155151.791 189090.634 1359660.661 305274743.765 2235149712354.620
8604.000 4630.000 27581362.000 1.000 1590.000 490.000 699.000 18268.555 4881872.287 189090.634 1358823.860 58274266.043 2237652517385.193
8479.000 4587.000 27581372.000 1.000 1590.000 490.000 697.000 28100.855 4345123.303 153542.918 642337.016 4833585.532 4894560460622.773
8312.000 4471.000 27581382.000 1.000 1590.000 490.000 699.000 32748.735 3676790.661 76090.756 403800.776 46873489.860 6006918624627.450
8140.000 4308.000 27581392.000 1.000 1590.000 490.000 700.000 29826.877 3046756.059 12734.113 429642.517 15402200.101 5880915291775.905
8024.000 4126.000 27581402.000 1.000 1590.000 490.000 691.000 26718.031 2655257.002 4782.341 935517.675 665395.338 3683269894427.224
7944.000 3950.000 27581412.000 1.000 1590.000 490.000 694.000 19948.728 2400937.652 60100.715 441905.418 35445178.128 5821589132718.231
7934.000 3806.000 27581422.000 1.000 1590.000 490.000 699.000 16751.149 2370047.734 151441.203 221254.054 83743808.358 6935050034285.024
7983.000 3682.000 27581433.000 1.000 1610.000 480.000 705.000 14990.082 2523319.335 263327.512 949916.318 119076792.317 3628209904791.938
8072.000 3620.000 27581443.000 1.000 1610.000 480.000 711.000 21863.572 2813992.612 330802.666 1292388.771 16311431.426 2440823782357.034
8230.000 3612.000 27581453.000 1.000 1610.000 490.000 710.000 31215.155 3369045.327 340069.138 1201283.185 28226286.748 2733795002105.725
8454.000 3641.000 27581463.000 1.000 1610.000 490.000 707.000 39907.508 4241523.506 307087.178 1129835.858 196145478.107 2975164485032.398
8723.000 3746.000 27581473.000 1.000 1620.000 500.000 700.000 48082.876 5421893.319 201739.739 127748.210 491977360.931 7436278992027.187
9026.000 3917.000 27581483.000 1.000 1620.000 500.000 705.000 49007.248 6924770.856 77369.910 34918.718 533838006.702 7951179845416.111
9308.000 4132.000 27581493.000 1.000 1620.000 500.000 700.000 49259.916 8488458.563 3988.487 1309991.581 545577603.093 2386131422381.403
9576.000 4367.000 27581503.000 1.000 1620.000 500.000 700.000 39780.961 10121916.384 29530.886 1810190.312 192616861.507 1091005439799.930
9803.000 4544.000 27581513.000 1.000 1620.000 500.000 699.000 26682.623 11617844.539 121693.203 2131096.931 608883.201 523604831691.595
9937.000 4683.000 27581523.000 1.000 1630.000 500.000 697.000 11262.240 12549277.449 237993.260 1042533.536 214331746.729 3283955883775.438
10008.000 4723.000 27581533.000 1.000 1630.000 500.000 697.000 3718.582 13057352.872 278620.902 654740.742 492117935.148 4839831165709.790
10026.000 4703.000 27581543.000 1.000 1640.000 500.000 699.000 8456.214 13187762.726 257907.081 1298777.895 304366381.381 2420900972637.713
10038.000 4643.000 27581553.000 1.000 1640.000 510.000 708.000 17854.028 13275062.628 200565.617 534315.335 64774896.545 5384195993290.258
10045.000 4514.000 27581563.000 1.000 1650.000 510.000 711.000 21720.275 13326120.571 101662.471 307721.510 17489444.485 6487111502407.354
10071.000 4359.000 27581573.000 1.000 1660.000 510.000 719.000 23946.914 13516622.360 26845.357 977400.152 3823586.489 3524263618592.951
10099.000 4188.000 27581583.000 1.000 1670.000 510.000 724.000 16874.554 13723290.132 51.186 282740.754 81500438.287 6614986555390.125
10152.000 4078.000 27581593.000 1.000 1670.000 510.000 749.000 14828.673 14118775.701 13725.170 24858.310 122625509.872 8008017405251.682
10220.000 3995.000 27581603.000 1.000 1690.000 510.000 794.000 15008.545 14634419.148 40061.812 290193.880 118674188.146 6576703796491.361
10307.000 3930.000 27581613.000 1.000 1700.000 520.000 821.000 17108.356 15307624.441 70306.894 459614.642 77333685.295 5736445225945.593
10397.000 3845.000 27581623.000 1.000 1710.000 520.000 827.000 13782.635 16019973.709 122608.154 48986.096 146886602.509 7872043811511.464
10442.000 3756.000 27581633.000 1.000 1710.000 520.000 840.000 13428.177 16382223.344 192856.650 907748.043 155604076.857 3790631152342.099
10457.000 3660.000 27581643.000 1.000 1720.000 520.000 839.000 19996.542 16503873.222 286390.308 1740376.785 34878134.850 1241721509911.047
10363.000 3550.000 27581653.000 1.000 1740.000 520.000 828.000 32589.717 15748959.986 416224.292 1275065.262 44721368.018 2495253393715.473
10160.000 3430.000 27581663.000 1.000 1740.000 520.000 756.000 41815.949 14178959.636 585461.365 5778964.152 253243800.649 8551306968286.899
9884.000 3306.000 27581673.000 1.000 1750.000 520.000 448.000 0.000 12176581.880 790595.674 0.000 670929835.176 8149325622629.736
