2529.000 5777.000 44566553.000 0.000 1430.000 450.000 3.000 6664.941 8826169.001 2608763.361 627222.050 206912629.899 4518057939.467
2495.000 5764.000 44566563.000 1.000 1430.000 450.000 50.000 3239.370 9029345.310 2566938.028 593128.647 317197130.437 10263696547.179
2483.000 5777.000 44566573.000 1.000 1450.000 450.000 70.000 0.000 9101606.596 2608763.361 670512.200 443077195.254 572470248.249
2483.000 5777.000 44566583.000 1.000 1450.000 450.000 91.000 3662.000 9101606.596 2608763.361 1224203.853 302321641.501 280651275732.916
2499.000 5789.000 44566593.000 1.000 1450.000 450.000 139.000 10347.985 9005322.215 2647671.361 937553.113 114520260.071 59104690499.566
2554.000 5802.000 44566603.000 1.000 1450.000 450.000 176.000 15468.428 8678249.656 2690146.694 895712.383 31147236.506 40511155649.238
2635.000 5826.000 44566613.000 1.000 1460.000 460.000 232.000 20360.358 8207576.977 2769450.694 126880.427 474777.401 322122223550.841
2744.000 5848.000 44566623.000 1.000 1460.000 460.000 260.000 21053.315 7594912.632 2843158.028 777620.390 15.336 6919218422.604
2858.000 5863.000 44566633.000 1.000 1460.000 460.000 279.000 25300.286 6979566.418 2893968.028 510175.741 18070040.894 33952782964.833
2996.000 5870.000 44566643.000 1.000 1470.000 460.000 306.000 28086.609 6269449.632 2917833.361 612235.315 49522325.589 6757371926.668
3149.000 5881.000 44566653.000 1.000 1470.000 460.000 305.000 31430.330 5526669.239 2955534.028 233743.446 107763729.910 212239979310.266
3320.000 5896.000 44566663.000 1.000 1470.000 460.000 309.000 30153.741 4751906.918 3007334.028 123214.399 82889044.554 326297031256.895
3484.000 5911.000 44566673.000 1.000 1470.000 460.000 309.000 29480.806 4063800.013 3059584.028 988330.039 71088625.204 86372207012.746
3644.000 5929.000 44566683.000 1.000 1470.000 460.000 309.000 24083.045 3444316.203 3122878.028 2138508.394 9203008.487 2085337712906.114
3774.000 5949.000 44566693.000 1.000 1480.000 460.000 304.000 12403.589 2978685.608 3193964.694 1383459.473 74750029.321 474749831642.751
3841.000 5959.000 44566703.000 1.000 1480.000 460.000 276.000 4847.830 2751905.763 3229808.028 686484.013 262490835.747 63274666.839
3867.000 5964.000 44566713.000 1.000 1480.000 460.000 170.000 1098.600 2666319.644 3247804.694 1613260.227 398034377.888 844233273206.270
3861.000 5964.000 44566723.000 1.000 1480.000 460.000 80.000 9909.415 2685950.287 3247804.694 1082206.508 124099241.929 150363988863.722
3809.000 5949.000 44566733.000 1.000 1480.000 460.000 48.000 15819.882 2859098.525 3193964.694 470158.870 27347847.306 50301375085.182
3726.000 5925.000 44566743.000 1.000 1480.000 460.000 68.000 18387.653 3146674.751 3108756.694 90690.712 7084891.388 364511452493.422
3629.000 5899.000 44566753.000 1.000 1490.000 460.000 63.000 17892.346 3500217.810 3017748.028 215694.363 9966983.194 229195997065.035
3536.000 5869.000 44566763.000 1.000 1480.000 460.000 115.000 16714.332 3856851.775 2914418.028 596318.798 18792805.275 9627485830.661
3453.000 5831.000 44566773.000 1.000 1480.000 460.000 186.000 13457.539 4189746.001 2786117.361 303558.560 57636337.175 152787166973.280
3392.000 5790.000 44566783.000 1.000 1480.000 460.000 221.000 11799.655 4443187.203 2650926.694 135192.068 85557762.744 312756628188.623
3344.000 5747.000 44566793.000 1.000 1480.000 460.000 262.000 12538.006 4647848.346 2512753.361 757883.492 72443809.585 4025260601.938
3311.000 5687.000 44566803.000 1.000 1480.000 460.000 306.000 16677.184 4791225.882 2326133.361 667750.320 19116263.382 712261647.221
3297.000 5597.000 44566813.000 1.000 1470.000 470.000 342.000 20324.100 4852710.715 2059703.361 1416942.421 526058.536 522011842887.480
3297.000 5486.000 44566823.000 1.000 1460.000 470.000 363.000 28062.726 4852710.715 1753417.361 115831.440 49186756.611 334786188321.159
3306.000 5333.000 44566833.000 1.000 1460.000 470.000 393.000 28695.339 4813139.751 1371631.361 226884.886 58460399.576 218606429187.379
3321.000 5177.000 44566843.000 1.000 1460.000 470.000 409.000 29934.470 4747548.144 1030563.361 557425.246 78944487.944 18772645610.010
3343.000 5015.000 44566853.000 1.000 1460.000 470.000 420.000 32978.846 4652161.120 727893.361 348707.908 142311707.430 119529677163.463
3363.000 4836.000 44566863.000 1.000 1460.000 470.000 440.000 34883.313 4566285.644 454500.694 344986.217 191377178.536 122116933388.595
3377.000 4646.000 44566873.000 1.000 1450.000 470.000 449.000 32999.172 4506648.810 234417.361 548086.047 142797076.459 21419055280.718
3386.000 4466.000 44566883.000 1.000 1450.000 470.000 443.000 35992.542 4468517.846 92517.361 458121.510 223297524.853 55845743630.679
3371.000 4270.000 44566893.000 1.000 1440.000 470.000 447.000 38494.571 4532159.453 11700.028 856910.014 304334028.602 26396976451.832
3329.000 4064.000 44566903.000 1.000 1440.000 470.000 450.000 33814.560 4712749.953 9571.361 662225.277 162949337.180 1037694989.586
3270.000 3889.000 44566913.000 1.000 1440.000 470.000 455.000 37431.301 4972395.608 74438.028 831553.411 268366715.478 18800484969.934
3166.000 3713.000 44566923.000 1.000 1430.000 480.000 463.000 32889.775 5447028.084 201451.361 264978.841 140194505.513 184435642083.824
3037.000 3588.000 44566933.000 1.000 1430.000 480.000 472.000 31442.594 6065811.906 329284.694 616885.506 108018503.793 6014474711.219
2892.000 3496.000 44566943.000 1.000 1430.000 480.000 497.000 28073.476 6801074.108 443334.028 379970.951 49337658.705 98889871135.292
2760.000 3418.000 44566953.000 1.000 1430.000 480.000 522.000 25998.266 7506980.251 553288.028 108430.538 24491285.291 343405390714.200
2625.000 3374.000 44566963.000 1.000 1420.000 480.000 527.000 25406.073 8264974.715 620681.361 991567.613 18980608.965 88285679782.129
2488.000 3352.000 44566973.000 1.000 1420.000 480.000 524.000 19990.630 9071462.727 655830.028 765216.464 1120991.644 5009513039.413
2380.000 3368.000 44566983.000 1.000 1420.000 480.000 521.000 15811.403 9733694.299 630171.361 215325.051 27436601.348 229549745403.137
2304.000 3409.000 44566993.000 1.000 1410.000 490.000 499.000 14635.406 10213693.108 566758.028 70583.402 41139305.288 389195246309.957
2249.000 3467.000 44567003.000 1.000 1410.000 490.000 394.000 15020.897 10568265.668 482793.361 1390181.989 36342835.503 484058932215.803
2236.000 3548.000 44567013.000 1.000 1410.000 490.000 137.000 22613.371 10652957.727 376791.361 148007.589 2446008.640 298586795685.815
4232.000 4238.000 44567184.000 0.000 1400.000 470.000 101.000 8790.707 1607537.203 5801.361 267855.708 150275527.800 181972921515.380
4204.000 4199.000 44567194.000 1.000 1400.000 470.000 195.000 10253.600 1679322.870 1381.361 730677.395 116549274.506 1313253850.695
4148.000 4199.000 44567204.000 1.000 1400.000 470.000 212.000 14244.192 1827598.203 1381.361 748637.491 46310841.341 2937525151.323
4092.000 4145.000 44567214.000 1.000 1420.000 470.000 242.000 18332.873 1982145.537 283.361 976363.172 7379513.121 79481492207.918
4036.000 4062.000 44567224.000 1.000 1420.000 470.000 264.000 23665.277 2142964.870 9966.694 523011.967 6842818.085 29387073530.483
3979.000 3946.000 44567234.000 1.000 1420.000 470.000 311.000 26521.705 2313096.977 46584.028 362683.748 29946133.739 110061248981.814
3924.000 3812.000 44567244.000 1.000 1420.000 470.000 334.000 28502.501 2483419.537 122383.361 1538770.935 55548730.487 712897175515.456
3870.000 3666.000 44567254.000 1.000 1420.000 470.000 371.000 20098.509 2656531.322 245850.694 763308.928 904191.656 4743128896.992
3838.000 3561.000 44567264.000 1.000 1420.000 470.000 377.000 15929.700 2761868.084 361000.694 413282.883 26211317.119 79048509367.371
3838.000 3474.000 44567274.000 1.000 1420.000 470.000 394.000 13672.557 2761868.084 473114.694 554341.109 54417796.839 19627293114.846
3848.000 3400.000 44567284.000 1.000 1400.000 480.000 396.000 10645.025 2728730.346 580390.028 263586.183 108250996.846 185633762580.355
3892.000 3362.000 44567294.000 1.000 1400.000 480.000 415.000 12084.600 2585300.299 639733.361 543147.474 80367619.830 22888989828.529
3958.000 3362.000 44567304.000 1.000 1400.000 480.000 422.000 15050.998 2377415.227 639733.361 1522849.841 35980813.700 686265266227.875
4039.000 3376.000 44567314.000 1.000 1390.000 480.000 414.000 23368.037 2134190.549 617534.028 726069.501 5376082.506 1000517029.533
4147.000 3444.000 44567324.000 1.000 1390.000 480.000 414.000 27333.463 1830302.977 515284.694 35247.299 39489461.254 434533106054.136
4256.000 3546.000 44567334.000 1.000 1390.000 480.000 414.000 27525.966 1547254.632 379250.694 93247.154 41945921.031 361431095225.620
4338.000 3672.000 44567344.000 1.000 1390.000 480.000 414.000 28035.235 1349981.179 239936.694 401031.296 48801905.617 86087816993.228
4400.000 3812.000 44567354.000 1.000 1390.000 480.000 414.000 25845.004 1209751.203 122383.361 872695.798 22997828.001 31775646286.276
4418.000 3952.000 44567364.000 1.000 1390.000 480.000 414.000 21078.779 1170479.275 44030.028 291133.028 863.189 162655344478.998
4396.000 4065.000 44567374.000 1.000 1390.000 480.000 414.000 19488.757 1218566.299 9376.694 572582.264 2435603.229 14848954559.570
4348.000 4160.000 44567384.000 1.000 1380.000 480.000 417.000 16361.601 1326843.441 3.361 146132.293 21975449.419 300639752013.656
4272.000 4207.000 44567394.000 1.000 1370.000 480.000 417.000 15563.500 1507706.251 2040.028 306719.782 30095087.055 150325843447.157
4187.000 4207.000 44567404.000 1.000 1370.000 480.000 418.000 17238.649 1723672.025 2040.028 973367.107 14521815.018 77801139631.174
4095.000 4187.000 44567414.000 1.000 1370.000 480.000 420.000 11922.608 1973707.215 633.361 578696.888 83298312.654 13396132438.264
4047.000 4143.000 44567424.000 1.000 1370.000 480.000 418.000 8762.057 2110880.358 354.694 91944.031 150978771.670 362999646027.536
4038.000 4096.000 44567434.000 1.000 1390.000 480.000 418.000 9264.209 2137113.322 4334.028 656495.163 138890701.653 1439700654.975
4054.000 4048.000 44567444.000 1.000 1390.000 480.000 422.000 12849.655 2090588.941 12958.028 1243855.793 67235800.494 301859306356.304
4107.000 4002.000 44567454.000 1.000 1390.000 480.000 422.000 19642.969 1940133.929 25546.694 1106646.330 1978045.144 169915253480.321
4212.000 3980.000 44567464.000 1.000 1390.000 480.000 422.000 25686.914 1658652.679 33063.361 1218624.430 21506546.038 274770836267.188
4352.000 3971.000 44567474.000 1.000 1400.000 480.000 420.000 32342.427 1317644.346 36417.361 955511.012 127532483.022 68158830153.669
4527.000 3995.000 44567484.000 1.000 1400.000 480.000 418.000 37560.947 946508.929 27833.361 611494.493 272631219.715 6879716674.563
4728.000 4036.000 44567494.000 1.000 1400.000 480.000 417.000 40900.622 595809.394 15834.028 1340541.016 394071057.432 417448395925.178
4945.000 4089.000 44567504.000 1.000 1420.000 470.000 422.000 33579.262 307899.477 5304.694 1004065.836 156997468.589 95869055926.098
5122.000 4137.000 44567514.000 1.000 1430.000 480.000 427.000 28095.560 142798.513 616.694 584814.076 49648385.845 12017525409.401
5274.000 4158.000 44567524.000 1.000 1430.000 480.000 428.000 24901.600 51024.894 14.694 1580227.339 14839453.095 784621777832.298
5410.000 4158.000 44567534.000 1.000 1430.000 480.000 428.000 16271.194 8079.656 14.694 591629.607 22831242.339 10569678863.586
5494.000 4129.000 44567544.000 1.000 1430.000 480.000 430.000 13040.011 34.656 1078.028 27381.690 64150294.990 444964855140.117
5538.000 4073.000 44567554.000 1.000 1430.000 480.000 435.000 13189.556 1452.608 7891.361 717439.815 61777130.862 529058168.599
5555.000 4003.000 44567564.000 1.000 1430.000 480.000 436.000 17107.851 3037.453 25228.028 584210.761 15535800.073 12150165578.056
5546.000 3910.000 44567574.000 1.000 1440.000 470.000 440.000 20298.516 2126.418 63420.028 387867.871 563825.172 93985581529.092
5517.000 3803.000 44567584.000 1.000 1430.000 480.000 442.000 22416.855 292.858 128761.361 711310.359 1869936.107 284657922.061
5475.000 3688.000 44567594.000 1.000 1430.000 480.000 466.000 18532.036 619.358 224518.028 397406.648 6337116.114 88227951102.770
5425.000 3600.000 44567604.000 1.000 1430.000 480.000 480.000 16361.601 5608.049 315656.694 542934.712 21975449.419 22953413080.234
5378.000 3524.000 44567614.000 1.000 1430.000 480.000 496.000 13396.365 14856.418 406831.361 1114366.741 58568928.312 176339685176.604
5351.000 3456.000 44567624.000 1.000 1430.000 490.000 489.000 7310.255 22167.310 498200.694 872755.122 188764075.890 31796799671.515
5336.000 3419.000 44567634.000 1.000 1430.000 490.000 494.000 2543.706 26858.918 551801.361 60661.030 342460670.767 401673945491.128
5343.000 3407.000 44567644.000 1.000 1430.000 490.000 507.000 2212.406 24613.501 569773.361 1586792.389 354832302.591 796295373085.684
5354.000 3412.000 44567654.000 1.000 1420.000 490.000 510.000 10878.667 21282.989 562250.028 1555182.738 103443787.963 740880556315.035
5397.000 3453.000 44567664.000 1.000 1420.000 490.000 502.000 19372.292 10585.715 502444.694 1606398.737 2812687.650 831671381761.115
5460.000 3538.000 44567674.000 1.000 1420.000 490.000 502.000 28145.633 1590.965 389168.028 1447760.348 50356537.997 567493730588.631
5562.000 3653.000 44567684.000 1.000 1420.000 490.000 499.000 36052.571 3858.037 258911.361 53417.777 225095172.205 410907632058.538
5693.000 3800.000 44567694.000 1.000 1410.000 500.000 504.000 36344.312 37292.668 130923.361 1012371.985 233934365.863 101081668772.966
5843.000 3930.000 44567704.000 1.000 1410.000 500.000 509.000 30815.246 117726.596 53746.694 1519711.873 95371769.023 681076056830.189
5961.000 4050.000 44567714.000 1.000 1410.000 500.000 505.000 22515.345 212625.287 12506.694 780407.721 2148997.884 7390698276.458
6066.000 4114.000 44567724.000 1.000 1420.000 500.000 505.000 18253.151 320484.037 2288.028 621408.808 7819002.478 5333343289.616
6163.000 4137.000 44567734.000 1.000 1420.000 500.000 505.000 14859.329 439718.977 616.694 364152.759 38316965.721 109088704066.782
6244.000 4132.000 44567744.000 1.000 1420.000 500.000 509.000 12870.510 553704.299 890.028 663320.948 66894224.106 968305185.348
6298.000 4087.000 44567754.000 1.000 1420.000 500.000 512.000 16493.235 636984.513 5600.028 567328.941 20758629.744 16156852827.243
6333.000 4004.000 44567764.000 1.000 1420.000 500.000 520.000 19591.700 694077.429 24911.361 1005768.300 2124886.166 96926212923.733
6333.000 3897.000 44567774.000 1.000 1420.000 500.000 522.000 25084.700 694077.429 70136.694 756852.456 16283654.737 3895495599.763
6333.000 3760.000 44567784.000 1.000 1430.000 500.000 536.000 20951.153 694077.429 161470.028 566936.375 9652.262 16256804757.233
6315.000 3647.000 44567794.000 1.000 1440.000 500.000 546.000 17854.832 664409.358 265053.361 312116.471 10205257.861 146170172473.204
6325.000 3550.000 44567804.000 1.000 1440.000 500.000 562.000 16150.209 680811.620 374340.028 227698.583 24002061.956 217846197261.901
6373.000 3476.000 44567814.000 1.000 1440.000 500.000 567.000 14906.634 762326.477 470367.361 1150596.372 37733560.968 208079958115.626
6445.000 3438.000 44567824.000 1.000 1440.000 500.000 566.000 21190.612 893238.763 523934.694 1662685.691 19941.132 937502525086.426
6560.000 3425.000 44567834.000 1.000 1440.000 500.000 567.000 30271.364 1123839.775 542923.361 1231892.589 85044639.779 288856843499.960
6722.000 3458.000 44567844.000 1.000 1440.000 500.000 566.000 36999.341 1493560.418 495381.361 296931.805 254400652.082 158011612718.002
6914.000 3521.000 44567854.000 1.000 1440.000 500.000 566.000 35377.649 1999715.846 410667.361 225630.285 205298750.109 219781189801.119
7088.000 3605.000 44567864.000 1.000 1450.000 510.000 564.000 36609.928 2522103.203 310063.361 751466.935 242130064.983 3252236638.680
7265.000 3698.000 44567874.000 1.000 1450.000 510.000 561.000 32505.794 3115624.239 215141.361 486211.064 131248988.033 43358686134.108
7411.000 3799.000 44567884.000 1.000 1450.000 510.000 560.000 29850.354 3652353.263 131648.028 1727381.513 77456810.169 1066971163778.276
7534.000 3906.000 44567894.000 1.000 1450.000 510.000 565.000 20416.266 4137616.084 65450.694 750862.522 400857.305 3183664559.833
7597.000 3998.000 44567904.000 1.000 1450.000 510.000 561.000 16315.433 4397883.334 26841.361 295894.361 22410433.413 158837470984.212
7611.000 4086.000 44567914.000 1.000 1450.000 510.000 545.000 14699.407 4456798.501 5750.694 403444.554 40322397.493 84677505999.042
7592.000 4164.000 44567924.000 1.000 1460.000 520.000 542.000 16902.818 4376937.203 4.694 87862.549 17194133.397 367934445595.728
7533.000 4235.000 44567934.000 1.000 1460.000 520.000 551.000 16422.957 4133548.858 5353.361 173475.165 21403964.918 271402849031.622
7456.000 4281.000 44567944.000 1.000 1460.000 520.000 550.000 17370.391 3826378.441 14200.694 397892.962 13535099.338 87939286058.811
7366.000 4311.000 44567954.000 1.000 1460.000 520.000 550.000 15197.300 3482378.084 22250.694 203767.413 34247061.870 240758165175.544
7283.000 4311.000 44567964.000 1.000 1480.000 510.000 551.000 14084.425 3179492.310 22250.694 13909.375 48510861.826 463119958706.710
7214.000 4277.000 44567974.000 1.000 1480.000 510.000 556.000 14160.391 2938183.703 13263.361 894218.104 47458430.240 39911869996.659
7155.000 4227.000 44567984.000 1.000 1480.000 510.000 561.000 19044.160 2739399.358 4246.694 911007.092 4020983.161 46901933167.437
7098.000 4140.000 44567994.000 1.000 1480.000 510.000 570.000 24019.622 2553965.465 476.694 638107.345 8822225.094 3173204713.083
7045.000 4020.000 44568004.000 1.000 1490.000 520.000 566.000 27504.643 2387374.477 20116.694 269956.598 41670176.022 180184927998.212
6999.000 3877.000 44568014.000 1.000 1500.000 510.000 567.000 28979.010 2247340.072 81130.028 1182406.701 62878731.744 238112915902.390
6979.000 3720.000 44568024.000 1.000 1500.000 510.000 575.000 22521.300 2187775.549 195216.694 683393.102 2166492.764 122001932.566
6979.000 3597.000 44568034.000 1.000 1500.000 510.000 584.000 18788.951 2187775.549 319036.694 361760.191 5109624.838 110674890879.611
7006.000 3498.000 44568044.000 1.000 1500.000 510.000 595.000 20764.703 2268376.656 440674.694 45203.545 81051.772 421506092366.585
7075.000 3408.000 44568054.000 1.000 1490.000 520.000 588.000 20517.824 2480981.263 568264.694 1400902.861 282571.905 499091822010.240
7169.000 3347.000 44568064.000 1.000 1490.000 520.000 592.000 28168.850 2785938.525 663953.361 1044521.415 50686583.558 122558012016.525
7317.000 3305.000 44568074.000 1.000 1490.000 520.000 594.000 33873.500 3301900.001 734163.361 925562.261 164457568.290 53418169555.288
7502.000 3305.000 44568084.000 1.000 1490.000 520.000 592.000 38928.455 4008456.846 734163.361 1667993.577 319660646.005 947809389623.415
7711.000 3344.000 44568094.000 1.000 1480.000 510.000 584.000 48038.196 4889021.120 668851.361 695073.783 728395167.363 403520.329
7963.000 3417.000 44568104.000 1.000 1480.000 510.000 580.000 44242.053 6066926.120 554776.694 383637.162 537899202.877 96597503093.528
8191.000 3497.000 44568114.000 1.000 1470.000 520.000 570.000 42146.820 7242089.691 442003.361 310350.472 445101175.865 147523652045.822
8402.000 3589.000 44568124.000 1.000 1470.000 520.000 561.000 40451.842 8422260.418 328138.028 184705.787 376454797.140 259827490185.347
8599.000 3689.000 44568134.000 1.000 1480.000 530.000 562.000 39443.072 9604501.977 223571.361 446866.536 338327209.059 61291902363.588
8773.000 3816.000 44568144.000 1.000 1480.000 530.000 565.000 37002.512 10713269.334 119600.694 1056021.011 254501816.670 130741875741.234
8931.000 3942.000 44568154.000 1.000 1480.000 530.000 570.000 31235.057 11772537.072 48326.694 1876396.166 103747630.348 1397023804838.446
9046.000 4068.000 44568164.000 1.000 1480.000 530.000 561.000 20987.126 12574918.084 8804.694 1722396.982 3877.918 1056698536891.940
9113.000 4161.000 44568174.000 1.000 1490.000 530.000 566.000 11580.261 13054586.239 0.694 1315731.149 89664573.110 386004492950.882
9149.000 4213.000 44568184.000 1.000 1490.000 530.000 570.000 4394.400 13316026.382 2618.028 459447.337 277388989.311 55220870422.203
9149.000 4237.000 44568194.000 1.000 1490.000 530.000 572.000 1885.130 13316026.382 5650.028 345980.816 367269203.567 121422792732.873
9140.000 4242.000 44568204.000 1.000 1510.000 530.000 574.000 3774.703 13250423.346 6426.694 687076.708 298415119.425 54196724.995
9127.000 4226.000 44568214.000 1.000 1510.000 530.000 581.000 7527.170 13155949.406 4117.361 1066387.583 182850675.197 138346082777.686
9100.000 4195.000 44568224.000 1.000 1520.000 530.000 589.000 13351.242 12960814.299 1100.028 643567.570 59261620.097 2587856657.031
9069.000 4129.000 44568234.000 1.000 1530.000 530.000 595.000 16866.084 12738568.287 1078.028 273922.178 17500123.792 176834019540.559
9036.000 4043.000 44568244.000 1.000 1530.000 530.000 589.000 18362.109 12504095.822 14121.361 271214.128 7221527.160 179118911800.459
9020.000 3944.000 44568254.000 1.000 1540.000 530.000 605.000 19843.344 12391196.203 47451.361 148544.819 1454568.491 297999966090.994
9029.000 3836.000 44568264.000 1.000 1550.000 520.000 616.000 20654.621 12454639.239 106167.361 205446.806 155849.613 239112926189.153
9054.000 3726.000 44568274.000 1.000 1550.000 520.000 624.000 19532.574 12631719.894 189950.694 277248.921 2300757.864 174047186962.347
9108.000 3634.000 44568284.000 1.000 1550.000 520.000 645.000 18018.380 13018480.108 278608.028 107274.262 9187075.745 344761901689.711
9168.000 3556.000 44568294.000 1.000 1550.000 520.000 646.000 18604.258 13455053.679 367034.028 46845.586 5978714.161 419376647669.898
9228.000 3474.000 44568304.000 1.000 1550.000 520.000 658.000 18348.411 13898827.251 473114.694 330949.039 7295335.790 132124624970.509
9287.000 3393.000 44568314.000 1.000 1550.000 520.000 658.000 16540.934 14342225.596 591104.694 336348.658 20326256.012 128228371110.662
9327.000 3312.000 44568324.000 1.000 1550.000 520.000 659.000 14703.967 14646794.644 722216.694 186419.603 40264506.360 258083251019.008
9320.000 3232.000 44568334.000 1.000 1550.000 520.000 662.000 15722.097 14593264.060 864590.028 1096154.700 28380145.838 161375864769.106
9282.000 3155.000 44568344.000 1.000 1550.000 520.000 659.000 21708.742 14304379.465 1013713.361 958295.047 434733.286 69620250745.254
9191.000 3079.000 44568354.000 1.000 1550.000 520.000 655.000 26942.467 13624315.882 1172528.028 689749.785 34728251.294 21984521.914
9065.000 3003.000 44568364.000 1.000 1550.000 520.000 644.000 30709.533 12710031.382 1342894.694 703667.582 93318190.278 85175022.428
8916.000 2926.000 44568374.000 1.000 1550.000 520.000 591.000 26866.455 11669828.679 1527284.028 4919247.911 33838141.338 17849014132568.422
8777.000 2879.000 44568384.000 1.000 1550.000 520.000 91.000 0.000 10739470.239 1645661.361 0.000 443077195.254 482244900420.541
