4535.000 5041.000 51358786.000 0.000 1260.000 500.000 240.000 18940.441 1588272.071 44987.695 1496722.758 93026440.495 896506132021.639
4532.000 4945.000 51358796.000 1.000 1260.000 500.000 256.000 11350.569 1595842.671 94927.477 2043893.007 4223639.629 2232066855154.413
4475.000 4953.000 51358806.000 1.000 1260.000 500.000 247.000 986.000 1743104.071 90061.829 194439.200 69046451.772 126340067957.052
4475.000 4948.000 51358816.000 1.000 1250.000 510.000 270.000 0.000 1743104.071 93087.859 592321.949 86404822.949 1801091495.640
4475.000 4948.000 51358826.000 1.000 1250.000 510.000 314.000 3003.661 1743104.071 93087.859 898153.119 39586224.527 121292298208.449
4489.000 4954.000 51358836.000 1.000 1250.000 510.000 336.000 7558.190 1706332.604 89462.623 958223.986 3017966.199 166742621631.431
4527.000 4959.000 51358846.000 1.000 1260.000 510.000 363.000 12417.338 1608500.338 86496.592 1122636.133 9746375.367 328046517145.867
4580.000 4993.000 51358856.000 1.000 1260.000 510.000 367.000 18110.219 1476873.071 67653.586 248756.757 77700690.920 90676821911.403
4655.000 5046.000 51358866.000 1.000 1260.000 510.000 369.000 16848.775 1300208.071 42891.665 881611.391 57053179.904 110043937251.374
4735.000 5076.000 51358876.000 1.000 1260.000 510.000 367.000 12378.129 1124165.404 31365.483 719329.004 9503098.104 28712056487.077
4793.000 5100.000 51358886.000 1.000 1260.000 510.000 361.000 8730.416 1004538.471 23440.538 683981.101 319228.910 17982386332.644
4835.000 5114.000 51358896.000 1.000 1260.000 510.000 359.000 5261.952 922112.071 19349.653 158370.334 16268859.756 153281917601.932
4861.000 5120.000 51358906.000 1.000 1260.000 510.000 270.000 4458.857 872854.204 17716.417 242267.102 23392336.435 94627344245.886
4713.000 5224.000 51358986.000 0.000 1260.000 510.000 143.000 14287.137 1171301.138 846.986 1997083.446 24917243.993 2094390055146.302
4688.000 5292.000 51358996.000 1.000 1260.000 510.000 191.000 4159.939 1226039.471 1512.974 548125.091 26373159.561 3089121.479
4677.000 5310.000 51359006.000 1.000 1260.000 510.000 208.000 1380.400 1250520.338 3237.265 466654.080 62647533.062 6926999970.949
4670.000 5310.000 51359016.000 1.000 1270.000 510.000 226.000 3746.800 1266225.071 3237.265 1322186.560 30787177.919 596453282014.593
4670.000 5291.000 51359026.000 1.000 1270.000 510.000 287.000 10451.600 1266225.071 1436.180 1061858.304 1336753.440 262119038875.143
4670.000 5238.000 51359036.000 1.000 1270.000 510.000 329.000 15836.277 1266225.071 228.102 700771.498 42782817.351 22767435192.594
4677.000 5158.000 51359046.000 1.000 1270.000 510.000 362.000 19389.885 1250520.338 9044.586 45801.278 101898234.526 254098060526.615
4685.000 5060.000 51359056.000 1.000 1270.000 510.000 399.000 19622.143 1232692.071 37288.780 338607.782 106641219.059 44637082811.732
4695.000 4961.000 51359066.000 1.000 1270.000 510.000 431.000 17905.065 1210586.738 85324.180 159951.286 74125996.314 152046492556.145
4707.000 4871.000 51359076.000 1.000 1270.000 510.000 453.000 17093.953 1184324.338 146002.726 1131582.111 60817125.365 338374227236.022
4724.000 4786.000 51359086.000 1.000 1260.000 510.000 465.000 11355.707 1147612.271 218185.241 631720.143 4244784.745 6697370239.176
4744.000 4732.000 51359096.000 1.000 1270.000 520.000 475.000 8152.258 1105161.604 271548.368 253233.788 1306818.125 88000565527.551
4766.000 4697.000 51359106.000 1.000 1270.000 520.000 480.000 6868.111 1059389.871 309250.580 38510.596 5891826.363 261501408988.730
4793.000 4675.000 51359116.000 1.000 1250.000 530.000 493.000 6672.824 1004538.471 334203.114 174594.175 6878006.950 140841462494.618
4825.000 4664.000 51359126.000 1.000 1270.000 530.000 490.000 7558.190 941417.404 347042.380 1022534.061 3017966.199 223399327319.547
4862.000 4674.000 51359136.000 1.000 1270.000 530.000 495.000 12743.454 870986.671 335360.320 1191759.269 11888942.185 412005554634.878
4922.000 4698.000 51359146.000 1.000 1270.000 530.000 443.000 18786.858 762594.671 308139.374 698060.392 90087405.547 21956634132.392
4996.000 4758.000 51359156.000 1.000 1250.000 540.000 178.000 15246.998 638827.204 245127.011 101796.764 35421287.111 200780988725.870
5497.000 5252.000 51359247.000 0.000 1260.000 540.000 235.000 19944.516 88963.004 1.217 2574764.675 113403257.105 4100147090926.248
5567.000 5325.000 51359257.000 1.000 1260.000 540.000 242.000 6887.900 52105.671 5169.174 33821.772 5796149.953 266318861466.377
5553.000 5357.000 51359267.000 1.000 1260.000 540.000 306.000 6716.390 58693.138 10794.580 5696.714 6651392.959 296138366330.127
5531.000 5383.000 51359277.000 1.000 1260.000 540.000 387.000 6745.278 69836.871 16873.223 194908.930 6503221.469 126006363670.967
5504.000 5404.000 51359287.000 1.000 1280.000 540.000 443.000 7733.660 84836.271 22769.895 90965.008 2439092.613 210605430296.915
5467.000 5417.000 51359297.000 1.000 1280.000 540.000 495.000 7272.377 107759.004 26862.217 46692.030 4092700.797 253200830930.542
5431.000 5409.000 51359307.000 1.000 1280.000 540.000 505.000 7509.152 132690.204 24303.865 1024067.291 3190751.441 224851044665.479
5398.000 5390.000 51359317.000 1.000 1290.000 530.000 522.000 12702.191 157820.804 18740.780 124877.689 11606092.322 180629242951.887
5368.000 5333.000 51359327.000 1.000 1290.000 530.000 527.000 13335.445 182556.804 6383.526 346631.061 16321806.359 41311220902.051
5341.000 5271.000 51359337.000 1.000 1290.000 530.000 546.000 15093.209 206358.204 320.302 175106.304 33614363.543 140457332516.481
5318.000 5198.000 51359347.000 1.000 1290.000 530.000 551.000 14205.246 227783.471 3036.344 172387.507 24106396.647 142502606150.779
5301.000 5128.000 51359357.000 1.000 1300.000 530.000 561.000 13331.070 244299.538 15650.768 723382.844 16286475.276 30102306672.487
5292.000 5061.000 51359367.000 1.000 1300.000 530.000 561.000 9662.800 253277.338 36903.574 505541.920 134968.461 1966103057.574
5292.000 5012.000 51359377.000 1.000 1300.000 530.000 569.000 7099.200 253277.338 58130.671 266196.533 4823379.919 80477830384.831
5292.000 4976.000 51359387.000 1.000 1300.000 530.000 575.000 5749.319 253277.338 76786.089 495957.803 12574828.477 2907892432.672
5303.000 4949.000 51359397.000 1.000 1300.000 530.000 580.000 3234.320 242326.471 92478.653 132265.984 36736926.671 174403705344.903
5316.000 4939.000 51359407.000 1.000 1300.000 530.000 592.000 2563.600 229696.538 98660.714 138166.405 45317393.250 169510291658.812
5329.000 4939.000 51359417.000 1.000 1300.000 530.000 606.000 3264.241 217404.604 98660.714 1069123.350 36375113.624 269610872677.140
5344.000 4946.000 51359427.000 1.000 1290.000 530.000 610.000 8685.759 203641.604 94312.271 929825.214 371685.877 144356328626.540
5372.000 4980.000 51359437.000 1.000 1290.000 530.000 613.000 13400.897 179154.671 74585.265 453753.059 16854945.826 9240904164.107
5409.000 5037.000 51359447.000 1.000 1290.000 530.000 616.000 15701.876 149201.938 46700.520 99017.670 41042685.391 203279257854.384
5443.000 5109.000 51359457.000 1.000 1290.000 530.000 617.000 15199.758 124091.804 20765.683 280804.518 34861213.588 72403057630.592
5473.000 5180.000 51359467.000 1.000 1290.000 530.000 619.000 13775.800 103855.804 5344.053 1022398.584 20073809.778 223271278891.461
5501.000 5244.000 51359477.000 1.000 1290.000 530.000 617.000 8591.223 86592.871 82.865 824630.648 495892.655 75486445547.138
5524.000 5281.000 51359487.000 1.000 1290.000 530.000 616.000 4409.526 73585.604 778.241 675119.327 23871954.908 15684217581.784
5534.000 5301.000 51359497.000 1.000 1290.000 530.000 614.000 986.000 68260.271 2294.120 443368.704 69046451.772 11345227227.929
5534.000 5296.000 51359507.000 1.000 1280.000 530.000 624.000 3234.320 68260.271 1840.150 631866.662 36736926.671 6721373193.277
5547.000 5286.000 51359517.000 1.000 1280.000 530.000 631.000 6438.512 61636.338 1082.211 452402.633 8161920.238 9502359695.459
5562.000 5257.000 51359527.000 1.000 1280.000 530.000 639.000 8732.643 54413.338 15.186 98604.733 316717.345 203651786061.179
5581.000 5217.000 51359537.000 1.000 1290.000 530.000 647.000 9232.667 45910.204 1303.429 49683.357 3937.871 250199363408.717
5597.000 5173.000 51359547.000 1.000 1290.000 530.000 636.000 8980.723 39309.671 6416.495 203379.656 99033.862 120064346111.549
5612.000 5130.000 51359557.000 1.000 1290.000 530.000 638.000 7949.386 33586.671 15154.356 186689.832 1811806.077 131909045331.413
5632.000 5095.000 51359567.000 1.000 1290.000 530.000 641.000 7002.683 26656.004 24996.568 220793.205 5256640.478 108299883002.540
5651.000 5065.000 51359577.000 1.000 1290.000 530.000 636.000 5883.042 20812.871 35382.750 164121.278 11644319.934 148811859796.706
5670.000 5042.000 51359587.000 1.000 1290.000 530.000 644.000 5050.784 15691.738 44564.489 126456.078 18016930.193 179290087856.100
5690.000 5026.000 51359597.000 1.000 1290.000 530.000 638.000 4409.526 11081.071 51575.786 169577.407 23871954.908 144632101187.898
5710.000 5016.000 51359607.000 1.000 1290.000 530.000 614.000 3549.600 7270.404 56217.847 126785.796 33014441.274 179010973824.896
5728.000 5016.000 51359617.000 1.000 1280.000 540.000 539.000 4192.530 4524.804 56217.847 1666242.583 26039480.847 1246259431510.626
5744.000 5030.000 51359627.000 1.000 1280.000 540.000 364.000 12642.036 2628.271 49774.962 306976.704 11199842.262 59003313506.276
5770.000 5478.000 51359697.000 0.000 1290.000 550.000 122.000 23538.775 638.404 50578.647 3397435.550 202873177.022 8108557343579.466
5788.000 5596.000 51359707.000 1.000 1290.000 550.000 200.000 6310.400 52.804 117578.332 661093.280 8910341.180 12367797401.383
5788.000 5628.000 51359717.000 1.000 1290.000 550.000 301.000 2958.000 52.804 140547.738 583317.600 40162885.420 1117893830.016
5776.000 5637.000 51359727.000 1.000 1290.000 550.000 374.000 0.000 371.204 147376.883 0.000 86404822.949 302370962510.490
5776.000 5637.000 51359737.000 1.000 1290.000 550.000 400.000 0.000 371.204 147376.883 272214.880 86404822.949 77099407533.795
5776.000 5637.000 51359747.000 1.000 1290.000 550.000 409.000 1380.400 371.204 147376.883 116663.520 62647533.062 187678841179.234
5776.000 5630.000 51359757.000 1.000 1290.000 550.000 420.000 1972.000 371.204 142051.326 248929.504 53632472.596 90572814553.054
5784.000 5624.000 51359767.000 1.000 1300.000 550.000 417.000 3234.320 126.938 137564.562 149610.907 36736926.671 160217492803.963
5797.000 5614.000 51359777.000 1.000 1300.000 550.000 418.000 3992.996 3.004 130246.623 100212.702 28115694.556 202203089724.982
5814.000 5603.000 51359787.000 1.000 1300.000 550.000 417.000 4501.174 350.938 122427.889 52939.918 22984789.537 246952109378.826
5834.000 5592.000 51359797.000 1.000 1300.000 550.000 414.000 4769.632 1500.271 114851.156 55443.174 20482752.139 244470425764.763
5855.000 5580.000 51359807.000 1.000 1300.000 550.000 417.000 5050.784 3568.071 106861.629 39225.052 18016930.193 260771213727.843
5875.000 5564.000 51359817.000 1.000 1310.000 550.000 341.000 4851.874 6357.404 96656.926 272555.519 19745096.260 76910354604.813
5857.000 5415.000 51359878.000 0.000 1310.000 560.000 78.000 13282.851 3811.004 26210.629 1656560.458 15899610.281 1224735702816.618
5836.000 5351.000 51359888.000 1.000 1310.000 560.000 186.000 4882.443 1659.204 9583.817 40921.564 19474361.242 259041418290.919
5819.000 5333.000 51359898.000 1.000 1320.000 570.000 281.000 4674.930 563.271 6383.526 727456.996 21348922.856 31532637461.797
5798.000 5322.000 51359908.000 1.000 1320.000 570.000 389.000 986.000 7.471 4746.792 194439.200 69046451.772 126340067957.052
5793.000 5322.000 51359918.000 1.000 1320.000 570.000 438.000 0.000 5.138 4746.792 544429.760 86404822.949 29734343.929
5793.000 5322.000 51359928.000 1.000 1320.000 570.000 452.000 2760.800 5.138 4746.792 502657.278 42701251.495 2230238658.174
5793.000 5336.000 51359938.000 1.000 1320.000 570.000 453.000 5309.772 5.138 6871.908 508426.562 15885385.680 1718609775.910
5803.000 5361.000 51359948.000 1.000 1320.000 570.000 466.000 7888.000 59.804 11641.756 13180.454 1980829.538 288049280121.969
5827.000 5393.000 51359958.000 1.000 1320.000 570.000 468.000 7821.162 1007.004 19571.162 301573.424 2173435.060 61657486952.372
5860.000 5415.000 51359968.000 1.000 1320.000 570.000 466.000 6291.885 4190.404 26210.629 352276.897 9021219.256 39048045743.308
5887.000 5432.000 51359978.000 1.000 1320.000 570.000 463.000 4505.491 8415.004 32004.126 255242.862 22943414.658 86812622751.069
5908.000 5423.000 51359988.000 1.000 1320.000 570.000 473.000 5799.826 12708.804 28864.980 1045421.487 12219173.642 245558708570.252
5925.000 5399.000 51359998.000 1.000 1320.000 570.000 492.000 11101.152 16830.738 21285.926 307258.306 3260670.004 58866587188.273
5937.000 5344.000 51360008.000 1.000 1320.000 570.000 513.000 12659.257 20088.338 8262.259 225743.320 11315402.991 105066325141.254
5942.000 5280.000 51360018.000 1.000 1320.000 570.000 540.000 13804.000 21530.671 723.447 155551.360 20327298.480 155497190468.277
5942.000 5210.000 51360028.000 1.000 1320.000 570.000 546.000 13015.200 21530.671 1857.871 388878.400 13836767.261 25922378396.894
5942.000 5144.000 51360038.000 1.000 1320.000 570.000 570.000 11043.200 21530.671 11903.471 311102.720 3054736.814 57015869621.764
5942.000 5088.000 51360048.000 1.000 1320.000 570.000 567.000 9465.600 21530.671 27259.011 738868.960 28961.416 35715813771.675
5942.000 5040.000 51360058.000 1.000 1320.000 570.000 569.000 5718.800 21530.671 45412.902 209961.404 12792206.766 115546474338.937
5942.000 5011.000 51360068.000 1.000 1320.000 570.000 563.000 4654.087 21530.671 58613.877 255549.902 21541967.010 86631784604.777
5956.000 4992.000 51360078.000 1.000 1320.000 570.000 566.000 3358.195 25835.204 68174.792 156694.134 35250634.296 154597233239.378
5967.000 4979.000 51360088.000 1.000 1320.000 570.000 564.000 2563.600 29492.338 75132.471 368353.627 45317393.250 32952797329.516
5980.000 4979.000 51360098.000 1.000 1320.000 570.000 568.000 4431.519 34126.404 75132.471 640734.746 23657527.691 8254097773.130
5999.000 4991.000 51360108.000 1.000 1320.000 570.000 526.000 7680.681 41507.271 68697.998 640560.816 2607380.296 8222524225.332
6028.000 5017.000 51360118.000 1.000 1320.000 570.000 358.000 10928.961 54164.804 55744.641 111870.549 2668457.961 191854627497.796
6215.000 5419.000 51360198.000 0.000 1300.000 550.000 285.000 15467.320 176176.071 27521.805 2046577.885 38092356.268 2240096534638.114
6241.000 5493.000 51360208.000 1.000 1300.000 550.000 351.000 5089.136 198678.204 57550.556 359869.294 17692820.551 36105087117.143
6226.000 5514.000 51360218.000 1.000 1300.000 550.000 440.000 3264.241 185531.204 68067.229 16240.209 36375113.624 284774287579.446
6211.000 5507.000 51360228.000 1.000 1300.000 550.000 492.000 3346.595 172834.204 64463.671 351135.306 35388512.463 39500518941.711
6199.000 5495.000 51360238.000 1.000 1300.000 550.000 526.000 5127.200 163000.604 58514.144 272214.880 17374053.472 77099407533.795
6199.000 5469.000 51360248.000 1.000 1300.000 550.000 562.000 6507.600 163000.604 46611.502 1379311.653 7771937.345 687952420125.822
6199.000 5436.000 51360258.000 1.000 1300.000 550.000 570.000 13502.081 163000.604 33451.302 98426.267 17696001.307 203812893451.713
6191.000 5368.000 51360268.000 1.000 1300.000 550.000 584.000 14001.200 156604.871 13201.314 493505.424 22144370.485 3178395070.626
6191.000 5297.000 51360278.000 1.000 1300.000 550.000 585.000 11498.637 156604.871 1926.944 311894.281 4854167.526 56638478381.671
6197.000 5239.000 51360288.000 1.000 1300.000 550.000 591.000 9917.023 161389.671 198.895 483538.344 386390.960 4401571009.348
6212.000 5191.000 51360298.000 1.000 1310.000 560.000 594.000 7465.003 173666.671 3856.786 561757.527 3350424.419 141011975.152
6220.000 5154.000 51360308.000 1.000 1310.000 560.000 599.000 4616.334 180398.404 9821.411 404799.145 21893840.748 21049232325.058
6228.000 5132.000 51360318.000 1.000 1310.000 560.000 600.000 2563.600 187258.138 14665.944 505541.920 45317393.250 1966103057.574
6233.000 5120.000 51360328.000 1.000 1310.000 560.000 614.000 0.000 191610.471 17716.417 766001.708 86404822.949 46707433970.267
6233.000 5120.000 51360338.000 1.000 1310.000 560.000 647.000 3884.390 191610.471 17716.417 340082.246 29279239.824 44016222391.408
6241.000 5138.000 51360348.000 1.000 1310.000 560.000 655.000 5608.945 198678.204 13248.708 1534283.048 13590093.949 969044083182.137
6246.000 5166.000 51360358.000 1.000 1310.000 560.000 653.000 13389.285 203160.538 7586.938 668757.458 16759735.055 14131212683.168
6257.000 5233.000 51360368.000 1.000 1310.000 560.000 655.000 16780.550 213197.671 404.132 418432.764 56027179.192 17279080594.860
6286.000 5313.000 51360378.000 1.000 1310.000 560.000 656.000 18902.420 240819.204 3587.647 527392.863 92294459.364 505791899.225
6324.000 5401.000 51360388.000 1.000 1310.000 560.000 658.000 16228.014 279558.938 21873.514 1192632.668 48060867.048 413127546201.418
6360.000 5475.000 51360398.000 1.000 1310.000 560.000 658.000 10180.181 318923.738 49238.265 737857.127 782802.982 35334392469.766
6387.000 5519.000 51360408.000 1.000 1310.000 560.000 659.000 6438.512 350148.338 70701.198 762639.251 8161920.238 45265358214.845
6408.000 5544.000 51360418.000 1.000 1310.000 560.000 662.000 2571.173 375442.138 84621.047 76282.284 45215490.463 224297335734.306
6419.000 5551.000 51360428.000 1.000 1310.000 560.000 670.000 2958.000 389043.271 88742.605 290577.947 40162885.420 67238944908.227
6431.000 5542.000 51360438.000 1.000 1310.000 560.000 666.000 4431.519 404156.871 83461.459 1172802.236 23657527.691 388028772401.576
6443.000 5523.000 51360448.000 1.000 1310.000 560.000 685.000 10378.792 419558.471 72844.374 172636.374 1173696.059 142314775902.786
6456.000 5472.000 51360458.000 1.000 1310.000 560.000 696.000 11254.230 436568.538 47915.883 415012.133 3836938.729 18190064631.176
6467.000 5416.000 51360468.000 1.000 1310.000 560.000 717.000 13358.754 451225.671 26535.423 236514.186 16510687.579 98199813457.250
6477.000 5349.000 51360478.000 1.000 1310.000 560.000 720.000 14558.116 464760.338 9196.229 635232.472 27695974.866 7284586878.574
6488.000 5276.000 51360488.000 1.000 1310.000 560.000 739.000 11336.856 479879.471 524.271 248158.846 4167463.144 91037272413.273
6501.000 5220.000 51360498.000 1.000 1310.000 560.000 751.000 10078.444 498059.538 1095.811 198205.917 613127.429 123676546111.586
6527.000 5176.000 51360508.000 1.000 1310.000 560.000 750.000 9073.343 535433.671 5944.877 117086.120 49317.954 187312862935.388
6561.000 5145.000 51360518.000 1.000 1310.000 560.000 759.000 8479.600 586347.538 11686.265 280751.471 665561.392 72431608023.168
6604.000 5145.000 51360528.000 1.000 1310.000 560.000 782.000 9903.289 654049.604 11686.265 1527478.859 369505.377 955694287868.239
6653.000 5156.000 51360538.000 1.000 1310.000 560.000 790.000 17649.125 735706.471 9428.998 1115766.671 69784396.239 320224690501.857
6722.000 5213.000 51360548.000 1.000 1310.000 560.000 794.000 23307.171 858834.671 1608.253 861994.330 196329181.202 97413681642.007
6802.000 5300.000 51360558.000 1.000 1300.000 560.000 783.000 27678.339 1013512.004 2199.326 989618.817 337931730.792 193367869586.707
6894.000 5406.000 51360568.000 1.000 1300.000 560.000 785.000 22659.988 1207214.938 23377.483 1181204.336 178611692.244 398567032477.515
6954.000 5504.000 51360578.000 1.000 1310.000 570.000 785.000 16670.108 1342662.938 62949.289 929253.925 54386031.053 143922541017.825
6993.000 5579.000 51360588.000 1.000 1310.000 570.000 787.000 11957.867 1434565.138 106208.835 618974.318 7088626.900 4773654347.726
7007.000 5638.000 51360598.000 1.000 1310.000 570.000 785.000 8819.052 1468297.671 148145.677 418074.846 226925.958 17373305282.711
6999.000 5682.000 51360608.000 1.000 1320.000 580.000 787.000 6698.997 1448973.938 183952.611 28350.458 6741409.594 271995859292.277
6976.000 5707.000 51360618.000 1.000 1320.000 580.000 788.000 6555.232 1394131.204 206022.459 280223.961 7508627.319 72715825098.803
6945.000 5719.000 51360628.000 1.000 1320.000 580.000 788.000 7976.246 1321886.738 217059.986 530265.870 1740218.619 384819261.207
6905.000 5713.000 51360638.000 1.000 1320.000 580.000 791.000 10665.221 1231508.071 211505.223 541763.419 1876356.257 65922410.209
6860.000 5683.000 51360648.000 1.000 1340.000 580.000 794.000 13412.500 1133657.071 184811.405 100712.801 16950352.168 201753580810.657
6809.000 5638.000 51360658.000 1.000 1340.000 580.000 800.000 13923.214 1027655.271 148145.677 478126.584 21416482.299 5148937410.576
6766.000 5582.000 51360668.000 1.000 1340.000 580.000 805.000 11498.637 942323.204 108173.217 250888.094 4854167.526 89397762863.219
6760.000 5524.000 51360678.000 1.000 1340.000 580.000 818.000 12770.889 930710.404 73385.168 473670.850 12078888.519 5808243135.412
6775.000 5461.000 51360688.000 1.000 1340.000 580.000 832.000 15172.871 959877.404 43221.150 135662.557 34544436.598 171578310860.471
6811.000 5393.000 51360698.000 1.000 1340.000 580.000 831.000 15860.815 1031714.204 19571.162 175092.500 43104418.589 140467679533.239
6861.000 5330.000 51360708.000 1.000 1350.000 590.000 845.000 14972.922 1135787.538 5913.144 202052.106 32234035.085 120986108681.376
6919.000 5281.000 51360718.000 1.000 1350.000 590.000 845.000 15997.527 1262776.604 778.241 55373.366 44918245.470 244539462304.085
6989.000 5240.000 51360728.000 1.000 1350.000 590.000 843.000 15716.729 1424999.271 171.689 750557.201 41233216.201 40270263106.148
7065.000 5216.000 51360738.000 1.000 1350.000 590.000 833.000 19522.800 1612222.738 1376.635 588772.152 104599312.698 1512390979.643
7164.000 5216.000 51360748.000 1.000 1350.000 590.000 757.000 22508.460 1873430.938 1376.635 4438668.312 174584440.296 15122653686370.316
7276.000 5238.000 51360758.000 1.000 1350.000 590.000 1.000 0.000 2192571.204 228.102 0.000 86404822.949 302370962510.490
