4896.000 4726.000 68573263.000 0.000 1090.000 550.000 415.000 5451.454 3489200.959 20832.829 391449.911 401454433.743 1839189076958.388
4898.000 4698.000 68573273.000 1.000 1090.000 550.000 465.000 3435.749 3481733.198 29699.635 1345428.475 486292152.850 161755581074.286
4910.000 4711.000 68573283.000 1.000 1100.000 550.000 468.000 10363.805 3437094.630 25387.904 2708186.970 228734675.782 922694735494.945
4922.000 4763.000 68573293.000 1.000 1100.000 550.000 496.000 24309.155 3392744.063 11520.978 2430447.956 1389161.253 466258162973.256
5009.000 4853.000 68573303.000 1.000 1100.000 550.000 515.000 36824.335 3079815.451 300.531 2424860.045 128517437.306 458658190105.346
5159.000 4969.000 68573313.000 1.000 1100.000 560.000 532.000 49310.741 2575833.362 9734.620 1021990.900 567533382.627 526533185460.097
5352.000 5134.000 68573323.000 1.000 1100.000 560.000 535.000 54573.310 1993575.407 69518.799 78802.670 845967947.721 2784941149477.717
5575.000 5305.000 68573333.000 1.000 1130.000 570.000 535.000 54167.529 1413579.033 188932.949 904648.657 822527896.545 710595567424.251
5793.000 5479.000 68573343.000 1.000 1130.000 570.000 535.000 49509.194 942725.063 370472.083 2629410.711 577028241.644 777560211392.829
6008.000 5616.000 68573353.000 1.000 1130.000 570.000 529.000 35969.489 571445.735 556015.068 2049972.675 109866184.763 91418975680.986
6167.000 5711.000 68573363.000 1.000 1130.000 580.000 502.000 25413.502 356337.720 706716.262 2665448.017 5517.496 842413840960.656
6280.000 5777.000 68573373.000 1.000 1150.000 580.000 181.000 11688.229 234198.213 822039.934 98787.263 190427658.881 2718639384499.359
5788.000 6220.000 68573483.000 0.000 1230.000 580.000 250.000 17283.800 952459.466 1821593.396 1282263.760 67305318.207 216553604924.527
5788.000 6309.000 68573493.000 1.000 1230.000 580.000 279.000 10681.000 952459.466 2069754.620 1634437.304 219240788.776 12809635547.517
5788.000 6364.000 68573503.000 1.000 1240.000 570.000 291.000 2264.742 952459.466 2231032.680 578455.384 539309579.909 1366938801282.357
5778.000 6370.000 68573513.000 1.000 1240.000 570.000 391.000 5243.400 972078.272 2248992.650 1593792.603 409834996.519 23661934186.291
5778.000 6343.000 68573523.000 1.000 1260.000 570.000 512.000 13450.365 972078.272 2168739.784 3387372.146 144899404.439 2688797055305.047
5772.000 6274.000 68573533.000 1.000 1260.000 570.000 613.000 30893.064 983945.556 1970273.128 2301424.001 29217075.113 306702233693.444
5767.000 6115.000 68573543.000 1.000 1260.000 570.000 673.000 42743.857 993889.959 1549188.919 4100280.152 297772129.557 5535024073887.889
5789.000 5896.000 68573553.000 1.000 1270.000 560.000 713.000 63857.555 950508.586 1051987.008 1089701.837 1472239491.525 432852314973.702
5839.000 5571.000 68573563.000 1.000 1270.000 560.000 739.000 69468.790 855514.556 490930.292 633259.012 1934329077.825 1241793646266.727
5908.000 5220.000 68573573.000 1.000 1260.000 560.000 750.000 72729.650 732633.795 122265.038 4701271.280 2231794106.231 8724073815559.945
5972.000 4851.000 68573583.000 1.000 1260.000 560.000 759.000 48521.250 627169.436 373.874 2909821.917 530540654.983 1350720351650.220
6021.000 4606.000 68573593.000 1.000 1260.000 560.000 767.000 33537.615 551960.287 69873.426 2073675.174 64799813.731 106313955992.079
6061.000 4438.000 68573603.000 1.000 1250.000 560.000 771.000 22859.576 494125.063 186914.262 1686233.939 6907465.994 3767875817.701
6081.000 4322.000 68573613.000 1.000 1240.000 570.000 770.000 14176.600 466407.451 300672.172 2074250.200 127942834.861 106689270542.949
6081.000 4249.000 68573623.000 1.000 1230.000 580.000 773.000 3495.600 466407.451 386058.202 417447.853 483656062.556 1769349865148.993
6081.000 4231.000 68573633.000 1.000 1210.000 580.000 767.000 5645.177 466407.451 408750.292 1383073.757 393728967.263 132891750123.506
6059.000 4250.000 68573643.000 1.000 1200.000 580.000 754.000 12767.081 496940.824 384816.531 1295389.544 161816230.134 204509639838.584
6030.000 4309.000 68573653.000 1.000 1180.000 590.000 699.000 19437.470 538668.362 315097.904 704938.815 36606273.491 1087177723413.619
5993.000 4402.000 68573663.000 1.000 1170.000 590.000 460.000 23067.433 594348.944 219338.441 1873651.990 5858088.559 15884827656.548
5878.000 4863.000 68573703.000 0.000 1120.000 600.000 253.000 61659.647 784890.213 53.814 9787562.703 1308403828.376 64640727478264.305
5805.000 5172.000 68573713.000 1.000 1100.000 600.000 494.000 11260.251 919566.496 91001.277 981673.426 202422634.109 586669504147.037
5774.000 5221.000 68573723.000 1.000 1100.000 600.000 603.000 6205.290 979981.795 122965.367 772293.006 371814491.974 951256823994.995
5744.000 5232.000 68573733.000 1.000 1100.000 600.000 655.000 10182.082 1040278.213 130800.978 1641773.791 234264447.921 11202777373.392
5701.000 5202.000 68573743.000 1.000 1100.000 600.000 708.000 18636.118 1129842.078 110001.128 1104113.419 46945297.524 414096813051.861
5648.000 5122.000 68573753.000 1.000 1100.000 600.000 731.000 24321.563 1245322.750 63334.859 929774.253 1360066.408 668866700729.259
5594.000 5009.000 68573763.000 1.000 1100.000 600.000 733.000 29109.278 1368760.302 19227.755 1299586.788 13115234.359 200731039041.247
5546.000 4867.000 68573773.000 1.000 1120.000 600.000 737.000 22417.276 1483378.571 11.128 1067366.895 9428006.179 462740157034.448
5508.000 4758.000 68573783.000 1.000 1110.000 590.000 743.000 16921.051 1577386.033 12619.337 2682649.864 73388877.469 874286523175.289
5494.000 4672.000 68573793.000 1.000 1110.000 590.000 742.000 3107.200 1612748.362 39337.098 1670998.755 500890443.978 5870350024.699
5494.000 4656.000 68573803.000 1.000 1130.000 590.000 760.000 11711.725 1612748.362 45939.844 2684460.585 189779742.355 877675969299.514
5540.000 4695.000 68573813.000 1.000 1130.000 590.000 757.000 25534.900 1498029.854 30742.650 2802530.884 2220.120 1112843377586.342
5648.000 4770.000 68573823.000 1.000 1120.000 580.000 751.000 39966.058 1245322.750 10067.277 105539.544 209620480.254 2696418254866.916
5796.000 4913.000 68573833.000 1.000 1120.000 580.000 758.000 39422.600 936908.421 1820.232 2394174.115 194179156.853 418036148881.980
5943.000 5053.000 68573843.000 1.000 1120.000 580.000 760.000 27094.206 673942.974 33366.202 1420823.906 2580598.547 106793703074.029
6060.000 5129.000 68573853.000 1.000 1120.000 580.000 760.000 19777.914 495531.944 66907.158 2293232.450 32602590.873 297696258033.688
6156.000 5163.000 68573863.000 1.000 1120.000 580.000 763.000 7969.302 369591.407 85652.322 2567298.171 306897136.281 671877280313.764
6186.000 5135.000 68573873.000 1.000 1120.000 580.000 757.000 21189.169 334014.989 70047.128 2413990.477 18478072.441 444053658181.480
6150.000 5032.000 68573883.000 1.000 1120.000 580.000 760.000 33619.604 376922.690 26135.307 1849020.341 66126531.467 10282644768.628
6069.000 4879.000 68573893.000 1.000 1120.000 580.000 768.000 43140.821 482942.018 75.068 474082.594 311629791.205 1621889792806.815
5959.000 4686.000 68573903.000 1.000 1120.000 580.000 771.000 40699.613 647928.884 33979.695 267434.762 231399806.913 2190939352553.565
5850.000 4507.000 68573913.000 1.000 1100.000 580.000 784.000 39322.503 835286.869 132012.919 2754443.468 191399509.278 1013699608180.091
5740.000 4337.000 68573923.000 1.000 1110.000 590.000 803.000 25138.963 1048453.735 284447.098 2392886.375 121674.591 416372612146.280
5694.000 4216.000 68573933.000 1.000 1110.000 590.000 808.000 12817.200 1144772.242 428155.367 7987.058 160543644.436 3026312211537.269
5694.000 4150.000 68573943.000 1.000 1110.000 590.000 806.000 12858.328 1144772.242 518883.695 1047994.862 159503104.568 489471086285.636
5754.000 4122.000 68573953.000 1.000 1110.000 590.000 806.000 18254.800 1019979.407 560006.501 819935.704 52316026.453 860592521055.176
5848.000 4122.000 68573963.000 1.000 1110.000 590.000 812.000 22476.920 838946.630 560006.501 519735.712 9065289.084 1507692370204.315
5962.000 4142.000 68573973.000 1.000 1110.000 590.000 814.000 25153.211 643108.242 530473.068 53726.013 111937.654 2869266555523.011
6088.000 4172.000 68573983.000 1.000 1110.000 590.000 814.000 24876.558 456895.287 487672.919 259736.091 373594.596 2213789493682.708
6216.000 4167.000 68573993.000 1.000 1110.000 590.000 811.000 23539.091 300238.571 494681.277 713599.358 3797396.032 1069192410521.122
6312.000 4093.000 68574003.000 1.000 1110.000 590.000 818.000 27213.650 204250.033 604250.978 616058.718 2978620.869 1280424065188.377
6386.000 3974.000 68574013.000 1.000 1110.000 590.000 824.000 30385.940 142838.869 803417.904 208660.132 23991953.255 2368388132252.493
6427.000 3823.000 68574023.000 1.000 1090.000 600.000 827.000 31460.400 113528.765 1096912.322 350881.143 35672167.557 1950870955019.586
6427.000 3661.000 68574033.000 1.000 1090.000 600.000 855.000 33267.203 113528.765 1462493.128 306349.335 60519393.417 2077252379801.526
6399.000 3492.000 68574043.000 1.000 1090.000 600.000 872.000 34844.697 133181.421 1899809.635 408669.237 87551861.110 1792781016937.445
6324.000 3329.000 68574053.000 1.000 1080.000 600.000 881.000 36949.070 193547.466 2375716.113 931765.968 131361126.040 665612848465.689
6218.000 3171.000 68574063.000 1.000 1080.000 600.000 885.000 32151.099 298050.810 2887742.232 1285583.026 44399795.432 213475360312.030
6090.000 3066.000 68574073.000 1.000 1080.000 600.000 884.000 25531.207 454195.526 3255627.755 1814326.317 1885.744 4450137712.961
5980.000 2994.000 68574083.000 1.000 1070.000 610.000 867.000 16188.641 614562.392 3520636.113 103964.970 86474020.562 2701591878974.763
5898.000 2979.000 68574093.000 1.000 1070.000 610.000 784.000 15653.291 749852.601 3577151.187 305872.768 96717210.293 2078626328098.393
5834.000 3028.000 68574103.000 1.000 1070.000 610.000 220.000 14078.251 864788.959 3394201.277 138895.072 130177394.234 2587986127360.759
5487.000 3912.000 68574234.000 0.000 1020.000 600.000 490.000 23447.589 1630576.526 918407.546 1349415.595 4162386.868 158564330659.789
5424.000 3809.000 68574244.000 1.000 1040.000 600.000 588.000 16499.002 1795440.004 1126433.725 2314032.241 80798163.205 320826265469.480
5361.000 3752.000 68574254.000 1.000 1040.000 590.000 676.000 4583.285 1968241.481 1250675.008 550651.187 436997988.583 1432727072470.449
5342.000 3738.000 68574264.000 1.000 1040.000 590.000 728.000 1747.800 2021914.213 1282184.411 1366051.350 563586738.274 145592318157.372
5351.000 3738.000 68574274.000 1.000 1050.000 590.000 822.000 8782.050 1996400.287 1282184.411 3787398.123 279081476.669 4160707174632.493
5394.000 3752.000 68574284.000 1.000 1050.000 580.000 867.000 28284.615 1876736.421 1250675.008 2842610.074 7822275.665 1199009909885.165
5517.000 3830.000 68574294.000 1.000 1060.000 580.000 887.000 42922.154 1554860.108 1082298.620 3379627.256 303957332.239 2663457591610.633
5692.000 3965.000 68574304.000 1.000 1060.000 580.000 885.000 60324.972 1149056.004 819632.949 1654947.542 1213629817.495 8587621863.717
5950.000 4138.000 68574314.000 1.000 1060.000 580.000 885.000 68846.844 662498.810 536315.755 342624.535 1880008270.463 1974003726910.372
6210.000 4379.000 68574324.000 1.000 1080.000 580.000 853.000 70611.131 306849.854 241410.889 11324851.651 2036116638.445 91723424240584.641
6501.000 4597.000 68574334.000 1.000 1080.000 580.000 444.000 12295.726 69137.601 74712.471 130485.699 174030337.569 2615113529809.358
7633.000 5878.000 68574604.000 0.000 1240.000 550.000 473.000 30437.404 755264.765 1015387.098 5269811.977 24498759.420 12405857706185.018
7735.000 5997.000 68574614.000 1.000 1240.000 550.000 583.000 3301.400 942956.944 1269372.172 1504240.574 492235539.627 59232067445.543
7720.000 5989.000 68574624.000 1.000 1240.000 550.000 636.000 11047.232 914050.153 1251409.546 1765406.560 208529479.992 316469708.585
7776.000 5999.000 68574634.000 1.000 1240.000 550.000 733.000 20137.894 1024264.839 1273882.829 147776.490 28621300.016 2559489543800.628
7879.000 5987.000 68574644.000 1.000 1240.000 550.000 815.000 20898.844 1243358.138 1246938.889 678523.925 21058350.598 1142959927075.435
7969.000 5928.000 68574654.000 1.000 1240.000 550.000 866.000 24392.788 1452168.884 1118653.516 115657.946 1199011.533 2663290238014.768
8065.000 5847.000 68574664.000 1.000 1240.000 550.000 893.000 23797.227 1692756.347 953872.919 56668.725 2857975.703 2859305948617.672
8175.000 5793.000 68574674.000 1.000 1250.000 560.000 921.000 23505.421 1991089.481 851309.187 303111.438 3929754.543 2086596216045.922
8292.000 5762.000 68574684.000 1.000 1230.000 560.000 923.000 21944.600 2334966.451 795065.008 1007542.031 12554137.627 547710907172.937
8404.000 5747.000 68574694.000 1.000 1230.000 560.000 909.000 16756.433 2689795.824 768540.083 671885.198 76236452.753 1157198833425.099
8490.000 5740.000 68574704.000 1.000 1240.000 570.000 866.000 13296.674 2979282.093 756315.784 1140233.648 148623110.629 368914493144.408
8558.000 5732.000 68574714.000 1.000 1240.000 580.000 662.000 19168.114 3218650.213 742465.158 832047.411 39938201.744 838267607268.859
8040.000 5260.000 68574785.000 0.000 1220.000 600.000 670.000 49587.973 1628328.362 151838.172 8374624.288 580819213.431 43917226065920.453
7864.000 5075.000 68574795.000 1.000 1200.000 600.000 721.000 6464.264 1210131.347 41887.426 825358.351 361894231.418 850560950147.412
7836.000 5057.000 68574805.000 1.000 1200.000 600.000 756.000 2214.221 1149312.004 34843.516 1880709.121 541658634.673 17713522125.793
7843.000 5066.000 68574815.000 1.000 1200.000 600.000 821.000 11898.614 1164369.839 38284.471 2305937.791 184665482.876 311722145320.309
7898.000 5093.000 68574825.000 1.000 1190.000 610.000 852.000 23772.650 1286091.407 49579.337 1526508.517 2941677.265 48888945549.260
7997.000 5165.000 68574835.000 1.000 1190.000 610.000 853.000 31633.147 1520436.227 86826.978 1725990.563 37765512.818 467701241.194
8124.000 5267.000 68574845.000 1.000 1190.000 610.000 867.000 40520.843 1849762.392 157342.471 753352.292 225992927.517 988562238951.852
8288.000 5396.000 68574855.000 1.000 1190.000 610.000 854.000 36641.583 2322757.974 276322.829 402343.754 124407280.077 1809760010848.819
8448.000 5496.000 68574865.000 1.000 1200.000 600.000 818.000 34569.782 2836057.078 391455.665 4472740.798 82482726.711 7426299907991.086
8606.000 5578.000 68574875.000 1.000 1200.000 600.000 733.000 11538.161 3393183.944 500788.590 665291.525 194591921.880 1171428356956.560
8665.000 5585.000 68574885.000 1.000 1190.000 610.000 505.000 8112.355 3614027.989 510744.889 1395352.829 301905458.246 124090021149.047
8673.000 5544.000 68574895.000 1.000 1190.000 610.000 267.000 15297.488 3644508.944 453823.426 1666778.983 103842088.765 6534779250.581
8646.000 5470.000 68574905.000 1.000 1190.000 610.000 274.000 23880.284 3542148.720 359597.128 1577881.020 2584049.340 28810290850.240
8582.000 5365.000 68574915.000 1.000 1190.000 610.000 415.000 32005.315 3305341.078 244692.650 1061834.720 42478238.352 470297286850.986
8482.000 5234.000 68574925.000 1.000 1190.000 610.000 637.000 37473.053 2951729.138 132251.635 2156815.495 143646724.521 167443437375.575
8357.000 5087.000 68574935.000 1.000 1190.000 610.000 737.000 26366.897 2537839.213 46943.367 2674873.708 772843.446 859805068393.905
8262.000 4990.000 68574945.000 1.000 1190.000 610.000 793.000 12593.088 2244182.869 14319.516 1129917.550 166273129.504 381552566655.204
8233.000 4932.000 68574955.000 1.000 1190.000 610.000 794.000 6774.769 2158136.407 3802.471 1410177.862 350176849.952 113865147885.933
8249.000 4901.000 68574965.000 1.000 1190.000 610.000 811.000 14036.241 2205402.317 940.292 1389271.456 131137787.856 128411503451.427
8319.000 4883.000 68574975.000 1.000 1190.000 610.000 818.000 21190.059 2418210.675 160.381 1013945.582 18470421.702 538273697477.560
8428.000 4878.000 68574985.000 1.000 1190.000 610.000 823.000 26411.200 2769094.690 58.740 188568.200 852701.078 2430633050042.437
8564.000 4878.000 68574995.000 1.000 1190.000 610.000 823.000 25440.200 3240214.929 58.740 1381589.875 2264.033 133975830236.915
8695.000 4878.000 68575005.000 1.000 1190.000 610.000 823.000 18325.937 3728991.571 58.740 395893.790 51292021.666 1827155540440.007
8779.000 4835.000 68575015.000 1.000 1170.000 610.000 823.000 16287.349 4060465.601 1248.620 183625.616 84647964.641 2446068938136.162
8832.000 4770.000 68575025.000 1.000 1170.000 610.000 830.000 15341.800 4276870.929 10067.277 913722.458 102940947.716 695380047945.986
8832.000 4691.000 68575035.000 1.000 1170.000 610.000 834.000 20046.859 4276870.929 32161.337 854027.126 29603641.468 798502799443.781
8772.000 4607.000 68575045.000 1.000 1150.000 620.000 851.000 24444.527 4032303.765 69345.755 834618.972 1088380.684 833565334281.776
8682.000 4519.000 68575055.000 1.000 1150.000 620.000 852.000 28742.256 3678953.018 123436.859 809815.554 10591601.988 879471485507.795
8563.000 4431.000 68575065.000 1.000 1150.000 620.000 848.000 24572.248 3236615.810 193015.964 1424114.625 838202.232 104653763652.316
8444.000 4388.000 68575075.000 1.000 1150.000 620.000 819.000 17239.011 2822600.601 232647.844 66049.750 68042220.548 2827668296831.092
8358.000 4410.000 68575085.000 1.000 1140.000 620.000 733.000 17579.123 2541026.332 211909.068 3426103.588 62546884.817 2817317345318.536
8295.000 4475.000 68575095.000 1.000 1140.000 620.000 163.000 35221.263 2344143.810 156290.411 104210.633 94740655.283 2700784370365.230
8447.000 5369.000 68575145.000 0.000 1140.000 620.000 532.000 37904.338 2832689.959 248665.964 5639362.731 154170866.608 15145685111186.852
8583.000 5509.000 68575155.000 1.000 1140.000 620.000 636.000 8865.395 3308978.198 407891.934 1989830.101 276303744.616 58667203500.398
8561.000 5469.000 68575165.000 1.000 1140.000 620.000 699.000 19111.688 3229423.571 358398.799 4845102.597 40654572.794 9594417243636.389
8495.000 5396.000 68575175.000 1.000 1140.000 620.000 736.000 44060.723 2996567.690 276322.829 3249945.545 344954142.934 2256991163831.991
8371.000 5206.000 68575185.000 1.000 1140.000 620.000 755.000 60795.767 2582640.884 112670.441 2200309.887 1246653815.300 204930882095.105
8188.000 4952.000 68575195.000 1.000 1140.000 620.000 760.000 72125.890 2027946.033 6669.038 14006847.838 2175113131.741 150288741610141.500
7965.000 4655.000 68575205.000 1.000 1140.000 620.000 730.000 0.000 1442544.407 46369.516 0.000 649627023.671 3054165054556.026
