3008.000 6714.000 32680368.000 0.000 1300.000 630.000 427.000 36101.249 4142759.383 335404.716 4460261.926 52750311.133 3121074904680.805
2885.000 6642.000 32680378.000 1.000 1310.000 610.000 465.000 18492.635 4658591.116 257192.360 3080162.195 107032951.015 149426073450.396
2814.000 6625.000 32680388.000 1.000 1290.000 590.000 470.000 6332.500 4970121.645 240238.554 1604022.250 506511396.325 1187191672770.984
2789.000 6625.000 32680398.000 1.000 1310.000 570.000 520.000 0.000 5082215.493 240238.554 1335101.746 831648011.625 1845532467200.177
2789.000 6625.000 32680408.000 1.000 1320.000 550.000 569.000 5270.832 5082215.493 240238.554 2971332.104 555425927.725 77132062977.830
2801.000 6642.000 32680418.000 1.000 1310.000 540.000 649.000 17001.318 5028254.446 257192.360 4796275.775 140114333.624 4421222258176.979
2857.000 6679.000 32680428.000 1.000 1310.000 520.000 702.000 35936.477 4780244.226 296089.821 4039000.723 50384002.335 1810088288672.655
2989.000 6731.000 32680438.000 1.000 1310.000 520.000 749.000 51881.999 4220464.708 355384.523 2898127.137 531011692.249 41829097356.299
3172.000 6823.000 32680448.000 1.000 1300.000 520.000 782.000 63323.480 3502051.739 473538.533 418525.057 1189227083.897 5175991051542.271
3396.000 6934.000 32680458.000 1.000 1300.000 520.000 814.000 64975.770 2713850.859 638626.915 2944915.447 1305916155.639 63156686211.218
3620.000 7059.000 32680468.000 1.000 1310.000 520.000 836.000 53349.574 2026001.980 854037.256 1550408.772 600802158.099 1306898773693.654
3814.000 7141.000 32680478.000 1.000 1310.000 520.000 857.000 47228.734 1511367.718 1012320.439 2205097.071 338207766.343 238640491521.408
3988.000 7208.000 32680488.000 1.000 1310.000 520.000 867.000 38523.258 1113820.535 1151632.381 2548757.793 93798255.387 20980860096.319
4129.000 7265.000 32680498.000 1.000 1330.000 530.000 869.000 28461.048 836085.231 1277219.496 1410515.488 142325.151 1646319995486.998
4234.000 7305.000 32680508.000 1.000 1330.000 530.000 867.000 22892.491 655091.069 1369230.805 2731670.029 35352740.482 1448907875.744
4316.000 7343.000 32680518.000 1.000 1340.000 520.000 839.000 12108.164 529077.247 1459605.549 2425389.041 279897720.188 71940072347.057
4354.000 7372.000 32680528.000 1.000 1350.000 530.000 774.000 2533.000 475240.598 1530518.748 1090735.130 691969232.005 2569193443752.155
4354.000 7382.000 32680538.000 1.000 1350.000 530.000 557.000 6839.100 475240.598 1555361.575 1658636.516 483965155.161 1071160811226.146
4327.000 7382.000 32680548.000 1.000 1350.000 530.000 65.000 13387.211 513195.954 1555361.575 339098.055 238736400.283 5543705339008.768
3868.000 7644.000 32680648.000 0.000 1360.000 500.000 349.000 0.000 1381511.006 2277507.648 0.000 831648011.625 7255510624463.785
3868.000 7644.000 32680658.000 1.000 1350.000 500.000 363.000 0.000 1381511.006 2277507.648 2209595.172 831648011.625 234266003869.859
3868.000 7644.000 32680668.000 1.000 1350.000 500.000 438.000 8723.234 1381511.006 2277507.648 1292907.791 404616204.342 1961954090111.583
3883.000 7613.000 32680678.000 1.000 1350.000 500.000 540.000 13827.489 1346474.697 2184901.884 3770636.972 225324688.780 1159996777750.385
3891.000 7559.000 32680688.000 1.000 1350.000 500.000 641.000 28713.541 1327972.666 2028178.617 2898536.723 15566.819 41996803510.118
3900.000 7446.000 32680698.000 1.000 1350.000 500.000 721.000 40156.639 1307310.880 1719091.669 1934175.750 128104615.322 576733555005.960
3913.000 7288.000 32680708.000 1.000 1350.000 500.000 806.000 47792.548 1277752.079 1329734.999 1982832.907 359263211.794 505197688151.610
3929.000 7100.000 32680718.000 1.000 1350.000 500.000 870.000 55620.550 1241836.016 931497.847 226220.457 717288483.462 6087988982328.179
3945.000 6881.000 32680728.000 1.000 1330.000 500.000 915.000 54727.457 1206431.954 556726.931 132034.398 670248032.962 6561646543727.568
3950.000 6665.000 32680738.000 1.000 1340.000 500.000 959.000 54206.200 1195473.184 281049.863 1626690.067 643529941.602 1138308554970.861
3950.000 6451.000 32680748.000 1.000 1340.000 500.000 976.000 60628.190 1195473.184 99945.360 4188517.380 1010596593.912 2234761509633.029
3937.000 6212.000 32680758.000 1.000 1330.000 510.000 977.000 44092.393 1224069.985 5950.790 2764751.009 232687107.430 5061682530.820
3942.000 6038.000 32680768.000 1.000 1340.000 510.000 976.000 33177.466 1213031.215 9381.596 2586401.466 18828291.649 11492706292.229
3958.000 5908.000 32680778.000 1.000 1330.000 520.000 968.000 22966.643 1178043.153 51464.842 3463524.146 34476450.549 592774711501.935
3969.000 5818.000 32680788.000 1.000 1310.000 520.000 953.000 9293.038 1154285.859 100399.397 2353926.525 382017581.624 115381810449.758
3980.000 5783.000 32680798.000 1.000 1300.000 530.000 921.000 0.000 1130770.566 123804.502 0.000 831648011.625 7255510624463.785
3980.000 5783.000 32680808.000 1.000 1280.000 540.000 832.000 0.000 1130770.566 123804.502 3015561.830 831648011.625 103655874263.550
3980.000 5783.000 32680818.000 1.000 1260.000 540.000 540.000 11905.100 1130770.566 123804.502 3244486.771 286733535.122 303470167614.614
3980.000 5830.000 32680828.000 1.000 1260.000 540.000 132.000 24713.970 1130770.566 92938.790 1531778.391 17010164.413 1349842246231.973
3966.000 6425.000 32680889.000 0.000 1210.000 560.000 153.000 61602.435 1160741.121 84182.010 12181648.381 1073488014.298 90022957588996.000
4011.000 6664.000 32680899.000 1.000 1200.000 550.000 287.000 13510.653 1065802.194 279990.580 1497421.705 234937009.565 1430855686889.575
4017.000 6717.000 32680909.000 1.000 1200.000 550.000 440.000 7599.000 1053449.671 338888.564 804305.010 451108206.765 3569456365946.554
4017.000 6747.000 32680919.000 1.000 1200.000 550.000 589.000 4423.694 1053449.671 374717.046 83970.723 596073379.581 6810193703075.470
4010.000 6763.000 32680929.000 1.000 1200.000 550.000 668.000 4092.187 1067867.948 394561.570 246666.833 612370507.397 5987508871703.392
3995.000 6769.000 32680939.000 1.000 1200.000 550.000 705.000 5066.000 1099094.257 402135.266 1493547.988 565122630.385 1440138047626.697
3975.000 6769.000 32680949.000 1.000 1210.000 550.000 733.000 10962.360 1141429.336 402135.266 1635432.717 319549518.958 1119729652366.188
3942.000 6741.000 32680959.000 1.000 1200.000 540.000 760.000 17418.865 1213031.215 367407.350 2201354.563 130403679.746 242310991343.136
3890.000 6696.000 32680969.000 1.000 1220.000 540.000 767.000 26109.566 1330278.420 314879.627 2769305.343 7446033.217 5730465251.279
3825.000 6616.000 32680979.000 1.000 1230.000 530.000 788.000 37042.473 1484442.425 231497.010 2166101.789 67308322.402 278260171940.416
3740.000 6497.000 32680989.000 1.000 1230.000 530.000 790.000 45594.000 1698791.509 131146.366 1552750.024 280753212.469 1301551231872.657
3632.000 6353.000 32680999.000 1.000 1240.000 530.000 817.000 51724.083 1991984.933 47585.653 1605446.556 523758694.715 1184089901479.198
3509.000 6190.000 32681009.000 1.000 1240.000 530.000 831.000 45385.960 2354312.666 3040.570 1900187.956 273824784.807 629511409387.417
3408.000 6042.000 32681019.000 1.000 1240.000 530.000 860.000 37884.231 2674457.812 8622.727 3445659.404 81828721.880 565585064796.127
3348.000 5905.000 32681029.000 1.000 1240.000 530.000 869.000 24281.154 2874303.048 52834.994 2942371.808 20767653.105 61884672778.921
3315.000 5815.000 32681039.000 1.000 1250.000 540.000 855.000 12665.000 2987286.927 102309.549 1657526.556 261575893.526 1073459591598.662
3315.000 5765.000 32681049.000 1.000 1250.000 540.000 864.000 6121.271 2987286.927 136795.413 1571685.719 516063772.676 1258704009507.683
3325.000 5743.000 32681059.000 1.000 1240.000 540.000 887.000 12326.110 2952819.388 153553.193 1917592.452 272652684.693 602196260701.602
3373.000 5735.000 32681069.000 1.000 1230.000 550.000 903.000 19896.550 2790159.200 159886.931 3371400.456 79955037.161 459405993613.841
3446.000 5764.000 32681079.000 1.000 1230.000 550.000 908.000 33206.461 2551613.163 137536.130 2133465.604 19080760.128 313756710334.584
3565.000 5819.000 32681089.000 1.000 1210.000 550.000 892.000 41629.144 2185598.446 99766.680 322041.061 163605484.106 5624317918998.305
3708.000 5900.000 32681099.000 1.000 1210.000 550.000 902.000 42900.526 1783231.634 55158.580 1915166.851 197745973.460 605966740323.664
3866.000 5961.000 32681109.000 1.000 1220.000 560.000 905.000 35339.662 1386216.514 30226.826 1828521.533 42267603.084 748370281147.668
3997.000 6009.000 32681119.000 1.000 1220.000 560.000 914.000 28120.864 1094904.749 15840.397 888834.259 514725.976 3257199255679.867
4107.000 6024.000 32681129.000 1.000 1220.000 560.000 920.000 24611.846 876801.817 12289.638 2070143.897 17862981.524 388704378477.896
4203.000 6009.000 32681139.000 1.000 1220.000 560.000 932.000 16439.150 706233.441 15840.397 1185996.701 153739120.537 2272884310318.524
4257.000 5973.000 32681149.000 1.000 1220.000 560.000 945.000 21121.332 618388.728 26198.219 2363429.328 59551719.473 109016308826.391
4265.000 5890.000 32681159.000 1.000 1220.000 560.000 951.000 30451.886 605870.697 59955.753 1989055.474 2603633.776 496390748247.797
4242.000 5772.000 32681169.000 1.000 1210.000 560.000 943.000 38304.454 642205.037 131666.392 28043.096 89607919.003 7105222964089.144
4190.000 5630.000 32681179.000 1.000 1210.000 560.000 956.000 38193.743 728252.242 254882.245 132281.366 87524162.962 6560381352533.731
4134.000 5490.000 32681189.000 1.000 1210.000 560.000 958.000 38715.975 826966.461 415842.664 3182319.352 97568304.225 238841222816.661
4075.000 5349.000 32681199.000 1.000 1190.000 560.000 961.000 26152.535 937753.943 617573.800 996901.665 7213376.917 2878803925645.373
4059.000 5247.000 32681209.000 1.000 1190.000 560.000 959.000 22216.879 968998.006 788292.962 425390.753 43843322.765 5144798167840.683
4101.000 5170.000 32681219.000 1.000 1220.000 570.000 961.000 23896.274 888074.341 930952.193 1961280.116 24423700.626 536300477521.133
4181.000 5120.000 32681229.000 1.000 1220.000 570.000 964.000 31639.188 743694.027 1029938.057 779581.410 7844928.452 3663488241852.365
4302.000 5089.000 32681239.000 1.000 1220.000 570.000 968.000 34716.888 549639.802 1093820.292 742903.570 34557702.139 3805238044932.079
4438.000 5072.000 32681249.000 1.000 1220.000 570.000 973.000 37649.788 366481.268 1129668.486 1500427.869 77642178.775 1423672874548.870
4585.000 5050.000 32681259.000 1.000 1220.000 570.000 982.000 31726.267 210109.441 1176918.266 2374814.657 8340306.853 101627605703.234
4703.000 5008.000 32681269.000 1.000 1220.000 570.000 981.000 22350.765 115856.477 1269810.392 594155.678 42088214.924 4407689582245.784
4772.000 4953.000 32681279.000 1.000 1200.000 570.000 1017.000 24696.425 73645.456 1396789.842 1193693.221 17155195.263 2249736864091.745
4807.000 4862.000 32681289.000 1.000 1200.000 570.000 1023.000 29408.992 55874.069 1620169.114 2289852.011 325680.162 163016885100.988
4785.000 4748.000 32681299.000 1.000 1190.000 580.000 1023.000 38449.071 66758.655 1923376.884 1195530.153 92366764.335 2244229764662.186
4705.000 4619.000 32681309.000 1.000 1190.000 580.000 1023.000 43168.890 114498.969 2297827.413 1059975.138 205365578.808 2668748180774.255
4586.000 4497.000 32681319.000 1.000 1170.000 580.000 1023.000 47353.553 209193.687 2682580.921 663916.271 342814295.277 4119638392566.426
4441.000 4379.000 32681329.000 1.000 1170.000 580.000 1023.000 49974.620 362858.006 3083039.559 757039.736 446743682.527 3750286983340.449
4267.000 4286.000 32681339.000 1.000 1170.000 580.000 1023.000 52963.328 602761.189 3418278.266 1831771.372 582016587.222 742758075330.705
4073.000 4208.000 32681349.000 1.000 1170.000 580.000 958.000 45731.700 941631.451 3712784.214 900521.521 285386691.320 3215150178934.521
3893.000 4194.000 32681359.000 1.000 1170.000 580.000 821.000 42176.542 1323367.158 3766932.256 25462.223 177908484.702 7118988581104.560
3730.000 4228.000 32681369.000 1.000 1170.000 580.000 685.000 42076.020 1724959.048 3636109.868 1789483.951 175237017.470 817435787058.202
3578.000 4295.000 32681379.000 1.000 1160.000 580.000 592.000 35011.338 2147329.645 3385079.811 1821180.899 38106298.670 761124695712.149
3466.000 4376.000 32681389.000 1.000 1160.000 580.000 589.000 27821.520 2488118.085 3093583.711 1269503.885 1033857.954 2028065428262.000
3374.000 4436.000 32681399.000 1.000 1160.000 580.000 613.000 22809.661 2786819.446 2886120.674 1168362.461 36344585.345 2326366347742.302
3296.000 4481.000 32681409.000 1.000 1160.000 580.000 691.000 18197.097 3053326.252 2735248.397 2188154.087 113235372.772 255481137440.162
3240.000 4526.000 32681419.000 1.000 1160.000 580.000 787.000 9558.510 3252168.472 2588426.119 881309.223 371710613.142 3284417819064.561
3220.000 4558.000 32681429.000 1.000 1140.000 590.000 848.000 6079.200 3324703.550 2486483.167 27332539.140 517976999.577 607077050597694.625
3220.000 4582.000 32681439.000 1.000 1140.000 590.000 923.000 113985.000 3324703.550 2411369.952 109117366.829 7249959148.735 11326016974035690.000
3256.000 4609.000 32681440.000 1.000 1140.000 590.000 950.000 70906.687 3194716.409 2328244.585 324142.100 1769748506.842 5614356834581.310
3473.000 4737.000 32681449.000 1.000 1140.000 590.000 1023.000 72058.396 2466083.807 1954008.774 5685811.928 1867976001.750 8953299269069.492
3725.000 4869.000 32681459.000 1.000 1140.000 590.000 1023.000 94505.344 1738117.817 1602398.093 3243381.623 4312159609.462 302253778311.241
4049.000 5054.000 32681469.000 1.000 1140.000 590.000 1023.000 107309.851 988785.545 1168255.397 2173687.364 6157783051.762 270314874865.263
4423.000 5253.000 32681479.000 1.000 1140.000 590.000 991.000 115891.325 384867.577 777674.659 26259087.935 7578227758.775 555331962089546.188
4830.000 5462.000 32681489.000 1.000 1160.000 580.000 694.000 12223.390 45529.728 452738.748 30797.346 276055502.060 7090547299444.154
6067.000 7311.000 32681950.000 0.000 1360.000 470.000 343.000 17828.434 1047804.121 1383308.502 2462793.852 121217326.764 53274019837.318
6132.000 7284.000 32681960.000 1.000 1360.000 470.000 361.000 8105.600 1185100.116 1320525.868 205804.984 429845183.401 6189151439581.943
6100.000 7284.000 32681970.000 1.000 1370.000 470.000 418.000 7293.105 1116452.242 1320525.868 1669820.471 464195774.793 1048135798844.054
6127.000 7274.000 32681980.000 1.000 1360.000 480.000 521.000 13885.369 1174238.886 1297643.041 1167020.478 223590386.460 2330461849136.441
6180.000 7260.000 32681990.000 1.000 1360.000 480.000 599.000 18492.635 1291911.927 1265943.083 1160446.583 107032951.015 2350576284603.327
6251.000 7243.000 32682000.000 1.000 1370.000 480.000 650.000 23073.948 1458353.399 1227977.277 185468.793 33227846.874 6290749773435.868
6338.000 7216.000 32682010.000 1.000 1370.000 480.000 688.000 23806.158 1676048.807 1168866.643 570388.792 25322534.202 4508049216587.661
6426.000 7183.000 32682020.000 1.000 1380.000 480.000 713.000 21554.327 1911646.461 1098600.313 323232.077 53056380.047 5618670195118.255
6506.000 7154.000 32682030.000 1.000 1390.000 480.000 725.000 20278.243 2139266.147 1038649.114 940925.911 73274713.790 3071885764362.750
6581.000 7126.000 32682040.000 1.000 1390.000 480.000 740.000 16563.573 2364284.603 982361.198 1521498.377 150669120.734 1373835122944.952
6641.000 7100.000 32682050.000 1.000 1410.000 490.000 743.000 10556.868 2552399.367 931497.847 813388.854 334211050.579 3535214660210.331
6677.000 7079.000 32682060.000 1.000 1410.000 490.000 742.000 7345.700 2668724.226 891402.910 425984.742 461932201.117 5142103931437.222
6697.000 7058.000 32682070.000 1.000 1420.000 490.000 736.000 5663.960 2734469.147 852189.973 61795.068 537050407.894 6926426184018.432
6707.000 7038.000 32682080.000 1.000 1420.000 490.000 697.000 5907.920 2767641.608 815664.318 1849746.554 525802696.472 712097931656.961
6695.000 7018.000 32682090.000 1.000 1420.000 490.000 551.000 13210.512 2727858.655 779938.664 3923457.421 244228009.618 1512535731683.024
6667.000 6974.000 32682100.000 1.000 1420.000 490.000 274.000 28699.882 2636151.765 704158.224 1253785.015 19161.773 2073083047645.302
6055.000 6678.000 32682160.000 0.000 1400.000 510.000 307.000 58398.698 1023381.168 295002.538 9942828.468 873816653.547 52551233546032.250
5860.000 6555.000 32682170.000 1.000 1400.000 510.000 364.000 19145.526 666873.184 176518.763 1481267.751 93950024.016 1469762833328.262
5792.000 6522.000 32682180.000 1.000 1380.000 510.000 417.000 13297.647 560436.451 149878.434 2331743.018 241512146.107 130944460558.783
5742.000 6506.000 32682190.000 1.000 1380.000 510.000 515.000 4092.187 488074.147 137745.910 394942.067 612370507.397 5283853607937.514
5727.000 6500.000 32682200.000 1.000 1380.000 510.000 545.000 2533.000 467340.456 133328.214 1165178.227 691969232.005 2336089948615.741
5737.000 6500.000 32682210.000 1.000 1370.000 520.000 594.000 7132.993 481112.917 133328.214 2021419.615 471120701.749 451833872685.898
5764.000 6508.000 32682220.000 1.000 1370.000 520.000 647.000 15113.331 519297.561 139234.475 2177608.955 188374995.231 266252441124.772
5822.000 6522.000 32682230.000 1.000 1370.000 520.000 693.000 23710.287 606253.833 149878.434 1504023.969 26296599.967 1415104234279.897
5911.000 6551.000 32682240.000 1.000 1360.000 520.000 721.000 29648.005 752769.734 173173.633 241157.051 655609.139 6014503426717.413
6021.000 6591.000 32682250.000 1.000 1360.000 520.000 748.000 30600.066 955746.802 208064.941 471866.491 3103791.048 4936124252843.690
6136.000 6628.000 32682260.000 1.000 1360.000 520.000 759.000 32462.942 1193825.100 243188.402 164808.125 13137971.216 6394816196509.138
6259.000 6664.000 32682270.000 1.000 1350.000 530.000 784.000 33113.586 1477739.367 279990.580 1226614.622 18278001.485 2152062255106.244
6386.000 6695.000 32682280.000 1.000 1350.000 530.000 794.000 28271.049 1802636.619 313758.345 1293930.110 321782.838 1959091215472.165
6495.000 6719.000 32682290.000 1.000 1350.000 530.000 785.000 23162.758 2107209.441 341221.130 896831.194 32211868.456 3228397929937.552
6584.000 6740.000 32682300.000 1.000 1350.000 530.000 793.000 19622.169 2373519.341 366196.067 1521088.030 84937219.129 1374797232618.122
6660.000 6755.000 32682310.000 1.000 1350.000 530.000 797.000 13617.084 2613470.043 384575.308 1845185.127 231685661.811 719817140293.178
6713.000 6764.000 32682320.000 1.000 1350.000 530.000 797.000 6332.500 2787641.085 395818.852 1219056.910 506511396.325 2174293563339.757
6738.000 6764.000 32682330.000 1.000 1340.000 540.000 800.000 1519.800 2871747.236 395818.852 64160.890 746300882.493 6913978991061.862
6744.000 6764.000 32682340.000 1.000 1340.000 540.000 806.000 1773.100 2892118.713 395818.852 1048724.818 732525487.201 2705632479288.278
6744.000 6757.000 32682350.000 1.000 1330.000 530.000 817.000 5913.348 2892118.713 387059.873 1528612.054 525553793.642 1357209744288.576
6728.000 6740.000 32682360.000 1.000 1330.000 530.000 821.000 11948.137 2837954.776 366196.067 2436639.867 285277878.355 66031339866.154
6703.000 6700.000 32682370.000 1.000 1340.000 540.000 827.000 21567.718 2754348.624 319384.758 2073002.641 52861479.786 385147916624.571
6638.000 6645.000 32682380.000 1.000 1340.000 540.000 830.000 29751.700 2542822.629 260244.208 1630148.372 834284.840 1130941076846.568
6552.000 6565.000 32682390.000 1.000 1340.000 540.000 832.000 36187.343 2275943.467 185021.591 1093471.530 54008314.585 2560428742640.792
6453.000 6462.000 32682400.000 1.000 1340.000 540.000 829.000 40504.246 1987037.105 107021.470 459687.827 136094108.076 4990388198630.616
6344.000 6345.000 32682410.000 1.000 1330.000 530.000 829.000 38689.450 1691620.283 44159.392 2041874.350 97044997.569 424753500308.468
6235.000 6238.000 32682420.000 1.000 1330.000 530.000 821.000 30628.359 1419965.461 10638.140 1315182.993 3204282.376 1900048625629.837
6150.000 6152.000 32682430.000 1.000 1340.000 540.000 793.000 25436.164 1224614.545 293.826 2258726.000 11574584.189 189120185144.084
6080.000 6080.000 32682440.000 1.000 1340.000 540.000 746.000 16518.967 1074587.320 3009.470 2028410.189 151766164.093 442484810378.650
6042.000 6027.000 32682450.000 1.000 1340.000 540.000 667.000 8511.031 997247.969 11633.486 1292647.652 413198192.576 1962682909989.889
6022.000 6000.000 32682460.000 1.000 1340.000 540.000 636.000 3407.803 957703.048 18186.852 349909.380 646710587.484 5492911533211.584
6013.000 5990.000 32682470.000 1.000 1350.000 530.000 578.000 2026.400 940168.833 20984.025 928549.673 718878413.689 3115422095252.244
6013.000 5998.000 32682480.000 1.000 1350.000 530.000 561.000 5692.210 940168.833 18730.287 1073564.683 535741855.292 2624532269696.292
6021.000 6019.000 32682490.000 1.000 1350.000 530.000 570.000 9930.523 955746.802 13423.224 796817.208 357504335.784 3597805849197.422
6045.000 6050.000 32682500.000 1.000 1350.000 530.000 580.000 13076.268 1003248.708 7200.989 295084.368 248441906.777 5752903651668.083
6081.000 6087.000 32682510.000 1.000 1350.000 530.000 620.000 14241.228 1076661.566 2290.449 272176.676 213074746.208 5863317581011.787
6125.000 6122.000 32682520.000 1.000 1350.000 530.000 675.000 15315.751 1169908.393 165.345 1087501.502 182859549.376 2579570073161.619
6175.000 6156.000 32682530.000 1.000 1350.000 530.000 727.000 19609.085 1280570.697 446.957 685735.280 85178558.247 4031542846328.499
6243.000 6193.000 32682540.000 1.000 1350.000 530.000 784.000 22316.291 1439095.430 3380.418 207728.290 42536706.500 6179585535344.590
6322.000 6232.000 32682550.000 1.000 1350.000 530.000 827.000 21496.203 1634876.870 9436.444 170900.497 53906506.677 6364040564784.690
6401.000 6263.000 32682560.000 1.000 1350.000 530.000 867.000 20821.507 1843140.310 16420.208 243748.817 64269099.197 6001797798921.154
6482.000 6277.000 32682570.000 1.000 1350.000 530.000 911.000 21783.800 2069636.242 20204.167 854796.819 49766083.935 3381217389100.316
6568.000 6277.000 32682580.000 1.000 1350.000 530.000 933.000 25158.442 2324475.404 20204.167 770004.137 13541414.202 3700242228611.348
6667.000 6269.000 32682590.000 1.000 1350.000 530.000 967.000 28198.332 2636151.765 17993.905 506513.878 409569.354 4783369791305.921
6775.000 6242.000 32682600.000 1.000 1350.000 530.000 985.000 30197.992 2998518.341 11479.271 877213.362 1848740.423 3299280422477.678
6888.000 6204.000 32682610.000 1.000 1350.000 540.000 1011.000 26734.852 3402634.147 4780.528 630564.260 4424527.386 4256139184619.856
6982.000 6156.000 32682620.000 1.000 1350.000 540.000 1023.000 24245.455 3758259.278 446.957 669988.379 21094299.209 4095026278573.617
7063.000 6105.000 32682630.000 1.000 1350.000 540.000 1023.000 21600.416 4078877.210 891.538 846012.628 52387081.437 3413599444558.162
7129.000 6051.000 32682640.000 1.000 1360.000 550.000 1023.000 18260.453 4349823.451 7032.271 1534072.695 111891017.619 1344516340866.172
7158.000 5985.000 32682650.000 1.000 1360.000 550.000 1023.000 24316.800 4471630.587 22457.612 2247834.860 20444035.115 198711469250.687
7158.000 5889.000 32682660.000 1.000 1360.000 550.000 1023.000 33191.000 4471630.587 60446.470 2708119.462 18945927.146 210654905.244
7099.000 5772.000 32682670.000 1.000 1350.000 550.000 1023.000 43882.352 4225586.069 131666.392 3137563.268 226323258.141 197098494026.308
6977.000 5649.000 32682680.000 1.000 1350.000 550.000 1023.000 56269.100 3738898.048 236058.617 3282573.212 752448346.588 346882958162.022
6815.000 5497.000 32682690.000 1.000 1350.000 550.000 1023.000 69228.331 3138648.184 406863.643 2212362.728 1631353953.288 231594611825.645
6601.000 5327.000 32682700.000 1.000 1340.000 560.000 1023.000 60494.171 2426189.524 652635.580 2811141.891 1002093658.629 13814801689.332
6412.000 5181.000 32682710.000 1.000 1350.000 570.000 1023.000 49396.098 1873129.016 909846.303 4821284.337 422622727.316 4527017205902.666
6239.000 5091.000 32682720.000 1.000 1340.000 570.000 1023.000 30362.208 1429514.446 1089640.858 3891685.749 2322271.034 1435396267550.404
6131.000 5039.000 32682730.000 1.000 1340.000 570.000 979.000 14998.269 1182923.870 1200906.156 1476196.685 191546681.116 1482084238583.157
6072.000 5044.000 32682740.000 1.000 1340.000 570.000 885.000 20826.128 1058065.352 1189972.570 3115112.276 64195029.275 177667956763.015
6046.000 5122.000 32682750.000 1.000 1320.000 580.000 705.000 33124.242 1005252.954 1025882.622 4662704.859 18369229.759 3877352260149.944
6081.000 5248.000 32682760.000 1.000 1320.000 580.000 442.000 51532.078 1076661.566 786518.245 223733.811 515007194.199 6100266192063.936
6139.000 5443.000 32682770.000 1.000 1310.000 580.000 371.000 52415.354 1200389.838 478668.376 795083.370 555877095.370 3604386302651.304
6211.000 5637.000 32682780.000 1.000 1310.000 580.000 359.000 49276.454 1363343.556 247863.224 765729.446 417717809.563 3716706104517.782
6298.000 5811.000 32682790.000 1.000 1310.000 580.000 363.000 46253.440 1574078.964 104884.418 4110945.015 303286820.571 2008851282451.491
6386.000 5971.000 32682800.000 1.000 1300.000 580.000 414.000 30023.890 1802636.619 26849.653 2413339.929 1405604.542 78548793912.333
6456.000 6081.000 32682811.000 1.000 1300.000 580.000 567.000 19543.535 1995503.844 2900.753 4052124.956 86392806.192 1845575094762.250
6513.000 6133.000 32682821.000 1.000 1300.000 580.000 711.000 3546.200 2159791.870 3.455 2736336.068 639690729.997 1825900889.014
6513.000 6147.000 32682831.000 1.000 1280.000 570.000 763.000 14348.948 2159791.870 147.413 4940197.035 209941554.879 5047173496080.878
6460.000 6127.000 32682841.000 1.000 1280.000 570.000 818.000 33852.292 2006820.828 61.758 5949545.102 25140034.975 10601142649766.320
6366.000 6032.000 32682851.000 1.000 1280.000 570.000 873.000 57340.429 1749331.697 10579.900 3533284.233 812370898.216 705060363793.813
6193.000 5886.000 32682861.000 1.000 1300.000 560.000 906.000 71289.439 1321633.126 61930.622 691971.273 1802098518.290 4006539604582.894
5996.000 5685.000 32682871.000 1.000 1310.000 560.000 932.000 74021.264 907490.650 202372.795 625302.966 2041499507.694 4277875398897.978
5782.000 5486.000 32682881.000 1.000 1310.000 560.000 929.000 76489.890 545563.990 421017.533 5219595.041 2270673261.614 6380623128575.456
5554.000 5288.000 32682891.000 1.000 1320.000 550.000 908.000 55883.514 260735.886 717169.554 14155294.096 731443164.467 131370305323454.609
5397.000 5133.000 32682901.000 1.000 1320.000 550.000 748.000 0.000 125049.252 1003720.732 0.000 831648011.625 7255510624463.785
