3828.000 6409.000 32689140.000 0.000 1250.000 650.000 206.000 17350.028 4119010.217 112251.956 484947.927 193146650.751 85380017473851.891
3763.000 6385.000 32689150.000 1.000 1260.000 620.000 342.000 15413.335 4387074.699 96746.025 2416032.978 250728668.725 53422149976717.891
3721.000 6430.000 32689160.000 1.000 1290.000 600.000 359.000 5764.641 4564779.596 126764.645 1129965.306 649388796.562 73875974973558.422
3708.000 6449.000 32689170.000 1.000 1300.000 560.000 413.000 1252.000 4620498.493 140655.174 2548814.839 899744961.864 51498763602036.445
3713.000 6449.000 32689180.000 1.000 1300.000 550.000 530.000 11430.973 4599028.148 140655.174 4542942.346 392704613.540 26854537624246.184
3753.000 6471.000 32689190.000 1.000 1300.000 530.000 633.000 29573.714 4429065.389 157640.944 3030316.762 2802393.393 44819837965621.609
3860.000 6521.000 32689200.000 1.000 1290.000 510.000 699.000 41675.618 3990144.010 199844.967 4770991.642 108740450.563 24542978991994.816
4011.000 6591.000 32689210.000 1.000 1290.000 500.000 728.000 60729.099 3409689.596 267330.599 885515.061 869149994.095 78137886066186.938
4237.000 6679.000 32689220.000 1.000 1280.000 480.000 756.000 57192.697 2626132.010 366073.680 546267.131 673140323.442 84250582585797.344
4449.000 6764.000 32689230.000 1.000 1300.000 480.000 784.000 55011.119 1983969.389 476155.519 2130434.250 564697750.752 57678624956199.609
4652.000 6848.000 32689240.000 1.000 1310.000 470.000 796.000 46502.995 1453313.389 599138.277 2964283.277 232722528.592 45708355316300.781
4821.000 6925.000 32689250.000 1.000 1310.000 470.000 790.000 34664.803 1074403.734 724269.473 2558205.841 11676257.607 51364067175628.336
4938.000 6999.000 32689260.000 1.000 1320.000 480.000 790.000 24448.326 845543.665 855699.427 1920482.113 46232153.993 60911728537630.484
5020.000 7052.000 32689270.000 1.000 1330.000 480.000 796.000 16778.669 701464.010 956562.691 3072833.430 209354277.876 44252367687814.602
5073.000 7093.000 32689280.000 1.000 1330.000 480.000 779.000 4506.970 615494.355 1038442.990 1025950.262 715069264.908 75674836307347.594
5087.000 7107.000 32689291.000 1.000 1340.000 490.000 720.000 0.000 593723.389 1067172.117 2768054.062 976421821.518 48400192394770.586
5087.000 7107.000 32689301.000 1.000 1350.000 500.000 592.000 11054.529 593723.389 1067172.117 1055916.768 407766136.522 75154369327262.531
5044.000 7117.000 32689311.000 1.000 1350.000 500.000 246.000 15271.449 661838.355 1087932.921 221265.240 255242163.710 90322471076209.516
4700.000 7463.000 32689391.000 0.000 1380.000 490.000 153.000 8202.272 1339886.079 1929432.760 1514481.800 531094013.071 67413902140016.070
4693.000 7495.000 32689401.000 1.000 1380.000 490.000 191.000 2154.022 1356140.562 2019355.335 511679.129 846444954.429 84886732424380.750
4688.000 7502.000 32689411.000 1.000 1390.000 480.000 213.000 4197.469 1367810.906 2039298.898 1070592.211 731717651.499 74900137111082.453
4693.000 7486.000 32689421.000 1.000 1390.000 480.000 257.000 8472.997 1356140.562 1993857.611 2847126.626 518689331.541 47306225306668.531
4704.000 7454.000 32689431.000 1.000 1390.000 480.000 341.000 19843.311 1330641.803 1904511.036 3072515.171 130061207.538 44256602062984.734
4718.000 7376.000 32689441.000 1.000 1390.000 480.000 443.000 32113.739 1298538.837 1695308.760 2125623.565 749938.571 57751718983563.461
4726.000 7248.000 32689451.000 1.000 1380.000 480.000 530.000 40602.651 1280370.286 1378370.461 2192822.912 87514190.247 56734877884932.773
4733.000 7086.000 32689461.000 1.000 1380.000 480.000 617.000 49359.931 1264577.803 1024225.427 168543.489 328051134.511 91327366037218.344
4740.000 6889.000 32689471.000 1.000 1370.000 480.000 708.000 50033.028 1248883.320 664290.576 1655830.847 352886704.733 65112761587066.484
4758.000 6690.000 32689481.000 1.000 1370.000 480.000 777.000 56645.771 1208976.079 379505.565 1052037.822 645059518.301 75221638795807.516
4768.000 6464.000 32689491.000 1.000 1380.000 490.000 823.000 60847.200 1187085.389 152131.381 37330.383 876127495.759 93852468262630.422
4768.000 6221.000 32689501.000 1.000 1370.000 500.000 831.000 60698.117 1187085.389 21620.829 2404134.470 867324171.612 53596225030195.398
4754.000 5979.000 32689511.000 1.000 1370.000 500.000 842.000 51096.941 1217788.355 9017.358 1571345.386 393990420.543 66483367636810.797
4749.000 5775.000 32689521.000 1.000 1370.000 510.000 869.000 44821.600 1228848.699 89376.944 4172975.094 184249429.254 30825854915454.625
4749.000 5596.000 32689531.000 1.000 1360.000 510.000 861.000 28156.364 1228848.699 228445.542 2989822.324 9556661.609 45363679012958.742
4759.000 5484.000 32689541.000 1.000 1340.000 520.000 866.000 16216.179 1206778.010 348052.530 2174308.586 225948098.565 57014129945095.117
4774.000 5421.000 32689551.000 1.000 1340.000 540.000 866.000 7532.838 1174046.975 426356.461 1886222.635 562397006.736 61447665062466.977
4782.000 5392.000 32689561.000 1.000 1330.000 540.000 866.000 0.000 1156774.424 465069.128 2387550.979 976421821.518 53839313669253.578
4782.000 5392.000 32689571.000 1.000 1310.000 550.000 849.000 9534.948 1156774.424 465069.128 1055823.870 471445730.011 75155980031510.656
4773.000 5429.000 32689581.000 1.000 1310.000 560.000 743.000 13751.497 1176215.044 415973.105 3534395.249 306118836.260 38324562107514.117
4763.000 5483.000 32689591.000 1.000 1300.000 560.000 398.000 27866.494 1198005.734 349233.450 3242355.982 11432885.803 42025694379892.477
4755.000 5594.000 32689601.000 1.000 1280.000 570.000 125.000 40815.200 1215582.286 230361.381 2261143.550 91536117.428 55710328546772.852
4755.000 5757.000 32689611.000 1.000 1270.000 570.000 132.000 49845.326 1215582.286 100463.496 1625266.022 345869867.920 65606966095163.602
4760.000 5956.000 32689621.000 1.000 1270.000 570.000 168.000 43354.647 1204581.941 13914.507 1753892.495 146576977.652 63539810180513.836
4767.000 6129.000 32689631.000 1.000 1260.000 580.000 200.000 36350.284 1189265.458 3029.427 1006260.194 26035862.781 76017796868739.797
4792.000 6272.000 32689641.000 1.000 1240.000 580.000 255.000 32331.673 1135363.734 39219.933 1480166.984 1174891.101 67978569893226.398
4828.000 6396.000 32689651.000 1.000 1240.000 580.000 394.000 26420.463 1059941.251 103709.910 3344441.558 23302690.736 40712530870763.180
4855.000 6498.000 32689661.000 1.000 1240.000 580.000 537.000 13064.067 1005075.389 179810.117 2205339.657 330646293.376 56546475902846.477
4866.000 6549.000 32689671.000 1.000 1240.000 580.000 655.000 4256.800 983140.630 225663.220 194844.253 728511331.333 90825369410724.344
4866.000 6566.000 32689681.000 1.000 1240.000 580.000 708.000 3478.668 983140.630 242103.588 1135346.653 771121863.096 73783497356649.609
4854.000 6573.000 32689691.000 1.000 1260.000 580.000 725.000 8012.800 1007081.458 249041.151 1646383.756 539862857.970 65265312672921.531
4822.000 6573.000 32689701.000 1.000 1260.000 580.000 733.000 14587.815 1072331.665 249041.151 3584939.240 277553402.991 37701313101056.641
4777.000 6536.000 32689711.000 1.000 1270.000 570.000 731.000 28904.665 1167554.768 213481.174 3113876.494 5490042.927 43707995160768.688
4683.000 6469.000 32689721.000 1.000 1280.000 570.000 754.000 41340.274 1379531.251 156056.783 1312984.670 101859059.600 70763326672116.594
4574.000 6345.000 32689731.000 1.000 1280.000 570.000 770.000 46583.823 1647460.768 73462.806 436704.110 235195163.794 86273903299897.172
4455.000 6202.000 32689741.000 1.000 1300.000 560.000 785.000 48327.849 1967102.975 16394.300 1944641.456 291729813.850 60535204357623.023
4340.000 6047.000 32689751.000 1.000 1300.000 560.000 808.000 40561.709 2302910.906 726.829 2364406.758 86749849.704 54179492052489.125
4252.000 5911.000 32689761.000 1.000 1310.000 560.000 826.000 31119.190 2577740.975 26555.887 2342017.742 16527.433 54509589726156.805
4181.000 5809.000 32689771.000 1.000 1300.000 550.000 817.000 21766.084 2810767.872 70203.680 3149892.026 89901972.371 43233080347088.672
4147.000 5729.000 32689781.000 1.000 1300.000 550.000 824.000 9186.643 2925928.217 118997.243 437013.104 486692400.733 86268163291312.516
4158.000 5694.000 32689791.000 1.000 1300.000 550.000 843.000 10931.903 2888417.458 144369.427 2278664.289 412733601.264 55449088202252.523
4199.000 5679.000 32689801.000 1.000 1290.000 550.000 864.000 20032.000 2750736.630 155993.220 3373868.316 125793027.049 40337873872265.047
4279.000 5679.000 32689811.000 1.000 1290.000 550.000 853.000 33505.915 2491771.113 155993.220 2302472.571 5099313.398 55095082366184.000
4407.000 5718.000 32689821.000 1.000 1270.000 550.000 869.000 42701.093 2104050.286 126707.358 1894303.294 131179087.334 61321044113219.281
4567.000 5777.000 32689831.000 1.000 1260.000 540.000 853.000 50266.202 1665479.251 88185.105 2957537.250 361701552.109 45799617842674.547
4754.000 5850.000 32689841.000 1.000 1260.000 540.000 857.000 38454.951 1217788.355 50157.979 2033078.730 51943759.758 59166864180894.664
4902.000 5891.000 32689851.000 1.000 1260.000 540.000 860.000 30335.627 913046.148 33474.277 1718256.318 831966.658 64109205325603.930
5023.000 5897.000 32689861.000 1.000 1260.000 540.000 861.000 23473.581 696447.803 31314.760 571557.782 60437689.075 83786945960740.453
5115.000 5879.000 32689871.000 1.000 1260.000 540.000 863.000 21191.002 551357.458 38009.312 1469162.906 101138161.494 68160146287130.031
5164.000 5810.000 32689881.000 1.000 1250.000 550.000 867.000 27058.266 480990.079 69674.760 1589854.954 17551768.337 66181866076913.773
5185.000 5704.000 32689891.000 1.000 1250.000 550.000 872.000 33407.527 452302.630 136870.232 911836.608 4664640.736 77673236908258.250
5155.000 5574.000 32689901.000 1.000 1250.000 550.000 875.000 37049.047 493554.699 249959.772 212210.244 33655057.751 90494667055648.406
5121.000 5430.000 32689911.000 1.000 1250.000 560.000 876.000 37896.532 542483.044 414684.186 1893250.612 44206314.540 61337531854078.469
5085.000 5283.000 32689921.000 1.000 1250.000 560.000 878.000 30335.627 596809.527 625617.358 129718.218 831966.658 92070943580905.375
5079.000 5162.000 32689931.000 1.000 1250.000 560.000 882.000 29817.583 606115.941 831670.622 22147.379 2045374.968 94146877030404.922
5137.000 5058.000 32689941.000 1.000 1260.000 570.000 887.000 29729.135 519169.941 1032174.254 2623057.187 2306188.673 50438710164256.102
5237.000 4994.000 32689951.000 1.000 1260.000 570.000 888.000 40204.603 385063.044 1166313.105 478516.904 80225232.445 85498905819494.156
5393.000 4956.000 32689961.000 1.000 1260.000 570.000 897.000 42115.613 215792.286 1249834.048 396820.649 118110466.548 87016399045116.766
5560.000 4936.000 32689971.000 1.000 1270.000 570.000 894.000 43700.360 88526.768 1294952.438 3614962.450 155067519.143 37333521098814.156
5733.000 4913.000 32689981.000 1.000 1270.000 570.000 924.000 29263.609 15508.837 1347827.588 3328045.116 3936811.790 40922039209086.523
5840.000 4866.000 32689991.000 1.000 1270.000 570.000 968.000 15972.694 307.458 1459166.806 3500645.085 233327307.184 38743574347389.539
5855.000 4804.000 32690001.000 1.000 1260.000 580.000 1002.000 29952.906 6.424 1612797.818 3163981.784 1676618.558 43047993289109.469
5808.000 4694.000 32690011.000 1.000 1270.000 590.000 1023.000 42588.616 2453.665 1904288.967 2402740.494 128615262.878 53616637414588.836
5680.000 4582.000 32690021.000 1.000 1250.000 590.000 1023.000 52184.225 31518.493 2225943.956 1526187.249 438336024.651 67221821710029.742
5514.000 4456.000 32690031.000 1.000 1240.000 600.000 1023.000 58279.222 118015.941 2617793.818 118628124.797 730700529.132 11859873440110024.000
5323.000 4323.000 32690041.000 1.000 1240.000 600.000 1023.000 532033.714 285727.113 3065860.117 1222944911.120 250786582677.664 1471902361675887872.000
5131.000 4232.000 32690042.000 1.000 1240.000 600.000 1023.000 43637.184 527852.355 3392815.795 2417528.366 153498098.053 53400292494250.000
4958.000 4211.000 32690052.000 1.000 1220.000 600.000 1023.000 33982.518 809162.286 3470619.105 92441.170 7478961.138 92787706588855.891
4825.000 4238.000 32690062.000 1.000 1220.000 600.000 986.000 33613.344 1066127.458 3370748.277 1703177.982 5596039.405 64350891799415.992
4713.000 4312.000 32690072.000 1.000 1220.000 600.000 897.000 26811.515 1309959.182 3104502.232 543130.370 19680172.664 84308175901640.859
4652.000 4400.000 32690082.000 1.000 1220.000 600.000 728.000 24642.464 1453313.389 2802141.312 2784011.302 43629790.766 48178417203277.352
4643.000 4498.000 32690092.000 1.000 1220.000 600.000 247.000 13524.208 1475094.010 2483649.197 1604248.259 314123907.820 65947887729701.672
4457.000 4888.000 32690172.000 0.000 1200.000 580.000 463.000 64778.146 1961496.837 1406500.576 12749213.656 1124287518.738 9145391979533.691
4262.000 4718.000 32690182.000 1.000 1200.000 580.000 561.000 13862.756 2545730.286 1838626.898 1479578.544 302237983.808 67988273511237.516
4209.000 4702.000 32690192.000 1.000 1200.000 580.000 625.000 7953.896 2717665.941 1882273.611 1783914.704 542603590.531 63062086274590.859
4181.000 4717.000 32690202.000 1.000 1190.000 580.000 721.000 15078.156 2810767.872 1841339.818 7271052.099 261455739.830 6022246763369.166
4230.000 4752.000 32690212.000 1.000 1190.000 580.000 802.000 44115.904 2648868.493 1747577.634 3405050.378 165589411.477 39942758518713.508
4366.000 4864.000 32690222.000 1.000 1190.000 580.000 860.000 57714.348 2224675.113 1464002.645 5291611.053 700480859.280 19655635747266.734
4559.000 4990.000 32690232.000 1.000 1180.000 570.000 902.000 78846.980 1686191.803 1174968.783 287037.777 2265686785.773 89076617252461.891
4843.000 5126.000 32690242.000 1.000 1200.000 570.000 942.000 79993.297 1029280.217 898627.726 1985382.287 2376128443.657 59902901211803.219
5133.000 5260.000 32690252.000 1.000 1200.000 570.000 938.000 87922.140 524950.217 662530.507 1175558.890 3211986588.055 73094289695614.797
5444.000 5423.000 32690262.000 1.000 1200.000 570.000 867.000 92616.864 171010.768 423748.622 20654644.390 3766168268.124 119455405259217.938
5766.000 5605.000 32690272.000 1.000 1200.000 570.000 522.000 10130.265 8378.562 219923.266 40112.275 445948133.160 93798575462239.016
6954.000 7197.000 32690763.000 0.000 1410.000 490.000 132.000 17995.731 1202236.630 1261219.358 3038357.857 175615982.748 44712236190667.156
6992.000 7258.000 32690773.000 1.000 1410.000 490.000 195.000 5861.714 1287012.010 1401951.266 1040233.214 644450776.231 75426541841028.984
7014.000 7266.000 32690783.000 1.000 1410.000 490.000 260.000 10016.000 1337412.493 1420959.910 1166244.260 450787168.283 73253647686140.422
7054.000 7266.000 32690793.000 1.000 1420.000 490.000 364.000 14673.525 1431529.734 1420959.910 1218371.030 274704903.298 72364076093293.656
7107.000 7241.000 32690803.000 1.000 1420.000 490.000 473.000 19539.224 1561164.079 1361982.898 689101.301 137089559.156 81648888309898.750
7174.000 7201.000 32690813.000 1.000 1420.000 490.000 557.000 22291.226 1733081.458 1270219.680 511816.598 80219305.382 84884199329615.766
7244.000 7146.000 32690823.000 1.000 1430.000 500.000 620.000 24335.222 1922286.630 1149270.254 63883.300 47783030.400 93338697363857.594
7318.000 7083.000 32690833.000 1.000 1430.000 500.000 670.000 24080.097 2132959.527 1018162.186 614162.590 51375236.099 83008793124376.172
7386.000 7015.000 32690843.000 1.000 1430.000 500.000 699.000 21627.371 2336206.837 885556.714 1290128.158 92551674.079 71148391350449.953
7450.000 6957.000 32690853.000 1.000 1450.000 500.000 730.000 16475.102 2535946.424 779760.048 792806.214 218231101.254 79785492510151.453
7495.000 6909.000 32690863.000 1.000 1450.000 500.000 724.000 13308.943 2681293.320 697292.186 1025398.016 321800762.974 75684444730136.094
7530.000 6869.000 32690873.000 1.000 1450.000 510.000 727.000 9213.903 2797140.906 632088.967 1350084.935 485490372.338 70140521263245.305
7557.000 6844.000 32690883.000 1.000 1450.000 510.000 724.000 3822.190 2888183.044 592961.956 643575.576 752161289.930 82473699749683.922
7565.000 6831.000 32690893.000 1.000 1450.000 510.000 719.000 1252.000 2915438.493 573109.910 125400.320 899744961.864 92153825801178.141
7565.000 6826.000 32690903.000 1.000 1440.000 510.000 639.000 1752.800 2915438.493 565564.507 4103653.858 869952020.242 31600417723740.660
7565.000 6819.000 32690913.000 1.000 1440.000 510.000 175.000 18141.194 2915438.493 555084.944 891722.119 171781785.625 78028189224833.625
7073.000 6696.000 32690983.000 0.000 1410.000 520.000 344.000 43069.528 1477356.424 386934.048 7840371.555 139754457.230 3552121179819.608
6936.000 6592.000 32690993.000 1.000 1410.000 520.000 363.000 11758.140 1163087.872 268365.680 1195364.528 379844861.437 72756024568395.922
6894.000 6571.000 32691003.000 1.000 1400.000 530.000 388.000 6984.320 1074260.768 247048.990 793853.386 588713989.906 79766786355345.766
6867.000 6564.000 32691013.000 1.000 1400.000 530.000 497.000 3813.979 1019020.630 240139.427 516119.222 752611739.882 84804935436553.000
6853.000 6558.000 32691023.000 1.000 1400.000 530.000 561.000 1752.800 990951.596 234294.944 877802.240 869952020.242 78274301498570.312
6860.000 6558.000 32691033.000 1.000 1400.000 530.000 622.000 5258.400 1004937.113 234294.944 1881004.800 675446264.730 61529496003776.680
6881.000 6558.000 32691043.000 1.000 1400.000 530.000 675.000 12770.400 1047481.665 234294.944 2122576.948 341412428.404 57798033524103.086
6932.000 6558.000 32691053.000 1.000 1400.000 530.000 710.000 21247.145 1154476.148 234294.944 1393610.966 100012081.629 69413355298504.352
7016.000 6570.000 32691063.000 1.000 1400.000 530.000 737.000 26812.684 1342042.355 246055.910 574980.750 19669802.115 83724293258785.203
7121.000 6591.000 32691073.000 1.000 1400.000 530.000 757.000 29108.933 1596345.113 267330.599 107084.812 4574534.152 92505807232873.719
7236.000 6608.000 32691083.000 1.000 1400.000 530.000 782.000 29536.588 1900167.182 285198.967 1018705.074 2928072.184 75800942442640.766
7353.000 6623.000 32691093.000 1.000 1400.000 530.000 797.000 25468.277 2236417.113 301445.174 779708.791 33402297.330 80019643555935.359
7454.000 6635.000 32691103.000 1.000 1390.000 540.000 794.000 22354.424 2548702.148 314766.140 1835538.170 79091230.680 62244850433425.398
7543.000 6642.000 32691113.000 1.000 1390.000 540.000 796.000 15024.000 2840794.010 322669.703 1977531.746 263210033.666 60024484451488.477
7603.000 6642.000 32691123.000 1.000 1390.000 540.000 799.000 7126.509 3046649.872 322669.703 535185.930 581834222.187 84454129891612.828
7630.000 6633.000 32691133.000 1.000 1390.000 540.000 811.000 4989.185 3141634.010 312525.979 1838332.884 689512186.662 62200760224872.820
7636.000 6614.000 32691143.000 1.000 1390.000 540.000 817.000 12330.770 3162939.596 291643.450 2150747.449 357852096.878 57370494532462.531
7616.000 6569.000 32691153.000 1.000 1390.000 540.000 820.000 20920.017 3092200.975 245064.829 1811144.702 106662049.570 62630351985650.266
7560.000 6507.000 32691163.000 1.000 1390.000 540.000 823.000 28153.023 2898388.837 187523.841 914390.688 9577329.406 77628223980644.953
7480.000 6428.000 32691173.000 1.000 1390.000 540.000 823.000 31804.743 2632394.355 125344.484 594606.851 310242.246 83365516947933.375
7383.000 6346.000 32691183.000 1.000 1390.000 540.000 821.000 34179.371 2327045.044 74005.887 411115.484 8594407.180 86749911566877.656
7277.000 6260.000 32691193.000 1.000 1390.000 540.000 824.000 35821.206 2014882.355 34610.967 2298321.190 20916508.353 55156727732603.758
7165.000 6171.000 32691203.000 1.000 1400.000 540.000 827.000 26642.607 1709466.079 9416.806 2503752.104 21207333.422 52147558409202.273
7080.000 6107.000 32691213.000 1.000 1400.000 540.000 830.000 16643.597 1494421.941 1091.657 2512224.889 213281257.486 52025260701254.922
7033.000 6060.000 32691223.000 1.000 1400.000 540.000 824.000 6610.750 1381719.182 194.875 1216430.680 606981722.841 72397091838868.797
7012.000 6044.000 32691233.000 1.000 1400.000 540.000 828.000 1752.800 1332790.630 897.588 316108.716 869952020.242 88528716945624.250
7019.000 6044.000 32691243.000 1.000 1400.000 540.000 842.000 3015.215 1349002.148 897.588 2440238.645 797075979.631 53068895235342.203
7028.000 6052.000 32691253.000 1.000 1400.000 540.000 854.000 12760.577 1369989.527 482.232 1994113.234 341775530.895 59767827682153.555
7077.000 6066.000 32691263.000 1.000 1410.000 550.000 869.000 20724.288 1487096.148 63.358 2797959.584 110743232.749 47984979825786.555
7152.000 6101.000 32691273.000 1.000 1410.000 550.000 878.000 31898.248 1675640.975 731.174 200375.338 423148.867 90719974929571.125
7270.000 6149.000 32691283.000 1.000 1410.000 550.000 885.000 31098.027 1995058.837 5631.036 52329.343 22416.696 93562080931185.312
7390.000 6181.000 32691293.000 1.000 1410.000 550.000 906.000 31307.010 2348450.562 11457.611 946804.968 3511.859 77058090447058.469
7514.000 6197.000 32691303.000 1.000 1410.000 550.000 930.000 35088.180 2743878.010 15138.898 686417.764 14748909.780 81697392270856.484
7654.000 6203.000 32691313.000 1.000 1410.000 550.000 951.000 37829.465 3227288.355 16651.381 739162.020 43318984.672 80746699330381.266
7804.000 6185.000 32691323.000 1.000 1430.000 550.000 943.000 40781.390 3788728.010 12329.933 2332118.178 90890309.511 54655865897290.227
7959.000 6135.000 32691333.000 1.000 1430.000 550.000 965.000 31467.819 4416157.320 3725.910 669023.478 48430.777 82012136940250.281
8062.000 6063.000 32691343.000 1.000 1430.000 550.000 991.000 28796.000 4859668.217 120.117 326551.898 6011073.469 88332306832851.438
8131.000 5971.000 32691353.000 1.000 1430.000 550.000 990.000 30100.121 5168645.458 10600.714 570911.499 1317050.171 83798777908395.031
8166.000 5856.000 32691363.000 1.000 1410.000 560.000 1005.000 32380.119 5329013.044 47506.461 692379.037 1282261.674 81589663956346.531
8157.000 5727.000 32691373.000 1.000 1410.000 560.000 1017.000 29615.027 5287541.665 120381.082 1401074.388 2665781.336 69289048481392.523
8119.000 5615.000 32691383.000 1.000 1410.000 560.000 1021.000 35210.372 5114226.286 210644.071 602965.454 15702380.539 83212950834702.453
8041.000 5498.000 32691393.000 1.000 1400.000 560.000 1021.000 37618.381 4767521.665 331729.657 469705.328 40584951.274 85661937028109.969
7942.000 5385.000 32691403.000 1.000 1420.000 570.000 1020.000 39494.201 4344996.493 474665.565 1490100.352 68003969.546 67814869079791.539
7828.000 5276.000 32691413.000 1.000 1400.000 580.000 1009.000 33543.321 3882734.355 636739.795 2954793.618 5269650.517 45836760656987.320
7712.000 5209.000 32691423.000 1.000 1390.000 580.000 953.000 21743.027 3439042.355 748155.404 1831345.973 90339741.499 62311017024573.688
7628.000 5187.000 32691433.000 1.000 1390.000 580.000 837.000 14429.345 3134548.148 786697.634 2213653.005 282858715.234 56421516598839.844
7565.000 5194.000 32691444.000 1.000 1360.000 580.000 501.000 24153.859 2915438.493 774329.197 71079.591 50323276.229 93199699602848.234
7760.000 6237.000 32691554.000 0.000 1310.000 580.000 399.000 27276.365 3619375.044 26582.117 3506893.316 15771891.378 38665829989116.969
7731.000 6342.000 32691564.000 1.000 1320.000 580.000 517.000 13271.200 3509873.044 71845.565 1296748.984 323156316.222 71036742505519.562
7678.000 6342.000 32691574.000 1.000 1310.000 570.000 611.000 18449.910 3314094.699 71845.565 3594820.775 163784684.688 37580062739007.578
7608.000 6319.000 32691584.000 1.000 1320.000 570.000 697.000 32806.223 3064129.527 60044.714 2503381.762 2428841.012 52152907267454.828
7502.000 6242.000 32691594.000 1.000 1320.000 570.000 760.000 42803.754 2704266.837 28237.519 5376351.671 133541250.099 18911427135948.883
7372.000 6131.000 32691604.000 1.000 1340.000 560.000 817.000 64274.807 2293605.803 3253.588 2792079.691 1090786555.960 48066475837819.984
7192.000 5948.000 32691614.000 1.000 1350.000 550.000 840.000 75425.285 1780798.217 15865.864 1914186.306 1951654681.446 61010040642991.297
6994.000 5721.000 32691624.000 1.000 1350.000 550.000 845.000 83069.799 1291553.872 124580.599 1375969.785 2685524859.650 69707620371827.078
6783.000 5465.000 32691634.000 1.000 1350.000 550.000 768.000 77574.712 856486.424 370832.002 19424707.885 2146187494.946 94082805516417.453
6596.000 5218.000 32691644.000 1.000 1360.000 550.000 173.000 0.000 545331.320 732667.128 0.000 976421821.518 94577156533405.500
