2634.000 5908.000 51603708.000 0.000 1030.000 570.000 368.000 21338.993 5144290.571 13405.670 2186204.289 416240.266 53633104195.933
2538.000 5857.000 51603718.000 1.000 1150.000 550.000 384.000 10201.936 5588982.319 4196.819 848853.023 110079758.890 2461571114477.467
2512.000 5902.000 51603728.000 1.000 1250.000 530.000 389.000 14526.200 5712591.668 12052.276 2473550.585 38039612.309 3108962906.040
2512.000 5976.000 51603738.000 1.000 1350.000 490.000 388.000 27127.069 5712591.668 33776.139 4732839.916 41386613.585 5359444491127.771
2636.000 6037.000 51603748.000 1.000 1360.000 480.000 394.000 51237.308 5135222.159 59918.647 3159228.251 932904283.609 549726957744.119
2851.000 6185.000 51603758.000 1.000 1360.000 480.000 405.000 67331.186 4207022.931 154278.373 670475.017 2175043333.912 3053118422022.761
3126.000 6390.000 51603768.000 1.000 1370.000 470.000 415.000 70746.749 3154541.359 357344.344 1400946.970 2505295085.971 1033974852613.008
3431.000 6582.000 51603778.000 1.000 1370.000 460.000 412.000 63609.984 2164143.616 623756.961 1628614.532 1841796604.729 622801881266.820
3705.000 6755.000 51603788.000 1.000 1370.000 460.000 407.000 55313.425 1433055.251 926950.830 3320181.492 1198516624.634 814305874484.355
3959.000 6877.000 51603798.000 1.000 1380.000 460.000 399.000 38399.612 889442.999 1176753.847 4481755.334 313494852.617 4259942538052.059
4130.000 6972.000 51603808.000 1.000 1390.000 450.000 389.000 15568.459 596142.822 1391887.590 2747818.982 26269388.408 108917472092.528
4203.000 7003.000 51603818.000 1.000 1400.000 450.000 364.000 1570.400 488744.805 1465995.127 1885106.590 365705427.660 283754289573.232
4211.000 7003.000 51603828.000 1.000 1400.000 430.000 309.000 11173.592 477623.159 1465995.127 2184057.945 90634858.244 54631846966.562
4157.000 6985.000 51603838.000 1.000 1400.000 430.000 191.000 22299.715 555178.268 1422730.944 1277048.495 2578879.003 1301296908201.580
4056.000 6933.000 51603848.000 1.000 1410.000 430.000 130.000 28805.311 715890.045 1301385.527 137297.716 65796186.495 5200656506347.235
3923.000 6871.000 51603858.000 1.000 1420.000 420.000 119.000 28105.883 958642.405 1163772.453 378469.737 54938586.769 4158837373268.831
3797.000 6803.000 51603868.000 1.000 1420.000 420.000 124.000 30033.900 1221252.325 1021681.984 242702.964 87236979.550 4731014533963.661
3662.000 6731.000 51603878.000 1.000 1430.000 420.000 134.000 31270.288 1537855.096 881313.253 524328.097 111861545.295 3585207484033.179
3522.000 6655.000 51603888.000 1.000 1430.000 420.000 131.000 28599.233 1904683.896 744394.259 205980.142 62495457.487 4892113952097.213
3417.000 6554.000 51603898.000 1.000 1420.000 410.000 155.000 27549.920 2205530.496 580313.121 1039179.418 47006022.900 1900574057969.489
3338.000 6438.000 51603908.000 1.000 1420.000 410.000 182.000 32843.753 2446417.748 417035.499 1397382.554 147620722.495 1041236478700.423
3275.000 6283.000 51603918.000 1.000 1430.000 420.000 215.000 39962.360 2647463.708 240867.813 1016629.455 371276396.784 1963257907241.384
3237.000 6083.000 51603928.000 1.000 1430.000 420.000 257.000 45141.318 2772567.525 84554.670 1858053.309 597679857.826 313307973353.616
3216.000 5854.000 51603938.000 1.000 1420.000 420.000 312.000 54606.694 2842942.845 3817.121 4311265.643 1150082605.908 3585240504657.088
3206.000 5576.000 51603948.000 1.000 1420.000 420.000 339.000 76569.331 2876764.902 46749.853 2893571.732 3122072042.402 226365867902.051
3213.000 5186.000 51603958.000 1.000 1410.000 430.000 372.000 91309.890 2853068.462 367499.224 1307351.522 4986628473.869 1233079188261.901
3225.000 4721.000 51603968.000 1.000 1400.000 430.000 407.000 84649.923 2812673.993 1147506.167 731736.517 4090382324.469 2842784812186.368
3239.000 4290.000 51603978.000 1.000 1390.000 430.000 428.000 80922.279 2765911.113 2256656.344 499240.171 3627466532.877 3680843078227.864
3253.000 3878.000 51603988.000 1.000 1370.000 440.000 453.000 78379.028 2719540.233 3664227.270 2997296.848 3327582512.640 335825277535.640
3268.000 3479.000 51603998.000 1.000 1360.000 450.000 473.000 63110.068 2670292.148 5350973.550 1827041.246 1799137572.799 348987056147.146
3299.000 3159.000 51604008.000 1.000 1350.000 450.000 473.000 53802.675 2569938.771 6933832.521 1101856.241 1096195872.267 1731688264580.975
3340.000 2888.000 51604018.000 1.000 1330.000 460.000 469.000 48189.551 2440165.336 8434477.213 5635249.272 756014885.105 10352028014089.320
3276.000 2651.000 51604028.000 1.000 1320.000 470.000 465.000 19482.219 2644210.502 9867245.139 2749552.900 1467991.882 110064956244.040
3255.000 2554.000 51604038.000 1.000 1300.000 480.000 442.000 5475.327 2712947.822 10486050.264 5241256.523 231602716.335 7971949031608.949
3262.000 2527.000 51604048.000 1.000 1280.000 480.000 193.000 32175.564 2689937.382 10661642.990 334745.977 131830304.089 4339082859452.731
2495.000 4356.000 51604169.000 0.000 1190.000 500.000 391.000 11541.706 5794144.165 2062719.681 148491.920 83761303.214 5149725168656.132
2456.000 4312.000 51604179.000 1.000 1190.000 500.000 444.000 12298.160 5983419.188 2191042.790 946809.668 70487210.078 2163790522029.978
2430.000 4369.000 51604189.000 1.000 1200.000 500.000 436.000 7474.881 6111292.536 2025547.036 704390.946 174740510.841 2935744920183.424
2395.000 4384.000 51604199.000 1.000 1220.000 500.000 443.000 3886.542 6285564.736 1983075.521 1498772.878 282484800.451 844597084358.519
2409.000 4370.000 51604209.000 1.000 1230.000 490.000 468.000 11521.656 6215561.856 2022701.601 1885104.038 84128705.234 283757008408.682
2466.000 4384.000 51604219.000 1.000 1240.000 490.000 489.000 21124.835 5934597.131 1983075.521 2864208.981 185768.630 199287665406.630
2551.000 4450.000 51604229.000 1.000 1260.000 490.000 514.000 35715.813 5527684.645 1801546.859 779750.908 225660088.964 2683180290519.222
2703.000 4550.000 51604239.000 1.000 1260.000 490.000 521.000 39688.054 4836053.376 1543103.430 1904421.724 360780691.672 263549564117.738
2857.000 4681.000 51604249.000 1.000 1270.000 490.000 532.000 49389.642 4182445.696 1234803.539 1230524.413 823449847.379 1409605534615.339
3059.000 4831.000 51604259.000 1.000 1270.000 490.000 535.000 55658.233 3397028.142 923938.396 1199255.197 1222509746.472 1484833183646.748
3291.000 4994.000 51604269.000 1.000 1280.000 480.000 530.000 49548.935 2595652.416 637150.607 623855.534 832617306.828 3218209874557.096
3499.000 5137.000 51604279.000 1.000 1310.000 480.000 524.000 46370.863 1968697.628 429309.504 524114.718 659310221.470 3586015580649.823
3690.000 5276.000 51604289.000 1.000 1310.000 480.000 522.000 43700.895 1469193.336 266480.139 1523031.240 529325217.134 800597730639.691
3870.000 5407.000 51604299.000 1.000 1310.000 480.000 450.000 35942.203 1065236.308 148392.247 5613284.087 232512996.603 10211166417436.275
4020.000 5512.000 51604309.000 1.000 1320.000 480.000 134.000 7346.767 778105.451 78521.647 110936.182 178143987.915 5321586118930.021
4369.000 5851.000 51604439.000 0.000 1320.000 440.000 286.000 0.000 284198.656 3455.424 1682294.533 428234440.667 540957274456.885
4369.000 5851.000 51604449.000 1.000 1320.000 440.000 301.000 8570.018 284198.656 3455.424 1246335.593 146986724.023 1372311308842.339
4328.000 5836.000 51604459.000 1.000 1330.000 430.000 302.000 2220.881 329594.091 1916.939 1204780.061 341249702.462 1471399201900.319
4320.000 5828.000 51604469.000 1.000 1320.000 430.000 312.000 8358.324 338843.736 1280.413 948197.312 152164613.257 2159710046555.701
4313.000 5786.000 51604479.000 1.000 1320.000 430.000 305.000 13188.672 347042.176 38.653 659113.173 56327338.794 3092953011074.131
4308.000 5719.000 51604489.000 1.000 1330.000 420.000 322.000 16546.355 352958.205 5360.750 2493470.324 17201516.928 5727131502.412
4301.000 5635.000 51604499.000 1.000 1320.000 430.000 339.000 29248.700 361324.645 24717.230 2196420.330 73185866.614 49005642163.971
4301.000 5486.000 51604509.000 1.000 1320.000 430.000 349.000 18059.600 361324.645 93768.939 1464280.220 6939147.402 909185687551.551
4301.000 5394.000 51604519.000 1.000 1320.000 430.000 361.000 10600.200 361324.645 158576.893 231202.140 101881288.827 4781177447026.381
4301.000 5340.000 51604529.000 1.000 1330.000 430.000 394.000 11778.000 361324.645 204500.344 1283814.367 79491955.912 1285906429242.359
4301.000 5280.000 51604539.000 1.000 1320.000 440.000 409.000 5237.937 361324.645 262366.401 1028207.033 238884509.373 1930947798429.270
4307.000 5254.000 51604549.000 1.000 1320.000 440.000 473.000 0.000 354147.411 289677.693 331479.247 428234440.667 4352703032180.387
4307.000 5254.000 51604559.000 1.000 1320.000 440.000 539.000 1688.636 354147.411 289677.693 1528145.640 361197252.583 791471553646.488
4314.000 5249.000 51604569.000 1.000 1310.000 440.000 566.000 9473.382 345864.971 295084.864 1491920.242 125898366.891 857239457011.231
4319.000 5297.000 51604579.000 1.000 1310.000 440.000 575.000 17073.587 340008.942 245240.019 1465166.122 13106131.493 907497035484.089
4348.000 5379.000 51604589.000 1.000 1310.000 440.000 578.000 24537.500 307029.976 170748.407 183768.208 14773828.676 4990864582794.663
4392.000 5496.000 51604599.000 1.000 1300.000 450.000 572.000 25473.660 260204.925 87744.596 552382.900 22846811.647 3479753013805.196
4454.000 5610.000 51604609.000 1.000 1300.000 450.000 566.000 22659.687 200796.171 33203.087 137487.146 3864608.887 5199792553973.231
4521.000 5704.000 51604619.000 1.000 1300.000 450.000 564.000 21959.294 145239.388 7782.264 108846.583 1601408.883 5331231294707.077
4596.000 5787.000 51604629.000 1.000 1300.000 450.000 546.000 21404.803 93698.959 27.219 394915.162 505488.083 4092032765837.544
4677.000 5860.000 51604639.000 1.000 1300.000 450.000 469.000 19393.009 50671.296 4594.516 289289.469 1692125.254 4530525196373.321
4761.000 5912.000 51604649.000 1.000 1310.000 450.000 363.000 17919.298 19910.016 14347.933 844253.125 7698006.447 2476026196757.609
4844.000 5950.000 51604659.000 1.000 1310.000 450.000 296.000 13618.467 3375.942 24895.430 391017.429 50060707.081 4107817229750.102
4911.000 5968.000 51604669.000 1.000 1310.000 450.000 287.000 11626.529 79.159 30899.613 499297.491 82215877.580 3680623138673.281
4969.000 5980.000 51604679.000 1.000 1320.000 460.000 285.000 9082.986 4475.228 35262.401 704046.832 134811608.956 2936924249529.591
5015.000 5985.000 51604689.000 1.000 1320.000 460.000 273.000 5496.400 12745.765 37165.230 462404.280 230961761.541 3823543130782.339
5043.000 5985.000 51604699.000 1.000 1340.000 460.000 277.000 3140.800 19852.005 37165.230 616539.040 308108726.972 3244514063886.955
5059.000 5985.000 51604709.000 1.000 1340.000 460.000 296.000 0.000 24616.713 37165.230 655072.730 428234440.667 3107181023488.189
5059.000 5985.000 51604719.000 1.000 1350.000 460.000 311.000 3337.100 24616.713 37165.230 269735.830 301255942.597 4614147501327.294
5044.000 5977.000 51604729.000 1.000 1350.000 460.000 312.000 4711.200 20134.799 34144.704 441915.664 255444338.605 3904089311326.676
5020.000 5977.000 51604739.000 1.000 1360.000 470.000 335.000 6962.426 13899.736 34144.704 0.000 188551350.040 5845720622351.583
4987.000 5964.000 51604749.000 1.000 1360.000 470.000 341.000 6962.426 7207.525 29509.350 569569.750 188551350.040 3415927371300.183
4954.000 5951.000 51604759.000 1.000 1370.000 470.000 359.000 9863.953 2693.313 25211.996 287003.163 117286152.414 4540263242116.647
4920.000 5914.000 51604769.000 1.000 1370.000 470.000 369.000 11326.017 320.308 14831.064 984270.971 87755848.244 2054984003333.953
4895.000 5862.000 51604779.000 1.000 1380.000 480.000 398.000 16340.133 50.451 4869.647 310357.367 18954644.032 4441282882770.317
4872.000 5782.000 51604789.000 1.000 1380.000 480.000 407.000 14759.097 906.182 104.390 280889.596 35221010.067 4566354064692.029
4854.000 5709.000 51604799.000 1.000 1390.000 480.000 415.000 13328.177 2313.885 6925.093 458434.505 54252787.380 3839083792518.929
4843.000 5642.000 51604809.000 1.000 1390.000 480.000 433.000 10992.800 3493.148 22565.190 865427.417 94109908.335 2409837382568.103
4843.000 5586.000 51604819.000 1.000 1380.000 490.000 439.000 6584.102 3493.148 42525.510 392881.102 199084315.549 4100266211035.364
4849.000 5553.000 51604829.000 1.000 1380.000 490.000 460.000 4582.670 2819.913 57224.841 102297.819 259569352.444 5361515664948.918
4865.000 5536.000 51604839.000 1.000 1380.000 490.000 490.000 5103.800 1376.622 65647.224 1535795.058 243048915.313 777919505677.210
4891.000 5536.000 51604849.000 1.000 1380.000 490.000 501.000 12927.514 123.273 65647.224 1355948.139 60315604.389 1127513468636.987
4940.000 5580.000 51604859.000 1.000 1380.000 490.000 504.000 19835.044 1436.193 45036.116 1141482.537 737506.779 1628967147675.197
5003.000 5659.000 51604869.000 1.000 1380.000 490.000 509.000 25650.034 10180.233 17746.807 349176.870 24563996.267 4279170666856.413
5078.000 5766.000 51604879.000 1.000 1370.000 500.000 510.000 23871.242 30939.805 687.339 598809.813 10095971.493 3308698052692.197
5150.000 5864.000 51604889.000 1.000 1360.000 490.000 514.000 20820.759 61452.993 5152.779 16075985.752 16111.949 186546242630507.312
5201.000 5957.000 51604899.000 1.000 1360.000 490.000 514.000 102715.745 89339.502 27153.390 201631007.435 6727595172.070 39685905000676840.000
5238.000 5994.000 51604900.000 1.000 1360.000 490.000 514.000 0.000 112826.891 40716.321 1402647.516 428234440.667 1030519359237.716
5238.000 5994.000 51604910.000 1.000 1360.000 490.000 512.000 7145.428 112826.891 40716.321 487075.460 183559092.392 3727668327910.922
5267.000 5972.000 51604920.000 1.000 1360.000 490.000 522.000 9626.709 133149.925 32321.876 344234.232 122481081.980 4299643933068.049
5284.000 5926.000 51604930.000 1.000 1360.000 490.000 522.000 11380.322 145845.428 17897.853 264797.315 86741359.525 4635388310529.679
5299.000 5870.000 51604940.000 1.000 1350.000 490.000 529.000 12729.264 157527.342 6050.173 948761.086 63434250.218 2158053325270.291
5318.000 5808.000 51604950.000 1.000 1350.000 490.000 529.000 7896.044 172970.433 249.099 325980.099 163783227.922 4375679163626.450
5341.000 5775.000 51604960.000 1.000 1350.000 490.000 537.000 6235.422 192630.702 296.430 68002.639 209045450.523 5521512438767.256
5369.000 5760.000 51604970.000 1.000 1350.000 490.000 539.000 5889.000 217992.942 1037.944 1045811.217 219182877.289 1882332668875.063
5399.000 5760.000 51604980.000 1.000 1350.000 490.000 548.000 11216.617 246906.771 1037.944 1355403.406 89817493.246 1128670608710.736
5447.000 5791.000 51604990.000 1.000 1350.000 490.000 551.000 18121.372 296912.896 1.481 706105.626 6617520.347 2929871989522.741
5506.000 5862.000 51605000.000 1.000 1350.000 490.000 554.000 21718.446 364691.759 4869.647 864493.422 1049845.840 2412738057385.198
5561.000 5958.000 51605010.000 1.000 1340.000 480.000 559.000 17314.506 434145.445 27483.956 1387319.824 11419804.667 1061873956992.466
5609.000 6032.000 51605020.000 1.000 1350.000 470.000 559.000 10247.161 499703.571 57495.819 1086709.144 109132812.726 1771782927759.110
5651.000 6063.000 51605030.000 1.000 1350.000 470.000 561.000 4711.200 560846.931 73323.356 146538.932 255444338.605 5158592816460.345
5675.000 6063.000 51605040.000 1.000 1350.000 470.000 560.000 5457.705 597369.993 73323.356 1089976.950 232139387.654 1763094161894.064
5692.000 6041.000 51605050.000 1.000 1350.000 470.000 567.000 11010.313 623937.496 61892.910 754278.235 93770426.899 2767279743775.169
5703.000 5986.000 51605060.000 1.000 1360.000 480.000 572.000 14852.790 641436.233 37551.796 166445.911 34117703.289 5068561509703.675
5713.000 5911.000 51605070.000 1.000 1360.000 480.000 575.000 14004.874 657554.176 14109.367 1092208.096 44742080.846 1757174039154.807
5720.000 5840.000 51605080.000 1.000 1360.000 480.000 577.000 8440.900 668955.736 2283.201 523638.887 150134199.202 3587817948260.038
5720.000 5797.000 51605090.000 1.000 1360.000 480.000 584.000 5773.356 668955.736 22.876 401169.673 222620429.454 4066767667493.529
5737.000 5773.000 51605100.000 1.000 1360.000 480.000 606.000 3729.700 697053.239 369.299 1079353.194 287781575.985 1791419803134.626
5756.000 5773.000 51605110.000 1.000 1360.000 480.000 619.000 9228.188 729140.331 369.299 1582972.622 131460858.154 696924245724.719
5779.000 5814.000 51605120.000 1.000 1360.000 480.000 628.000 17292.236 768948.599 474.493 810652.651 11570815.539 2582898527011.027
5835.000 5882.000 51605130.000 1.000 1370.000 480.000 636.000 21421.898 870297.079 8060.961 1158762.826 530088.621 1585155745682.362
5885.000 5979.000 51605140.000 1.000 1370.000 480.000 636.000 15518.878 966086.793 34887.836 972326.705 26780088.340 2089371393985.963
5930.000 6044.000 51605150.000 1.000 1370.000 480.000 641.000 10565.609 1056572.536 63394.607 1401067.105 102580782.609 1033730549567.484
5961.000 6088.000 51605160.000 1.000 1380.000 490.000 641.000 3428.232 1121263.159 87487.499 86034.168 298100741.303 5437096966392.642
5977.000 6095.000 51605170.000 1.000 1380.000 490.000 644.000 2989.953 1155403.868 91677.459 770530.501 313427124.461 2713472126934.794
5983.000 6081.000 51605180.000 1.000 1400.000 500.000 643.000 6915.223 1168338.633 83395.539 560343.061 189849904.726 3450118456312.154
6003.000 6052.000 51605190.000 1.000 1400.000 500.000 644.000 9769.747 1211974.519 67487.133 21557.666 119335505.244 5741941428530.810
6022.000 6006.000 51605200.000 1.000 1380.000 500.000 646.000 9879.567 1254169.611 45703.110 472039.862 116948200.932 3785953367955.074
6040.000 5959.000 51605210.000 1.000 1380.000 500.000 646.000 7474.881 1294809.908 27816.521 371985.948 174740510.841 4185324489917.201
6059.000 5926.000 51605220.000 1.000 1400.000 510.000 646.000 5579.894 1338410.999 17897.853 440260.462 228430944.992 3910633001635.485
6077.000 5904.000 51605230.000 1.000 1400.000 510.000 650.000 3337.100 1380383.296 12495.407 766501.836 301255942.597 2726760890681.018
6094.000 5904.000 51605240.000 1.000 1400.000 510.000 655.000 7241.847 1420618.799 12495.407 804725.765 180955743.014 2601984324451.685
6114.000 5935.000 51605250.000 1.000 1400.000 510.000 658.000 11341.316 1468694.685 20386.944 1394431.576 87469446.079 1047267601635.001
6137.000 5988.000 51605260.000 1.000 1400.000 510.000 656.000 18444.890 1524970.953 38330.927 1220424.778 5057713.800 1433689486100.086
6164.000 6078.000 51605270.000 1.000 1400.000 510.000 658.000 24662.031 1592384.399 81671.841 789115.203 15746649.743 2652589770969.628
6194.000 6200.000 51605280.000 1.000 1400.000 510.000 655.000 28681.976 1668998.228 166286.859 1825972.196 63810538.049 350251284293.023
6224.000 6343.000 51605290.000 1.000 1400.000 510.000 656.000 37983.923 1747412.056 303361.756 2135524.144 298947449.132 79675430553.991
6255.000 6534.000 51605300.000 1.000 1410.000 500.000 656.000 27105.043 1830330.679 550241.807 1524809.129 41103701.516 797419319089.178
6284.000 6669.000 51605310.000 1.000 1410.000 500.000 659.000 19337.294 1909639.713 768748.179 2678433.802 1840179.470 67933882994.152
6294.000 6767.000 51605320.000 1.000 1410.000 500.000 670.000 5692.700 1937377.656 950201.619 845002.599 225033785.725 2473668104754.528
6294.000 6796.000 51605330.000 1.000 1410.000 500.000 670.000 1388.051 1937377.656 1007580.024 189929.869 372712954.087 4963371948029.177
6289.000 6801.000 51605340.000 1.000 1410.000 500.000 667.000 2355.600 1923483.685 1017642.853 2003751.880 336290538.276 171429643451.681
6289.000 6789.000 51605350.000 1.000 1410.000 500.000 664.000 12563.200 1923483.685 993576.064 1514767.598 66107081.568 815453992043.496
6289.000 6725.000 51605360.000 1.000 1410.000 500.000 669.000 20279.795 1923483.685 870083.859 958758.645 171421.792 2128779819783.776
6297.000 6622.000 51605370.000 1.000 1410.000 500.000 678.000 25163.945 1945738.039 688539.590 658455.175 19981962.546 3095267859008.529
6304.000 6494.000 51605380.000 1.000 1410.000 500.000 684.000 28518.276 1965315.599 492499.179 1091151.021 61222015.478 1759977640851.631
6313.000 6349.000 51605390.000 1.000 1410.000 500.000 690.000 22959.687 1990630.748 310007.150 22823.801 5134125.398 5735875118019.741
6326.000 6221.000 51605401.000 1.000 1410.000 500.000 691.000 23087.584 2027483.073 183854.739 961743.190 5730076.651 2120079622838.240
6338.000 6104.000 51605411.000 1.000 1420.000 490.000 694.000 18188.230 2061800.605 97208.550 1384772.438 6278012.060 1067130469556.286
6349.000 6012.000 51605421.000 1.000 1420.000 490.000 696.000 11133.862 2093511.342 48304.504 975594.707 91392914.522 2079934503538.423
6358.000 5956.000 51605431.000 1.000 1410.000 500.000 700.000 6163.945 2119636.491 26824.824 1209982.404 211117446.192 1458805252625.051
6363.000 5925.000 51605441.000 1.000 1410.000 500.000 696.000 0.000 2134220.462 17631.287 886274.870 428234440.667 2345546282226.272
6363.000 5925.000 51605451.000 1.000 1400.000 500.000 722.000 4514.900 2134220.462 17631.287 564762.952 261757651.321 3433718543541.708
6363.000 5948.000 51605461.000 1.000 1400.000 500.000 728.000 7391.940 2134220.462 24268.299 1912227.201 176940175.110 255596281860.713
6370.000 5985.000 51605471.000 1.000 1400.000 500.000 731.000 17133.291 2154722.022 37165.230 537973.695 12677410.544 3533718777958.447
6377.000 6072.000 51605481.000 1.000 1400.000 500.000 731.000 19873.860 2175321.582 78278.447 385017.324 672344.485 4132174957607.211
6406.000 6169.000 51605491.000 1.000 1400.000 500.000 733.000 21835.232 2261706.616 141965.321 552462.794 1302807.318 3479454950117.453
6448.000 6272.000 51605501.000 1.000 1400.000 500.000 720.000 19020.852 2389797.976 230191.590 556223.706 2798842.502 3465438412749.341
6498.000 6355.000 51605511.000 1.000 1400.000 500.000 733.000 16187.313 2546887.691 316724.544 232829.074 20308660.758 4774065217505.938
6550.000 6419.000 51605521.000 1.000 1400.000 500.000 731.000 15001.225 2715564.993 392856.750 946182.489 32405707.837 2165636054479.445
6606.000 6471.000 51605531.000 1.000 1400.000 500.000 731.000 10181.141 2903265.473 460746.167 649878.828 110516549.033 3125518787689.756
6649.000 6500.000 51605541.000 1.000 1400.000 500.000 724.000 6870.500 3051649.628 500956.573 727342.145 191084345.810 2857622437185.493
6684.000 6500.000 51605551.000 1.000 1400.000 500.000 724.000 3165.242 3175157.428 500956.573 1308812.387 307251262.254 1229836913640.012
6692.000 6486.000 51605561.000 1.000 1400.000 500.000 724.000 9832.651 3203731.782 481334.653 1431349.128 117965125.608 973070546274.901
6670.000 6441.000 51605571.000 1.000 1400.000 500.000 727.000 17124.292 3125460.308 420919.196 1587193.465 12741574.038 689894773877.658
6629.000 6364.000 51605581.000 1.000 1420.000 490.000 728.000 25209.842 2982173.742 326935.636 4798.553 20394399.170 5822539837456.137
6546.000 6266.000 51605591.000 1.000 1420.000 490.000 728.000 25234.287 2702397.816 224470.196 1038194.581 20615784.743 1903290446237.161
6464.000 6167.000 51605601.000 1.000 1420.000 490.000 731.000 19945.471 2439522.685 140462.190 2622836.735 560035.428 42043134126.176
6382.000 6107.000 51605611.000 1.000 1420.000 490.000 720.000 6584.102 2190095.553 99088.247 1485442.930 199084315.549 869275739688.460
6388.000 6074.000 51605621.000 1.000 1420.000 490.000 733.000 14151.310 2207890.319 79401.579 1268135.297 42804517.554 1321711707849.650
6454.000 6045.000 51605631.000 1.000 1420.000 490.000 758.000 20611.500 2408384.742 63899.173 1986054.454 6777.595 186397749166.420
6559.000 6045.000 51605641.000 1.000 1420.000 490.000 750.000 30728.945 2745308.142 63899.173 1084862.550 100703610.362 1776702278783.539
6715.000 6058.000 51605651.000 1.000 1430.000 500.000 760.000 36255.499 3286596.051 70640.527 676383.058 242165661.935 3032506880191.601
6899.000 6074.000 51605661.000 1.000 1430.000 500.000 757.000 39701.159 3987598.199 79401.579 7793337.512 361278702.125 28896484066438.406
7101.000 6084.000 51605671.000 1.000 1430.000 500.000 679.000 0.000 4835148.645 85137.236 0.000 428234440.667 5845720622351.583
