6280.000 5405.000 68652727.000 0.000 1220.000 500.000 312.000 40641.723 2977123.474 328846.541 5558206.436 381013375.404 4594565963843.912
6075.000 5442.000 68652737.000 1.000 1220.000 500.000 394.000 12152.710 3726576.531 372650.947 1697572.709 80451016.901 2948569294012.444
6013.000 5436.000 68652747.000 1.000 1220.000 500.000 422.000 3451.671 3969794.383 365361.530 2052344.890 312246149.187 1856045688984.781
6025.000 5449.000 68652757.000 1.000 1210.000 510.000 470.000 13971.122 3922119.960 381246.267 3297134.592 51137331.401 13824580347.537
6083.000 5491.000 68652767.000 1.000 1220.000 510.000 530.000 30870.838 3695753.583 434876.187 2880010.206 95036740.574 285906615506.725
6229.000 5552.000 68652777.000 1.000 1220.000 510.000 559.000 45632.551 3155718.771 519050.261 1483055.186 600759311.792 3731300239911.835
6438.000 5657.000 68652787.000 1.000 1220.000 510.000 565.000 53234.064 2456850.240 681370.061 869506.657 1031174437.224 6478073127382.251
6689.000 5764.000 68652797.000 1.000 1230.000 520.000 568.000 48777.341 1732999.229 869465.667 1770643.707 764809086.712 2702962418413.364
6914.000 5873.000 68652807.000 1.000 1230.000 520.000 560.000 39701.771 1191228.800 1084621.078 1546872.006 345201978.885 3488828363579.542
7095.000 5966.000 68652817.000 1.000 1230.000 520.000 561.000 31773.160 828890.589 1286980.044 1564347.503 113443820.476 3423850872313.301
7246.000 6027.000 68652827.000 1.000 1240.000 530.000 519.000 23754.977 576740.434 1429104.118 2271682.358 6931730.170 1306518060071.278
7361.000 6067.000 68652837.000 1.000 1240.000 530.000 76.000 12111.295 415295.549 1526340.232 1151166.596 81195671.571 5123640365572.447
6749.000 5963.000 68652937.000 0.000 1300.000 520.000 259.000 71115.221 1578627.114 1280182.335 3547160.704 2499306239.566 17542508834.320
6582.000 5639.000 68652947.000 1.000 1290.000 510.000 339.000 52933.977 2026165.166 651977.810 3956528.694 1011991759.012 293564714820.911
6484.000 5386.000 68652957.000 1.000 1290.000 510.000 405.000 73213.468 2314762.286 307416.387 3181170.859 2713504464.404 54541729658.475
6470.000 5011.000 68652967.000 1.000 1280.000 520.000 450.000 89518.803 2357558.446 32202.815 4003320.698 4678100898.738 346459531166.260
6511.000 4554.000 68652977.000 1.000 1280.000 520.000 477.000 110038.130 2233333.834 77033.210 39720.019 7906049883.630 11390574703144.080
6586.000 3995.000 68652987.000 1.000 1270.000 520.000 480.000 109834.542 2014793.691 699813.512 5444327.347 7869886882.331 4119336152735.725
6633.000 3434.000 68652997.000 1.000 1250.000 530.000 498.000 81929.225 1883575.869 1953142.010 3712658.962 3697499265.104 88772053932.557
6661.000 3015.000 68653007.000 1.000 1230.000 520.000 522.000 62899.707 1807503.549 3299848.712 5153762.966 1745363509.730 3024296288155.332
6677.000 2693.000 68653017.000 1.000 1220.000 530.000 536.000 36483.700 1764737.651 4573389.992 2664480.700 235976939.261 562847855171.154
6677.000 2506.000 68653027.000 1.000 1190.000 530.000 545.000 22826.700 1764737.651 5408176.158 1635209.774 2905459.728 3166630192450.533
6677.000 2389.000 68653037.000 1.000 1180.000 540.000 545.000 14445.307 1764737.651 5966043.524 905586.500 44580353.775 6295713623138.504
6656.000 2318.000 68653047.000 1.000 1140.000 530.000 543.000 9803.654 1820972.891 6317926.421 327593.190 128108557.375 9530306051588.680
6613.000 2292.000 68653057.000 1.000 1120.000 540.000 532.000 11482.758 1938873.240 6449306.947 3148975.847 92918053.291 70616004678.278
6555.000 2282.000 68653067.000 1.000 1100.000 540.000 257.000 27623.075 2103759.617 6500197.918 1914734.923 42261907.725 2249932934316.899
5722.000 2819.000 68653137.000 0.000 990.000 560.000 173.000 96321.919 5214072.137 4050351.752 9349923.040 5655003891.166 35226723351618.820
5654.000 3308.000 68653147.000 1.000 970.000 560.000 205.000 48398.172 5529243.200 2321200.250 1858618.004 743980880.500 2421430290883.251
5677.000 3555.000 68653157.000 1.000 970.000 560.000 205.000 57924.661 5421606.223 1629576.255 1323589.421 1354424147.151 4372796014270.175
5849.000 3797.000 68653167.000 1.000 970.000 560.000 215.000 64708.820 4650208.829 1070290.747 587962.530 1899797009.657 7990515775103.896
6087.000 4028.000 68653177.000 1.000 990.000 560.000 317.000 67722.467 3680390.109 645690.307 178793.347 2171588697.706 10471173202285.479
6370.000 4229.000 68653187.000 1.000 990.000 550.000 414.000 68638.886 2674645.303 363064.781 784269.613 2257839336.647 6919230137434.828
6668.000 4416.000 68653197.000 1.000 1000.000 550.000 450.000 64619.052 1788730.469 172680.615 37475572.207 1891979693.197 1160142159374518.500
6970.000 4552.000 68653207.000 1.000 1010.000 540.000 469.000 256702.969 1072124.160 78147.404 352878144.547 55498317999.871 122124690290816720.000
7094.000 4596.000 68653208.000 1.000 1010.000 540.000 467.000 75832.572 830712.457 55483.130 10257039.774 2993229281.252 46817441599363.469
7428.000 4700.000 68653217.000 1.000 1030.000 540.000 445.000 28516.653 333430.354 17305.027 2328158.150 54678540.248 1180600502418.488
7568.000 4742.000 68653227.000 1.000 1030.000 540.000 314.000 16583.500 191348.754 8018.947 1620073.136 20599426.296 3220730689474.073
7645.000 4778.000 68653237.000 1.000 1040.000 540.000 186.000 8279.691 129912.874 2867.450 1066400.797 164928986.533 5514568171965.335
7680.000 4802.000 68653247.000 1.000 1060.000 550.000 190.000 2813.772 105907.474 873.118 309796.364 335197037.680 9640504631413.307
7672.000 4814.000 68653257.000 1.000 1070.000 550.000 255.000 4401.657 111178.423 307.952 435972.606 279575189.998 8872891758866.797
7650.000 4819.000 68653267.000 1.000 1090.000 550.000 417.000 6636.268 126333.531 157.467 137064.188 209841040.547 10742978900331.949
7619.000 4833.000 68653277.000 1.000 1110.000 550.000 548.000 5933.735 149331.457 2.107 152032.455 230688226.208 10645081517192.820
7592.000 4847.000 68653287.000 1.000 1120.000 550.000 656.000 5154.481 170927.909 238.747 332218.231 254966743.449 9501771335206.287
7569.000 4860.000 68653297.000 1.000 1140.000 550.000 713.000 3451.671 190474.886 809.484 71576.142 312246149.187 11176561160211.736
7556.000 4872.000 68653307.000 1.000 1150.000 550.000 722.000 3084.802 201991.177 1636.318 30884.720 325346250.638 11450290902231.904
7551.000 4887.000 68653317.000 1.000 1160.000 550.000 727.000 2926.500 206510.520 3074.861 106750.331 331082009.564 10942614158809.467
7551.000 4902.000 68653327.000 1.000 1160.000 550.000 727.000 3473.657 206510.520 4963.404 49501.357 311469625.869 11324646491986.363
7562.000 4916.000 68653337.000 1.000 1170.000 550.000 725.000 3727.380 196633.966 7132.044 64848.899 302578339.441 11221586598244.518
7575.000 4930.000 68653347.000 1.000 1170.000 550.000 731.000 4059.768 185273.674 9692.684 2162500.886 291125189.562 1568034095549.805
7592.000 4918.000 68653357.000 1.000 1170.000 550.000 733.000 15143.832 170927.909 7473.850 1614388.117 35740394.744 3241168127448.759
7612.000 4843.000 68653367.000 1.000 1190.000 540.000 740.000 23418.502 154790.537 131.135 524805.538 5273190.780 8351562639764.509
7634.000 4725.000 68653377.000 1.000 1190.000 540.000 746.000 26108.433 137963.429 11352.598 173623.002 24862927.548 10504661572278.225
7656.000 4593.000 68653387.000 1.000 1190.000 540.000 749.000 25218.515 122104.320 56905.421 694341.390 16780131.777 7400419343947.888
7674.000 4465.000 68653397.000 1.000 1190.000 540.000 751.000 21659.615 109848.686 134357.855 452650.925 288858.860 8773809174596.050
7689.000 4355.000 68653407.000 1.000 1190.000 540.000 752.000 19339.518 100130.657 227098.541 1939146.699 3177809.240 2177294632594.129
7694.000 4256.000 68653417.000 1.000 1170.000 550.000 752.000 9400.273 96991.314 331256.158 1667266.602 137402613.406 3053567402711.679
7694.000 4203.000 68653428.000 1.000 1170.000 550.000 750.000 0.000 96991.314 395073.307 0.000 446145604.442 11660261919364.395
7694.000 4203.000 68653438.000 1.000 1170.000 550.000 770.000 0.000 96991.314 395073.307 1227527.449 446145604.442 4783778743050.282
7694.000 4203.000 68653448.000 1.000 1160.000 550.000 779.000 6291.786 96991.314 395073.307 2312425.481 219939965.861 1215036821297.708
7678.000 4231.000 68653458.000 1.000 1160.000 550.000 780.000 18144.300 107213.211 360658.587 1316155.526 8867644.734 4403941656872.918
7678.000 4324.000 68653468.000 1.000 1150.000 550.000 779.000 24890.356 107213.211 257605.552 673794.434 14199307.985 7512632215128.620
7698.000 4450.000 68653478.000 1.000 1150.000 550.000 771.000 28343.941 94515.840 145579.312 56047.352 52154134.018 11280632030519.764
7733.000 4591.000 68653488.000 1.000 1130.000 560.000 759.000 28631.216 74220.440 57863.615 63061.783 56385935.742 11233562981948.086
7777.000 4731.000 68653498.000 1.000 1130.000 560.000 743.000 28954.444 52182.223 10110.015 1825899.539 61344686.979 2524326839867.254
7829.000 4870.000 68653508.000 1.000 1130.000 560.000 630.000 19595.656 31129.057 1478.512 2434803.127 2330211.671 960222511788.200
7887.000 4952.000 68653518.000 1.000 1130.000 560.000 257.000 7115.886 14026.680 14508.547 12023.379 196175685.752 11578293714254.197
8160.000 5055.000 68653598.000 0.000 1170.000 560.000 349.000 7608.900 23890.560 49930.541 1215343.258 182608171.118 4837225360035.507
8196.000 5070.000 68653608.000 1.000 1180.000 570.000 535.000 1379.565 36315.291 56859.084 408557.349 389770021.233 9036969198350.355
8191.000 5075.000 68653618.000 1.000 1180.000 570.000 658.000 3473.657 34434.634 59268.598 173426.731 311469625.869 10505933874580.789
8177.000 5086.000 68653628.000 1.000 1190.000 560.000 727.000 4362.569 29434.794 64745.530 244815.382 280883859.841 10048248167311.016
8157.000 5096.000 68653638.000 1.000 1190.000 560.000 748.000 5617.389 22972.166 69934.558 71047.811 240397895.411 11180094004567.133
8130.000 5106.000 68653648.000 1.000 1220.000 570.000 758.000 5253.228 15516.617 75323.587 1024904.783 251822973.803 5711181247362.062
8104.000 5113.000 68653658.000 1.000 1220.000 570.000 757.000 0.000 9715.200 79214.907 2510205.375 446145604.442 818133261475.467
8104.000 5113.000 68653668.000 1.000 1220.000 570.000 760.000 12866.250 9715.200 79214.907 644288.485 68160034.832 7675249597481.701
8054.000 5070.000 68653678.000 1.000 1230.000 560.000 754.000 16168.600 2358.629 56859.084 603640.375 24537747.616 7902126872041.085
8026.000 4992.000 68653688.000 1.000 1230.000 560.000 760.000 19262.605 422.949 25744.661 466970.874 3457941.398 8689181092221.472
8014.000 4894.000 68653698.000 1.000 1220.000 570.000 770.000 21656.100 73.371 3900.181 995266.752 285092.900 5853718054651.989
8014.000 4783.000 68653708.000 1.000 1220.000 570.000 771.000 16554.784 73.371 2356.964 1063196.865 20860915.174 5529626099601.236
8026.000 4699.000 68653718.000 1.000 1230.000 580.000 771.000 11105.287 422.949 17569.124 582520.020 100337726.382 8021314626713.333
8044.000 4645.000 68653728.000 1.000 1210.000 580.000 773.000 8119.536 1487.314 34800.370 442201.174 169068207.109 8835823985115.771
8068.000 4611.000 68653738.000 1.000 1210.000 580.000 773.000 5853.000 3914.469 48641.672 607782.544 233147219.185 7878856157419.161
8098.000 4611.000 68653748.000 1.000 1210.000 580.000 768.000 8968.236 8568.411 48641.672 384938.153 147717846.373 9179533003399.385
8130.000 4644.000 68653758.000 1.000 1200.000 580.000 760.000 10941.266 15516.617 35174.467 345076.687 103650584.023 9422664439502.006
8159.000 4692.000 68653768.000 1.000 1200.000 580.000 756.000 12709.983 23582.429 19473.804 431619.340 70764706.497 8898845204587.064
8179.000 4754.000 68653778.000 1.000 1200.000 580.000 761.000 14922.281 30125.057 6013.781 336618.321 38438488.278 9474664190987.186
8194.000 4829.000 68653788.000 1.000 1200.000 580.000 757.000 16647.644 35557.029 6.495 819901.117 20021285.252 6733046464194.519
8209.000 4913.000 68653798.000 1.000 1200.000 580.000 754.000 12445.178 41439.000 6634.335 1440588.355 75290000.762 3897166406796.123
8224.000 4975.000 68653808.000 1.000 1200.000 580.000 752.000 5061.332 47770.971 20578.312 644889.783 257950166.677 7671918258120.941
8236.000 4998.000 68653818.000 1.000 1200.000 580.000 754.000 1755.900 53160.549 27706.078 1258376.466 375051990.975 4649785383088.119
8245.000 4998.000 68653828.000 1.000 1200.000 580.000 760.000 8205.805 57391.731 27706.078 517678.145 166832202.868 8392808445762.411
8265.000 4961.000 68653838.000 1.000 1200.000 580.000 754.000 10859.204 67374.360 16757.672 466361.187 105328247.091 8692775863519.608
8282.000 4908.000 68653848.000 1.000 1200.000 580.000 782.000 13249.574 76488.594 5844.821 285660.933 61977595.932 9790964132028.678
8298.000 4842.000 68653858.000 1.000 1200.000 580.000 797.000 11785.397 85594.697 109.232 731759.034 87175126.245 7198239663487.376
8318.000 4785.000 68653868.000 1.000 1200.000 580.000 812.000 8034.710 97697.326 2166.770 437128.574 171281323.571 8866006438976.941
8338.000 4749.000 68653878.000 1.000 1200.000 580.000 818.000 5794.174 110599.954 6814.267 559483.197 234947126.788 8152334758769.489
8359.000 4728.000 68653888.000 1.000 1200.000 580.000 821.000 2926.500 125008.714 10722.307 945879.918 331082009.564 6095134651759.160
8374.000 4728.000 68653898.000 1.000 1200.000 580.000 815.000 7774.680 135840.686 10722.307 929050.202 178155197.944 6178517395788.584
8386.000 4766.000 68653908.000 1.000 1200.000 580.000 800.000 12536.598 144830.263 4296.615 139101.618 73711859.157 10729627093176.832
8409.000 4826.000 68653918.000 1.000 1200.000 580.000 782.000 13249.574 162865.286 30.787 172202.089 61977595.932 10513874203867.842
8425.000 4892.000 68653928.000 1.000 1200.000 580.000 760.000 12366.939 176035.389 3654.375 395397.269 76653878.749 9116264872394.500
8432.000 4955.000 68653938.000 1.000 1210.000 580.000 751.000 10340.300 181958.309 15240.255 1222592.589 116248485.344 4805390000602.307
8432.000 5008.000 68653948.000 1.000 1210.000 580.000 754.000 4073.808 181958.309 31135.107 794799.941 290646274.742 6863942171048.040
8438.000 5028.000 68653958.000 1.000 1210.000 580.000 760.000 0.000 187113.097 38593.164 685152.180 446145604.442 7450499909586.244
8438.000 5028.000 68653968.000 1.000 1210.000 580.000 760.000 3511.800 187113.097 38593.164 1061235.134 310124747.128 5538856030491.328
8438.000 5010.000 68653978.000 1.000 1210.000 580.000 780.000 8951.242 187113.097 31844.912 650436.671 148131222.707 7641221232555.312
8451.000 4966.000 68653988.000 1.000 1230.000 580.000 797.000 12285.105 198528.806 18077.187 51730.570 78093524.914 11309647916220.105
8462.000 4904.000 68653998.000 1.000 1230.000 580.000 790.000 12550.254 208452.251 5249.210 334373.696 73477556.798 9488487563925.150
8475.000 4841.000 68654008.000 1.000 1210.000 580.000 796.000 10836.396 220491.960 89.330 210980.360 105796922.255 10263900058050.170
8488.000 4787.000 68654018.000 1.000 1210.000 580.000 797.000 9755.000 232869.669 1984.575 948560.007 129212305.680 6081908452182.111
8502.000 4739.000 68654028.000 1.000 1210.000 580.000 796.000 4893.083 246577.509 8565.238 535936.383 263382910.596 8287352321053.021
8512.000 4716.000 68654038.000 1.000 1210.000 580.000 794.000 2146.100 256608.823 13351.472 638900.213 360090818.425 7705134227981.707
8523.000 4716.000 68654048.000 1.000 1210.000 580.000 787.000 5420.832 267874.269 13351.472 1072960.449 246531672.253 5483802984994.341
8537.000 4740.000 68654058.000 1.000 1210.000 580.000 763.000 10920.373 282562.109 8381.141 269883.391 104076439.339 9889950550030.561
8555.000 4793.000 68654068.000 1.000 1230.000 580.000 737.000 12303.681 302022.474 1485.992 122136.307 77765555.748 10841058431904.293
8571.000 4854.000 68654078.000 1.000 1230.000 580.000 708.000 12929.700 319864.577 504.067 141896.230 67116385.871 10711326779698.865
8577.000 4920.000 68654088.000 1.000 1230.000 580.000 690.000 13657.000 326687.366 7823.655 114192.030 55728600.175 10893435819157.100
8577.000 4990.000 68654098.000 1.000 1230.000 580.000 693.000 13071.700 326687.366 25106.855 1865136.490 64809891.491 2401186020287.903
8577.000 5057.000 68654108.000 1.000 1230.000 580.000 710.000 3511.800 326687.366 50828.347 190320.050 310124747.128 10396707107591.703
8577.000 5075.000 68654118.000 1.000 1230.000 580.000 728.000 2536.300 326687.366 59268.598 1106120.426 345434157.954 5329597676283.647
8577.000 5062.000 68654128.000 1.000 1230.000 580.000 739.000 8205.805 326687.366 53107.861 529612.217 166832202.868 8323804033065.201
8590.000 5022.000 68654138.000 1.000 1230.000 580.000 748.000 10920.373 341717.074 36271.747 260509.616 104076439.339 9948996259918.186
8608.000 4969.000 68654148.000 1.000 1230.000 580.000 754.000 12255.635 363085.440 18892.895 202807.621 78615249.363 10316333386030.242
8623.000 4908.000 68654158.000 1.000 1230.000 580.000 761.000 11216.129 381387.411 5844.821 753399.916 98129432.059 7082585029596.627
8636.000 4852.000 68654168.000 1.000 1230.000 580.000 754.000 7354.520 397613.120 418.261 498616.095 189547885.994 8503618637543.475
8650.000 4817.000 68654178.000 1.000 1230.000 580.000 754.000 4798.825 415464.960 211.661 451774.926 266451235.674 8778999468044.019
8661.000 4795.000 68654188.000 1.000 1230.000 580.000 757.000 2483.218 429766.406 1335.798 1638936.574 347410124.797 3153380379466.354
8670.000 4804.000 68654198.000 1.000 1230.000 580.000 760.000 10883.713 441647.589 758.924 1124542.938 104825778.250 5244876932368.363
8684.000 4858.000 68654208.000 1.000 1240.000 570.000 731.000 16647.644 460451.429 699.678 269002.709 20021285.252 9895490514529.170
8699.000 4942.000 68654218.000 1.000 1240.000 570.000 691.000 18026.438 481033.400 12199.518 60880.175 9583489.041 11248191717691.355
8715.000 5033.000 68654228.000 1.000 1240.000 570.000 614.000 17714.392 503483.503 40582.678 37726.292 11612876.510 11404036305629.338
8727.000 5123.000 68654238.000 1.000 1260.000 570.000 486.000 17521.023 520657.080 84943.935 3033470.013 12968181.108 145345885442.289
8739.000 5212.000 68654248.000 1.000 1240.000 570.000 425.000 33069.306 538118.657 144743.290 1482463.448 142734319.392 3733586660217.049
8752.000 5381.000 68654258.000 1.000 1240.000 570.000 420.000 25470.826 557360.366 301896.872 988619.695 18910903.931 5885926626508.236
8764.000 5511.000 68654268.000 1.000 1240.000 570.000 431.000 20403.580 575421.943 461654.244 851839.767 516355.902 6568316992084.565
8775.000 5615.000 68654278.000 1.000 1240.000 570.000 448.000 16037.410 592231.389 613796.141 1559479.368 25854673.265 3441890224919.248
8789.000 5696.000 68654288.000 1.000 1240.000 570.000 461.000 8044.179 613975.229 747276.272 945123.125 171033563.122 6098872015029.591
8805.000 5734.000 68654298.000 1.000 1240.000 570.000 480.000 3199.878 639305.331 814418.581 605589.620 321208159.315 7891171734765.003
8818.000 5744.000 68654308.000 1.000 1240.000 570.000 559.000 6303.874 660263.040 832567.610 2118449.257 219581572.882 1680298570422.481
8830.000 5714.000 68654318.000 1.000 1260.000 580.000 633.000 17162.148 679908.617 778720.524 1371602.165 15681687.799 4174300117235.674
8843.000 5627.000 68654328.000 1.000 1260.000 580.000 699.000 24192.400 701516.326 632742.975 2131584.560 9426379.272 1646417483902.204
8843.000 5503.000 68654338.000 1.000 1260.000 580.000 767.000 35118.000 701516.326 450847.021 190320.050 195883562.898 10396707107591.703
8843.000 5323.000 68654348.000 1.000 1260.000 580.000 811.000 34142.500 701516.326 241524.507 145136.841 169529277.524 10690125432009.270
8843.000 5148.000 68654358.000 1.000 1260.000 580.000 855.000 33398.590 701516.326 100141.507 1303657.615 150710755.993 4456553012921.105
8851.000 4977.000 68654368.000 1.000 1260.000 580.000 875.000 26716.593 714981.377 21156.118 1777143.659 31297690.821 2681631930432.103
8867.000 4841.000 68654378.000 1.000 1260.000 580.000 884.000 17607.707 742295.480 89.330 1112111.361 12351373.463 5301972316662.081
8900.000 4757.000 68654388.000 1.000 1260.000 580.000 894.000 11907.495 800247.817 5557.490 873717.891 84910034.213 6456653946538.567
8935.000 4707.000 68654398.000 1.000 1250.000 590.000 903.000 7429.187 864092.417 15512.347 916538.244 187497484.540 6240874951122.856
8972.000 4698.000 68654408.000 1.000 1250.000 590.000 905.000 2731.400 934249.280 17835.221 0.000 338220019.749 11660261919364.395
8986.000 4698.000 68654418.000 1.000 1250.000 590.000 892.000 2731.400 961509.120 17835.221 786778.209 338220019.749 6906038993140.413
8986.000 4712.000 68654428.000 1.000 1250.000 590.000 892.000 6764.092 961509.120 14291.861 927392.242 206154090.438 6186762402171.305
8967.000 4741.000 68654438.000 1.000 1260.000 600.000 892.000 11517.512 924608.623 8199.044 682626.025 92249245.641 7464296876287.233
8941.000 4794.000 68654448.000 1.000 1250.000 600.000 892.000 15016.364 875283.206 1409.895 549157.920 37280733.629 8211403438414.696
8909.000 4864.000 68654458.000 1.000 1250.000 600.000 906.000 17831.115 816431.000 1053.095 490953.737 10830971.174 8548365699544.879
8881.000 4951.000 68654468.000 1.000 1250.000 600.000 894.000 20347.536 766615.320 14268.644 288774.339 600040.925 9771489809058.615
8855.000 5052.000 68654478.000 1.000 1250.000 600.000 853.000 21827.671 721761.903 48598.832 1027935.466 497747.061 5696704932749.363
8869.000 5163.000 68654488.000 1.000 1250.000 600.000 774.000 27096.433 745745.743 109860.050 999958.907 35691948.803 5831035241408.686
8909.000 5296.000 68654498.000 1.000 1250.000 600.000 719.000 21971.067 816431.000 215715.130 1137347.741 720644.647 5186390553460.865
8978.000 5385.000 68654508.000 1.000 1250.000 600.000 678.000 16141.504 945884.069 306308.484 1191962.084 24806925.083 4940619712369.426
9036.000 5444.000 68654518.000 1.000 1260.000 610.000 611.000 10032.011 1062065.691 375096.752 48623.212 122991384.563 11330557549922.078
9086.000 5432.000 68654528.000 1.000 1260.000 610.000 594.000 10281.233 1167622.263 360541.918 506356.102 117525678.396 8458537331030.549
9115.000 5388.000 68654538.000 1.000 1260.000 610.000 578.000 12876.600 1231136.074 309638.192 442336.963 67989244.636 8835016734855.172
9115.000 5322.000 68654548.000 1.000 1260.000 610.000 575.000 15143.832 1231136.074 240542.604 471199.277 35740394.744 8664270491972.465
9086.000 5250.000 68654558.000 1.000 1260.000 610.000 580.000 17559.000 1167622.263 175101.598 47254.196 12696102.670 11339775884497.393
9032.000 5178.000 68654568.000 1.000 1260.000 610.000 595.000 17801.205 1053837.166 120028.592 112687.419 11028736.039 10903370082024.572
8966.000 5115.000 68654578.000 1.000 1280.000 610.000 644.000 18378.793 922686.491 80344.712 1153772.625 7526057.480 5111849424069.920
8891.000 5058.000 68654588.000 1.000 1280.000 610.000 739.000 12465.043 784226.634 51280.250 1328073.599 74945658.922 4354062185303.909
8830.000 5039.000 68654598.000 1.000 1290.000 600.000 863.000 5657.900 679908.617 43036.095 586129.760 239143309.070 8000880699482.611
8801.000 5039.000 68654608.000 1.000 1290.000 600.000 924.000 2653.647 632924.806 43036.095 296878.793 341085938.660 9720887446072.102
8793.000 5050.000 68654618.000 1.000 1280.000 590.000 956.000 4175.322 620259.754 47721.027 1439863.948 287195287.210 3900027070358.586
8810.000 5063.000 68654628.000 1.000 1290.000 590.000 988.000 11555.455 647325.989 53569.764 975369.088 91521827.064 5950396611494.902
8868.000 5075.000 68654638.000 1.000 1290.000 590.000 977.000 16554.784 744019.611 59268.598 1222349.299 20860915.174 4806456701531.521
8952.000 5087.000 68654648.000 1.000 1290.000 590.000 979.000 22820.029 895986.651 65255.432 2556656.734 2882762.246 736259813584.793
9068.000 5072.000 68654658.000 1.000 1290.000 590.000 979.000 35924.369 1129045.897 57816.890 1710057.548 219105418.347 2905848735866.950
9252.000 5079.000 68654668.000 1.000 1290.000 590.000 977.000 44689.400 1553926.080 61232.210 8718901.940 555414844.312 28134424898220.512
9480.000 5101.000 68654678.000 1.000 1290.000 590.000 759.000 0.000 2174344.046 72604.072 0.000 446145604.442 11660261919364.395
