6938.000 5952.000 68666987.000 0.000 1230.000 490.000 281.000 34566.883 3018392.114 492689.394 4668353.560 183626692.110 364358601539.279
6827.000 5836.000 68666997.000 1.000 1230.000 490.000 536.000 12883.866 3416405.267 343300.333 72259.847 66131446.145 15939836446603.521
6768.000 5846.000 68667007.000 1.000 1230.000 490.000 586.000 13219.490 3637991.808 355118.701 1640949.857 60785417.421 5874721427303.312
6707.000 5853.000 68667017.000 1.000 1240.000 490.000 591.000 5597.800 3874409.757 363510.558 3366021.515 237720593.102 488196788838.378
6733.000 5853.000 68667027.000 1.000 1250.000 500.000 625.000 21231.899 3772731.450 363510.558 2082642.974 46616.553 3928678175000.854
6824.000 5891.000 68667037.000 1.000 1250.000 500.000 641.000 30905.113 3427504.379 410776.354 1578124.886 97794747.150 6183216530164.361
6957.000 5945.000 68667047.000 1.000 1260.000 490.000 636.000 38235.001 2952733.736 482911.537 768340.464 296494328.397 10866199267428.582
7114.000 6028.000 68667057.000 1.000 1270.000 500.000 645.000 41803.698 2437820.195 605156.986 578823.716 432128790.105 12151558794516.408
7298.000 6090.000 68667067.000 1.000 1270.000 500.000 639.000 44492.150 1897098.644 705462.864 3197428.912 551130072.775 752215201298.317
7499.000 6138.000 68667077.000 1.000 1280.000 500.000 617.000 29641.110 1383804.124 788399.027 5334991.687 74392689.294 1613558859788.243
7634.000 6165.000 68667087.000 1.000 1280.000 500.000 422.000 4861.771 1084414.073 837075.619 831883.691 260958802.214 10451310257169.496
7502.000 6074.000 68667158.000 0.000 1350.000 520.000 101.000 32295.000 1376755.012 678841.476 3684246.110 127216059.099 144769755899.220
7358.000 6032.000 68667168.000 1.000 1350.000 520.000 139.000 15182.849 1735416.399 611396.333 3309004.908 34025537.795 571123921047.721
7291.000 6010.000 68667178.000 1.000 1360.000 520.000 173.000 30552.124 1916430.573 577475.925 2674966.000 90937845.341 1931450423837.634
7222.000 5886.000 68667188.000 1.000 1360.000 520.000 309.000 42976.490 2112232.155 404392.170 4748399.086 482263545.684 467400247114.277
7164.000 5695.000 68667198.000 1.000 1350.000 530.000 430.000 65031.293 2284184.991 197952.354 4535356.937 1937346868.988 221487530251.254
7109.000 5398.000 68667208.000 1.000 1350.000 530.000 515.000 86096.583 2453458.716 21879.843 2967407.344 4235483542.066 1204122102662.279
7061.000 5001.000 68667218.000 1.000 1340.000 520.000 556.000 99879.246 2606132.512 62041.660 1552294.484 6219413094.614 6312343879097.806
7032.000 4538.000 68667228.000 1.000 1330.000 530.000 588.000 92669.332 2700605.930 507060.252 1659746.623 5134201372.244 5783956202136.526
7013.000 4108.000 68667238.000 1.000 1310.000 540.000 628.000 84960.337 2763414.308 1304350.456 1104904.098 4088879470.844 8760583102962.433
6991.000 3714.000 68667248.000 1.000 1300.000 540.000 669.000 79828.409 2837041.797 2359546.782 3365140.507 3458900589.623 489428704631.024
6967.000 3344.000 68667258.000 1.000 1290.000 550.000 708.000 64198.402 2918466.695 3633147.190 3340047.723 1864720677.496 525167764936.791
6931.000 3048.000 68667268.000 1.000 1270.000 550.000 719.000 48684.943 3042764.042 4849163.517 1351171.343 765570941.764 7363413175177.281
6888.000 2826.000 68667278.000 1.000 1260.000 560.000 716.000 42409.182 3194627.318 5876171.762 2116050.214 457668649.760 3797361949727.604
6792.000 2654.000 68667288.000 1.000 1230.000 560.000 710.000 32580.802 3547014.910 6739639.843 718334.671 133744868.925 11198377224344.920
6684.000 2548.000 68667298.000 1.000 1220.000 570.000 685.000 29244.366 3965482.950 7301245.150 181611.794 67706166.140 15078625018412.312
6567.000 2479.000 68667308.000 1.000 1180.000 570.000 568.000 28400.837 4445148.328 7678893.415 43199.084 54535960.315 16172729567185.711
6443.000 2434.000 68667318.000 1.000 1160.000 570.000 430.000 28200.191 4983395.634 7930315.762 1292016.377 51612739.243 7687953699830.771
6313.000 2418.000 68667328.000 1.000 1150.000 580.000 304.000 34201.196 5580707.165 8020686.374 2931665.145 173849648.517 1283841222761.875
5850.000 3429.000 68667398.000 0.000 1040.000 570.000 310.000 129517.759 7982614.155 3316338.313 13086598.416 11772633804.164 81394067856547.797
6127.000 3963.000 68667408.000 1.000 1040.000 570.000 502.000 68734.673 6494098.124 1656579.129 4257410.235 2277072675.604 37124778979.865
6342.000 4199.000 68667418.000 1.000 1040.000 560.000 588.000 88508.989 5444531.746 1104772.599 921552.035 4555304869.248 9879582303178.787
6652.000 4469.000 68667428.000 1.000 1040.000 560.000 671.000 92789.305 4093953.481 610088.517 1151612.572 5151408698.484 8486266665414.725
7022.000 4690.000 68667438.000 1.000 1050.000 560.000 730.000 87440.431 2733572.971 313691.435 1838684.391 4412206318.105 4955289381614.614
7382.000 4878.000 68667448.000 1.000 1050.000 560.000 733.000 78900.327 1672759.501 138444.741 1854209.459 3350596431.537 4886411318417.167
7715.000 5031.000 68667458.000 1.000 1070.000 560.000 731.000 70288.114 922276.042 47996.762 6368307.243 2427742170.791 5306457426485.599
8031.000 5113.000 68667468.000 1.000 1080.000 560.000 740.000 40709.353 415189.553 18791.374 3072033.886 387828533.188 985450180602.686
8217.000 5147.000 68667478.000 1.000 1100.000 560.000 743.000 26440.733 210086.593 10625.823 2112605.199 29427833.018 3810800296025.844
8338.000 5168.000 68667488.000 1.000 1120.000 560.000 742.000 16628.354 113806.399 6737.394 1535769.348 19251352.579 6395653713076.132
8415.000 5162.000 68667498.000 1.000 1130.000 560.000 746.000 9495.194 67783.185 7758.374 1400343.710 132728748.115 7098966664390.863
8452.000 5138.000 68667508.000 1.000 1150.000 550.000 758.000 2991.043 49886.134 12562.292 412201.108 324898726.308 13340984253665.164
8464.000 5131.000 68667518.000 1.000 1170.000 560.000 821.000 1076.500 44669.685 14180.435 231770.450 397583274.685 14691596695857.002
8459.000 5131.000 68667528.000 1.000 1180.000 560.000 869.000 2153.000 46808.206 14180.435 422052.805 355812404.251 13269114048034.223
8449.000 5131.000 68667538.000 1.000 1200.000 550.000 890.000 4113.301 51235.246 14180.435 135249.307 285700906.642 15440836748413.057
8435.000 5144.000 68667548.000 1.000 1220.000 560.000 896.000 4741.491 57769.104 11253.313 185182.760 264859328.495 15050904787466.938
8418.000 5158.000 68667558.000 1.000 1240.000 550.000 905.000 3881.376 66230.073 8479.027 167132.008 293595008.294 15191288191068.455
8408.000 5173.000 68667568.000 1.000 1250.000 560.000 908.000 3105.101 71477.114 5941.578 251341.435 320799956.650 14541950040789.381
8400.000 5185.000 68667578.000 1.000 1250.000 560.000 909.000 1937.700 75818.746 4235.619 417186.810 363981161.978 13304588246553.457
8400.000 5194.000 68667588.000 1.000 1260.000 560.000 908.000 0.000 75818.746 3145.150 0.000 441671849.619 16522048832174.199
8400.000 5194.000 68667598.000 1.000 1260.000 560.000 906.000 0.000 75818.746 3145.150 0.000 441671849.619 16522048832174.199
8400.000 5194.000 68667608.000 1.000 1270.000 560.000 899.000 0.000 75818.746 3145.150 0.000 441671849.619 16522048832174.199
8400.000 5194.000 68667618.000 1.000 1270.000 560.000 897.000 0.000 75818.746 3145.150 540576.962 441671849.619 12419670986385.143
8400.000 5194.000 68667628.000 1.000 1270.000 560.000 896.000 2510.808 75818.746 3145.150 476047.677 342441773.127 12878657465951.949
8410.000 5188.000 68667638.000 1.000 1270.000 560.000 897.000 4721.898 70411.706 3854.129 1208371.681 265497444.912 8158796099270.689
8419.000 5168.000 68667648.000 1.000 1270.000 560.000 900.000 10334.400 65716.369 6737.394 834373.620 114096372.013 10435217329808.668
8419.000 5120.000 68667658.000 1.000 1270.000 560.000 903.000 14209.800 65716.369 16921.231 304416.976 46324226.830 14139971485324.215
8419.000 5054.000 68667668.000 1.000 1270.000 560.000 906.000 15623.720 65716.369 38448.007 170733.546 29076579.329 15163226450880.414
8404.000 4983.000 68667678.000 1.000 1270.000 560.000 906.000 14830.717 73631.930 71332.599 861944.938 38257606.187 10257847013448.705
8388.000 4916.000 68667688.000 1.000 1270.000 560.000 908.000 10827.257 82571.195 111610.537 480424.726 103810286.903 12847260927455.141
8373.000 4868.000 68667698.000 1.000 1270.000 560.000 908.000 8595.837 91416.757 145986.374 1073647.490 154260208.781 8946588459462.588
8358.000 4831.000 68667708.000 1.000 1270.000 560.000 909.000 3609.086 100712.318 175629.415 545265.766 303000318.411 12386644823790.910
8353.000 4815.000 68667718.000 1.000 1270.000 560.000 914.000 1076.500 103910.838 189296.027 0.000 397583274.685 16522048832174.199
8353.000 4810.000 68667728.000 1.000 1270.000 560.000 914.000 1076.500 103910.838 193671.843 231770.450 397583274.685 14691596695857.002
8348.000 4810.000 68667738.000 1.000 1260.000 560.000 918.000 0.000 107159.359 193671.843 0.000 441671849.619 16522048832174.199
8348.000 4810.000 68667748.000 1.000 1260.000 560.000 920.000 0.000 107159.359 193671.843 278124.540 441671849.619 14338398478551.932
8348.000 4810.000 68667758.000 1.000 1260.000 560.000 923.000 1291.800 107159.359 193671.843 92708.180 389043684.238 15776975767688.951
8342.000 4810.000 68667768.000 1.000 1260.000 560.000 921.000 1722.400 111123.583 193671.843 556249.080 372242627.885 12309454644430.088
8334.000 4810.000 68667778.000 1.000 1260.000 560.000 923.000 4306.000 116521.216 193671.843 324478.630 279223776.883 13989497664566.318
8314.000 4810.000 68667788.000 1.000 1260.000 560.000 923.000 5813.100 130575.297 193671.843 306654.158 231127874.436 14123151470704.271
8287.000 4810.000 68667798.000 1.000 1260.000 560.000 923.000 7237.411 150817.308 193671.843 441860.190 189849248.398 13125202469369.580
8256.000 4823.000 68667808.000 1.000 1260.000 560.000 926.000 5185.111 175856.134 182398.721 1233574.053 250616740.413 8015457132051.331
8238.000 4839.000 68667818.000 1.000 1260.000 560.000 924.000 10914.670 191276.808 168988.109 2868562.253 102036672.442 1430822828869.438
8225.000 4888.000 68667828.000 1.000 1260.000 560.000 929.000 24238.229 202816.961 131103.109 2231983.020 10382822.036 3358969996164.257
8260.000 4995.000 68667838.000 1.000 1260.000 560.000 926.000 34605.080 172517.318 65066.639 1473621.711 184663358.015 6713854187384.925
8325.000 5142.000 68667848.000 1.000 1260.000 560.000 926.000 41449.584 122746.553 11681.639 1480113.437 417531750.204 6680254769674.462
8435.000 5300.000 68667858.000 1.000 1260.000 560.000 926.000 34574.928 57769.104 2491.843 1734708.486 183844790.695 5429011066389.898
8545.000 5417.000 68667868.000 1.000 1260.000 560.000 923.000 26517.759 16991.655 27861.741 1827689.235 30269458.480 5004361763552.825
8628.000 5508.000 68667878.000 1.000 1260.000 560.000 923.000 18028.724 2242.216 66521.884 2175904.906 8923760.136 3567668999376.817
8692.000 5562.000 68667888.000 1.000 1260.000 560.000 926.000 7922.338 277.155 97293.068 1204283.134 171443731.382 8182169544929.178
8719.000 5587.000 68667898.000 1.000 1260.000 560.000 929.000 2328.826 1905.144 113513.986 501396.238 349210110.757 12697364032337.750
8728.000 5593.000 68667908.000 1.000 1250.000 560.000 935.000 0.000 2771.808 117593.007 463540.900 441671849.619 12968579642526.213
8728.000 5593.000 68667918.000 1.000 1250.000 560.000 939.000 2153.000 2771.808 117593.007 231770.450 355812404.251 14691596695857.002
8718.000 5593.000 68667928.000 1.000 1250.000 560.000 941.000 1076.500 1818.848 117593.007 0.000 397583274.685 16522048832174.199
8713.000 5593.000 68667938.000 1.000 1250.000 560.000 933.000 1076.500 1417.369 117593.007 46354.090 397583274.685 16147363598271.848
8713.000 5588.000 68667948.000 1.000 1250.000 560.000 912.000 1291.800 1417.369 114188.823 1396734.636 389043684.238 7118211641121.538
8707.000 5588.000 68667958.000 1.000 1250.000 560.000 824.000 7779.188 1001.593 114188.823 126779.463 175212935.967 15507472702909.715
9073.000 5424.000 68668069.000 0.000 1260.000 560.000 617.000 14315.426 158123.899 30247.599 572988.655 44897562.362 12192273821141.266
9059.000 5359.000 68668079.000 1.000 1260.000 560.000 750.000 11654.076 147185.757 11863.211 872185.037 87645439.953 10192358153343.691
9010.000 5382.000 68668089.000 1.000 1270.000 560.000 826.000 15705.098 111989.257 17402.456 1220490.918 28205577.358 8089709152096.341
8975.000 5446.000 68668099.000 1.000 1290.000 560.000 876.000 10036.306 89788.899 38384.007 166601.724 120553468.022 15195422142437.133
8948.000 5484.000 68668109.000 1.000 1290.000 560.000 926.000 10810.118 74336.910 54717.803 321298.218 104159830.050 14013298875023.404
8913.000 5520.000 68668119.000 1.000 1290.000 560.000 939.000 9317.790 56476.553 72855.925 877324.248 136847890.999 10159570216605.129
8880.000 5548.000 68668129.000 1.000 1290.000 560.000 944.000 5242.898 41880.787 88755.354 307399.312 248790441.702 14117551332009.498
8857.000 5556.000 68668139.000 1.000 1270.000 560.000 939.000 3815.126 32995.981 93586.047 2170148.430 295869733.755 3589448115744.894
8840.000 5551.000 68668149.000 1.000 1270.000 560.000 942.000 13894.775 27108.950 90551.864 1611301.755 50711707.799 6019321536625.318
8798.000 5502.000 68668159.000 1.000 1270.000 560.000 945.000 21378.759 15042.522 63462.864 1270053.624 131601.107 7810229013134.823
8766.000 5408.000 68668169.000 1.000 1270.000 560.000 948.000 27277.754 8217.053 24938.211 1283845.526 39209684.238 7733331360305.822
8740.000 5284.000 68668179.000 1.000 1280.000 570.000 948.000 21314.700 4179.359 1150.456 1462644.210 89227.466 6770862531513.032
8740.000 5185.000 68668189.000 1.000 1280.000 570.000 945.000 14521.183 4179.359 4235.619 786561.949 42182522.275 10746400980432.570
8758.000 5120.000 68668199.000 1.000 1270.000 570.000 942.000 10867.853 6830.685 16921.231 281393.009 102984691.302 14313656341154.225
8786.000 5078.000 68668209.000 1.000 1270.000 570.000 939.000 9560.872 12242.971 29612.088 706129.529 131219735.992 11280212706821.943
8830.000 5072.000 68668219.000 1.000 1270.000 570.000 929.000 12840.619 23915.991 31713.068 1103690.668 66836696.410 8767767664093.317
8879.000 5106.000 68668229.000 1.000 1270.000 570.000 902.000 17966.911 41472.491 20759.517 157052.738 9296884.771 15269959714542.979
8937.000 5166.000 68668239.000 1.000 1260.000 570.000 882.000 17237.451 68459.655 7069.721 61004.179 14277359.481 16029839025973.117
8974.000 5237.000 68668249.000 1.000 1260.000 570.000 864.000 16954.106 89190.604 171.129 50277.717 16498904.324 16115845758482.842
8998.000 5312.000 68668259.000 1.000 1260.000 570.000 848.000 17187.630 104101.706 3833.884 1100532.217 14656342.829 8786482249838.803
9015.000 5390.000 68668269.000 1.000 1260.000 570.000 848.000 12076.008 115360.736 19577.150 1747755.020 79923284.090 5368383808100.590
9026.000 5445.000 68668279.000 1.000 1260.000 570.000 855.000 3958.242 122953.991 37993.170 527730.873 290966778.145 12510379235141.717
9033.000 5462.000 68668289.000 1.000 1260.000 570.000 863.000 1507.100 127912.063 44909.394 1158852.250 380596801.972 8444138980452.268
9033.000 5455.000 68668299.000 1.000 1270.000 570.000 866.000 6889.600 127912.063 41991.537 1399953.156 199554903.802 7101047992181.566
9033.000 5423.000 68668309.000 1.000 1270.000 570.000 888.000 13391.937 127912.063 29900.762 871397.254 58126189.204 10197388842898.023
9028.000 5361.000 68668319.000 1.000 1270.000 570.000 899.000 17439.300 124360.583 12302.884 1112498.160 12792713.728 8715686534687.673
9028.000 5280.000 68668329.000 1.000 1280.000 580.000 920.000 12272.100 124360.583 895.109 1251560.430 76455618.132 7913936081939.830
9028.000 5223.000 68668339.000 1.000 1280.000 580.000 924.000 6459.000 124360.583 733.415 701519.525 211905967.515 11311200303559.443
9028.000 5193.000 68668349.000 1.000 1280.000 580.000 927.000 3200.665 124360.583 3258.313 20574.929 317385816.672 16355209002107.002
9038.000 5182.000 68668359.000 1.000 1290.000 590.000 930.000 3105.101 131513.542 4635.109 1677281.732 320799956.650 5699920309508.150
9050.000 5190.000 68668369.000 1.000 1290.000 590.000 924.000 10895.541 140361.093 3609.803 1158142.191 102423494.674 8448266177229.110
9075.000 5234.000 68668379.000 1.000 1290.000 590.000 915.000 16274.743 159718.491 258.619 102054.568 22479426.260 15702814965144.465
9110.000 5301.000 68668389.000 1.000 1290.000 590.000 899.000 15800.732 188918.848 2592.680 279613.340 27198919.466 14327125691752.041
9135.000 5370.000 68668399.000 1.000 1290.000 590.000 888.000 14502.017 211276.246 14380.415 1297910.645 42431848.565 7655302180515.761
9156.000 5434.000 68668409.000 1.000 1290.000 590.000 882.000 8473.635 231022.461 33825.966 1032274.581 157310677.265 9195799938016.475
9174.000 5469.000 68668419.000 1.000 1290.000 590.000 881.000 3679.048 248649.787 47925.252 263581.025 300569569.410 14448751166471.723
9180.000 5485.000 68668429.000 1.000 1290.000 590.000 887.000 2454.798 254669.563 55186.639 1305253.451 344517860.772 7614723627725.423
9189.000 5478.000 68668439.000 1.000 1290.000 590.000 899.000 8517.285 263834.226 51946.782 894433.493 156217634.967 10050794651636.486
9200.000 5440.000 68668449.000 1.000 1290.000 590.000 900.000 12671.644 275255.481 36068.986 13093417.613 69628115.702 81517158122429.828
9210.000 5382.000 68668459.000 1.000 1290.000 590.000 915.000 73486.403 285848.440 17402.456 109580552.040 2753144205.589 11133588211211538.000
9213.000 5348.000 68668460.000 1.000 1290.000 590.000 922.000 22589.723 289065.328 9588.007 3330306.091 2476634.511 539381885648.315
9222.000 5254.000 68668469.000 1.000 1290.000 590.000 939.000 8668.332 298823.991 15.354 618169.791 152464666.275 11878793265392.496
9232.000 5215.000 68668479.000 1.000 1290.000 590.000 938.000 5797.130 309856.950 1230.721 729867.646 231613709.794 11121322393008.377
9242.000 5190.000 68668489.000 1.000 1290.000 590.000 935.000 2407.127 321089.910 3609.803 332693.617 346289794.495 13928112879699.803
9252.000 5185.000 68668499.000 1.000 1290.000 590.000 936.000 3952.383 332522.869 4235.619 658943.520 291166695.168 11599397349301.875
9261.000 5201.000 68668509.000 1.000 1290.000 590.000 933.000 7012.966 342983.532 2409.007 908530.691 196084690.432 9961608722064.904
9271.000 5232.000 68668519.000 1.000 1290.000 590.000 933.000 11232.802 354796.491 326.945 409177.219 95710773.932 13363083095477.293
9282.000 5283.000 68668529.000 1.000 1290.000 590.000 932.000 13133.300 368021.746 1083.619 355006.232 62136806.864 13762067647003.586
9293.000 5343.000 68668539.000 1.000 1290.000 590.000 932.000 14782.191 381489.001 8633.823 269140.286 38860254.107 14406518887557.279
9308.000 5410.000 68668549.000 1.000 1290.000 590.000 932.000 16032.262 400243.440 25573.884 299327.069 24837548.084 14178276703259.400
9327.000 5482.000 68668559.000 1.000 1290.000 590.000 933.000 14641.983 424645.063 53786.129 2110740.270 40627969.464 3818084930944.804
9350.000 5546.000 68668569.000 1.000 1290.000 590.000 935.000 4838.266 455149.869 87567.680 809908.220 261718764.550 10593879921077.295
9358.000 5567.000 68668579.000 1.000 1290.000 590.000 941.000 1076.500 466008.236 100437.252 517102.803 397583274.685 12585675188948.459
9358.000 5562.000 68668589.000 1.000 1290.000 590.000 950.000 3478.278 466008.236 97293.068 1224853.111 307571353.827 8064913920957.038
9364.000 5547.000 68668599.000 1.000 1290.000 590.000 943.000 9167.331 474236.012 88160.517 817159.524 140390727.957 10546729064457.668
9371.000 5505.000 68668609.000 1.000 1290.000 590.000 953.000 12962.777 483926.083 64983.374 46191.323 64854244.965 16148671743503.627
9376.000 5445.000 68668619.000 1.000 1290.000 590.000 958.000 12748.233 490907.563 37993.170 687283.028 68355811.295 11407163719135.256
9381.000 5386.000 68668629.000 1.000 1290.000 590.000 961.000 9556.022 497939.042 18473.803 211377.665 131330874.162 14848342096187.863
9392.000 5343.000 68668639.000 1.000 1290.000 590.000 959.000 8574.240 513584.297 8633.823 189564.115 154797151.315 15016928616014.832
9417.000 5312.000 68668649.000 1.000 1290.000 590.000 956.000 7693.775 550041.695 3833.884 775742.047 177481421.342 10817457015016.039
9451.000 5301.000 68668659.000 1.000 1290.000 590.000 953.000 4090.700 601629.757 2592.680 186423.533 286465452.810 15041279046292.488
9470.000 5301.000 68668669.000 1.000 1290.000 590.000 953.000 4956.578 631465.379 2592.680 878616.478 257904724.437 10151334157798.084
9483.000 5320.000 68668679.000 1.000 1290.000 590.000 950.000 9037.472 652295.226 4888.578 928185.858 143484901.421 9837923707452.584
9492.000 5361.000 68668689.000 1.000 1290.000 590.000 944.000 13348.600 666913.889 12302.884 384213.400 58788874.498 13546219519501.516
9492.000 5423.000 68668699.000 1.000 1290.000 590.000 937.000 15133.149 666913.889 29900.762 1327426.670 34607822.133 7492842220795.709
9499.000 5500.000 68668710.000 1.000 1290.000 590.000 944.000 21915.171 678395.961 62459.190 1209552.601 808525.874 8152051227031.432
9518.000 5600.000 68668720.000 1.000 1290.000 590.000 914.000 27533.158 710055.583 122442.864 936273.818 42473474.418 9787252597906.096
9545.000 5725.000 68668730.000 1.000 1290.000 590.000 903.000 31881.852 756287.573 225547.456 279933.491 118066949.796 14324702174995.656
9587.000 5867.000 68668740.000 1.000 1290.000 590.000 899.000 33182.054 831102.001 380588.272 1419788.314 148013105.183 6995728794173.619
9630.000 6015.000 68668750.000 1.000 1290.000 590.000 899.000 26587.589 911352.726 585100.109 1106314.313 31042711.721 8752237103356.976
9675.000 6130.000 68668760.000 1.000 1320.000 590.000 905.000 21449.111 999296.042 774256.333 2231770.734 187593.513 3359748175265.346
9708.000 6224.000 68668770.000 1.000 1320.000 590.000 908.000 11083.246 1066361.808 948516.986 1742251.306 98659409.958 5393918059774.309
9733.000 6269.000 68668780.000 1.000 1340.000 580.000 909.000 2991.043 1118619.206 1038194.639 103394.595 324898726.308 15692196570457.221
9740.000 6281.000 68668790.000 1.000 1340.000 580.000 896.000 2510.808 1133475.277 1062792.680 1098287.499 342441773.127 8799794875250.715
9746.000 6271.000 68668800.000 1.000 1350.000 580.000 902.000 7612.004 1146287.053 1042274.313 2585720.274 179666849.579 2187476631820.720
9751.000 6236.000 68668810.000 1.000 1350.000 580.000 914.000 19621.852 1157018.532 972035.027 1829905.318 1943621.688 4994451728275.401
9746.000 6145.000 68668820.000 1.000 1350.000 580.000 932.000 28121.180 1146287.053 800878.884 2800233.138 50483720.223 1598958180943.194
9720.000 6017.000 68668830.000 1.000 1360.000 570.000 945.000 41127.372 1091289.359 588163.782 981347.519 404467672.611 9507261830219.781
9681.000 5830.000 68668840.000 1.000 1360.000 570.000 950.000 36569.325 1011327.818 336305.313 742525.563 241906219.306 11037057735375.066
9650.000 5663.000 68668850.000 1.000 1360.000 570.000 980.000 33120.530 949938.644 170501.578 1191011.611 146519880.583 8258270712573.058
9634.000 5510.000 68668860.000 1.000 1380.000 570.000 992.000 27588.660 919005.910 67557.558 2124978.490 43199986.569 3762644920485.046
9628.000 5382.000 68668870.000 1.000 1380.000 570.000 979.000 17718.811 907538.134 17402.456 1497155.508 10871391.545 6592450684838.899
9621.000 5300.000 68668880.000 1.000 1380.000 570.000 982.000 10765.000 894250.063 2491.843 2085934.050 105082802.779 3915642592830.013
9621.000 5250.000 68668890.000 1.000 1360.000 570.000 996.000 1076.500 894250.063 0.007 334053.236 397583274.685 13917966426805.320
9616.000 5250.000 68668900.000 1.000 1360.000 570.000 1018.000 2628.071 884818.583 0.007 606852.331 338115577.347 11956934017409.258
9609.000 5260.000 68668910.000 1.000 1360.000 570.000 1021.000 5446.707 871698.512 98.374 1438010.015 242402583.461 6899670066887.637
9601.000 5284.000 68668920.000 1.000 1350.000 580.000 1017.000 12125.806 856824.144 1150.456 1560667.071 79035377.450 6270342770585.098
9595.000 5340.000 68668930.000 1.000 1350.000 580.000 1011.000 19374.608 845752.369 8085.313 1226858.846 2694135.959 8053525853679.935
9618.000 5427.000 68668940.000 1.000 1340.000 580.000 1000.000 25072.977 888585.175 31300.109 814792.516 16459140.827 10562108728761.342
9659.000 5536.000 68668950.000 1.000 1340.000 580.000 982.000 28857.429 967563.308 81749.313 631040.425 61488160.390 11790240028877.723
9737.000 5645.000 68668960.000 1.000 1340.000 580.000 989.000 25926.447 1127096.389 155960.517 1808160.234 24112584.692 5092117578715.717
9811.000 5740.000 68668970.000 1.000 1320.000 590.000 986.000 17528.118 1289696.287 240020.007 2363999.167 12165253.402 2892493257262.113
9883.000 5778.000 68668980.000 1.000 1320.000 590.000 979.000 6548.094 1458413.593 278697.803 482722.838 209320024.263 12830791928187.592
9913.000 5783.000 68668990.000 1.000 1310.000 600.000 967.000 4306.000 1531772.471 284001.986 1832836.197 279223776.883 4981360303270.303
9913.000 5763.000 68669000.000 1.000 1310.000 600.000 971.000 12818.941 1531772.471 263085.252 2092892.546 67191617.745 3888152093805.238
9884.000 5711.000 68669010.000 1.000 1310.000 600.000 974.000 22539.761 1460829.889 212445.741 467217.578 2321877.050 12942112317952.895
9808.000 5639.000 68669020.000 1.000 1310.000 600.000 970.000 24709.838 1282891.399 151257.496 164502.979 13644510.597 15211788911362.555
9722.000 5563.000 68669030.000 1.000 1310.000 600.000 974.000 23945.774 1095471.950 97917.905 1027668.022 8583632.343 9223759549380.492
9629.000 5502.000 68669040.000 1.000 1310.000 600.000 979.000 19172.583 909444.430 63462.864 2222258.565 3398150.590 3394709537374.987
9556.000 5451.000 68669050.000 1.000 1310.000 600.000 997.000 8850.899 775540.828 40368.190 1117579.025 147989447.107 8685712543447.471
9517.000 5438.000 68669060.000 1.000 1320.000 590.000 1009.000 3660.100 708371.287 35313.313 788019.530 301226929.204 10736846707280.266
9500.000 5438.000 68669070.000 1.000 1310.000 580.000 1023.000 0.000 680044.257 35313.313 324478.630 441671849.619 13989497664566.318
9500.000 5438.000 68669080.000 1.000 1310.000 580.000 1023.000 1507.100 680044.257 35313.313 1434535.503 380596801.972 6917935295459.134
9507.000 5438.000 68669090.000 1.000 1310.000 580.000 1023.000 8170.061 691638.328 35313.313 1167540.897 165017900.393 8393718140736.131
9543.000 5426.000 68669100.000 1.000 1310.000 580.000 1023.000 13592.917 752812.981 30947.272 1864987.162 55102017.687 4838878759560.847
9598.000 5395.000 68669110.000 1.000 1310.000 580.000 1023.000 22255.189 851279.257 21001.333 3501177.382 1535613.340 317594167994.672
9692.000 5352.000 68669120.000 1.000 1310.000 580.000 1023.000 38517.044 1033573.073 10387.354 45478024.827 306286879.503 1715060796281329.250
9869.000 5326.000 68669130.000 1.000 1320.000 590.000 1023.000 249748.000 1424795.450 5763.599 369133298.969 52318332246.930 133275058355252224.000
9985.000 5326.000 68669131.000 1.000 1320.000 590.000 1023.000 78297.327 1715177.777 5763.599 18730460.559 3281151530.515 215083584784092.906
10312.000 5340.000 68669140.000 1.000 1320.000 590.000 867.000 0.000 2678616.542 8085.313 0.000 441671849.619 16522048832174.199
