2873.000 6154.000 51599732.000 0.000 1370.000 460.000 130.000 21544.377 4582369.830 40557.221 3282211.212 577972.272 2394422133847.689
2768.000 6133.000 51599742.000 1.000 1370.000 460.000 187.000 5231.200 5042930.713 32539.915 2327137.347 241893697.639 350840823647.786
2768.000 6159.000 51599752.000 1.000 1380.000 460.000 191.000 16797.489 5042930.713 42596.104 1837898.823 15893323.394 10625415009.337
2829.000 6216.000 51599762.000 1.000 1380.000 460.000 212.000 25932.175 4772682.772 69373.362 2317324.622 26502345.458 339312602438.939
2925.000 6302.000 51599772.000 1.000 1380.000 460.000 247.000 37449.693 4362446.536 122072.139 1132783.162 277740919.327 362447354071.559
3078.000 6408.000 51599782.000 1.000 1380.000 460.000 262.000 43079.828 3746729.536 207378.445 441292.362 497098054.616 1673211601173.294
3256.000 6527.000 51599792.000 1.000 1380.000 460.000 279.000 45273.130 3089323.183 329921.845 595811.749 599711016.994 1297337903471.660
3450.000 6641.000 51599802.000 1.000 1380.000 460.000 297.000 42311.839 2444992.125 473878.362 2049661.823 463442163.359 99125896596.267
3641.000 6729.000 51599812.000 1.000 1380.000 460.000 296.000 32124.653 1884159.948 602778.692 1945309.041 128607413.750 44305986093.235
3783.000 6802.000 51599822.000 1.000 1380.000 460.000 291.000 22456.119 1514492.183 721460.374 2575062.023 2795540.115 706008053213.691
3892.000 6826.000 51599832.000 1.000 1380.000 460.000 274.000 9657.600 1258092.125 762807.010 875749.156 123799717.096 738001287731.048
3940.000 6826.000 51599842.000 1.000 1400.000 460.000 213.000 14010.230 1152718.007 762807.010 612554.493 45885749.979 1259478003644.336
3463.000 6525.000 51599923.000 0.000 1380.000 460.000 110.000 38670.724 2404506.301 327628.292 5053830.933 319930168.955 11015839087657.084
3338.000 6379.000 51599933.000 1.000 1380.000 460.000 137.000 13552.280 2807793.066 181806.927 456507.509 52299685.137 1634080700828.863
3287.000 6335.000 51599943.000 1.000 1380.000 460.000 134.000 11283.356 2981310.066 146220.762 2098222.047 90264746.949 132061651529.192
3239.000 6306.000 51599953.000 1.000 1380.000 460.000 151.000 21711.895 3149372.183 124883.245 2927328.616 860743.955 1422078780496.801
3225.000 6199.000 51599963.000 1.000 1380.000 460.000 181.000 36261.242 3199258.301 60707.162 1974487.870 239540930.128 57441086100.866
3216.000 6019.000 51599973.000 1.000 1380.000 460.000 247.000 46074.800 3231534.948 4407.398 1460081.238 639617881.638 75480930888.539
3216.000 5790.000 51599983.000 1.000 1370.000 460.000 291.000 53331.665 3231534.948 26442.586 3726134.868 1059341896.345 3965338211935.927
3222.000 5525.000 51599993.000 1.000 1370.000 460.000 319.000 71851.222 3209999.183 182851.821 2488196.538 2607847668.452 567577459687.063
3231.000 5168.000 51600003.000 1.000 1370.000 460.000 348.000 84218.004 3177830.536 615615.621 2515484.892 4023856101.240 609438970617.083
3253.000 4750.000 51600013.000 1.000 1360.000 470.000 387.000 71715.594 3099878.066 1446275.057 89088.141 2594013808.874 2708430617470.650
3285.000 4395.000 51600023.000 1.000 1350.000 470.000 409.000 71272.810 2988220.654 2426154.410 44408.260 2549106593.714 2857489042240.677
3298.000 4041.000 51600033.000 1.000 1350.000 470.000 420.000 71052.093 2943444.830 3654259.539 5586148.388 2526867890.678 14832736750902.971
3308.000 3688.000 51600043.000 1.000 1340.000 480.000 418.000 43287.936 2909231.889 5128466.445 845706.978 506421188.911 790520488697.367
3316.000 3473.000 51600053.000 1.000 1330.000 480.000 420.000 39084.621 2882005.536 6148474.504 532660.502 334907893.118 1445185461336.225
3326.000 3279.000 51600063.000 1.000 1320.000 490.000 415.000 36437.203 2848152.595 7148199.868 2999651.164 245018627.864 1599799974846.542
3332.000 3098.000 51600073.000 1.000 1300.000 500.000 417.000 21528.400 2827936.830 8148808.327 1627708.805 553934.672 11472630137.958
3332.000 2991.000 51600083.000 1.000 1290.000 500.000 373.000 29618.404 2827936.830 8771144.245 317893.915 78044359.587 2007677176239.779
2417.000 4327.000 51600193.000 0.000 1200.000 520.000 520.000 12238.518 6742575.948 2642613.610 463496.996 73027520.748 1616260068294.320
2375.000 4371.000 51600203.000 1.000 1200.000 520.000 526.000 14542.181 6962458.301 2501495.774 2002767.938 38961953.829 71796542654.151
2305.000 4389.000 51600213.000 1.000 1200.000 510.000 522.000 4588.066 7336768.889 2444881.751 574694.401 262312557.878 1345889477995.830
2299.000 4411.000 51600223.000 1.000 1200.000 510.000 538.000 7444.400 7369308.654 2376566.833 1176720.413 177948453.128 311474221770.475
2336.000 4411.000 51600233.000 1.000 1210.000 510.000 543.000 13292.911 7169793.772 2376566.833 2685245.581 56118393.922 903310364079.302
2387.000 4453.000 51600243.000 1.000 1210.000 510.000 557.000 26639.062 6899274.772 2248835.445 3342883.072 34280203.858 2585869515204.592
2500.000 4522.000 51600253.000 1.000 1210.000 510.000 568.000 43253.789 6318421.536 2046650.021 2552998.028 504885480.146 669416644842.887
2654.000 4672.000 51600263.000 1.000 1220.000 500.000 561.000 55942.646 5567934.242 1639966.492 2284579.523 1236121098.002 302236446513.285
2844.000 4875.000 51600273.000 1.000 1220.000 500.000 566.000 67297.415 4707368.360 1161247.115 680216.356 2163485483.947 1112187093795.459
3078.000 5114.000 51600283.000 1.000 1240.000 500.000 563.000 70678.212 3746729.536 703269.692 19777.155 2489419206.720 2941369110773.846
3340.000 5348.000 51600293.000 1.000 1250.000 500.000 564.000 70579.916 2801094.478 365555.386 3124954.097 2479620091.872 1932475117244.195
3604.000 5579.000 51600303.000 1.000 1260.000 500.000 544.000 55048.335 1987104.830 139585.751 2068718.280 1174035598.760 111488616134.108
3823.000 5743.000 51600313.000 1.000 1270.000 500.000 448.000 44766.435 1417640.419 43937.092 8187556.746 575150851.259 41637822233908.031
4011.000 5862.000 51600323.000 1.000 1270.000 500.000 51.000 4072.813 1005301.125 8210.492 63034.614 279268186.848 2794863599300.281
4274.000 5871.000 51600453.000 0.000 1340.000 470.000 178.000 0.000 547077.772 6660.480 1256881.914 431980148.128 228424019992.451
4274.000 5871.000 51600463.000 1.000 1340.000 470.000 203.000 6246.928 547077.772 6660.480 479258.802 211330303.729 1576431835904.967
4244.000 5863.000 51600473.000 1.000 1350.000 460.000 223.000 3864.926 592356.595 8030.268 777623.111 286259535.850 916224294002.534
4232.000 5878.000 51600483.000 1.000 1350.000 460.000 242.000 0.000 610972.125 5566.915 0.000 431980148.128 3009597550129.921
4232.000 5878.000 51600493.000 1.000 1360.000 460.000 252.000 0.000 610972.125 5566.915 806587.058 431980148.128 861614852426.614
4232.000 5878.000 51600503.000 1.000 1360.000 460.000 272.000 4008.882 610972.125 5566.915 1784541.388 281409016.707 2472299033.621
4251.000 5872.000 51600513.000 1.000 1350.000 460.000 284.000 12878.372 581630.536 6498.257 1006257.335 62501043.131 530802346381.437
4282.000 5816.000 51600523.000 1.000 1350.000 460.000 311.000 17879.651 535307.419 18662.774 163904.160 8436010.597 2467773966407.055
4311.000 5732.000 51600533.000 1.000 1350.000 460.000 330.000 18694.284 493712.889 48669.551 36997.461 4367465.179 2882598553134.780
4324.000 5640.000 51600543.000 1.000 1340.000 470.000 364.000 18510.400 475613.066 97726.115 40481.440 5169857.770 2870780340889.612
4324.000 5548.000 51600553.000 1.000 1340.000 470.000 396.000 18711.600 475613.066 163710.680 465598.731 4295389.403 1610920520968.578
4324.000 5455.000 51600563.000 1.000 1340.000 470.000 413.000 16397.491 475613.066 247617.468 1558473.269 19242620.347 31097876548.468
4315.000 5374.000 51600573.000 1.000 1330.000 470.000 418.000 8651.600 488107.713 334791.574 5432627.557 147198335.728 13673786872231.484
4315.000 5331.000 51600583.000 1.000 1330.000 470.000 444.000 35652.731 488107.713 386401.186 71733294.772 221075232.549 4899786586703434.000
4310.000 5314.000 51600584.000 1.000 1320.000 480.000 515.000 0.000 495119.183 407824.986 1052517.440 431980148.128 465535649789.716
4310.000 5314.000 51600594.000 1.000 1320.000 480.000 600.000 5231.200 495119.183 407824.986 765545.478 241893697.639 939491488623.520
4310.000 5340.000 51600604.000 1.000 1320.000 480.000 611.000 9036.098 495119.183 375293.174 3240173.692 138016305.768 2266092239048.766
4319.000 5384.000 51600614.000 1.000 1310.000 480.000 617.000 25140.341 482534.536 323319.339 344177.951 18976555.775 1933882998002.186
4346.000 5506.000 51600624.000 1.000 1310.000 480.000 617.000 26850.967 445752.595 199462.068 318230.193 36806485.418 2006724327741.349
4387.000 5633.000 51600634.000 1.000 1290.000 490.000 617.000 28432.628 392686.536 102151.680 504190.702 58499489.172 1514446424500.190
4440.000 5764.000 51600644.000 1.000 1280.000 480.000 614.000 25926.710 329070.948 35574.398 1207973.815 26446107.216 277566027335.096
4494.000 5881.000 51600654.000 1.000 1280.000 480.000 605.000 19922.864 270033.066 5128.245 740747.779 741782.781 988177928989.584
4548.000 5964.000 51600664.000 1.000 1280.000 480.000 592.000 16241.215 216827.183 129.692 805009.852 20638095.991 864545366516.013
4602.000 6024.000 51600674.000 1.000 1280.000 480.000 522.000 12240.172 169453.301 5096.280 846371.944 72999254.592 789338472122.363
4657.000 6050.000 51600684.000 1.000 1280.000 480.000 389.000 16446.792 127197.125 9484.468 717017.647 18812519.347 1035919938772.248
4736.000 6071.000 51600694.000 1.000 1290.000 490.000 203.000 12883.086 77087.889 14015.774 278359.717 62426529.846 2121274136159.745
5046.000 6151.000 51600744.000 0.000 1320.000 480.000 47.000 19800.574 1046.713 39357.892 3420034.218 967386.582 2839949760404.598
5133.000 6197.000 51600754.000 1.000 1340.000 480.000 180.000 2802.392 14245.125 59725.610 43380.330 323342977.870 2860965347052.730
5138.000 6210.000 51600764.000 1.000 1340.000 480.000 245.000 3018.000 15463.654 66248.704 647703.040 315635450.631 1181821478558.634
5126.000 6219.000 51600774.000 1.000 1350.000 470.000 286.000 6237.200 12623.183 70962.692 1140331.784 211613234.207 353415251266.842
5095.000 6219.000 51600784.000 1.000 1360.000 480.000 327.000 11904.853 6618.301 70962.692 1047332.516 78841597.754 472637898449.458
5044.000 6189.000 51600794.000 1.000 1360.000 480.000 364.000 17110.283 921.301 55879.398 1273455.361 13497167.382 212856563598.223
4980.000 6133.000 51600804.000 1.000 1370.000 470.000 396.000 23439.584 1132.125 32539.915 77429.406 7051424.668 2746940827452.631
4914.000 6037.000 51600814.000 1.000 1370.000 470.000 417.000 23054.746 9929.536 7121.374 526011.445 5155687.376 1461216114298.901
4853.000 5940.000 51600824.000 1.000 1370.000 470.000 423.000 20440.375 25807.478 159.057 1308843.624 118168.960 181455165183.609
4817.000 5845.000 51600834.000 1.000 1380.000 480.000 435.000 13935.188 38670.066 11580.292 779687.826 46908035.607 912275882931.588
4796.000 5779.000 51600844.000 1.000 1380.000 480.000 443.000 10060.000 47370.242 30141.045 1052517.440 115007009.803 465535649789.716
4796.000 5729.000 51600854.000 1.000 1370.000 480.000 439.000 4828.800 47370.242 50002.221 210977.314 254572623.172 2322093999928.290
4796.000 5705.000 51600864.000 1.000 1370.000 480.000 453.000 3780.205 47370.242 61311.586 575310.274 289133537.622 1344460878252.543
4813.000 5697.000 51600874.000 1.000 1370.000 480.000 473.000 6639.600 40259.242 65337.374 1211871.663 200067788.994 273474094333.083
4846.000 5697.000 51600884.000 1.000 1360.000 490.000 498.000 12662.819 28105.536 65337.374 2247711.232 65955726.850 263058267992.729
4891.000 5741.000 51600894.000 1.000 1360.000 490.000 489.000 23834.346 15042.301 44779.539 1619784.140 9303804.692 13233057963.345
4959.000 5838.000 51600904.000 1.000 1350.000 490.000 492.000 31884.963 2986.301 13135.857 421813.587 123228446.148 1723983659120.066
5042.000 5973.000 51600914.000 1.000 1340.000 490.000 497.000 29788.474 803.889 415.680 1699354.113 81078172.628 1257770217.528
5134.000 6089.000 51600924.000 1.000 1340.000 490.000 497.000 21342.380 14484.830 18601.751 1689081.847 311640.692 2091902650.098
5210.000 6163.000 51600934.000 1.000 1340.000 490.000 501.000 12947.341 38554.478 44263.210 1592969.009 61415295.114 20121467973.798
5256.000 6208.000 51600944.000 1.000 1340.000 490.000 501.000 5030.000 58734.948 65223.151 720645.283 248192678.966 1028548671628.982
5281.000 6208.000 51600954.000 1.000 1340.000 490.000 510.000 8611.736 71477.595 65223.151 622559.277 148167227.388 1237122067993.036
5307.000 6174.000 51600964.000 1.000 1340.000 490.000 515.000 11705.967 86055.948 49012.751 669782.326 82413082.010 1134303477561.368
5331.000 6121.000 51600974.000 1.000 1340.000 490.000 520.000 15034.905 100712.889 28354.598 489191.040 33053612.518 1551589436474.107
5351.000 6049.000 51600984.000 1.000 1340.000 490.000 512.000 12603.538 113807.007 9290.692 199803.672 66922120.214 2356272576915.047
5369.000 5989.000 51600994.000 1.000 1340.000 490.000 516.000 11610.478 126275.713 1324.104 646928.219 84155929.978 1183506719719.038
5396.000 5938.000 51601004.000 1.000 1340.000 490.000 521.000 8395.129 146193.772 213.504 110323.795 153487398.395 2638985221083.872
5426.000 5909.000 51601014.000 1.000 1340.000 490.000 535.000 7846.800 170034.948 1901.986 484189.208 167374562.475 1564075300071.811
5465.000 5909.000 51601024.000 1.000 1340.000 490.000 542.000 10253.307 203719.478 1901.986 1674065.687 110898277.782 3690985610.147
5514.000 5923.000 51601034.000 1.000 1350.000 490.000 550.000 18573.713 250353.066 876.857 902996.666 4885952.702 691928676976.705
5573.000 5994.000 51601044.000 1.000 1350.000 490.000 554.000 23061.768 312875.713 1712.986 526393.725 5187625.186 1460292054403.218
5640.000 6087.000 51601054.000 1.000 1350.000 490.000 556.000 25678.039 392318.007 18060.198 615724.111 23950324.516 1252373749485.147
5708.000 6195.000 51601064.000 1.000 1360.000 480.000 561.000 22617.780 482126.007 58752.057 1658327.421 3362264.535 5850987556.191
5774.000 6286.000 51601074.000 1.000 1360.000 480.000 554.000 14375.596 578136.595 111147.715 1745951.630 41069335.247 123931681.499
5826.000 6335.000 51601084.000 1.000 1370.000 480.000 556.000 5697.904 659917.301 146220.762 296308.045 227594278.995 2069314254701.001
5845.000 6356.000 51601094.000 1.000 1370.000 480.000 565.000 4225.200 691147.713 162722.068 1224341.435 274198233.072 260587517204.050
5845.000 6335.000 51601104.000 1.000 1370.000 480.000 564.000 10310.396 691147.713 146220.762 847231.672 109699148.385 787811565342.392
5850.000 6284.000 51601114.000 1.000 1360.000 490.000 570.000 14521.289 699486.242 109818.162 33461.773 39223203.990 2894616989904.682
5855.000 6212.000 51601124.000 1.000 1360.000 490.000 581.000 14687.600 707874.772 67282.257 607221.600 37167703.933 1271476278264.735
5855.000 6139.000 51601134.000 1.000 1360.000 490.000 586.000 11669.600 707874.772 34740.574 445295.840 83074695.831 1662870416778.613
5855.000 6081.000 51601144.000 1.000 1370.000 500.000 586.000 9456.400 707874.772 16483.539 1902627.680 128317515.062 28159696267.301
5855.000 6034.000 51601154.000 1.000 1370.000 500.000 592.000 0.000 707874.772 6624.045 1180226.726 431980148.128 307572778152.414
5855.000 6034.000 51601164.000 1.000 1370.000 500.000 617.000 5865.938 707874.772 6624.045 545821.396 222552515.907 1413715704884.380
5884.000 6031.000 51601174.000 1.000 1370.000 500.000 636.000 8578.768 757514.242 6144.715 1974628.710 148970913.388 57508615816.388
5917.000 6058.000 51601184.000 1.000 1370.000 500.000 641.000 18393.026 816046.536 11106.680 631026.377 5717388.494 1218358528307.458
5963.000 6137.000 51601194.000 1.000 1370.000 500.000 636.000 21529.340 901271.007 33999.021 162465.982 555334.779 2472294545575.471
6028.000 6222.000 51601204.000 1.000 1380.000 500.000 640.000 22336.825 1028911.889 72570.021 1231204.367 2410855.169 253627869083.818
6093.000 6312.000 51601214.000 1.000 1380.000 500.000 640.000 16217.519 1165002.772 129159.904 1339350.776 20853955.420 156395250089.978
6157.000 6361.000 51601224.000 1.000 1380.000 500.000 643.000 9560.706 1307255.948 166780.951 146114.659 125965293.950 2523982021010.180
6204.000 6368.000 51601234.000 1.000 1380.000 500.000 652.000 8834.490 1416940.125 172547.386 340728.377 142793946.880 1943489137142.838
6242.000 6346.000 51601244.000 1.000 1380.000 500.000 656.000 10527.971 1508850.948 154754.304 217098.824 105188840.992 2303475046501.838
6279.000 6309.000 51601254.000 1.000 1380.000 500.000 659.000 11606.991 1601118.066 127012.574 199212.546 84219919.201 2358087701486.694
6311.000 6261.000 51601264.000 1.000 1380.000 500.000 658.000 12597.113 1683124.654 95103.304 1085099.969 67027282.129 422135039223.183
6339.000 6205.000 51601274.000 1.000 1370.000 510.000 661.000 7203.972 1756560.419 63699.821 741303.091 184420748.981 987074197817.234
6360.000 6176.000 51601284.000 1.000 1370.000 510.000 659.000 3519.563 1812666.242 49902.304 262840.236 298065347.021 2166721980044.369
6375.000 6167.000 51601294.000 1.000 1370.000 510.000 667.000 2213.200 1853281.830 45962.315 1697163.045 344879519.937 1417983696.411
6386.000 6167.000 51601304.000 1.000 1370.000 510.000 668.000 10648.404 1883352.595 45962.315 1510752.854 102732984.594 50205713646.847
6406.000 6216.000 51601314.000 1.000 1370.000 510.000 667.000 18157.116 1938646.713 69373.362 1132851.972 6901213.713 362364506611.052
6426.000 6304.000 51601324.000 1.000 1370.000 510.000 665.000 23787.593 1994740.830 123473.692 597967.808 9020777.236 1292431017662.913
6443.000 6421.000 51601334.000 1.000 1370.000 510.000 668.000 26759.600 2043049.830 219387.539 404814.400 35706216.343 1768912686329.451
6443.000 6554.000 51601344.000 1.000 1370.000 510.000 661.000 28771.600 2043049.830 361667.810 299675.730 63799643.078 2059636691332.063
6443.000 6697.000 51601354.000 1.000 1370.000 510.000 658.000 30261.042 2043049.830 554113.845 2826.860 89811820.807 2999797359433.592
6432.000 6847.000 51601364.000 1.000 1370.000 510.000 658.000 30246.992 2011725.066 799930.315 2856808.218 89545717.042 1258859425429.133
6422.000 6997.000 51601374.000 1.000 1380.000 510.000 661.000 16048.144 1983458.007 1090746.786 1897299.502 22429583.506 26399858518.126
6411.000 7076.000 51601384.000 1.000 1380.000 510.000 667.000 6618.226 1952595.242 1262001.127 926772.671 200672896.301 652939143395.878
6400.000 7107.000 51601394.000 1.000 1380.000 510.000 665.000 2012.000 1921974.478 1332612.198 728665.920 352392944.463 1012344361053.273
6390.000 7107.000 51601404.000 1.000 1400.000 510.000 659.000 5633.600 1894347.419 1332612.198 900686.890 229538623.626 695776659350.586
6390.000 7079.000 51601414.000 1.000 1400.000 510.000 665.000 10110.175 1894347.419 1268750.457 4042904.551 113933360.675 5327258129271.547
6395.000 7029.000 51601424.000 1.000 1400.000 510.000 671.000 30204.134 1908135.948 1158611.633 34343.834 88736435.353 2891616365923.634
6401.000 6879.000 51601434.000 1.000 1410.000 500.000 664.000 30033.439 1924748.183 858195.162 8536.514 85549677.695 2980051805948.999
6410.000 6730.000 51601444.000 1.000 1410.000 500.000 670.000 30075.867 1949801.536 604332.468 398001.969 86336337.015 1787080226986.474
6422.000 6581.000 51601454.000 1.000 1410.000 500.000 675.000 32054.008 1983458.007 394871.774 570530.567 127010102.271 1355567949418.291
6432.000 6422.000 51601464.000 1.000 1410.000 500.000 679.000 29218.369 2011725.066 220325.315 2140389.342 71136351.688 164487164993.451
6440.000 6277.000 51601474.000 1.000 1410.000 500.000 679.000 18580.251 2034482.713 105227.727 1287965.100 4857092.007 199678559239.454
6448.000 6185.000 51601484.000 1.000 1420.000 490.000 679.000 12178.834 2057368.360 54004.292 1802678.361 74051155.795 4604869899.774
6456.000 6125.000 51601494.000 1.000 1420.000 490.000 678.000 3219.200 2080382.007 29717.704 331532.934 308526840.504 1969212258149.427
6456.000 6109.000 51601504.000 1.000 1420.000 490.000 699.000 1571.422 2080382.007 24457.280 574421.574 369128230.291 1346522579150.718
6461.000 6115.000 51601514.000 1.000 1420.000 490.000 700.000 4426.400 2094830.536 26369.939 2145516.320 267575400.225 168672149602.762
6461.000 6137.000 51601524.000 1.000 1410.000 500.000 690.000 15090.000 2094830.536 33999.021 1116940.473 32423140.640 381774083326.849
6461.000 6212.000 51601534.000 1.000 1410.000 500.000 690.000 20641.394 2094830.536 67282.257 747212.737 20374.172 975366465097.095
6479.000 6313.000 51601544.000 1.000 1410.000 500.000 693.000 24355.175 2147259.242 129879.680 254233.302 12752347.226 2192134510413.655
6506.000 6431.000 51601554.000 1.000 1400.000 510.000 691.000 23091.590 2227117.301 228855.304 1288996.049 5324361.852 198758254583.538
6550.000 6537.000 51601564.000 1.000 1400.000 510.000 702.000 16685.049 2360380.360 341509.610 633921.444 16802482.454 1211975801544.809
6596.000 6606.000 51601574.000 1.000 1400.000 510.000 702.000 13534.346 2503840.830 426916.186 836049.982 52559398.837 807786052018.754
6646.000 6651.000 51601584.000 1.000 1380.000 510.000 699.000 9379.028 2664576.125 487746.127 672617.234 130076400.069 1128272951330.071
6684.000 6678.000 51601594.000 1.000 1380.000 510.000 697.000 6036.000 2790078.948 526188.092 560445.618 217507401.133 1379153237965.340
6714.000 6678.000 51601604.000 1.000 1380.000 510.000 696.000 3250.485 2891200.125 526188.092 338417.193 307428781.452 1949938479381.688
6729.000 6672.000 51601614.000 1.000 1380.000 510.000 694.000 4932.479 2942435.713 517519.433 1112620.105 251274906.749 387131675601.155
6734.000 6648.000 51601624.000 1.000 1380.000 510.000 699.000 10462.400 2959614.242 483564.798 1387178.631 106538154.030 120853943861.334
6734.000 6596.000 51601634.000 1.000 1400.000 520.000 699.000 17356.926 2959614.242 413948.421 1041888.446 11745741.813 480152987276.756
6685.000 6525.000 51601644.000 1.000 1400.000 520.000 690.000 22535.298 2793420.654 327628.292 103453.016 3066581.927 2661355526094.452
6617.000 6436.000 51601654.000 1.000 1400.000 520.000 700.000 23049.478 2570740.654 233664.186 650390.066 5131791.940 1175986480058.525
6535.000 6356.000 51601664.000 1.000 1400.000 520.000 690.000 19816.923 2314514.772 162722.068 2573208.971 935493.489 702897459614.293
6470.000 6282.000 51601674.000 1.000 1400.000 520.000 690.000 7027.614 2120963.889 108496.610 250220.167 189241790.883 2204034197595.223
6462.000 6248.000 51601684.000 1.000 1400.000 520.000 699.000 8271.253 2097726.242 87254.210 2718302.138 156572143.960 967238749746.108
6493.000 6221.000 51601694.000 1.000 1410.000 510.000 719.000 21781.701 2188485.125 72032.245 3336218.926 995143.663 2564481180796.502
6599.000 6199.000 51601704.000 1.000 1410.000 510.000 731.000 38363.306 2513343.948 60707.162 2437627.333 309027354.179 493939314979.904
6789.000 6215.000 51601714.000 1.000 1420.000 520.000 737.000 50478.750 3151878.066 68847.586 1334487.570 881770330.830 160265389388.676
7036.000 6259.000 51601724.000 1.000 1420.000 520.000 739.000 57111.392 4089911.419 93873.751 2173997.588 1319669810.133 192877683462.167
7313.000 6321.000 51601734.000 1.000 1420.000 520.000 720.000 67916.549 5287023.948 135709.892 13664809.659 2221464720.617 142324673084613.219
7645.000 6382.000 51601744.000 1.000 1430.000 520.000 402.000 0.000 6924018.301 184374.257 0.000 431980148.128 3009597550129.921
