5655.000 5608.000 68615844.000 0.000 1260.000 460.000 546.000 19162.811 3599189.282 651837.768 1949650.503 6810119.829 353548584987.058
5574.000 5557.000 68615854.000 1.000 1250.000 460.000 561.000 9424.297 3913089.059 572087.568 1025891.867 152476428.826 108345725969.377
5584.000 5603.000 68615864.000 1.000 1240.000 470.000 566.000 14548.632 3873626.000 643789.121 2882361.082 52183281.086 2332676127726.380
5644.000 5644.000 68615874.000 1.000 1250.000 470.000 584.000 28946.040 3641047.647 711264.027 1018609.592 51460657.055 113192811952.895
5776.000 5703.000 68615884.000 1.000 1240.000 480.000 595.000 34034.000 3154719.270 814262.062 844198.555 150346058.907 260970206799.511
5930.000 5775.000 68615894.000 1.000 1240.000 480.000 585.000 38250.776 2631380.165 949386.580 40171.331 271535833.196 1728908508525.142
6098.000 5866.000 68615904.000 1.000 1240.000 480.000 592.000 38451.432 2114560.776 1135001.957 634217.784 278189053.362 519600505868.807
6278.000 5933.000 68615914.000 1.000 1250.000 480.000 570.000 35283.511 1623465.718 1282249.827 6363847.690 182549265.758 25088044416697.844
6447.000 5983.000 68615924.000 1.000 1250.000 480.000 450.000 3496.060 1221363.023 1397986.298 577478.368 334025759.936 604619177086.685
6298.000 6033.000 68616014.000 0.000 1300.000 500.000 273.000 29456.626 1572899.600 1518722.768 2211159.951 59046843.125 732922559046.904
6166.000 5968.000 68616024.000 1.000 1300.000 500.000 359.000 18411.871 1921419.976 1362740.357 3373948.978 11293367.744 4075949099963.979
6099.000 5905.000 68616034.000 1.000 1320.000 490.000 397.000 35264.763 2111653.470 1219621.404 5581483.107 182043005.814 17862728468945.527
6061.000 5733.000 68616044.000 1.000 1320.000 490.000 467.000 63144.299 2223537.094 869303.945 3833162.934 1711631409.730 6141038824196.476
6045.000 5418.000 68616054.000 1.000 1320.000 490.000 567.000 82290.967 2271509.988 381139.180 5507670.168 3662493123.401 17244246066317.463
6051.000 5007.000 68616064.000 1.000 1300.000 500.000 603.000 109801.807 2253460.153 42586.392 1396541.146 7749170928.136 1721433332.895
6091.000 4460.000 68616074.000 1.000 1300.000 500.000 613.000 116777.537 2134967.918 116032.404 893895.202 9025970046.477 212664657604.936
6153.000 3880.000 68616084.000 1.000 1290.000 500.000 625.000 121242.548 1957628.953 847569.345 5488427.344 9894304050.778 17084800112496.832
6219.000 3278.000 68616094.000 1.000 1290.000 500.000 641.000 93827.826 1777296.765 2318418.239 6395448.459 5191979857.901 25405606680487.902
6285.000 2814.000 68616104.000 1.000 1270.000 510.000 707.000 61882.529 1605676.576 3946719.792 4304031.932 1608819911.078 8696488616748.610
6321.000 2507.000 68616114.000 1.000 1260.000 510.000 724.000 40383.868 1515737.565 5260762.862 1582365.585 346385563.776 51671926677.845
6338.000 2306.000 68616124.000 1.000 1230.000 520.000 737.000 32479.944 1474167.365 6223205.251 2305739.036 114650821.166 903807767406.193
6318.000 2145.000 68616134.000 1.000 1220.000 530.000 740.000 20962.766 1523133.482 7052398.815 850602.553 655558.431 254468222090.276
6268.000 2053.000 68616144.000 1.000 1190.000 530.000 736.000 16714.002 1649048.776 7549499.709 640360.321 25587710.316 510782747394.872
6199.000 2006.000 68616154.000 1.000 1180.000 540.000 722.000 19912.605 1831022.882 7809986.427 807210.004 3458955.091 300129742138.790
6101.000 1989.000 68616164.000 1.000 1170.000 540.000 663.000 23944.623 2105844.859 7905293.027 3685040.159 4718415.350 5428849543830.181
5982.000 2001.000 68616174.000 1.000 1140.000 550.000 371.000 42351.417 2465380.259 7837957.780 70331.186 423494638.883 1650504965872.329
4518.000 2850.000 68616254.000 0.000 1050.000 550.000 491.000 45161.854 9206084.070 3804978.051 2949632.686 547065078.830 2542690796286.513
4460.000 3068.000 68616264.000 1.000 1050.000 550.000 522.000 30428.424 9561409.812 3002025.062 2028766.139 74926203.920 453892106668.469
4545.000 3194.000 68616274.000 1.000 1040.000 540.000 518.000 40562.121 9042968.812 2581276.968 5041348.112 353052426.643 13588786497252.727
4668.000 3355.000 68616284.000 1.000 1040.000 540.000 546.000 65743.680 8318338.188 2089861.404 3603840.841 1933470683.268 5057055809569.854
4940.000 3539.000 68616294.000 1.000 1040.000 540.000 591.000 83744.883 6823342.988 1591723.615 2403263.262 3840584728.880 1098748974447.231
5284.000 3777.000 68616304.000 1.000 1040.000 540.000 614.000 95749.195 5144517.765 1047829.215 1461644.785 5472561518.788 11362237872.389
5676.000 4051.000 68616314.000 1.000 1050.000 530.000 636.000 103050.118 3519949.859 561953.074 1769322.755 6606062301.756 171621098151.749
6113.000 4323.000 68616324.000 1.000 1050.000 530.000 628.000 94212.342 2071161.188 228135.474 1144437.094 5247540614.499 44358211726.390
6529.000 4543.000 68616334.000 1.000 1050.000 530.000 627.000 88495.873 1046841.941 66375.945 5062176.319 4452017628.334 13742778230645.178
6930.000 4729.000 68616344.000 1.000 1060.000 530.000 631.000 63210.277 387074.282 5131.615 4069986.921 1717095028.957 7370877128279.691
7213.000 4869.000 68616354.000 1.000 1080.000 530.000 628.000 42880.672 115024.718 4673.733 2563359.799 445557811.543 1460010186294.086
7414.000 4943.000 68616364.000 1.000 1080.000 530.000 614.000 30076.677 19086.235 20267.709 5375079.510 68960491.175 16160629329517.123
7561.000 4974.000 68616374.000 1.000 1090.000 520.000 620.000 3228.128 78.270 30055.321 1443168.126 343891197.100 7764630268.479
7575.000 4966.000 68616384.000 1.000 1110.000 530.000 557.000 10436.760 521.988 27345.486 257955.476 128497451.290 1203618559223.789
7153.000 4951.000 68616465.000 0.000 1200.000 540.000 420.000 0.000 159323.070 22609.545 1561064.905 474038779.057 42441734603.607
7153.000 4951.000 68616475.000 1.000 1200.000 540.000 497.000 7797.527 159323.070 22609.545 1160264.505 195297959.401 37941773386.608
7134.000 4985.000 68616485.000 1.000 1220.000 540.000 536.000 2002.000 174851.882 33990.345 160320.160 390869966.813 1427381747859.649
7134.000 4995.000 68616495.000 1.000 1220.000 540.000 619.000 1201.200 174851.882 37777.639 240480.240 423175570.751 1242267949019.128
7134.000 5001.000 68616505.000 1.000 1220.000 540.000 655.000 0.000 174851.882 40146.015 0.000 474038779.057 1836163176094.330
7134.000 5001.000 68616515.000 1.000 1240.000 540.000 666.000 0.000 174851.882 40146.015 1723907.786 474038779.057 136055338515.686
7134.000 5001.000 68616525.000 1.000 1240.000 540.000 728.000 8610.928 174851.882 40146.015 1129667.139 173225177.787 50797878727.161
7159.000 4966.000 68616535.000 1.000 1240.000 540.000 760.000 14253.621 154569.235 27345.486 3581736.959 56532513.281 4958130419997.293
7194.000 4904.000 68616545.000 1.000 1240.000 540.000 777.000 32144.415 128273.529 10684.262 486159.274 107578039.040 754972808102.292
7232.000 4748.000 68616555.000 1.000 1230.000 550.000 784.000 29716.047 102497.906 2770.474 438912.274 63101025.156 839310140595.047
7268.000 4604.000 68616565.000 1.000 1230.000 550.000 788.000 27523.678 80742.894 38665.439 838551.113 33076834.815 266772119355.897
7294.000 4469.000 68616575.000 1.000 1220.000 540.000 794.000 23335.111 66642.941 109981.968 1218985.167 2441966.815 18513907244.210
7313.000 4354.000 68616585.000 1.000 1230.000 550.000 783.000 17246.274 57194.129 199483.086 807421.415 20486102.886 299898147613.486
7318.000 4268.000 68616595.000 1.000 1210.000 550.000 794.000 13213.200 54827.600 283700.357 1822908.888 73260446.086 218891015968.464
7318.000 4202.000 68616605.000 1.000 1210.000 550.000 822.000 4107.761 54827.600 358364.215 137485.748 312040588.446 1482465110075.181
7303.000 4188.000 68616615.000 1.000 1210.000 550.000 858.000 3421.019 62077.188 375322.004 771843.673 336774345.495 340130770554.193
7297.000 4204.000 68616625.000 1.000 1200.000 550.000 854.000 7276.382 65103.023 355973.674 1995972.378 210135454.858 410780230044.596
7292.000 4240.000 68616635.000 1.000 1200.000 550.000 863.000 17246.274 67679.553 314311.933 986782.397 20486102.886 135621754033.982
7287.000 4326.000 68616645.000 1.000 1200.000 550.000 869.000 22175.257 70306.082 225278.662 733789.456 162268.279 385965889315.746
7300.000 4436.000 68616655.000 1.000 1170.000 550.000 869.000 25840.539 63581.106 132958.898 139862.122 16549497.579 1476683976476.279
7328.000 4562.000 68616665.000 1.000 1170.000 550.000 866.000 26539.151 50244.541 56946.804 317100.384 22721613.558 1077341453291.167
7366.000 4689.000 68616675.000 1.000 1160.000 550.000 860.000 24955.233 34652.918 12462.439 164771.607 10130224.565 1416765001332.919
7409.000 4806.000 68616685.000 1.000 1160.000 550.000 869.000 24132.198 20492.765 28.780 1705536.833 5568497.324 122840328576.205
7456.000 4917.000 68616695.000 1.000 1160.000 550.000 842.000 15613.033 9245.388 13540.745 918414.097 37938191.476 190651773297.919
7507.000 4976.000 68616705.000 1.000 1160.000 550.000 784.000 11025.550 2038.788 30752.780 256844.588 115495464.757 1206057293770.939
7555.000 5003.000 68616715.000 1.000 1160.000 550.000 349.000 9742.610 8.106 40951.474 35022.888 144716608.435 1742474180907.172
7845.000 5037.000 68616775.000 0.000 1200.000 550.000 178.000 10792.247 85759.400 55868.274 1399087.089 120564454.496 1939178320.800
7886.000 5002.000 68616785.000 1.000 1210.000 550.000 469.000 3803.800 111453.859 40547.745 801600.800 322871722.633 306307108969.440
7867.000 5002.000 68616795.000 1.000 1210.000 550.000 581.000 7807.800 99128.670 40547.745 371129.759 195010936.545 968100981982.983
7828.000 5002.000 68616805.000 1.000 1230.000 550.000 688.000 9661.595 76091.600 40547.745 203559.556 146672363.864 1325932514582.669
7780.000 5007.000 68616815.000 1.000 1230.000 550.000 757.000 10678.376 51914.282 42586.392 854623.570 123078070.308 250427599214.300
7727.000 5013.000 68616825.000 1.000 1230.000 550.000 809.000 6409.527 30571.494 45098.768 201026.225 236018838.652 1331773150223.013
7696.000 5021.000 68616835.000 1.000 1240.000 540.000 825.000 5405.400 20691.976 48560.604 540956.816 267879724.358 662749318489.969
7669.000 5021.000 68616845.000 1.000 1240.000 540.000 831.000 8107.482 13653.235 48560.604 797995.198 186730848.374 310311151534.124
7647.000 4987.000 68616855.000 1.000 1240.000 540.000 840.000 12093.472 8995.965 34731.804 1586289.705 93682259.508 53471344919.920
7627.000 4930.000 68616865.000 1.000 1240.000 540.000 860.000 20016.997 5602.082 16735.227 80761.281 3081550.738 1623814253618.233
7613.000 4831.000 68616875.000 1.000 1240.000 540.000 855.000 20420.400 3702.365 922.015 1208531.124 1827989.527 21468070115.637
7613.000 4729.000 68616885.000 1.000 1230.000 550.000 861.000 14383.781 3702.365 5131.615 690220.731 54592158.124 441999268667.302
7624.000 4658.000 68616895.000 1.000 1230.000 550.000 866.000 10936.125 5162.000 20344.827 621672.852 117425541.367 537843488205.839
7646.000 4608.000 68616905.000 1.000 1230.000 550.000 863.000 7830.866 8807.270 37108.357 296736.440 194367252.199 1120029679395.753
7679.000 4587.000 68616915.000 1.000 1210.000 550.000 855.000 9313.066 16090.176 45640.039 884734.451 155235791.887 221197643592.388
7721.000 4607.000 68616925.000 1.000 1210.000 550.000 863.000 13732.319 28509.329 37494.627 443134.091 64643411.094 831592424351.998
7770.000 4655.000 68616935.000 1.000 1210.000 550.000 845.000 15945.776 47457.341 21209.639 318493.375 33949915.824 1074451682019.557
7808.000 4725.000 68616945.000 1.000 1200.000 550.000 837.000 17536.652 65457.718 5720.698 225215.390 17941829.069 1276528475184.969
7836.000 4808.000 68616955.000 1.000 1190.000 540.000 834.000 18661.604 80569.153 54.239 1170930.561 9677248.540 33900331097.131
7851.000 4900.000 68616965.000 1.000 1190.000 540.000 834.000 12812.800 89309.565 9873.345 1402801.400 80274998.935 2280101986.612
7851.000 4964.000 68616975.000 1.000 1190.000 540.000 846.000 5805.800 89309.565 26688.027 849286.038 254933325.589 255798183160.958
7851.000 4993.000 68616985.000 1.000 1190.000 540.000 857.000 1563.612 89309.565 37004.180 248085.438 408396390.814 1225372725631.019
7846.000 4999.000 68616995.000 1.000 1190.000 540.000 861.000 2802.800 86346.094 39348.557 1775927.353 359846924.156 177136915853.486
7846.000 4985.000 68617005.000 1.000 1190.000 540.000 854.000 11673.566 86346.094 33990.345 1201136.737 101987087.001 23689596208.202
7852.000 4927.000 68617015.000 1.000 1190.000 540.000 866.000 17673.250 89908.259 15968.039 361983.822 16803290.031 986182393266.484
7859.000 4839.000 68617025.000 1.000 1190.000 540.000 870.000 15865.139 94155.118 1471.851 1202487.686 34896106.210 23275560668.427
7873.000 4761.000 68617035.000 1.000 1200.000 550.000 878.000 9858.707 102942.835 1570.957 808631.023 141936834.545 298574776543.483
7893.000 4716.000 68617045.000 1.000 1200.000 550.000 875.000 5819.591 116176.718 7163.133 483721.438 254493124.147 759215182140.467
7912.000 4694.000 68617055.000 1.000 1200.000 550.000 870.000 3403.400 129489.906 11371.086 1346942.797 337421323.002 65742737.445
7929.000 4694.000 68617065.000 1.000 1210.000 560.000 853.000 10131.386 142013.706 11371.086 964578.014 135513943.346 152469142275.954
7954.000 4738.000 68617075.000 1.000 1210.000 560.000 837.000 14949.458 161481.059 3923.180 226521.295 46552969.148 1273579264663.467
7980.000 4808.000 68617085.000 1.000 1210.000 560.000 799.000 16080.933 183053.106 54.239 153869.115 32393156.649 1442837888490.898
8006.000 4884.000 68617095.000 1.000 1220.000 570.000 736.000 15312.356 205977.153 6949.674 982528.147 41732577.138 138773265971.055
8021.000 4959.000 68617105.000 1.000 1220.000 570.000 717.000 10404.623 219817.565 25079.380 613100.488 129227073.035 550490542268.041
8031.000 5010.000 68617115.000 1.000 1230.000 560.000 722.000 7342.183 229294.506 43833.580 1469905.037 208232075.507 13191452909.501
8038.000 5046.000 68617125.000 1.000 1230.000 560.000 728.000 0.000 236047.365 60203.839 369519.751 474038779.057 971271816204.127
8038.000 5046.000 68617135.000 1.000 1230.000 560.000 756.000 1845.753 236047.365 60203.839 1156682.727 397072521.200 39349966388.728
8044.000 5039.000 68617145.000 1.000 1230.000 560.000 808.000 7623.389 241913.529 56817.733 632173.742 200195407.329 522551510658.433
8059.000 5004.000 68617155.000 1.000 1230.000 560.000 836.000 10781.100 256893.941 41357.204 145790.445 120809370.988 1462311057300.004
8073.000 4952.000 68617165.000 1.000 1240.000 570.000 861.000 11509.324 271281.659 22911.274 213079.066 105331378.213 1304099867277.631
8086.000 4896.000 68617175.000 1.000 1240.000 570.000 857.000 10444.993 284992.682 9094.427 922563.642 128310865.903 187045303178.101
8097.000 4845.000 68617185.000 1.000 1240.000 570.000 857.000 5836.783 296858.318 1968.227 647483.437 253944897.240 500651837147.055
8108.000 4818.000 68617195.000 1.000 1240.000 570.000 855.000 2602.600 308965.953 301.533 320640.320 367482444.700 1070005427029.820
8113.000 4806.000 68617205.000 1.000 1260.000 570.000 853.000 1001.000 314549.423 28.780 830054.425 431452371.935 275621389617.704
8118.000 4806.000 68617215.000 1.000 1260.000 570.000 864.000 5147.126 320182.894 28.780 612827.015 276400787.271 550896423912.892
8124.000 4831.000 68617225.000 1.000 1270.000 560.000 857.000 8208.200 327009.059 922.015 107112.405 183988379.696 1557350703269.638
8133.000 4871.000 68617235.000 1.000 1260.000 560.000 849.000 7673.173 337383.306 4951.192 0.000 198789093.899 1836163176094.330
8143.000 4908.000 68617245.000 1.000 1260.000 560.000 840.000 7673.173 349100.247 11527.180 869104.436 198789093.899 236144049971.433
8153.000 4945.000 68617255.000 1.000 1270.000 550.000 836.000 3331.992 361017.188 20841.168 186104.318 340049813.726 1366436313866.008
8162.000 4959.000 68617265.000 1.000 1270.000 550.000 837.000 2402.400 371913.435 25079.380 720103.985 375198125.324 403157694751.190
8174.000 4959.000 68617275.000 1.000 1270.000 550.000 842.000 5999.323 386693.765 25079.380 449532.684 248790955.835 819963396215.746
8187.000 4932.000 68617285.000 1.000 1270.000 550.000 845.000 8244.741 403030.788 17256.686 250143.494 182998413.765 1220820567047.630
8207.000 4896.000 68617295.000 1.000 1270.000 550.000 846.000 9494.209 428824.670 9094.427 556415.259 150754750.937 637819025286.431
8227.000 4853.000 68617305.000 1.000 1270.000 550.000 846.000 6714.912 455418.553 2742.062 943524.982 226728897.390 169353652403.941
8242.000 4823.000 68617315.000 1.000 1270.000 550.000 842.000 2002.000 475888.965 500.180 338239.101 390869966.813 1033906410553.876
8252.000 4823.000 68617325.000 1.000 1270.000 550.000 836.000 3691.506 489785.906 500.180 2113409.298 326919871.616 575107328576.523
8266.000 4835.000 68617335.000 1.000 1270.000 550.000 788.000 14247.996 509577.623 1180.933 698651.754 56617131.541 430859952465.199
8290.000 4902.000 68617345.000 1.000 1270.000 550.000 650.000 17737.765 544418.282 10274.804 402414.813 16278534.810 907515679116.758
8321.000 4985.000 68617355.000 1.000 1270.000 550.000 302.000 15727.701 591125.800 33990.345 1010071.965 36538768.382 119010525295.390
8375.000 5382.000 68617406.000 0.000 1260.000 560.000 95.000 41458.805 677077.282 337984.921 4961599.643 387553296.486 13007193211489.812
8381.000 5589.000 68617416.000 1.000 1260.000 560.000 269.000 16675.590 686987.447 621518.909 973730.758 25977794.595 145405116685.722
8374.000 5672.000 68617426.000 1.000 1260.000 560.000 362.000 11811.800 675432.588 759276.451 1303547.045 99214182.457 2652655993.065
8374.000 5731.000 68617436.000 1.000 1260.000 560.000 494.000 5300.576 675432.588 865578.486 860775.115 271322027.876 244308637176.159
8379.000 5757.000 68617446.000 1.000 1260.000 560.000 561.000 1001.000 683676.059 914633.451 395432.437 431452371.935 920867760600.930
8379.000 5762.000 68617456.000 1.000 1270.000 560.000 616.000 2976.187 683676.059 924222.098 2391945.556 353298812.169 1075150348197.598
8384.000 5748.000 68617466.000 1.000 1260.000 570.000 694.000 14923.967 691969.529 897499.886 1602567.567 46901467.780 61264457607.854
8393.000 5674.000 68617476.000 1.000 1260.000 570.000 762.000 22928.800 707023.776 762765.909 2675204.932 1337187.808 1742806439741.563
8404.000 5560.000 68617486.000 1.000 1260.000 570.000 820.000 36291.462 725643.412 576634.757 120059.940 210802242.902 1525202885007.810
8414.000 5379.000 68617496.000 1.000 1260.000 570.000 833.000 36891.162 742780.353 334505.733 1314443.731 228576008.019 1648949201.631
8424.000 5195.000 68617506.000 1.000 1260.000 570.000 852.000 30325.509 760117.294 155523.521 874654.180 73155132.507 230781091723.656
8436.000 5044.000 68617516.000 1.000 1260.000 570.000 860.000 25956.607 781185.623 59226.380 1288965.678 17507323.532 4367268003.427
8449.000 4915.000 68617526.000 1.000 1260.000 570.000 879.000 19518.217 804334.647 13079.286 1738405.869 5081483.595 146960965914.039
8466.000 4819.000 68617536.000 1.000 1260.000 570.000 894.000 10834.871 835116.447 337.262 1078846.168 119630232.522 76289101778.865
8481.000 4767.000 68617546.000 1.000 1260.000 570.000 905.000 5446.029 862756.859 1131.333 1090295.006 266551422.818 70095729226.090
8497.000 4745.000 68617556.000 1.000 1260.000 570.000 893.000 0.000 892735.965 3095.286 601200.600 474038779.057 568290405270.542
8497.000 4745.000 68617566.000 1.000 1260.000 570.000 905.000 3003.000 892735.965 3095.286 768575.408 352291563.691 343953604211.407
8497.000 4760.000 68617576.000 1.000 1260.000 570.000 906.000 6842.038 892735.965 1651.227 1109037.530 222916653.929 60522620793.548
8485.000 4792.000 68617586.000 1.000 1260.000 570.000 906.000 12381.686 870203.635 74.568 846863.818 88186103.476 258254198257.940
8470.000 4852.000 68617596.000 1.000 1260.000 570.000 896.000 16611.775 842443.223 2638.333 452278.427 26632376.847 814998294239.284
8452.000 4933.000 68617606.000 1.000 1260.000 570.000 888.000 18870.908 809724.729 17520.415 821479.859 8418839.372 284698148133.007
8445.000 5027.000 68617616.000 1.000 1260.000 570.000 861.000 22974.204 797175.870 51240.980 40510.670 1444256.831 1728016243781.244
8465.000 5140.000 68617626.000 1.000 1260.000 570.000 821.000 23176.555 833289.753 115168.404 708831.924 1971562.440 417599076776.390
8504.000 5249.000 68617636.000 1.000 1270.000 560.000 821.000 19635.936 906012.823 201030.909 609303.495 4564613.574 556139321122.409
8566.000 5325.000 68617646.000 1.000 1270.000 560.000 821.000 16592.462 1027885.859 274958.345 783759.977 26832085.362 326373417569.133
8628.000 5380.000 68617656.000 1.000 1270.000 560.000 824.000 12677.577 1157446.894 335663.462 1101305.806 82716380.730 64386616641.903
8689.000 5397.000 68617666.000 1.000 1270.000 560.000 830.000 7176.549 1292421.235 355650.862 313977.464 213039789.732 1083834079311.796
8720.000 5379.000 68617676.000 1.000 1260.000 570.000 830.000 8744.868 1363866.753 334505.733 1464935.872 169717414.118 12074688054.884
8732.000 5337.000 68617686.000 1.000 1260.000 570.000 829.000 16062.230 1392039.082 287687.098 503803.901 32606402.649 724621600622.316
8701.000 5263.000 68617696.000 1.000 1260.000 570.000 826.000 18578.733 1319849.565 213781.121 363196.834 10199710.936 983774659889.836
8645.000 5189.000 68617706.000 1.000 1260.000 570.000 823.000 20392.903 1194314.694 150827.145 796584.789 1903099.239 311884493782.959
8571.000 5119.000 68617716.000 1.000 1270.000 560.000 823.000 16413.958 1038049.329 101356.086 419861.042 28713239.637 874580232348.922
8500.000 5078.000 68617726.000 1.000 1270.000 560.000 818.000 14316.750 898414.047 76931.180 301090.790 55587188.559 1110832095868.314
8433.000 5053.000 68617736.000 1.000 1270.000 560.000 864.000 12812.800 775891.541 63687.945 1018012.195 80274998.935 113595146995.606
8369.000 5053.000 68617746.000 1.000 1290.000 560.000 947.000 7727.824 667239.118 63687.945 379961.982 197251003.464 950798566754.157
8338.000 5076.000 68617756.000 1.000 1290.000 560.000 988.000 5829.912 617555.600 75825.721 710165.656 254163932.134 415877089532.027
8330.000 5104.000 68617766.000 1.000 1290.000 560.000 1020.000 2282.631 605046.047 92030.145 1264593.730 379852328.574 8182515258.828
8337.000 5113.000 68617776.000 1.000 1290.000 560.000 1023.000 8599.283 615984.906 97571.709 1992050.661 173531844.813 405768585275.636
8379.000 5122.000 68617786.000 1.000 1290.000 560.000 1023.000 18549.586 683676.059 103275.274 1341068.128 10386733.951 195520332.654
8471.000 5111.000 68617796.000 1.000 1270.000 550.000 1023.000 25248.228 844279.918 96326.251 1966636.872 12081160.410 374037295306.845
8595.000 5088.000 68617806.000 1.000 1270.000 550.000 1023.000 35071.589 1087529.988 82578.474 3495001.310 176867586.768 4579387386921.880
8770.000 5080.000 68617816.000 1.000 1290.000 560.000 1023.000 52529.138 1483151.459 78044.639 2471145.677 945974986.767 1245667358096.640
9029.000 5122.000 68617826.000 1.000 1290.000 560.000 1023.000 64872.523 2181077.235 103275.274 1081278.398 1857617876.153 74951430230.094
9344.000 5198.000 68617836.000 1.000 1290.000 560.000 965.000 59471.532 3210715.882 157898.709 11906200.706 1421222168.752 111326760402684.234
9623.000 5300.000 68617846.000 1.000 1290.000 560.000 546.000 0.000 4288407.541 249365.109 0.000 474038779.057 1836163176094.330
