4645.000 7688.000 193217.000 0.000 1430.000 480.000 220.000 32540.219 1225767.837 955216.932 3934839.671 256833041.137 10464012032147.500
4591.000 7484.000 193227.000 1.000 1420.000 480.000 275.000 7022.452 1348255.389 598073.316 3399.185 90093424.522 485290524607.182
4548.000 7469.000 193237.000 1.000 1410.000 490.000 307.000 7000.408 1449962.773 575097.756 1079462.914 90512382.981 143971497375.243
4542.000 7514.000 193247.000 1.000 1400.000 500.000 307.000 0.000 1464448.501 645374.436 451775.160 272719052.920 61629051603.465
4542.000 7514.000 193257.000 1.000 1400.000 500.000 302.000 2929.800 1464448.501 645374.436 861387.877 184536130.060 26037283526.054
4542.000 7533.000 193267.000 1.000 1380.000 500.000 309.000 8515.973 1464448.501 676262.812 1509574.361 63971756.845 655366683366.540
4589.000 7562.000 193277.000 1.000 1380.000 500.000 304.000 18305.690 1352903.965 724800.228 1027551.946 3209409.161 107272490590.415
4656.000 7660.000 193287.000 1.000 1380.000 500.000 307.000 24969.451 1201531.669 901269.220 355299.776 71491140.818 118836963863.127
4770.000 7775.000 193297.000 1.000 1400.000 510.000 307.000 22665.302 964606.837 1132845.180 771437.620 37835962.219 5099454919.413
4844.000 7902.000 193307.000 1.000 1400.000 510.000 312.000 17662.464 824725.525 1419319.588 956151.795 1318492.742 65599832678.114
4892.000 8006.000 193317.000 1.000 1400.000 510.000 314.000 11461.739 739847.701 1677936.804 507185.234 25527439.035 37188005393.457
4906.000 8079.000 193327.000 1.000 1420.000 500.000 320.000 8172.600 715959.669 1872387.196 248616.814 69582417.486 203771293383.280
4906.000 8132.000 193337.000 1.000 1430.000 510.000 327.000 6560.299 715959.669 2020241.508 146078.903 99080296.576 306858662729.703
4889.000 8171.000 193347.000 1.000 1450.000 510.000 332.000 5612.965 745017.565 2132627.964 718328.672 118837090.398 334945629.040
4854.000 8181.000 193357.000 1.000 1450.000 510.000 340.000 10271.387 806662.645 2161935.004 1037845.876 38972809.144 114121490187.696
4788.000 8172.000 193367.000 1.000 1480.000 500.000 348.000 17001.905 929573.653 2135549.668 1506107.329 237848.746 649765251520.201
4702.000 8103.000 193377.000 1.000 1480.000 500.000 386.000 26769.138 1102802.421 1938644.092 904808.129 105163597.345 41935248482.098
4598.000 7964.000 193387.000 1.000 1480.000 500.000 418.000 32636.895 1332048.373 1570891.236 745895.469 259941048.740 2103902491.202
4497.000 7778.000 193397.000 1.000 1480.000 500.000 440.000 37474.090 1575386.461 1139240.292 1652987.455 439316669.886 908133338819.400
4439.000 7542.000 193407.000 1.000 1460.000 500.000 455.000 48193.853 1724347.165 691146.148 1286085.979 1003599932.163 343464948535.831
4408.000 7231.000 193417.000 1.000 1450.000 500.000 471.000 56534.229 1806723.093 270766.204 32593.408 1601602112.216 445467802822.078
4344.000 6870.000 193427.000 1.000 1440.000 500.000 464.000 56745.600 1982869.525 25393.060 104086.542 1618564933.799 355145210818.803
4344.000 6502.000 193437.000 1.000 1430.000 500.000 473.000 57420.610 1982869.525 43533.988 1663968.962 1673333756.656 929183812788.461
4376.000 6131.000 193447.000 1.000 1420.000 500.000 474.000 46629.631 1893772.309 335991.804 1197380.270 906938726.079 247360123841.084
4414.000 5831.000 193457.000 1.000 1400.000 510.000 464.000 38864.519 1790629.365 773780.604 1855599.470 499536419.319 1335347381795.088
4446.000 5581.000 193467.000 1.000 1370.000 520.000 465.000 26830.800 1706012.149 1276104.604 689551.560 106432078.583 109738030.767
4446.000 5407.000 193477.000 1.000 1360.000 520.000 452.000 22359.000 1706012.149 1699498.108 377586.610 34161598.106 103967903218.117
4429.000 5263.000 193487.000 1.000 1330.000 530.000 391.000 19910.319 1750710.045 2095684.732 1423706.549 11533572.587 523711869433.864
4393.000 5139.000 193497.000 1.000 1300.000 540.000 235.000 10677.462 1847272.413 2470077.436 436108.852 34067599.293 69652869150.898
4060.000 5754.000 193598.000 0.000 1250.000 540.000 339.000 39242.309 2863351.317 915175.396 3411417.640 516566592.885 7351638377635.999
4177.000 5980.000 193608.000 1.000 1240.000 530.000 366.000 17118.978 2481078.621 533846.500 50911.906 365747.227 421350602776.586
4231.000 6077.000 193618.000 1.000 1270.000 530.000 366.000 17449.146 2313879.069 401509.788 1080478.321 874109.797 144743091883.897
4280.000 6179.000 193628.000 1.000 1280.000 530.000 364.000 24456.139 2167207.957 282649.596 746614.966 63074274.235 2170424399.881
4407.000 6274.000 193638.000 1.000 1290.000 520.000 366.000 29298.000 1809412.381 190661.476 504230.145 163425347.922 38336468006.548
4559.000 6388.000 193648.000 1.000 1300.000 530.000 364.000 32567.975 1423592.605 104101.732 629292.050 257723447.476 5003454675.322
4727.000 6516.000 193658.000 1.000 1300.000 530.000 359.000 28486.963 1050920.221 37887.844 802580.931 143346871.677 10517277557.645
4879.000 6621.000 193668.000 1.000 1330.000 530.000 301.000 23282.158 762380.445 8036.764 1023139.051 45805152.509 104401299182.330
4993.000 6720.000 193678.000 1.000 1340.000 540.000 143.000 16647.015 576299.613 87.460 38689.037 17637.803 437368102542.219
5269.000 7306.000 193738.000 0.000 1370.000 540.000 94.000 18152.425 233428.125 354444.004 1602401.065 2683756.223 814278678603.048
5302.000 7419.000 193748.000 1.000 1390.000 540.000 252.000 7760.719 202629.621 501762.556 549881.055 76623562.810 22543850487.575
5284.000 7466.000 193758.000 1.000 1400.000 540.000 327.000 4194.694 219158.805 570556.644 315637.685 151770415.538 147755262451.248
5268.000 7488.000 193768.000 1.000 1410.000 530.000 359.000 2147.757 234395.413 604276.132 62170.819 206394903.072 406860701731.909
5255.000 7493.000 193778.000 1.000 1410.000 530.000 362.000 1744.574 247152.157 612074.652 1276533.289 218142076.915 332359325832.629
5247.000 7485.000 193788.000 1.000 1410.000 530.000 400.000 10023.000 255170.461 599621.020 849394.201 42135776.210 22310515283.951
5214.000 7429.000 193798.000 1.000 1410.000 530.000 443.000 15531.393 289598.965 516029.596 1804623.880 965924.554 1220133931190.182
5165.000 7341.000 193808.000 1.000 1410.000 530.000 469.000 27234.531 344738.077 397343.644 1389445.314 114925333.629 475297401896.906
5102.000 7176.000 193818.000 1.000 1410.000 530.000 472.000 36245.201 422687.221 216552.484 941145.514 389312100.235 58138064424.121
5041.000 6949.000 193828.000 1.000 1410.000 530.000 473.000 42348.609 505725.789 56811.676 950105.150 667416295.283 62539005011.666
4981.000 6681.000 193838.000 1.000 1410.000 530.000 481.000 36187.097 594663.069 879.004 1014743.477 387022577.030 99046365130.867
4953.000 6448.000 193848.000 1.000 1390.000 540.000 488.000 29606.400 638631.133 68983.972 589816.234 171405501.629 12146446478.143
4953.000 6256.000 193858.000 1.000 1390.000 540.000 466.000 25781.392 638631.133 206704.804 1105479.229 85880706.555 164391386626.844
4980.000 6091.000 193868.000 1.000 1390.000 540.000 397.000 18612.266 596206.357 383963.644 429818.468 4401849.016 73012732986.832
5025.000 5979.000 193878.000 1.000 1360.000 540.000 277.000 15824.857 528738.397 535308.796 1304547.420 475204.261 365444754248.690
5081.000 5893.000 193888.000 1.000 1350.000 540.000 86.000 7364.757 450434.269 668548.252 13981.931 83712446.428 470658045454.520
5465.000 6177.000 193988.000 0.000 1310.000 560.000 339.000 6458.017 82451.677 284780.188 710494.541 101126969.544 109566229.463
5488.000 6142.000 193998.000 1.000 1310.000 560.000 409.000 1850.400 69772.053 323360.548 95110.560 215027253.564 365924083451.110
5488.000 6130.000 194008.000 1.000 1320.000 550.000 392.000 2467.200 69772.053 337152.100 131743.854 197318422.739 322945906949.422
5472.000 6130.000 194018.000 1.000 1320.000 550.000 397.000 3321.570 78480.661 337152.100 935323.538 174045687.056 55364389196.896
5492.000 6138.000 194028.000 1.000 1320.000 550.000 435.000 9387.222 67674.901 327925.732 637614.533 50793923.857 3895335028.414
5537.000 6179.000 194038.000 1.000 1340.000 550.000 480.000 13522.206 46286.941 282649.596 608369.269 8952073.622 8401167542.439
5598.000 6242.000 194048.000 1.000 1340.000 550.000 488.000 17467.532 23760.373 219630.948 29336.396 908827.396 449826090377.010
5682.000 6318.000 194058.000 1.000 1340.000 550.000 496.000 17277.283 4920.181 154172.452 170110.356 582284.054 280811810835.522
5767.000 6391.000 194068.000 1.000 1340.000 550.000 504.000 16174.103 220.701 102174.844 53274.558 115671.144 418288918031.994
5836.000 6470.000 194078.000 1.000 1350.000 550.000 507.000 15828.613 7031.829 57911.460 608041.903 470039.967 8461286060.084
5895.000 6554.000 194088.000 1.000 1350.000 550.000 514.000 11885.410 20407.837 24538.596 611707.237 21425767.296 7800407411.043
5925.000 6625.000 194098.000 1.000 1350.000 550.000 513.000 7918.437 29879.197 7335.580 263696.032 73887272.345 190384846406.118
5931.000 6676.000 194108.000 1.000 1350.000 550.000 524.000 6208.346 31989.469 1200.484 210693.946 106210783.483 239446986635.166
5921.000 6715.000 194118.000 1.000 1350.000 550.000 537.000 4841.978 28512.349 18.940 204472.592 136240944.022 245574322079.513
5896.000 6734.000 194128.000 1.000 1350.000 550.000 535.000 6168.000 20694.549 545.316 229424.928 107044011.868 221466453369.280
5856.000 6734.000 194138.000 1.000 1350.000 550.000 538.000 7655.840 10786.069 545.316 305143.913 78470676.678 155932772556.857
5807.000 6726.000 194148.000 1.000 1360.000 550.000 540.000 9634.724 3009.181 235.684 561413.210 47327294.713 19213824956.700
5759.000 6686.000 194158.000 1.000 1360.000 550.000 543.000 13275.536 47.005 607.524 390787.364 10488993.784 95629246571.346
5715.000 6612.000 194168.000 1.000 1360.000 550.000 543.000 15809.825 1379.677 9731.428 235814.668 496154.858 215493230435.143
5679.000 6516.000 194178.000 1.000 1360.000 550.000 546.000 17339.103 5350.045 37887.844 572628.793 680452.408 16230341912.584
5669.000 6404.000 194188.000 1.000 1360.000 550.000 544.000 13625.557 6912.925 94032.996 155067.683 8344302.335 296980823009.710
5677.000 6316.000 194198.000 1.000 1360.000 550.000 489.000 12619.930 5646.621 155747.044 110950.909 15165398.088 347010820236.649
5714.000 6243.000 194208.000 1.000 1350.000 540.000 397.000 11900.404 1454.965 218694.652 162279.463 21287183.733 289172577179.712
5780.000 6203.000 194218.000 1.000 1350.000 540.000 241.000 12952.800 775.957 257706.492 8576.296 12683624.150 478104286462.271
5864.000 6203.000 194228.000 1.000 1340.000 550.000 85.000 12897.182 12511.765 257706.492 85304.201 13082874.249 377884306663.189
6303.000 6719.000 194309.000 0.000 1340.000 570.000 272.000 17378.142 303442.333 69.756 2465710.736 746382.634 3117638518298.568
6377.000 6804.000 194319.000 1.000 1340.000 570.000 349.000 1387.800 390445.021 8714.596 71332.920 228808207.123 395256437531.134
6377.000 6813.000 194329.000 1.000 1340.000 570.000 358.000 925.200 390445.021 10475.932 23777.640 243017158.202 457313402674.998
6371.000 6813.000 194339.000 1.000 1340.000 570.000 358.000 771.000 382982.749 10475.932 1183683.764 247848585.789 233923718192.025
6366.000 6813.000 194349.000 1.000 1340.000 570.000 415.000 8447.289 376819.189 10475.932 671115.408 65075175.828 835888949.448
6346.000 6762.000 194359.000 1.000 1350.000 570.000 468.000 12799.529 352664.949 2637.028 990517.578 13798837.161 84384687514.000
6315.000 6685.000 194369.000 1.000 1350.000 570.000 496.000 19223.119 316806.877 657.820 11083.279 7338200.930 474643660342.656
6285.000 6564.000 194379.000 1.000 1360.000 560.000 522.000 19151.243 283935.517 21505.636 74211.680 6953955.659 391645005174.818
6278.000 6440.000 194389.000 1.000 1360.000 560.000 521.000 19632.512 276524.533 73250.340 980245.699 9723822.281 78522434002.088
6287.000 6313.000 194399.000 1.000 1360.000 560.000 526.000 13275.536 286070.941 158123.932 299471.512 10488993.784 160444820851.170
6331.000 6239.000 194409.000 1.000 1360.000 560.000 532.000 11333.438 335074.269 222451.836 52117.133 26840373.731 419787392907.178
6392.000 6198.000 194419.000 1.000 1350.000 550.000 535.000 11671.422 409415.701 262807.972 80505.353 23452572.445 383807259614.619
6465.000 6178.000 194429.000 1.000 1350.000 550.000 521.000 12193.506 508163.677 283713.892 258427.635 18668462.385 195010133541.814
6543.000 6191.000 194439.000 1.000 1350.000 550.000 505.000 13869.431 625453.213 270034.044 81712.122 6994843.306 382313476501.976
6622.000 6234.000 194449.000 1.000 1340.000 560.000 453.000 14399.341 756649.461 227193.316 8133.279 4472660.770 478717131694.206
6690.000 6298.000 194459.000 1.000 1340.000 560.000 393.000 14452.086 879573.877 170278.372 329870.500 4252345.526 137015947126.454
6750.000 6370.000 194469.000 1.000 1340.000 560.000 282.000 12312.848 995716.597 116041.060 88726.988 17651422.556 373687890682.481
6780.000 6444.000 194479.000 1.000 1340.000 560.000 252.000 11737.446 1056487.957 71101.156 1072807.333 22817451.460 138965063239.032
6793.000 6519.000 194489.000 1.000 1340.000 560.000 287.000 4780.200 1083381.213 36728.956 594441.000 137686934.545 11148435524.576
6793.000 6550.000 194499.000 1.000 1350.000 570.000 304.000 925.200 1083381.213 25807.780 118888.200 243017158.202 337722481699.026
6793.000 6556.000 194509.000 1.000 1360.000 560.000 320.000 1696.200 1083381.213 23916.004 408452.362 219573349.471 85015858247.518
6793.000 6545.000 194519.000 1.000 1360.000 560.000 396.000 4345.048 1083381.213 27439.260 354365.632 148088445.565 119481886508.261
6806.000 6520.000 194529.000 1.000 1360.000 560.000 436.000 6643.139 1110612.469 36346.660 420009.497 97437995.464 78409887192.344
6822.000 6480.000 194539.000 1.000 1360.000 560.000 478.000 9366.936 1144591.861 53198.500 204291.562 51083491.439 245753775335.420
6855.000 6429.000 194549.000 1.000 1360.000 560.000 504.000 8042.088 1216291.357 79325.596 38165.579 71776810.652 438060742004.650
6899.000 6401.000 194559.000 1.000 1360.000 560.000 532.000 8289.595 1315278.685 95881.884 552622.731 67644252.552 21728063372.798
6952.000 6392.000 194569.000 1.000 1360.000 560.000 542.000 11873.400 1439654.421 101536.548 625709.830 21537095.254 5523064370.655
7029.000 6392.000 194579.000 1.000 1360.000 560.000 570.000 15931.181 1630361.245 101536.548 1065874.810 339920.026 133844508758.721
7122.000 6437.000 194589.000 1.000 1360.000 560.000 567.000 22843.469 1876505.461 74883.228 212140.804 40059549.768 238033088705.288
7257.000 6498.000 194599.000 1.000 1360.000 560.000 577.000 24219.220 2264591.581 45219.172 961984.102 59367215.961 68621443577.859
7395.000 6573.000 194609.000 1.000 1360.000 560.000 580.000 17980.672 2698975.837 18946.972 636730.967 2150517.813 4006407053.784
7489.000 6642.000 194619.000 1.000 1360.000 560.000 584.000 13851.418 3016668.765 4712.548 737245.928 7090448.496 1385237276.219
7551.000 6707.000 194629.000 1.000 1380.000 570.000 578.000 9070.316 3235882.909 13.308 204541.057 55411522.272 245506470481.049
7569.000 6763.000 194639.000 1.000 1380.000 570.000 595.000 7743.850 3300965.725 2740.732 364606.208 76919172.572 112507209770.452
7558.000 6812.000 194649.000 1.000 1380.000 570.000 585.000 5379.348 3261115.893 10272.228 344311.021 123985098.490 126533965956.055
7527.000 6828.000 194659.000 1.000 1380.000 570.000 603.000 7612.234 3150113.821 13771.492 200573.954 79245134.118 249453497136.270
7478.000 6822.000 194669.000 1.000 1380.000 570.000 641.000 8912.973 2978578.933 12399.268 242848.655 57778767.566 209012178250.846
7432.000 6787.000 194679.000 1.000 1380.000 570.000 667.000 10487.867 2821916.181 5829.628 143015.411 36316781.124 310262079772.270
7387.000 6736.000 194689.000 1.000 1380.000 570.000 675.000 9560.400 2672754.141 642.724 386681.018 48355440.249 98185799782.990
7387.000 6674.000 194699.000 1.000 1380.000 570.000 690.000 12068.059 2672754.141 1343.076 261850.721 19768237.444 191998584810.092
7422.000 6604.000 194709.000 1.000 1380.000 570.000 697.000 13766.183 2788419.061 11373.796 1291478.662 7551639.246 349814888510.942
7481.000 6537.000 194719.000 1.000 1380.000 570.000 699.000 22141.531 2988943.069 30153.628 1458336.014 31666768.558 575032329969.342
7618.000 6494.000 194729.000 1.000 1380.000 570.000 707.000 31598.963 3481418.613 46936.356 1000516.985 227549845.236 90294139649.827
7821.000 6466.000 194739.000 1.000 1380.000 570.000 710.000 38087.400 4280165.149 59852.644 998660.880 465402629.982 89182103413.172
8068.000 6466.000 194749.000 1.000 1380.000 570.000 667.000 44563.800 5363189.013 59852.644 6871737.960 786779633.357 38090014295806.562
8357.000 6466.000 194759.000 1.000 1390.000 570.000 410.000 0.000 6785274.781 59852.644 0.000 272719052.920 490038013738.839
