3679.000 6636.000 203011.000 0.000 1330.000 370.000 287.000 0.000 3106213.279 111614.519 2755108.980 551628516.240 2284023044001.409
3679.000 6636.000 203021.000 1.000 1330.000 390.000 281.000 15030.600 3106213.279 111614.519 339821.153 71506865.509 817196770383.488
3697.000 6716.000 203031.000 1.000 1330.000 410.000 281.000 16884.507 3043089.249 171468.533 977610.204 43589919.226 70862606687.932
3746.000 6794.000 203041.000 1.000 1340.000 430.000 282.000 22217.896 2874534.614 242150.197 317743.218 1610049.397 857600642439.386
3820.000 6890.000 203051.000 1.000 1340.000 440.000 291.000 23951.356 2629084.717 345847.015 952362.645 215837.160 84941862144.385
3895.000 6997.000 203061.000 1.000 1350.000 450.000 294.000 29147.006 2391492.928 483146.759 189347.434 32038235.135 1111892393594.589
3974.000 7135.000 203071.000 1.000 1360.000 460.000 297.000 30179.998 2153395.578 694034.935 87866.505 44799257.969 1336206559081.158
4052.000 7280.000 203081.000 1.000 1370.000 470.000 302.000 30659.357 1930558.118 956655.336 134076.068 51445958.096 1231510547491.740
4128.000 7429.000 203091.000 1.000 1380.000 480.000 302.000 29927.900 1725138.439 1270326.438 661446.848 41488114.209 339147443073.162
4185.000 7582.000 203101.000 1.000 1380.000 490.000 302.000 26319.352 1578654.680 1638624.241 1580695.432 8023502.551 113491445895.541
4221.000 7721.000 203111.000 1.000 1400.000 500.000 301.000 17695.809 1489486.622 2013809.592 950040.601 33535266.585 86300763598.111
4243.000 7815.000 203121.000 1.000 1410.000 500.000 306.000 12512.827 1436271.030 2289434.059 875664.426 120427495.617 135531544383.073
4237.000 7883.000 203131.000 1.000 1420.000 490.000 314.000 7735.607 1450688.373 2499837.971 141178.943 248099237.258 1215796388174.879
4212.000 7917.000 203141.000 1.000 1420.000 490.000 314.000 6965.400 1511535.636 2608507.927 924418.193 272955773.041 102011456686.073
4174.000 7917.000 203151.000 1.000 1430.000 490.000 312.000 12008.598 1606417.476 2608507.927 2059926.316 131748506.358 666044997234.439
4118.000 7883.000 203161.000 1.000 1430.000 490.000 366.000 23246.603 1751507.344 2499837.971 3411298.234 57681.734 4698003002966.164
4040.000 7783.000 203171.000 1.000 1430.000 490.000 425.000 41857.068 1964048.804 2193620.453 2018185.607 337467730.342 599656779876.851
3948.000 7574.000 203181.000 1.000 1440.000 480.000 447.000 52867.355 2230378.731 1618206.840 4507399.974 863218585.791 10651016143269.826
3883.000 7293.000 203191.000 1.000 1440.000 480.000 456.000 77457.644 2428751.614 982254.614 2161085.371 2912854892.862 841393157620.030
3821.000 6875.000 203201.000 1.000 1440.000 480.000 456.000 89247.526 2625842.826 328429.387 1476116.916 4324476606.327 53966262975.651
3768.000 6391.000 203211.000 1.000 1440.000 480.000 456.000 97300.537 2800419.023 7936.599 3205736.266 5448471723.521 3849152644245.517
3724.000 5862.000 203221.000 1.000 1430.000 490.000 463.000 79811.523 2949618.206 193522.927 3540545.814 3172477437.895 5274993024083.329
3705.000 5427.000 203231.000 1.000 1410.000 500.000 465.000 60495.943 3015242.125 765471.723 2303133.889 1369678647.881 1122166006279.875
3700.000 5097.000 203241.000 1.000 1400.000 510.000 473.000 47931.110 3032631.578 1451813.913 1964453.045 597525600.664 519325653035.987
3664.000 4838.000 203251.000 1.000 1360.000 510.000 480.000 37213.963 3159311.636 2143039.541 56612.205 188435739.284 1409439832223.626
3601.000 4645.000 203261.000 1.000 1350.000 520.000 480.000 37522.813 3387238.738 2745358.730 150010.887 197010412.734 1196397630779.751
3520.000 4457.000 203271.000 1.000 1330.000 530.000 448.000 36704.423 3691951.870 3403701.796 413027.507 174706265.734 690200409850.199
3441.000 4273.000 203281.000 1.000 1300.000 540.000 364.000 34451.136 4001781.220 4116485.562 2210599.283 120217251.194 934680517894.439
3363.000 4102.000 203291.000 1.000 1290.000 550.000 246.000 22391.129 4319934.680 4839614.606 339021.782 1200436.255 818642655141.404
3312.000 3991.000 203301.000 1.000 1260.000 560.000 18.000 24240.675 4534537.096 5340316.161 535717.211 568367.895 501396130126.055
3840.000 5641.000 203432.000 0.000 1290.000 530.000 568.000 62527.066 2564626.906 436805.212 5465809.686 1524144460.428 17825276982297.070
4091.000 5872.000 203442.000 1.000 1310.000 540.000 564.000 32708.137 1823702.388 184824.679 1202993.684 85033549.982 1666013863.300
4170.000 6032.000 203452.000 1.000 1330.000 530.000 566.000 26145.160 1616573.038 72852.708 1545113.786 7067020.278 90783659857.303
4279.000 6124.000 203462.000 1.000 1350.000 530.000 567.000 17715.734 1351278.972 31652.825 1219463.189 33304893.667 592792385.005
4364.000 6170.000 203472.000 1.000 1350.000 530.000 570.000 24368.561 1160888.279 17400.884 27124.367 777549.691 1480325187814.965
4459.000 6263.000 203482.000 1.000 1360.000 520.000 577.000 24220.583 965198.680 1514.176 851466.443 538476.795 153933872471.649
4561.000 6347.000 203492.000 1.000 1360.000 520.000 569.000 19575.376 775183.848 2032.891 744143.926 15299028.205 249666702249.094
4635.000 6424.000 203502.000 1.000 1360.000 520.000 488.000 15515.671 650353.950 14905.380 78308.510 63538470.585 1358394928525.204
4701.000 6477.000 203512.000 1.000 1370.000 530.000 332.000 15942.886 548259.176 30655.665 907969.585 56910234.373 112789131665.462
4762.000 6539.000 203522.000 1.000 1370.000 530.000 58.000 20896.348 461645.855 56210.526 547185.798 6710302.815 485285999243.866
4999.000 7301.000 203592.000 0.000 1440.000 540.000 346.000 0.000 195757.804 998176.015 1584856.525 551628516.240 116312379512.991
4999.000 7301.000 203602.000 1.000 1460.000 540.000 366.000 8646.244 195757.804 998176.015 912878.725 220241307.499 109515851014.305
4974.000 7341.000 203612.000 1.000 1460.000 530.000 351.000 3666.000 218505.067 1079703.022 1714253.128 392863050.998 221316250162.084
4954.000 7341.000 203622.000 1.000 1460.000 530.000 353.000 13018.172 237602.877 1079703.022 1735491.549 109591611.482 241750237142.451
4942.000 7271.000 203632.000 1.000 1470.000 520.000 412.000 22486.211 249445.563 939130.759 4243254.042 1001124.754 8996661459138.971
4882.000 7164.000 203642.000 1.000 1460.000 520.000 445.000 45635.442 312978.994 743195.015 3027970.643 490563528.771 3183227354895.782
4782.000 6936.000 203652.000 1.000 1460.000 520.000 469.000 62154.649 434868.045 402067.073 1655539.755 1495204617.417 169520965351.933
4654.000 6622.000 203662.000 1.000 1440.000 510.000 470.000 71186.508 620070.030 102456.066 891212.482 2275264698.180 124325374347.630
4536.000 6252.000 203672.000 1.000 1420.000 520.000 472.000 66324.465 819831.111 2491.249 3366813.341 1835067837.126 4507140990340.062
4466.000 5897.000 203682.000 1.000 1420.000 520.000 477.000 47956.689 951493.446 163954.059 2177366.443 598776778.330 871526666806.175
4429.000 5638.000 203692.000 1.000 1400.000 520.000 456.000 36077.985 1025045.395 440779.687 1862800.914 158538614.115 383149111469.781
4447.000 5442.000 203702.000 1.000 1390.000 520.000 418.000 25915.405 988921.366 739449.351 3441679.660 5898252.328 4830628769366.526
4489.000 5307.000 203712.000 1.000 1350.000 530.000 282.000 7139.193 907151.965 989850.701 30935.779 267243379.016 1471065130291.043
4936.000 5553.000 203843.000 0.000 1300.000 540.000 397.000 9350.097 255474.906 560869.796 269120.510 199845614.520 950020609916.409
4987.000 5552.000 203853.000 1.000 1300.000 540.000 413.000 7881.900 206520.490 562368.621 680228.133 243512068.180 317625103653.853
4987.000 5595.000 203863.000 1.000 1300.000 540.000 405.000 11592.910 206520.490 499725.154 1355384.538 141463982.272 12448762142.563
5023.000 5647.000 203873.000 1.000 1300.000 550.000 412.000 18987.261 175096.432 428910.263 850113.689 20245610.209 154997192446.230
5090.000 5726.000 203883.000 1.000 1300.000 550.000 453.000 23625.088 123513.768 331675.103 527553.714 19130.979 513023807969.257
5176.000 5822.000 203893.000 1.000 1290.000 560.000 501.000 26503.177 70461.184 230315.920 422724.260 9098691.770 674182641578.110
5271.000 5931.000 203903.000 1.000 1300.000 560.000 519.000 24196.989 29051.585 137576.015 531758.982 504406.456 507017388620.595
5356.000 6032.000 203913.000 1.000 1300.000 560.000 515.000 21295.958 7300.892 72852.708 482231.689 4799671.324 580002311391.269
5433.000 6119.000 203923.000 1.000 1300.000 560.000 519.000 18665.125 71.322 33456.949 431016.202 23248291.548 660634598638.707
5496.000 6199.000 203933.000 1.000 1310.000 560.000 516.000 16313.700 2976.220 10590.964 331951.534 51452979.405 831486805037.536
5535.000 6279.000 203943.000 1.000 1320.000 550.000 513.000 14502.726 8752.490 524.978 899615.504 80713104.433 118470207034.367
5557.000 6355.000 203953.000 1.000 1340.000 550.000 519.000 9594.840 13352.899 2818.292 70410.846 192985808.561 1376866788108.468
5551.000 6407.000 203963.000 1.000 1350.000 540.000 519.000 9210.711 12002.242 11043.402 92417.844 203805952.480 1325705087639.789
5517.000 6444.000 203973.000 1.000 1350.000 540.000 509.000 9714.900 5708.519 20188.884 1500272.557 189664491.960 65772777916.034
5464.000 6444.000 203983.000 1.000 1350.000 540.000 509.000 17899.693 508.717 20188.884 1068972.239 31215465.373 30568423484.634
5384.000 6388.000 203993.000 1.000 1360.000 540.000 517.000 23731.511 3299.957 7411.073 1133956.122 59896.581 12067988120.061
5303.000 6287.000 204003.000 1.000 1360.000 540.000 527.000 17545.171 19167.089 222.380 811354.537 35302636.929 187018174713.519
5222.000 6236.000 204013.000 1.000 1360.000 540.000 550.000 21971.546 48156.220 4344.446 933432.338 2295913.525 96334614053.729
5170.000 6128.000 204023.000 1.000 1360.000 540.000 566.000 27063.921 73682.527 30245.526 357768.789 12795986.247 785069943912.445
5148.000 5982.000 204033.000 1.000 1360.000 540.000 572.000 25112.100 86110.118 102343.949 1102791.823 2641687.145 19886272082.170
5148.000 5845.000 204043.000 1.000 1360.000 540.000 570.000 19095.778 86110.118 208768.949 267770.506 19280839.013 952654103243.865
5186.000 5748.000 204053.000 1.000 1360.000 540.000 572.000 17634.946 65252.279 306818.957 136825.935 34243881.801 1225414864979.639
5252.000 5678.000 204063.000 1.000 1350.000 540.000 553.000 16888.487 35889.505 389266.694 222610.701 43537381.028 1042849064377.330
5335.000 5638.000 204073.000 1.000 1330.000 540.000 507.000 15674.026 11330.592 440779.687 17143.316 61039019.108 1504712422224.065
5419.000 5622.000 204083.000 1.000 1310.000 550.000 399.000 15580.500 503.789 462280.884 279835.678 62509156.213 929247490393.948
5504.000 5622.000 204093.000 1.000 1300.000 550.000 173.000 17107.154 3913.096 462280.884 313574.133 40699541.379 865339730280.357
6024.000 6397.000 204193.000 0.000 1380.000 570.000 255.000 0.000 339370.030 9041.650 1478732.974 551628516.240 55188560761.763
6024.000 6397.000 204203.000 1.000 1380.000 570.000 344.000 8067.283 339370.030 9041.650 644153.777 237760678.613 359588205932.477
5980.000 6398.000 204213.000 1.000 1380.000 570.000 332.000 4553.078 290041.213 9232.825 1143479.657 358484814.645 10066281485.916
5961.000 6382.000 204223.000 1.000 1390.000 560.000 366.000 10791.374 269937.133 6414.022 809636.833 161173161.329 188506787954.192
5940.000 6327.000 204233.000 1.000 1390.000 560.000 468.000 15208.378 248556.833 629.387 1474201.248 68531827.402 53079888890.354
5918.000 6247.000 204243.000 1.000 1380.000 550.000 546.000 23250.938 227104.425 3015.373 5035.618 55618.251 1534563250609.472
5887.000 6124.000 204253.000 1.000 1380.000 550.000 565.000 23223.466 198519.030 31652.825 695378.978 69330.692 300777153065.984
5861.000 6000.000 204263.000 1.000 1380.000 550.000 560.000 19429.800 176026.184 91151.103 363228.013 16459031.700 775425546505.173
5861.000 5894.000 204273.000 1.000 1380.000 550.000 567.000 17448.196 176026.184 166392.533 1181201.330 36464414.830 3919910307.769
5876.000 5800.000 204283.000 1.000 1380.000 550.000 569.000 11004.108 188837.826 251916.066 183833.953 155816930.969 1123550316414.936
5906.000 5748.000 204293.000 1.000 1350.000 550.000 570.000 10001.195 215811.111 306818.957 259643.900 181860819.900 968583930189.634
5955.000 5724.000 204303.000 1.000 1350.000 550.000 575.000 11417.692 263738.476 333982.752 683674.173 145662721.470 313752723967.813
6017.000 5718.000 204313.000 1.000 1340.000 560.000 588.000 15147.502 331263.264 340953.701 536320.220 69543444.464 500542520473.088
6094.000 5748.000 204323.000 1.000 1340.000 560.000 595.000 18073.417 425827.695 306818.957 417224.710 29304425.554 683244096478.645
6173.000 5807.000 204333.000 1.000 1320.000 570.000 586.000 20349.602 535172.344 244938.292 305283.034 9841843.257 880833836510.729
6252.000 5885.000 204343.000 1.000 1310.000 560.000 591.000 22015.085 656998.994 173815.957 132116.408 2165866.214 1235863792180.053
6320.000 5984.000 204353.000 1.000 1310.000 560.000 566.000 22735.851 771858.439 101068.300 11901.669 563884.179 1517599409996.496
6381.000 6092.000 204363.000 1.000 1310.000 560.000 543.000 22800.781 882763.118 44063.219 315967.591 470585.324 860892495490.783
6433.000 6205.000 204373.000 1.000 1320.000 570.000 517.000 24524.554 983180.811 9392.015 393257.869 1076988.949 723439807168.814
6478.000 6331.000 204383.000 1.000 1340.000 560.000 505.000 22379.121 1074445.738 846.088 2731521.753 1226893.438 2213284721460.026
6519.000 6446.000 204393.000 1.000 1350.000 550.000 496.000 7477.202 1161124.227 20761.234 1168977.787 256306370.616 5599937492.362
6527.000 6486.000 204403.000 1.000 1360.000 550.000 473.000 1099.800 1178429.103 33888.241 201593.340 501176569.907 1086216644216.428
6527.000 6480.000 204413.000 1.000 1390.000 550.000 410.000 0.000 1178429.103 31715.190 335988.900 551628516.240 824140088451.529
6527.000 6480.000 204423.000 1.000 1390.000 550.000 377.000 1833.000 1178429.103 31715.190 482197.595 468885894.619 580054243090.800
6527.000 6470.000 204433.000 1.000 1400.000 540.000 330.000 4463.647 1178429.103 28253.438 382474.513 361879331.143 741899711937.579
6519.000 6447.000 204443.000 1.000 1400.000 540.000 241.000 6550.251 1161124.227 21050.409 461485.428 286845784.874 612032545015.908
6508.000 6413.000 204453.000 1.000 1400.000 540.000 146.000 4032.600 1137539.023 12340.453 268005.863 378464855.634 952194722939.004
6508.000 6391.000 204463.000 1.000 1400.000 540.000 17.000 2570.484 1137539.023 7936.599 247267.349 437491154.692 993098285862.053
6609.000 6313.000 204554.000 0.000 1380.000 550.000 344.000 14846.168 1363184.081 122.935 2165141.983 74660058.550 848851670080.308
6637.000 6237.000 204564.000 1.000 1380.000 550.000 399.000 3034.155 1429351.147 4213.621 653399.429 418309592.011 348585252936.774
6652.000 6244.000 204574.000 1.000 1380.000 550.000 490.000 6598.800 1465442.789 3353.847 518089.568 285203639.445 526670895944.594
6688.000 6244.000 204584.000 1.000 1380.000 550.000 560.000 9425.257 1553898.731 3353.847 496992.838 197726238.377 557736645797.777
6738.000 6256.000 204594.000 1.000 1380.000 550.000 620.000 12136.620 1681054.206 2107.949 368356.197 128825978.094 766420266560.027
6798.000 6284.000 204604.000 1.000 1380.000 550.000 643.000 14146.201 1840240.775 320.854 613187.624 87246289.378 397685233286.164
6864.000 6324.000 204614.000 1.000 1380.000 550.000 668.000 17491.469 2023662.001 487.862 832674.161 35943672.678 169033103296.983
6939.000 6383.000 204624.000 1.000 1380.000 550.000 664.000 22034.154 2242670.213 6575.197 406489.929 2110102.595 701105767235.350
7036.000 6454.000 204634.000 1.000 1380.000 550.000 673.000 24251.775 2542604.833 23130.635 344083.245 585227.725 809509164138.179
7147.000 6526.000 204644.000 1.000 1390.000 550.000 676.000 22374.616 2908916.987 50215.249 963771.237 1236893.680 78421998391.976
7247.000 6596.000 204654.000 1.000 1400.000 550.000 676.000 17116.726 3260027.935 86487.511 623858.801 40577501.572 384340130279.950
7315.000 6660.000 204664.000 1.000 1400.000 550.000 672.000 13713.241 3510207.381 128226.723 464104.785 95521932.035 607941028650.247
7361.000 6719.000 204674.000 1.000 1400.000 550.000 671.000 11181.300 3684690.417 173962.059 315314.126 151424671.143 862105548262.682
7361.000 6780.000 204684.000 1.000 1400.000 550.000 658.000 12901.508 3684690.417 228567.745 12684.177 112047839.756 1515672065257.468
7334.000 6845.000 204694.000 1.000 1410.000 550.000 650.000 12832.309 3581763.461 294944.132 944811.785 113517607.793 89400241789.987
7284.000 6894.000 204704.000 1.000 1410.000 550.000 643.000 17986.765 3395007.987 350567.716 525924.177 30250090.409 515360797284.357
7186.000 6899.000 204714.000 1.000 1420.000 540.000 649.000 20855.964 3043471.257 356513.592 1032344.867 6921157.147 44717721166.968
7075.000 6874.000 204724.000 1.000 1420.000 540.000 682.000 26487.960 2668501.103 327284.212 4855243.068 9007122.095 13042445069789.707
6954.000 6795.000 204734.000 1.000 1420.000 540.000 720.000 0.000 2287821.855 243135.373 13993362.856 551628516.240 162551084842666.812
6954.000 6795.000 204744.000 3.000 1430.000 530.000 760.000 76341.314 2287821.855 243135.373 6617201.120 2793602481.173 28873326571467.387
6777.000 6418.000 204754.000 3.000 1430.000 530.000 768.000 40240.926 1783706.476 13476.329 2478323.964 280701635.410 1524023450607.557
6713.000 6208.000 204764.000 3.000 1410.000 530.000 782.000 26720.337 1616851.468 8819.541 125617.690 10455934.726 1250355198550.140
6768.000 6073.000 204774.000 3.000 1410.000 530.000 788.000 27405.649 1759747.490 52400.891 938714.677 15357587.387 93083471638.753
6891.000 5988.000 204784.000 3.000 1390.000 540.000 799.000 32526.842 2101208.957 98541.000 1335057.118 81722843.566 8325942178.068
7058.000 5928.000 204794.000 3.000 1390.000 540.000 806.000 39810.296 2613249.242 139810.489 2485532.603 266457395.983 1541873738642.664
7275.000 5919.000 204804.000 3.000 1370.000 540.000 809.000 53370.212 3361923.001 146621.913 1814747.719 893019913.379 325969288527.571
7565.000 5945.000 204814.000 3.000 1370.000 540.000 765.000 63270.636 4509484.753 127386.468 1039433.994 1582755737.779 41769763189.373
7904.000 6010.000 204824.000 3.000 1360.000 550.000 617.000 57599.965 6064175.870 85212.854 10558073.584 1163709853.489 86755496479648.516
8215.000 6055.000 204834.000 3.000 1380.000 550.000 68.000 0.000 7692605.921 60965.738 0.000 551628516.240 1547064602417.701
8215.000 6055.000 204844.000 2.000 1380.000 550.000 0.000 0.000 7692605.921 60965.738 0.000 551628516.240 1547064602417.701
