4212.000 5081.000 476024.000 0.000 1000.000 510.000 151.000 0.000 1927765.052 287155.703 0.000 630814112.961 2381705863264.467
4212.000 5081.000 476034.000 1.000 1000.000 520.000 170.000 0.000 1927765.052 287155.703 3430516.093 630814112.961 3561668991761.669
4212.000 5081.000 476044.000 1.000 1000.000 520.000 163.000 12152.023 1927765.052 287155.703 2583364.846 168065038.756 1081781403403.615
4169.000 5083.000 476054.000 1.000 1010.000 530.000 158.000 3000.890 2049019.874 289303.179 209604.927 489078668.779 1778682896016.194
4161.000 5076.000 476064.000 1.000 1010.000 530.000 165.000 2258.400 2071986.911 281822.012 114278.710 522470475.648 2042037931885.781
4153.000 5076.000 476074.000 1.000 1010.000 530.000 184.000 2663.213 2095081.947 281822.012 751825.030 504128231.367 626397228306.638
4145.000 5071.000 476084.000 1.000 1010.000 530.000 208.000 0.000 2118304.984 276538.321 0.000 630814112.961 2381705863264.467
4145.000 5071.000 476094.000 1.000 990.000 530.000 221.000 0.000 2118304.984 276538.321 0.000 630814112.961 2381705863264.467
4145.000 5071.000 476104.000 1.000 990.000 530.000 242.000 0.000 2118304.984 276538.321 0.000 630814112.961 2381705863264.467
4145.000 5071.000 476114.000 1.000 990.000 530.000 245.000 0.000 2118304.984 276538.321 0.000 630814112.961 2381705863264.467
4145.000 5071.000 476124.000 1.000 990.000 530.000 259.000 0.000 2118304.984 276538.321 0.000 630814112.961 2381705863264.467
4145.000 5071.000 476134.000 1.000 990.000 530.000 265.000 0.000 2118304.984 276538.321 0.000 630814112.961 2381705863264.467
4145.000 5071.000 476144.000 1.000 990.000 530.000 272.000 0.000 2118304.984 276538.321 1635169.678 630814112.961 8444147294.405
4145.000 5071.000 476154.000 1.000 990.000 530.000 282.000 5792.312 2118304.984 276538.321 675935.732 373405423.373 752281979269.900
4159.000 5086.000 476164.000 1.000 990.000 530.000 314.000 8186.700 2077748.670 292539.394 3270270.474 286601641.311 2982504260839.594
4180.000 5106.000 476174.000 1.000 990.000 530.000 324.000 19771.080 2017649.199 314574.158 2031315.057 28568309.614 238180523826.180
4228.000 5157.000 476184.000 1.000 1000.000 540.000 340.000 26966.670 1883590.979 374383.808 1143785.030 3424931.041 159594342633.523
4293.000 5227.000 476194.000 1.000 1000.000 540.000 339.000 31018.335 1709398.806 464945.483 504762.281 34837404.065 1078514143571.231
4365.000 5310.000 476204.000 1.000 1000.000 540.000 358.000 32806.370 1526311.476 585024.755 96509.901 59141589.580 2093136880430.775
4436.000 5402.000 476214.000 1.000 1000.000 540.000 364.000 32464.500 1355920.026 734224.672 294396.273 54000260.035 1559704660051.849
4505.000 5494.000 476224.000 1.000 1010.000 530.000 371.000 31421.651 1199988.335 900352.588 173533.762 39761069.597 1876198281680.073
4563.000 5589.000 476234.000 1.000 1010.000 530.000 364.000 30806.937 1076281.319 1089662.719 922350.039 32386615.080 385551081314.366
4613.000 5686.000 476244.000 1.000 1010.000 530.000 367.000 34074.206 975037.340 1301582.326 219342.583 80249220.418 1752804025837.527
4658.000 5798.000 476254.000 1.000 1020.000 530.000 372.000 34851.190 888192.759 1569681.007 234438.293 94773669.692 1713060427045.543
4687.000 5918.000 476264.000 1.000 1040.000 540.000 374.000 35681.648 834372.251 1884769.593 1466053.910 111632641.294 5963503931.717
4697.000 6044.000 476274.000 1.000 1060.000 540.000 377.000 30488.400 816203.455 2246608.609 72378.897 28862541.234 2163543101808.782
4697.000 6152.000 476284.000 1.000 1070.000 540.000 384.000 30744.790 816203.455 2582028.337 1793274.333 31683129.632 62498348270.075
4672.000 6258.000 476294.000 1.000 1090.000 550.000 393.000 24392.419 862000.445 2933920.588 762028.763 523588.390 610349802316.387
4637.000 6337.000 476304.000 1.000 1100.000 540.000 396.000 21693.061 928216.230 3210794.907 2963230.549 11716600.932 2016266273769.271
4593.000 6400.000 476314.000 1.000 1120.000 540.000 391.000 11196.318 1014934.932 3440539.415 849615.161 193757911.079 481167629891.366
4560.000 6422.000 476324.000 1.000 1120.000 540.000 391.000 8186.700 1082514.958 3522637.656 16429.860 286601641.311 2331264132547.036
4531.000 6422.000 476334.000 1.000 1130.000 540.000 391.000 8244.900 1143701.466 3522637.656 2138134.272 284634456.509 353854416820.181
4508.000 6404.000 476344.000 1.000 1130.000 540.000 398.000 15818.879 1193424.696 3455394.368 2914892.885 86436702.074 1881328389967.984
4476.000 6358.000 476354.000 1.000 1140.000 530.000 399.000 26144.394 1264364.843 3286494.410 1894038.495 1057567.320 123033179868.512
4437.000 6274.000 476364.000 1.000 1140.000 530.000 398.000 32853.705 1353592.146 2988988.399 1182543.408 59871876.272 130129183598.270
4399.000 6164.000 476374.000 1.000 1140.000 530.000 398.000 37042.665 1443457.570 2620737.195 1151845.824 142245026.056 153218863822.690
4366.000 6037.000 476384.000 1.000 1130.000 520.000 392.000 41122.884 1523841.597 2225673.441 663776.507 256219916.696 773522236759.543
4344.000 5893.000 476394.000 1.000 1120.000 520.000 400.000 43474.200 1578640.947 1816751.138 1415744.098 337023027.043 16264803437.657
4344.000 5739.000 476404.000 1.000 1120.000 520.000 404.000 38459.166 1578640.947 1425323.452 349589.875 178039729.886 1424890471911.134
4352.000 5603.000 476414.000 1.000 1100.000 520.000 410.000 37220.803 1558601.911 1119087.054 221748.626 146525939.043 1746438925544.677
4374.000 5473.000 476424.000 1.000 1090.000 520.000 413.000 36435.296 1504154.560 860941.085 1395568.964 128126165.856 21817851926.299
4397.000 5346.000 476434.000 1.000 1080.000 530.000 418.000 41378.863 1448267.330 641391.331 365357.177 264480287.568 1387496608865.522
4410.000 5200.000 476444.000 1.000 1060.000 520.000 423.000 42673.079 1417146.895 428853.551 326655.258 308250563.771 1480170011822.409
4417.000 5049.000 476454.000 1.000 1060.000 520.000 417.000 43830.200 1400529.738 253884.080 2582980.353 350220792.132 1080981738735.584
4408.000 4894.000 476464.000 1.000 1040.000 520.000 418.000 52979.971 1421912.654 121709.656 108036.210 776400151.049 2059917952289.155
4383.000 4708.000 476474.000 1.000 1030.000 520.000 428.000 52597.271 1482159.644 26526.347 99782.605 755219536.946 2083677905912.283
4348.000 4525.000 476484.000 1.000 1020.000 530.000 438.000 52243.808 1568605.429 405.253 2067612.626 735917257.301 274927181233.181
4305.000 4345.000 476494.000 1.000 1020.000 530.000 443.000 59567.976 1678164.251 40052.373 1640796.481 1186937749.142 9509925036.189
4255.000 4140.000 476504.000 1.000 1010.000 530.000 463.000 53755.732 1810208.230 164131.038 1370810.125 820233499.901 29745042516.682
4199.000 3958.000 476514.000 1.000 1000.000 540.000 468.000 48899.869 1964033.487 344722.682 1642390.912 565671802.493 9823441383.971
4153.000 3791.000 476524.000 1.000 980.000 540.000 473.000 43081.977 2095081.947 568713.399 2710740.582 322775859.627 1362969729158.322
4112.000 3644.000 476534.000 1.000 970.000 540.000 478.000 33479.637 2215453.010 812036.881 1800330.704 69950205.100 66076279520.580
4076.000 3531.000 476544.000 1.000 950.000 540.000 480.000 27102.270 2323916.675 1028461.462 1767684.121 3945216.558 50358270293.873
4040.000 3442.000 476554.000 1.000 940.000 540.000 478.000 20840.548 2434972.340 1216897.761 1749977.418 18279601.638 42724799679.723
4009.000 3375.000 476564.000 1.000 930.000 530.000 442.000 14641.549 2532680.607 1369206.300 1200856.209 109714397.732 117252433998.588
3980.000 3332.000 476574.000 1.000 910.000 530.000 368.000 10387.719 2625825.115 1471686.556 1328164.193 216922646.464 46273793566.544
3955.000 3305.000 476584.000 1.000 900.000 530.000 213.000 5682.922 2707472.104 1537924.624 10027.522 377645028.867 2350855913558.071
4872.000 4272.000 477246.000 0.000 930.000 550.000 83.000 8034.399 530624.528 74600.483 897015.590 291781539.528 417654632722.683
4863.000 4245.000 477256.000 1.000 930.000 550.000 158.000 4856.873 543817.445 90078.551 86079.481 410432756.722 2123426464339.198
4849.000 4235.000 477266.000 1.000 930.000 550.000 212.000 4551.951 564661.759 96181.169 175016.684 422880649.170 1872138034086.062
4841.000 4221.000 477276.000 1.000 940.000 550.000 249.000 3931.984 576748.796 105060.834 631839.343 448763088.000 830719762824.789
4836.000 4208.000 477286.000 1.000 940.000 550.000 282.000 1693.800 584368.193 113657.237 478159.740 548600065.496 1134476133405.549
4836.000 4202.000 477296.000 1.000 940.000 550.000 317.000 0.000 584368.193 117738.808 0.000 630814112.961 2381705863264.467
4836.000 4202.000 477306.000 1.000 940.000 550.000 320.000 0.000 584368.193 117738.808 0.000 630814112.961 2381705863264.467
4836.000 4202.000 477316.000 1.000 940.000 550.000 342.000 0.000 584368.193 117738.808 3427737.979 630814112.961 3551190782524.280
4836.000 4202.000 477326.000 1.000 940.000 550.000 391.000 12142.182 584368.193 117738.808 1880098.239 168320292.854 113448118280.807
4871.000 4227.000 477336.000 1.000 940.000 550.000 448.000 18802.112 532082.408 101207.263 6717403.309 39865346.830 26771576475013.199
4921.000 4271.000 477346.000 1.000 960.000 550.000 472.000 42597.377 461638.429 75147.745 3080791.279 305598084.555 2363948200929.965
5021.000 4384.000 477356.000 1.000 960.000 560.000 491.000 53510.559 335750.471 25963.164 2024875.512 806250238.086 231936513703.763
5152.000 4521.000 477366.000 1.000 960.000 560.000 491.000 60683.338 201098.246 582.300 817123.278 1265034602.069 527300152341.934
5304.000 4673.000 477376.000 1.000 970.000 560.000 497.000 57788.817 87876.549 16350.509 4123053.888 1067512116.091 6655245507897.939
5440.000 4826.000 477386.000 1.000 970.000 560.000 499.000 43183.596 25740.926 78887.457 2712921.632 326437552.624 1368067076252.070
5542.000 4940.000 477396.000 1.000 990.000 570.000 489.000 33573.530 3415.209 155921.614 4502877.811 71529592.477 8759233193008.902
5622.000 5028.000 477406.000 1.000 990.000 570.000 417.000 17622.847 464.843 233162.577 1646209.301 56147537.880 10594927560.513
5658.000 5079.000 477416.000 1.000 1010.000 570.000 223.000 11791.429 3313.178 285016.227 40660.157 177544540.866 2257859289643.864
5358.000 5427.000 477526.000 0.000 1070.000 560.000 151.000 13375.778 58777.052 777693.127 2261809.619 137833119.699 516288209901.714
5364.000 5474.000 477536.000 1.000 1070.000 560.000 179.000 5363.700 55903.775 862797.823 551234.789 390153871.952 984149011239.551
5364.000 5493.000 477546.000 1.000 1060.000 550.000 185.000 3411.044 55903.775 898455.850 325391.401 471105682.700 1483246882575.727
5353.000 5488.000 477556.000 1.000 1060.000 550.000 193.000 2258.400 61226.450 889002.158 3522565.654 522470475.648 3917581056291.618
5353.000 5480.000 477566.000 1.000 1060.000 550.000 249.000 14736.493 61226.450 873980.253 2064132.997 107734437.061 271290306580.674
5338.000 5430.000 477576.000 1.000 1070.000 560.000 282.000 22048.335 68874.644 782993.342 4387238.980 9410648.794 8088116123426.557
5320.000 5354.000 477586.000 1.000 1070.000 560.000 301.000 37589.387 78646.476 654269.237 3169926.374 155585056.985 2645986115269.958
5287.000 5225.000 477596.000 1.000 1070.000 560.000 320.000 48818.315 98244.502 462222.007 2126336.672 561799116.376 339957838899.558
5246.000 5057.000 477606.000 1.000 1070.000 560.000 341.000 56350.503 125627.565 262009.986 2553767.385 975593360.654 1021089531860.626
5199.000 4863.000 477616.000 1.000 1070.000 560.000 387.000 65396.792 161153.905 101040.771 249374.222 1622541150.520 1674186046007.339
5158.000 4635.000 477626.000 1.000 1050.000 560.000 417.000 64513.426 195752.968 8076.457 408402.281 1552156144.904 1287942072479.659
5118.000 4410.000 477636.000 1.000 1050.000 550.000 431.000 63066.730 232748.152 18260.357 1648785.571 1440256914.853 11131924246.323
5093.000 4188.000 477646.000 1.000 1030.000 550.000 448.000 57226.186 257495.141 127542.473 1403941.700 1031063205.046 19414503195.226
5076.000 3986.000 477656.000 1.000 1030.000 550.000 449.000 52252.960 275037.094 312627.352 964071.438 736413888.218 335479820359.594
5070.000 3801.000 477666.000 1.000 1020.000 550.000 447.000 48837.900 281366.371 553730.782 4852400.781 562727919.115 10950295985586.848
5070.000 3628.000 477676.000 1.000 1000.000 560.000 447.000 31649.091 281366.371 841129.069 2179856.236 42681107.128 405232313364.711
5075.000 3516.000 477686.000 1.000 970.000 560.000 445.000 23927.319 276086.974 1059110.389 1047841.140 1412993.612 245457322046.037
5103.000 3436.000 477696.000 1.000 960.000 560.000 435.000 20215.519 247446.345 1230171.331 673103.416 24014842.214 757203173990.892
5145.000 3378.000 477706.000 1.000 940.000 560.000 394.000 22599.874 207425.403 1362194.515 734662.601 6330955.863 653858275607.032
5217.000 3343.000 477716.000 1.000 930.000 570.000 345.000 25202.292 147026.073 1445118.677 4784201.335 7444.052 10503586419617.697
5306.000 3336.000 477726.000 1.000 920.000 570.000 235.000 8255.068 86694.790 1461997.509 128751.696 284291468.941 2000883636295.569
5616.000 3765.000 477907.000 0.000 930.000 600.000 58.000 0.000 242.120 608604.206 0.000 630814112.961 2381705863264.467
5616.000 3765.000 477917.000 1.000 930.000 600.000 103.000 0.000 242.120 608604.206 0.000 630814112.961 2381705863264.467
5616.000 3765.000 477927.000 1.000 930.000 590.000 115.000 0.000 242.120 608604.206 0.000 630814112.961 2381705863264.467
5616.000 3765.000 477937.000 1.000 930.000 590.000 187.000 0.000 242.120 608604.206 2961546.629 630814112.961 2011486935138.942
5616.000 3765.000 477947.000 1.000 930.000 590.000 251.000 10490.778 242.120 608604.206 1886007.060 213897501.102 117463457745.203
5650.000 3780.000 477957.000 1.000 930.000 580.000 287.000 17171.639 2456.214 585425.279 1703312.381 63113079.500 25611119453.045
5694.000 3822.000 477967.000 1.000 930.000 580.000 319.000 23205.335 8753.513 522918.284 1342391.266 3650690.720 40355333845.301
5743.000 3888.000 477977.000 1.000 930.000 580.000 338.000 27960.529 20323.413 431821.007 1914199.232 8091270.827 137582830021.859
5800.000 3969.000 477987.000 1.000 950.000 580.000 366.000 34741.256 39824.277 331926.802 567679.328 92645301.297 951792059512.307
5859.000 4077.000 477997.000 1.000 950.000 590.000 376.000 36752.164 66853.382 219146.530 518385.796 135400008.267 1050403284685.916
5914.000 4195.000 478007.000 1.000 970.000 590.000 393.000 38588.458 98320.005 122591.640 1465094.937 181506772.162 6112534498.242
5967.000 4321.000 478017.000 1.000 980.000 590.000 396.000 33398.607 134366.387 50234.656 2991004.352 68601362.068 2095912642825.475
6013.000 4430.000 478027.000 1.000 980.000 590.000 399.000 22803.480 170205.926 13255.122 1950470.830 5347809.239 165806296847.652
6043.000 4505.000 478037.000 1.000 1000.000 590.000 382.000 15894.267 195859.539 1610.488 2974877.682 85040600.737 2049478690328.069
6062.000 4558.000 478047.000 1.000 1000.000 590.000 376.000 5356.266 213037.827 165.614 639644.938 390447604.608 816552053765.275
6056.000 4576.000 478057.000 1.000 1020.000 580.000 364.000 7622.100 207535.104 952.902 1308291.685 306036994.799 55218397393.748
6029.000 4576.000 478067.000 1.000 1020.000 580.000 368.000 12256.502 183663.853 952.902 2427592.553 165367025.179 782012871576.812
5987.000 4565.000 478077.000 1.000 1020.000 580.000 369.000 20855.838 149428.796 394.782 1804347.833 18149091.700 68157647510.117
5930.000 4518.000 478087.000 1.000 1030.000 580.000 373.000 27247.435 108609.932 736.085 1467578.613 4542959.407 5730342156.079
5876.000 4438.000 478097.000 1.000 1030.000 580.000 372.000 32446.084 75933.429 11477.028 3031199.638 53729939.714 2213911882602.297
5825.000 4335.000 478107.000 1.000 1030.000 580.000 394.000 43183.596 50427.288 44154.991 230096.519 326437552.624 1724444647310.422
5795.000 4185.000 478117.000 1.000 1030.000 580.000 405.000 42368.518 37853.675 129694.258 206750.309 297648926.065 1786305297105.310
5790.000 4035.000 478127.000 1.000 1030.000 580.000 427.000 41636.140 35933.073 260233.525 3433658.656 272914593.501 3573540398955.142
5802.000 3888.000 478137.000 1.000 1020.000 580.000 445.000 29472.985 40626.518 431821.007 1974715.883 18983204.324 186138960558.807
5832.000 3788.000 478147.000 1.000 1020.000 580.000 447.000 22477.888 53620.131 573247.185 2786865.600 6959703.930 1546511023007.654
5866.000 3716.000 478157.000 1.000 1000.000 590.000 447.000 12605.888 70522.225 687458.033 192872.441 156503229.481 1823594191983.902
5903.000 3691.000 478167.000 1.000 1000.000 590.000 445.000 13289.106 91542.680 729539.577 1022772.053 139875731.044 270926062435.600
5949.000 3701.000 478177.000 1.000 980.000 590.000 430.000 16912.103 121494.220 712556.960 2475612.912 67304140.577 869249065975.830
5999.000 3734.000 478187.000 1.000 980.000 590.000 396.000 25681.543 158850.241 657933.321 1446533.712 319824.092 9359386924.116
6049.000 3810.000 478197.000 1.000 990.000 600.000 335.000 30805.644 201206.261 540417.426 1151090.953 32371900.023 153810394700.356
6097.000 3908.000 478207.000 1.000 990.000 600.000 262.000 34883.189 246572.042 405935.771 509796.536 95397725.481 1068083185052.815
6147.000 4021.000 478217.000 1.000 990.000 600.000 186.000 33077.321 298728.063 274713.190 299889.831 63382423.820 1546013234820.537
6199.000 4126.000 478227.000 1.000 990.000 600.000 146.000 34139.630 358274.324 175670.703 264250.020 81425662.345 1635911643722.796
6259.000 4231.000 478237.000 1.000 990.000 610.000 143.000 33203.569 433701.549 98678.216 1422788.612 65408560.783 14517605020.546
6312.000 4336.000 478247.000 1.000 1010.000 610.000 146.000 28163.581 506317.932 43735.729 1467932.617 9287670.236 5676871960.694
6359.000 4424.000 478257.000 1.000 1010.000 610.000 170.000 22963.678 575413.591 14672.693 1356193.195 4632546.290 35000588244.510
6388.000 4500.000 478267.000 1.000 1020.000 600.000 202.000 18159.593 620251.083 2036.797 265162.414 48391780.309 1633578521939.383
6401.000 4563.000 478277.000 1.000 1020.000 600.000 251.000 17220.300 640896.649 319.305 1753252.380 62342285.019 44089392915.586
6401.000 4624.000 478287.000 1.000 1030.000 610.000 284.000 11009.700 640896.649 6220.337 998046.525 198988068.670 297276964927.543
6401.000 4663.000 478297.000 1.000 1050.000 610.000 306.000 7474.289 640896.649 13893.127 1711525.335 311230428.463 28307288056.713
6396.000 4689.000 478307.000 1.000 1050.000 610.000 341.000 1411.500 632916.047 20698.321 1789836.484 561903940.290 60791265289.564
6391.000 4689.000 478317.000 1.000 1050.000 610.000 346.000 7751.693 624985.445 20698.321 1797158.499 301519611.790 64455492353.048
6386.000 4662.000 478327.000 1.000 1050.000 610.000 351.000 14117.823 617104.843 13658.389 3903771.717 120960185.004 5571932304162.048
6376.000 4613.000 478337.000 1.000 1070.000 610.000 373.000 27946.274 601493.638 4606.216 2284700.762 8010376.884 549708251053.361
6362.000 4515.000 478347.000 1.000 1070.000 610.000 398.000 36039.440 579973.953 907.871 1550734.030 119321255.709 55597804.300
6349.000 4388.000 478357.000 1.000 1070.000 610.000 417.000 41532.653 560342.387 24690.117 710805.428 269506066.311 693009977894.358
6355.000 4241.000 478367.000 1.000 1050.000 610.000 448.000 44050.561 569361.110 92495.598 2338613.569 358517104.990 632559245554.793
6373.000 4086.000 478377.000 1.000 1050.000 610.000 458.000 35766.418 596849.277 210801.174 1524735.894 113431124.991 343796214.257
6399.000 3962.000 478387.000 1.000 1050.000 610.000 474.000 30365.299 637698.408 340041.635 2404769.445 27555002.685 742168136144.173
6430.000 3859.000 478397.000 1.000 1030.000 610.000 469.000 21846.810 688170.141 470775.598 1995047.411 10687688.769 204095929168.338
6472.000 3794.000 478407.000 1.000 1030.000 610.000 465.000 14779.692 759617.199 564197.614 28255.972 106839533.439 2295290643848.827
6518.000 3769.000 478417.000 1.000 1020.000 630.000 427.000 14679.600 841916.738 602379.158 988592.863 108918717.946 307675197932.418
6570.000 3769.000 478427.000 1.000 1000.000 630.000 393.000 18181.523 940047.000 602379.158 1402691.675 48087152.649 19764412565.727
6622.000 3807.000 478437.000 1.000 1000.000 630.000 364.000 23150.321 1043585.261 544837.211 917584.815 3863945.348 391491506853.700
6672.000 3872.000 478447.000 1.000 1000.000 630.000 369.000 26400.710 1148241.282 453105.195 690236.486 1650446.180 727679204415.101
6711.000 3957.000 478457.000 1.000 1000.000 630.000 368.000 28845.756 1233343.979 345897.944 384397.465 13910982.260 1343003251853.397
6746.000 4053.000 478467.000 1.000 1000.000 630.000 373.000 30207.419 1312308.193 242192.813 495753.241 25922414.257 1097307359129.250
6775.000 4156.000 478477.000 1.000 1000.000 640.000 379.000 31963.541 1379591.686 151422.850 171610.735 46888638.635 1881470088620.340
6809.000 4264.000 478487.000 1.000 1020.000 630.000 394.000 31355.639 1460617.780 79034.577 2960319.471 38932931.640 2008007560775.060
6848.000 4368.000 478497.000 1.000 1020.000 630.000 398.000 20869.208 1556406.476 31375.352 1899547.015 18035353.375 126927870069.833
6877.000 4436.000 478507.000 1.000 1040.000 630.000 394.000 14140.384 1629605.968 11909.551 3354284.083 120464433.670 3279744349330.929
6899.000 4481.000 478517.000 1.000 1040.000 630.000 387.000 2258.400 1686258.617 4112.771 547179.549 522470475.648 992211399884.652
6899.000 4489.000 478527.000 1.000 1040.000 630.000 382.000 4196.691 1686258.617 3150.677 953669.530 437618036.225 347637719228.907
6909.000 4478.000 478537.000 1.000 1060.000 630.000 387.000 7574.904 1712329.822 4506.556 2810294.806 307690507.705 1605332507854.227
6921.000 4454.000 478547.000 1.000 1060.000 630.000 394.000 17529.898 1743879.267 8304.839 1667772.787 57549141.985 15499042502.580
6937.000 4394.000 478557.000 1.000 1060.000 630.000 391.000 23437.701 1786393.193 22840.546 1093631.047 2816731.433 202182055432.502
6950.000 4312.000 478567.000 1.000 1080.000 630.000 410.000 27311.704 1821312.759 54350.012 2333306.329 4821058.623 624145335002.213
6962.000 4216.000 478577.000 1.000 1060.000 630.000 430.000 19046.361 1853846.204 108327.143 2047744.070 36840676.354 254486382546.698
6976.000 4150.000 478587.000 1.000 1070.000 640.000 473.000 11792.574 1892165.890 156128.420 313384.335 177514028.879 1512637533029.496
7004.000 4119.000 478597.000 1.000 1070.000 640.000 517.000 12902.685 1969981.261 181587.535 1428595.806 149165382.754 13151922242.628
7049.000 4111.000 478607.000 1.000 1050.000 640.000 570.000 17963.244 2098326.680 188469.630 3159406.465 51162105.491 2611872390368.011
7104.000 4143.000 478617.000 1.000 1050.000 650.000 577.000 29154.907 2260693.303 161709.253 1784641.599 16312664.109 58256562402.547
7175.000 4218.000 478627.000 1.000 1050.000 650.000 584.000 35476.698 2479239.853 107014.619 2178001.525 107343792.042 402874414655.822
7247.000 4321.000 478637.000 1.000 1050.000 650.000 588.000 43191.900 2711160.523 50234.656 1104486.893 326737687.998 192537316565.202
7319.000 4456.000 478647.000 1.000 1050.000 650.000 591.000 47104.358 2953449.193 7944.316 395082.802 483487312.385 1318351377930.403
7390.000 4607.000 478657.000 1.000 1050.000 650.000 595.000 48503.872 3202525.743 3827.787 864003.428 546991944.930 461413450308.407
7450.000 4768.000 478667.000 1.000 1060.000 660.000 595.000 45443.286 3420872.968 49670.640 7810492.905 413198024.424 39277987221949.219
7503.000 4920.000 478677.000 1.000 1060.000 660.000 589.000 17775.936 3619735.350 140526.850 3948949.033 53876731.519 5787254868026.426
7537.000 4973.000 478687.000 1.000 1080.000 660.000 589.000 3787.452 3750265.445 183071.975 4288657.561 454907517.681 7537110929948.246
7531.000 4961.000 478697.000 1.000 1100.000 660.000 591.000 18979.296 3727062.722 172947.117 6619757.151 37659296.502 25770644261324.211
7497.000 4903.000 478707.000 1.000 1110.000 670.000 583.000 42428.666 3596940.628 128070.300 4274348.621 299727951.179 7458748722477.893
7427.000 4770.000 478717.000 1.000 1110.000 670.000 572.000 57569.823 3336322.199 50566.117 2213681.139 1053249778.419 449440856188.837
7335.000 4588.000 478727.000 1.000 1140.000 660.000 570.000 65411.414 3008699.120 1837.761 844772.870 1623719335.422 487908908797.620
7227.000 4383.000 478737.000 1.000 1140.000 660.000 578.000 62418.949 2645698.115 26286.426 722509.022 1391509028.361 673661118518.169
7152.000 4175.000 478747.000 1.000 1110.000 670.000 589.000 59859.583 2407339.083 136996.876 5756679.667 1207115650.888 17752756670775.945
7131.000 3964.000 478757.000 1.000 1100.000 660.000 589.000 39467.519 2342614.555 337713.111 3064302.700 205965722.214 2313517243850.923
7146.000 3825.000 478767.000 1.000 1080.000 660.000 588.000 28612.745 2388756.361 518588.499 229308.338 12227134.131 1726515317352.427
7198.000 3738.000 478777.000 1.000 1060.000 660.000 575.000 27800.459 2552198.623 651460.274 676132.778 7206249.905 751940205591.205
7281.000 3685.000 478787.000 1.000 1040.000 660.000 536.000 30195.545 2824282.617 739825.148 760750.509 25801644.541 612348705244.722
7385.000 3660.000 478797.000 1.000 1020.000 670.000 488.000 27500.715 3184655.141 783456.693 1387988.644 5686803.254 24114671185.974
7482.000 3651.000 478807.000 1.000 1020.000 680.000 398.000 22584.000 3540268.822 799470.049 909061.048 6411090.230 402230681105.335
7562.000 3651.000 478817.000 1.000 1000.000 680.000 291.000 19363.805 3847718.455 799470.049 1152646.144 33087897.779 152592962918.461
7630.000 3660.000 478827.000 1.000 970.000 680.000 219.000 15280.751 4119114.644 783456.693 961897.446 96732380.153 338002925884.509
7683.000 3671.000 478837.000 1.000 980.000 690.000 187.000 11873.392 4337057.026 764104.813 3351858.562 175367013.030 3270964964148.719
7723.000 3684.000 478847.000 1.000 980.000 690.000 124.000 0.000 4505261.843 741546.410 0.000 630814112.961 2381705863264.467
