4654.000 4458.000 487350.000 0.000 890.000 550.000 94.000 0.000 1394678.124 1114.623 0.000 1114943027.166 7419774588027.579
4654.000 4458.000 487360.000 1.000 890.000 550.000 163.000 0.000 1394678.124 1114.623 0.000 1114943027.166 7419774588027.579
4654.000 4458.000 487370.000 1.000 890.000 550.000 185.000 0.000 1394678.124 1114.623 0.000 1114943027.166 7419774588027.579
4654.000 4458.000 487380.000 1.000 890.000 550.000 237.000 0.000 1394678.124 1114.623 0.000 1114943027.166 7419774588027.579
4654.000 4458.000 487390.000 1.000 890.000 550.000 255.000 0.000 1394678.124 1114.623 0.000 1114943027.166 7419774588027.579
4654.000 4458.000 487400.000 1.000 900.000 550.000 287.000 0.000 1394678.124 1114.623 4003364.728 1114943027.166 1636962643980.726
4654.000 4458.000 487410.000 1.000 900.000 550.000 307.000 11897.072 1394678.124 1114.623 1369649.893 461978735.709 1834064636372.028
4637.000 4489.000 487420.000 1.000 900.000 550.000 330.000 7826.790 1435119.931 5.693 3168816.462 653516695.213 197927239879.713
4647.000 4510.000 487430.000 1.000 900.000 550.000 349.000 17243.778 1411260.633 346.482 2218596.994 260725111.748 255357726090.287
4662.000 4559.000 487440.000 1.000 900.000 550.000 369.000 23836.934 1375846.685 4571.658 3795241.497 91275640.963 1147716211916.291
4685.000 4626.000 487450.000 1.000 900.000 540.000 373.000 35115.512 1322419.299 18120.938 1505634.254 2974760.485 1484235554160.067
4718.000 4725.000 487460.000 1.000 900.000 550.000 364.000 39589.908 1247610.615 54575.517 582989.952 38429403.661 4583608524938.981
4757.000 4836.000 487470.000 1.000 910.000 550.000 367.000 41322.419 1162008.352 118758.833 1600654.451 62911173.211 1261739688073.892
4791.000 4954.000 487480.000 1.000 910.000 550.000 371.000 36565.645 1089862.738 214011.745 301721.042 10079878.239 5867078400980.342
4803.000 5062.000 487490.000 1.000 930.000 560.000 367.000 35669.000 1064951.580 325600.377 845125.807 5190365.640 3529891361606.140
4803.000 5168.000 487500.000 1.000 930.000 560.000 371.000 38180.518 1064951.580 457806.552 1975089.442 22941756.769 560756667444.248
4760.000 5273.000 487510.000 1.000 940.000 560.000 359.000 32311.010 1155549.563 610920.500 612788.372 1165865.682 4456903428695.443
4704.000 5351.000 487520.000 1.000 940.000 560.000 361.000 30489.945 1279081.633 738936.289 4706866.434 8414742.762 3932051502088.206
4637.000 5412.000 487530.000 1.000 940.000 560.000 361.000 16502.229 1435119.931 847530.202 1661696.560 285222567.237 1128332059613.130
4591.000 5429.000 487540.000 1.000 960.000 560.000 358.000 11564.052 1547448.703 879120.079 86632.598 476405295.718 6955318167618.092
4557.000 5424.000 487550.000 1.000 960.000 560.000 358.000 11306.600 1633194.317 869768.938 854392.344 487710237.847 3495157281405.250
4530.000 5404.000 487560.000 1.000 960.000 560.000 351.000 13845.656 1702933.422 832864.377 497668.021 382011192.097 4956226006705.896
4512.000 5367.000 487570.000 1.000 960.000 550.000 348.000 15324.610 1750236.159 766699.938 1637203.735 326385869.851 1180965973253.777
4497.000 5324.000 487580.000 1.000 950.000 540.000 344.000 20190.000 1790150.106 693246.131 1132322.500 174260133.283 2533202714719.400
4497.000 5264.000 487590.000 1.000 950.000 540.000 344.000 23555.000 1790150.106 596932.447 3395268.848 96742225.970 450700792060.719
4497.000 5194.000 487600.000 1.000 950.000 540.000 344.000 33644.952 1790150.106 493666.482 3813098.206 64612.250 1186295400755.981
4511.000 5095.000 487610.000 1.000 950.000 540.000 344.000 44976.596 1752883.089 364349.903 2569120.968 134231535.518 23964696509.932
4532.000 4963.000 487620.000 1.000 950.000 540.000 348.000 52611.428 1697717.563 222419.798 4108089.585 369433978.329 1915907948627.446
4559.000 4809.000 487630.000 1.000 950.000 540.000 361.000 64819.718 1628086.457 100878.675 475079.449 987779237.388 5057312241973.360
4584.000 4618.000 487640.000 1.000 940.000 540.000 373.000 66231.544 1564913.212 16031.114 761898.589 1078516922.809 3849552810902.395
4602.000 4422.000 487650.000 1.000 940.000 540.000 393.000 68495.730 1520202.475 4814.412 168892.715 1232358735.991 6528196714461.355
4617.000 4219.000 487660.000 1.000 940.000 540.000 410.000 67993.820 1483438.528 74194.114 644842.690 1197371581.266 4322588733846.868
4622.000 4017.000 487670.000 1.000 930.000 540.000 415.000 66077.497 1471283.878 225042.044 2036011.421 1068422605.583 473226906053.589
4610.000 3821.000 487680.000 1.000 930.000 540.000 448.000 72128.051 1500539.036 449417.342 1400437.624 1500577512.404 1751622324182.947
4586.000 3608.000 487690.000 1.000 910.000 540.000 458.000 76289.827 1559913.352 780370.763 5204356.110 1840329726.195 6152531951097.434
4540.000 3386.000 487700.000 1.000 900.000 540.000 478.000 91755.967 1676934.124 1221878.131 3014996.255 3406497084.381 84721707997.094
4468.000 3123.000 487710.000 1.000 900.000 540.000 501.000 82796.097 1868593.071 1872480.149 1780571.579 2440887066.945 889918164332.996
4378.000 2894.000 487720.000 1.000 890.000 550.000 512.000 77504.651 2122746.756 2551641.921 6485900.208 1946035149.561 14152447546093.746
4277.000 2687.000 487730.000 1.000 890.000 550.000 522.000 58230.059 2427254.668 3255808.710 4126292.552 616990645.531 1966631053164.410
4170.000 2551.000 487740.000 1.000 870.000 550.000 520.000 45967.674 2772108.159 3765097.693 5524293.244 158178700.305 7842054918040.246
4060.000 2470.000 487750.000 1.000 860.000 550.000 509.000 29550.755 3150500.440 4086001.219 3765663.484 14745658.386 1085216322209.378
3984.000 2426.000 487760.000 1.000 850.000 540.000 498.000 18360.076 3426071.106 4265819.184 2662490.969 225921539.738 3774302154.894
3935.000 2402.000 487770.000 1.000 830.000 540.000 438.000 10447.770 3609866.668 4365533.710 2383352.105 526380909.551 115990794827.452
3905.000 2394.000 487780.000 1.000 820.000 540.000 307.000 3365.000 3724764.563 4399027.886 2326673.728 901546419.852 157809620573.006
3895.000 2394.000 487790.000 1.000 820.000 530.000 93.000 10279.335 3763463.861 4399027.886 56519.546 534138085.818 7115058889401.711
5118.000 3808.000 488402.000 0.000 900.000 560.000 108.000 0.000 514038.685 467016.377 0.000 1114943027.166 7419774588027.579
5118.000 3808.000 488412.000 1.000 900.000 560.000 125.000 0.000 514038.685 467016.377 3831535.714 1114943027.166 1226798573239.532
5118.000 3808.000 488422.000 1.000 890.000 560.000 129.000 11386.436 514038.685 467016.377 3831535.714 484190389.222 1226798573239.532
5086.000 3797.000 488432.000 1.000 880.000 570.000 137.000 0.000 560948.440 482171.868 566161.250 1114943027.166 4655950090371.928
5086.000 3797.000 488442.000 1.000 900.000 570.000 134.000 1682.500 560948.440 482171.868 566161.250 1005413917.259 4655950090371.928
5081.000 3797.000 488452.000 1.000 900.000 570.000 170.000 0.000 568463.089 482171.868 566161.250 1114943027.166 4655950090371.928
5081.000 3797.000 488462.000 1.000 900.000 570.000 205.000 1682.500 568463.089 482171.868 566161.250 1005413917.259 4655950090371.928
5076.000 3797.000 488472.000 1.000 900.000 570.000 249.000 0.000 576027.738 482171.868 0.000 1114943027.166 7419774588027.579
5076.000 3797.000 488482.000 1.000 900.000 570.000 275.000 0.000 576027.738 482171.868 0.000 1114943027.166 7419774588027.579
5076.000 3797.000 488492.000 1.000 900.000 570.000 282.000 0.000 576027.738 482171.868 0.000 1114943027.166 7419774588027.579
5076.000 3797.000 488502.000 1.000 900.000 570.000 302.000 0.000 576027.738 482171.868 5323120.083 1114943027.166 6755808225978.080
5076.000 3797.000 488512.000 1.000 900.000 570.000 338.000 15819.079 576027.738 482171.868 2195535.303 308764064.621 279197065146.791
5105.000 3834.000 488522.000 1.000 900.000 570.000 387.000 22343.701 532848.773 432156.307 7090060.384 122037570.046 19063126678864.273
5145.000 3887.000 488532.000 1.000 900.000 570.000 413.000 43413.717 476051.580 365282.395 4046791.399 100459614.858 1749972021492.503
5224.000 3989.000 488542.000 1.000 900.000 570.000 431.000 55439.843 373278.124 252391.658 2822235.932 486161946.383 9664780127.791
5314.000 4127.000 488552.000 1.000 900.000 570.000 450.000 63826.874 271404.440 132777.131 1252231.583 926356877.011 2165885394179.980
5411.000 4290.000 488562.000 1.000 920.000 580.000 474.000 60105.532 179746.247 40556.307 2952860.520 713678903.970 52410868665.978
5498.000 4446.000 488572.000 1.000 920.000 580.000 472.000 51330.315 113545.352 2059.886 1817796.891 321827540.228 821070539185.416
5563.000 4584.000 488582.000 1.000 930.000 580.000 465.000 45928.244 73964.914 8577.359 3283572.384 157188439.797 313203718750.722
5613.000 4711.000 488592.000 1.000 930.000 590.000 341.000 36170.228 49268.422 48230.324 7496472.297 7725427.897 22777195117929.180
5636.000 4816.000 488602.000 1.000 950.000 590.000 1.000 13892.450 39587.036 105374.272 473475.659 380184194.339 5064528170357.048
5248.000 5052.000 488712.000 0.000 1040.000 570.000 91.000 29370.109 344527.808 314288.096 7232342.679 16165655.390 20325818080599.566
5275.000 5135.000 488722.000 1.000 1040.000 560.000 136.000 7877.263 313560.703 414239.026 1359652.815 650938661.959 1861242192056.972
5283.000 5157.000 488732.000 1.000 1040.000 560.000 139.000 3836.690 304665.264 443042.044 724884.935 873443207.384 3996166452513.055
5290.000 5166.000 488742.000 1.000 1040.000 560.000 151.000 1682.500 296986.756 455104.096 2198190.288 1005413917.259 276398373652.142
5295.000 5166.000 488752.000 1.000 1040.000 560.000 200.000 8215.012 291562.106 455104.096 2857490.027 633818418.391 17839264257.173
5315.000 5152.000 488762.000 1.000 1020.000 560.000 251.000 16706.810 270363.510 436410.903 2420040.027 278354274.437 92346878095.870
5331.000 5105.000 488772.000 1.000 1020.000 560.000 255.000 23898.608 253980.633 376522.184 6451846.408 90100998.995 13897388194504.309
5343.000 5035.000 488782.000 1.000 1030.000 570.000 285.000 43072.000 242029.475 295516.219 4143901.261 93726357.550 2016328837635.124
5343.000 4907.000 488792.000 1.000 1030.000 570.000 324.000 55386.714 242029.475 172735.026 2682833.740 483821877.888 1688599998.887
5329.000 4743.000 488802.000 1.000 1010.000 580.000 371.000 63359.474 256000.492 63309.623 1579342.223 898123662.836 1310072751423.895
5307.000 4556.000 488812.000 1.000 1010.000 580.000 413.000 68052.913 278746.949 4174.974 513272.872 1201464670.190 4886988660044.003
5277.000 4356.000 488822.000 1.000 1010.000 580.000 464.000 69578.241 311324.843 18329.359 135146.812 1309533592.781 6701779332714.241
5250.000 4151.000 488832.000 1.000 1000.000 580.000 520.000 69979.866 342183.949 115862.605 4298742.409 1338762487.445 2480045719238.452
5230.000 3944.000 488842.000 1.000 980.000 580.000 537.000 57205.000 365982.545 299631.395 4598699.519 567117902.832 3514774553718.662
5230.000 3774.000 488852.000 1.000 960.000 580.000 536.000 43538.731 365982.545 514642.623 2509560.804 102981262.600 45952573760.467
5240.000 3645.000 488862.000 1.000 950.000 570.000 539.000 36080.898 353983.247 716369.202 4802060.265 7236828.458 4318640700045.316
5276.000 3544.000 488872.000 1.000 930.000 570.000 536.000 21810.288 312441.773 897540.167 62625.006 134107392.015 7082524675338.389
5316.000 3493.000 488882.000 1.000 920.000 570.000 540.000 21996.395 269324.580 996774.535 235306.711 129831613.057 6193227550294.983
5373.000 3461.000 488892.000 1.000 900.000 570.000 488.000 22695.672 213411.580 1061695.237 1155009.666 114384962.992 2461499462152.334
5438.000 3443.000 488902.000 1.000 900.000 570.000 405.000 26128.093 157581.142 1099113.131 6833682.380 52746369.753 16890094885925.232
5515.000 3433.000 488912.000 1.000 900.000 570.000 244.000 5819.973 102377.545 1120180.851 21752.472 760148439.296 7301743496123.928
5923.000 4158.000 489393.000 0.000 930.000 580.000 5.000 2710.630 7750.177 111146.202 152021.166 941270536.497 6614696112899.556
5903.000 4202.000 489453.000 0.000 900.000 560.000 25.000 0.000 4628.773 83744.237 0.000 1114943027.166 7419774588027.579
5903.000 4202.000 489463.000 1.000 900.000 560.000 96.000 0.000 4628.773 83744.237 0.000 1114943027.166 7419774588027.579
5903.000 4202.000 489473.000 1.000 900.000 560.000 151.000 0.000 4628.773 83744.237 0.000 1114943027.166 7419774588027.579
5903.000 4202.000 489483.000 1.000 900.000 560.000 202.000 0.000 4628.773 83744.237 0.000 1114943027.166 7419774588027.579
5903.000 4202.000 489493.000 1.000 900.000 560.000 237.000 0.000 4628.773 83744.237 0.000 1114943027.166 7419774588027.579
5903.000 4202.000 489503.000 1.000 900.000 560.000 279.000 0.000 4628.773 83744.237 0.000 1114943027.166 7419774588027.579
5903.000 4202.000 489513.000 1.000 900.000 560.000 314.000 0.000 4628.773 83744.237 0.000 1114943027.166 7419774588027.579
5903.000 4202.000 489523.000 1.000 900.000 560.000 339.000 0.000 4628.773 83744.237 0.000 1114943027.166 7419774588027.579
5903.000 4202.000 489533.000 1.000 900.000 560.000 353.000 0.000 4628.773 83744.237 0.000 1114943027.166 7419774588027.579
5903.000 4202.000 489543.000 1.000 900.000 560.000 376.000 0.000 4628.773 83744.237 4152706.793 1114943027.166 2041413644621.595
5903.000 4202.000 489553.000 1.000 900.000 560.000 422.000 12340.882 4628.773 83744.237 2938561.626 443097473.373 46068315272.061
5939.000 4209.000 489563.000 1.000 900.000 560.000 447.000 21073.606 10823.299 79741.833 4918825.428 151712346.767 4817582101358.812
5978.000 4258.000 489573.000 1.000 900.000 560.000 465.000 35691.215 20459.036 54469.009 3586800.947 5292081.234 744552624695.715
6029.000 4351.000 489583.000 1.000 900.000 560.000 483.000 46350.356 37649.615 19708.219 236907.778 167951061.033 6185261220252.627
6091.000 4474.000 489593.000 1.000 900.000 560.000 498.000 45646.321 65553.966 302.272 282654.616 150198711.638 5959807524899.023
6146.000 4598.000 489603.000 1.000 900.000 560.000 492.000 44806.337 96742.826 11366.552 1575603.372 130315338.829 1318645589209.976
6197.000 4721.000 489613.000 1.000 910.000 560.000 497.000 40124.009 131069.405 52722.605 819717.028 45336607.052 3626013021614.494
6220.000 4838.000 489623.000 1.000 910.000 560.000 496.000 37688.000 148252.019 120141.289 4174508.964 18466249.252 2104190011739.645
6220.000 4950.000 489633.000 1.000 930.000 560.000 483.000 25282.327 148252.019 210326.833 1619854.132 65746727.917 1218975392763.999
6207.000 5024.000 489643.000 1.000 940.000 560.000 473.000 20468.496 138410.106 283677.710 47633.594 166984974.142 7162542746632.555
6163.000 5066.000 489653.000 1.000 960.000 560.000 468.000 20326.940 107607.019 330181.289 1112081.689 170663460.985 2598043109299.232
6106.000 5086.000 489663.000 1.000 960.000 560.000 474.000 23631.789 73460.019 353565.851 3071049.416 95237565.771 120494444893.103
6040.000 5062.000 489673.000 1.000 970.000 560.000 461.000 32758.236 42039.387 325600.377 3532814.232 400089.903 654299656781.405
5986.000 4981.000 489683.000 1.000 970.000 560.000 471.000 43256.941 22811.598 239721.903 5977514.662 97341476.174 10585837109663.066
5935.000 4863.000 489693.000 1.000 970.000 560.000 468.000 61020.729 10007.019 138096.991 2339439.191 763415043.136 147830351130.008
5913.000 4683.000 489703.000 1.000 970.000 560.000 493.000 67973.000 6089.475 36715.938 1804703.004 1195931143.428 844971501721.471
5913.000 4481.000 489713.000 1.000 970.000 560.000 509.000 73336.159 6089.475 107.868 2729830.676 1595634693.366 34861438.765
5942.000 4265.000 489723.000 1.000 970.000 560.000 537.000 65223.735 11456.510 51250.605 8372661.428 1013338131.670 31908208338520.211
5993.000 4078.000 489733.000 1.000 960.000 560.000 554.000 40342.126 24975.089 170887.956 3995784.056 48321453.086 1617622104713.816
6056.000 3976.000 489743.000 1.000 940.000 560.000 568.000 28467.582 48856.510 265622.693 1625503.293 24237707.243 1206533142710.904
6127.000 3930.000 489753.000 1.000 940.000 560.000 578.000 33298.201 85284.492 315154.202 5721388.360 8567.650 8984778690881.920
6223.000 3954.000 489763.000 1.000 930.000 570.000 586.000 50300.841 150571.229 288783.675 3713741.870 285950751.415 979734826205.419
6335.000 4053.000 489773.000 1.000 930.000 570.000 586.000 61337.221 250035.089 192182.254 2872286.605 781004536.972 22010774642.463
6440.000 4202.000 489783.000 1.000 930.000 570.000 536.000 69872.991 366067.457 83744.237 19656729.269 1330952988.859 286719815764125.312
6526.000 4391.000 489793.000 1.000 930.000 580.000 348.000 11457.748 477529.492 10077.342 21385.413 481057129.546 7303727345316.002
6607.000 5276.000 490054.000 0.000 1030.000 570.000 175.000 9799.028 596038.177 615619.184 2731211.672 556569941.547 53076377.196
6635.000 5284.000 490064.000 1.000 1020.000 560.000 219.000 1682.500 640056.142 628237.009 566161.250 1005413917.259 4655950090371.928
6635.000 5279.000 490074.000 1.000 1010.000 570.000 225.000 0.000 640056.142 620335.868 2377877.250 1114943027.166 119749957734.842
6635.000 5279.000 490084.000 1.000 1010.000 570.000 233.000 7066.500 640056.142 620335.868 1134148.349 692966801.557 2527393991963.557
6635.000 5258.000 490094.000 1.000 990.000 570.000 252.000 10436.926 640056.142 587697.079 2221597.564 526878614.767 252334177488.831
6646.000 5229.000 490104.000 1.000 990.000 570.000 297.000 17038.999 657777.914 544074.465 3493936.705 267380172.907 592915995484.489
6654.000 5179.000 490114.000 1.000 990.000 570.000 336.000 27422.169 670818.475 472813.061 2307133.173 35624109.590 173716526045.601
6674.000 5100.000 490124.000 1.000 990.000 570.000 377.000 34278.434 703979.878 370411.044 5688896.257 787960.510 8791046736850.235
6698.000 5001.000 490134.000 1.000 990.000 570.000 420.000 51184.515 744829.563 259706.465 2710432.797 316617624.389 182075119.551
6747.000 4857.000 490144.000 1.000 980.000 580.000 466.000 59239.293 831808.001 133673.623 1408980.350 668146523.719 1729082899789.884
6811.000 4693.000 490154.000 1.000 980.000 580.000 497.000 63426.456 952644.492 40648.219 5491700.527 902142877.878 7660574069836.678
6873.000 4515.000 490164.000 1.000 980.000 580.000 542.000 47106.395 1077516.843 557.623 6870906.346 188118572.068 17197443349381.195
6934.000 4389.000 490174.000 1.000 960.000 580.000 568.000 26687.654 1207878.124 10482.886 940905.821 44931664.935 3179162094119.350
6993.000 4336.000 490184.000 1.000 970.000 590.000 572.000 23891.500 1341045.264 24144.798 4501205.710 90235989.988 3158722035835.166
7064.000 4336.000 490194.000 1.000 950.000 590.000 589.000 37268.040 1510527.247 24144.798 9708505.185 15033280.018 48784341943869.711
7149.000 4407.000 490204.000 1.000 950.000 590.000 609.000 66119.467 1726688.212 7120.991 7026318.198 1071168091.549 18510575885718.461
7244.000 4579.000 490214.000 1.000 930.000 590.000 616.000 87000.056 1985379.878 7676.219 4479468.820 2873956338.596 3081929474952.731
7345.000 4817.000 490224.000 1.000 930.000 600.000 634.000 100311.999 2280205.966 106024.500 1436948.211 4478451880.992 1656312648905.814
7450.000 5096.000 490234.000 1.000 930.000 600.000 634.000 96041.722 2608338.335 365558.131 1048507.080 3925142713.447 2807029624373.404
7556.000 5361.000 490244.000 1.000 950.000 600.000 620.000 92925.802 2961961.773 756228.570 11819936.351 3544420916.081 82737398513308.781
7662.000 5616.000 490254.000 1.000 970.000 610.000 480.000 57799.691 3338057.212 1264756.728 14616625.203 595795785.522 141436286759960.812
7742.000 5768.000 490264.000 1.000 990.000 610.000 1.000 14362.469 3636782.826 1629743.395 194059.985 362075957.417 6400223664829.339
7612.000 4920.000 490465.000 0.000 1010.000 620.000 286.000 25954.165 3157853.703 183709.991 2993248.597 55302983.899 72534489754.706
7594.000 4845.000 490475.000 1.000 1010.000 620.000 306.000 17058.924 3094204.440 125042.886 0.000 266728952.133 7419774588027.579
7581.000 4796.000 490485.000 1.000 990.000 620.000 340.000 17058.924 3048638.528 92789.710 299315.067 266728952.133 5878739720375.776
7568.000 4747.000 490495.000 1.000 990.000 620.000 376.000 17948.419 3003410.615 65338.535 437220.507 238465975.933 5229023467853.091
7595.000 4701.000 490505.000 1.000 990.000 620.000 413.000 16649.101 3097723.510 43938.044 1603633.822 280283233.207 1255055277471.802
7643.000 4689.000 490515.000 1.000 990.000 620.000 442.000 21414.729 3268990.878 39051.307 4324745.783 143425380.844 2562622958268.440
7706.000 4698.000 490525.000 1.000 990.000 620.000 473.000 34266.871 3500772.299 42689.359 4301075.027 767565.924 2487398049064.470
7789.000 4757.000 490535.000 1.000 990.000 620.000 498.000 47048.669 3818253.124 70550.816 3074857.249 186538407.167 123152518057.528
7879.000 4864.000 490545.000 1.000 990.000 620.000 521.000 56186.432 4178079.440 138841.219 691279.016 519642543.287 4131655055920.717
7973.000 5002.000 490555.000 1.000 990.000 620.000 532.000 58240.753 4571194.036 260726.693 950411.609 617522022.764 3145354424429.128
8039.000 5162.000 490565.000 1.000 990.000 620.000 535.000 55416.350 4857770.668 449723.184 4648871.332 485126500.212 3705413305415.020
8078.000 5322.000 490575.000 1.000 990.000 620.000 540.000 41600.982 5031206.405 689919.675 1969968.922 67407702.558 568451755573.922
8098.000 5444.000 490585.000 1.000 1020.000 630.000 527.000 35746.691 5121327.808 907473.500 938357.843 5550398.615 3188254780313.045
8057.000 5542.000 490595.000 1.000 1020.000 630.000 519.000 32958.109 4937439.931 1103789.851 1608278.868 187189.140 1244669233565.754
7974.000 5594.000 490605.000 1.000 1040.000 620.000 516.000 37737.541 4575471.106 1215757.710 2342465.000 18894482.438 145512737429.220
7863.000 5578.000 490615.000 1.000 1040.000 620.000 513.000 44698.804 4112926.317 1180730.061 5845522.537 127871800.251 9744362952028.932
7745.000 5517.000 490625.000 1.000 1050.000 620.000 516.000 62070.342 3648234.036 1051884.149 3809644.370 822518274.427 1178783687587.877
7645.000 5362.000 490635.000 1.000 1050.000 620.000 524.000 73391.722 3276227.019 757968.798 2052632.838 1600076752.733 450634936816.554
7558.000 5162.000 490645.000 1.000 1050.000 610.000 544.000 79491.671 2968849.914 449723.184 2504285.830 2125293755.090 48241944140.994
7500.000 4933.000 490655.000 1.000 1050.000 610.000 557.000 72049.514 2772341.843 195022.956 7341168.462 1494499059.626 21318925012711.520
7493.000 4719.000 490665.000 1.000 1050.000 610.000 565.000 50233.263 2749080.352 51808.149 808174.742 283669819.645 3670104102447.718
7519.000 4572.000 490675.000 1.000 1030.000 610.000 565.000 47831.555 2835974.177 6498.623 1781397.014 208536485.072 888361489637.316
7618.000 4470.000 490685.000 1.000 1030.000 610.000 564.000 53125.454 3179214.124 457.359 4727232.760 389458044.561 4013236698988.854
7773.000 4440.000 490695.000 1.000 1010.000 620.000 561.000 67173.694 3755980.001 2640.517 2773468.332 1141286453.819 2454411112.354
7966.000 4491.000 490705.000 1.000 990.000 620.000 524.000 75415.799 4541310.545 0.149 25377416.363 1766103684.225 513180611201162.250
8164.000 4596.000 490715.000 1.000 990.000 620.000 361.000 0.000 5424404.440 10944.096 0.000 1114943027.166 7419774588027.579
