3234.000 5358.000 781183.000 0.000 1300.000 460.000 137.000 0.000 3404113.208 1159405.577 0.000 705936671.510 2516268864513.712
3234.000 5358.000 781193.000 1.000 1300.000 460.000 219.000 0.000 3404113.208 1159405.577 0.000 705936671.510 2516268864513.712
3234.000 5358.000 781203.000 1.000 1300.000 460.000 305.000 0.000 3404113.208 1159405.577 0.000 705936671.510 2516268864513.712
3234.000 5358.000 781213.000 1.000 1300.000 460.000 422.000 0.000 3404113.208 1159405.577 0.000 705936671.510 2516268864513.712
3234.000 5358.000 781223.000 1.000 1310.000 460.000 517.000 0.000 3404113.208 1159405.577 0.000 705936671.510 2516268864513.712
3234.000 5358.000 781233.000 1.000 1310.000 460.000 594.000 0.000 3404113.208 1159405.577 0.000 705936671.510 2516268864513.712
3234.000 5358.000 781243.000 1.000 1310.000 460.000 664.000 0.000 3404113.208 1159405.577 0.000 705936671.510 2516268864513.712
3234.000 5358.000 781253.000 1.000 1310.000 460.000 730.000 0.000 3404113.208 1159405.577 0.000 705936671.510 2516268864513.712
3234.000 5358.000 781263.000 1.000 1310.000 460.000 779.000 0.000 3404113.208 1159405.577 0.000 705936671.510 2516268864513.712
3234.000 5358.000 781273.000 1.000 1310.000 460.000 799.000 0.000 3404113.208 1159405.577 0.000 705936671.510 2516268864513.712
3234.000 5358.000 781283.000 1.000 1310.000 460.000 812.000 0.000 3404113.208 1159405.577 0.000 705936671.510 2516268864513.712
3234.000 5358.000 781293.000 1.000 1320.000 460.000 832.000 0.000 3404113.208 1159405.577 0.000 705936671.510 2516268864513.712
3234.000 5358.000 781303.000 1.000 1320.000 460.000 827.000 0.000 3404113.208 1159405.577 13390069.830 705936671.510 139329568750814.625
3234.000 5358.000 781313.000 1.000 1320.000 460.000 839.000 42080.672 3404113.208 1159405.577 1852314.431 240597425.181 70776896853.687
3326.000 5453.000 781323.000 1.000 1320.000 460.000 849.000 36259.445 3073092.809 1373014.402 715318.055 93895639.050 758566268471.992
3403.000 5537.000 781333.000 1.000 1320.000 460.000 858.000 38507.459 2809056.128 1576925.573 28060.467 142515610.377 2428033011092.907
3485.000 5626.000 781343.000 1.000 1320.000 460.000 860.000 38419.274 2540912.208 1808371.314 2057452.244 140417883.637 222007850047.009
3562.000 5719.000 781353.000 1.000 1320.000 460.000 864.000 31953.365 2301361.526 2067145.111 1033598.878 28986338.455 305451066163.322
3634.000 5789.000 781363.000 1.000 1340.000 460.000 853.000 28705.097 2088094.084 2273331.087 264792.357 4560907.873 1746316783030.185
3681.000 5866.000 781373.000 1.000 1340.000 460.000 864.000 27872.940 1954470.837 2511454.661 1598794.627 1699037.209 156737201.704
3709.000 5949.000 781383.000 1.000 1340.000 460.000 876.000 22848.444 1876965.499 2781413.318 661064.955 13846025.450 856013912517.923
3725.000 6019.000 781393.000 1.000 1350.000 450.000 879.000 20770.930 1833380.734 3019799.294 331733.046 33623052.040 1573875900994.990
3731.000 6084.000 781403.000 1.000 1350.000 450.000 881.000 19728.400 1817168.447 3249932.700 1366108.968 46800222.119 48473149501.644
3731.000 6146.000 781413.000 1.000 1360.000 450.000 888.000 15435.160 1817168.447 3477318.565 58796.996 123972832.117 2333189523471.349
3719.000 6193.000 781423.000 1.000 1380.000 450.000 893.000 15250.380 1849665.020 3654814.720 555751.574 128121770.920 1061978849141.298
3700.000 6237.000 781433.000 1.000 1380.000 450.000 897.000 13503.832 1901706.929 3824985.334 543059.530 170710864.594 1088298838365.520
3665.000 6261.000 781443.000 1.000 1390.000 440.000 893.000 15210.493 1999463.602 3919437.669 839123.629 129026330.881 558235401458.659
3619.000 6274.000 781453.000 1.000 1390.000 440.000 885.000 17847.588 2131669.801 3971080.350 2413399.355 76071204.425 684134443715.124
3564.000 6263.000 781463.000 1.000 1400.000 450.000 878.000 25432.124 2295297.431 3927360.697 1838381.726 1293553.160 63557723595.371
3496.000 6221.000 781473.000 1.000 1410.000 440.000 879.000 31209.565 2505964.682 3762657.111 1899924.152 21530492.886 98375693883.924
3420.000 6159.000 781483.000 1.000 1410.000 440.000 875.000 37180.414 2752360.315 3525971.246 1516318.142 112592158.359 4893983541.904
3342.000 6072.000 781493.000 1.000 1410.000 440.000 876.000 41945.713 3017252.044 3206810.533 1094935.746 236428886.164 241414413951.666
3261.000 5968.000 781503.000 1.000 1400.000 450.000 872.000 45386.743 3305210.917 2845149.083 897082.486 354089808.888 474986533762.247
3178.000 5852.000 781513.000 1.000 1400.000 450.000 872.000 42567.502 3613891.885 2467277.465 69454.150 255937066.753 2300745958477.722
3108.000 5738.000 781523.000 1.000 1380.000 450.000 870.000 42785.774 3884935.232 2122140.876 2461572.608 262968554.831 766145632804.521
3040.000 5622.000 781533.000 1.000 1380.000 450.000 872.000 50521.703 4157618.483 1797629.258 1574556.697 573709523.897 137322236.795
2980.000 5475.000 781543.000 1.000 1360.000 450.000 870.000 55470.027 4405901.351 1425055.708 497151.225 835242265.147 1186190932937.352
2930.000 5308.000 781553.000 1.000 1350.000 450.000 872.000 57032.413 4618303.742 1054229.880 1950083.609 927990970.255 132356591857.016
2887.000 5134.000 781563.000 1.000 1350.000 450.000 872.000 63160.897 4804968.797 727194.453 1189056.760 1338932618.824 157782452611.066
2845.000 4940.000 781573.000 1.000 1330.000 450.000 872.000 66897.719 4990862.805 433960.748 3924406.739 1626367765.415 5466859308308.851
2803.000 4734.000 781583.000 1.000 1330.000 450.000 875.000 54564.574 5180284.813 204988.876 494838.548 783725916.007 1191233865134.215
2760.000 4568.000 781593.000 1.000 1320.000 460.000 879.000 56119.692 5377871.869 82229.561 431109.770 873215692.065 1334407064621.978
2721.000 4396.000 781603.000 1.000 1320.000 460.000 879.000 57474.531 5560276.734 13169.163 119228.267 955122870.522 2152226568948.629
2685.000 4219.000 781613.000 1.000 1310.000 460.000 881.000 57099.835 5731350.455 3874.195 595440.341 932103261.231 981753626850.121
2650.000 4043.000 781623.000 1.000 1300.000 460.000 882.000 55228.558 5900157.128 56759.740 382317.300 821343394.641 1449514514448.116
2615.000 3873.000 781633.000 1.000 1290.000 460.000 882.000 56430.058 6071413.801 166662.370 5390687.931 891654788.275 14473556577043.006
2604.000 3696.000 781643.000 1.000 1290.000 460.000 882.000 39488.864 6125743.327 342509.402 3055821.927 166910772.725 2159567717741.976
2609.000 3572.000 781653.000 1.000 1270.000 460.000 882.000 29885.401 6101018.088 503025.673 416068.456 10995406.455 1369383716277.170
2639.000 3483.000 781663.000 1.000 1250.000 460.000 882.000 28577.832 5953716.654 637191.932 842266.490 4033522.804 553548892255.273
2694.000 3412.000 781673.000 1.000 1250.000 460.000 887.000 25930.860 5688339.024 755583.442 150212.992 407821.180 2062274533414.180
2765.000 3372.000 781683.000 1.000 1240.000 470.000 890.000 26402.931 5354706.630 826722.884 1544943.414 27734.834 1708312739.661
2846.000 3354.000 781693.000 1.000 1230.000 470.000 897.000 31258.190 4986395.758 859779.633 1743230.062 21984106.633 24634843114.023
2941.000 3379.000 781703.000 1.000 1220.000 470.000 900.000 36736.600 4571146.216 814042.481 708627.263 103370557.146 770265820751.577
3046.000 3427.000 781713.000 1.000 1220.000 470.000 899.000 38963.587 4133186.196 729731.151 3911813.019 153614166.331 5408126361085.507
3151.000 3490.000 781723.000 1.000 1210.000 480.000 853.000 26670.020 3717276.176 626065.529 2465568.882 10110.547 773157459924.981
3219.000 3539.000 781733.000 1.000 1210.000 480.000 796.000 18921.532 3459688.925 550924.712 2484277.769 58490937.065 806408696367.954
3263.000 3579.000 781743.000 1.000 1220.000 480.000 670.000 11114.248 3297942.821 493145.270 3476145.353 238863849.509 3571609368691.834
3271.000 3613.000 781753.000 1.000 1220.000 480.000 453.000 22038.652 3268950.439 446548.744 262572.594 20528300.738 1752188467614.237
3265.000 3682.000 781763.000 1.000 1220.000 480.000 146.000 21213.471 3290682.726 359092.206 515276.830 28686712.271 1147037410224.154
3504.000 4522.000 781894.000 0.000 1260.000 470.000 373.000 0.000 2480700.299 57963.920 0.000 705936671.510 2516268864513.712
3504.000 4522.000 781904.000 1.000 1260.000 470.000 444.000 0.000 2480700.299 57963.920 0.000 705936671.510 2516268864513.712
3504.000 4522.000 781914.000 1.000 1260.000 470.000 572.000 0.000 2480700.299 57963.920 0.000 705936671.510 2516268864513.712
3504.000 4522.000 781924.000 1.000 1260.000 470.000 667.000 0.000 2480700.299 57963.920 0.000 705936671.510 2516268864513.712
3504.000 4522.000 781934.000 1.000 1260.000 470.000 725.000 0.000 2480700.299 57963.920 0.000 705936671.510 2516268864513.712
3504.000 4522.000 781944.000 1.000 1260.000 470.000 748.000 0.000 2480700.299 57963.920 0.000 705936671.510 2516268864513.712
3504.000 4522.000 781954.000 1.000 1260.000 470.000 757.000 0.000 2480700.299 57963.920 0.000 705936671.510 2516268864513.712
3504.000 4522.000 781964.000 1.000 1270.000 460.000 771.000 0.000 2480700.299 57963.920 0.000 705936671.510 2516268864513.712
3504.000 4522.000 781974.000 1.000 1270.000 460.000 791.000 0.000 2480700.299 57963.920 0.000 705936671.510 2516268864513.712
3504.000 4522.000 781984.000 1.000 1270.000 460.000 827.000 0.000 2480700.299 57963.920 0.000 705936671.510 2516268864513.712
3504.000 4522.000 781994.000 1.000 1270.000 460.000 827.000 0.000 2480700.299 57963.920 12076094.114 705936671.510 110036301811485.906
3504.000 4522.000 782004.000 1.000 1270.000 460.000 842.000 37951.270 2480700.299 57963.920 4585555.062 129545398.901 8995679965935.025
3616.000 4563.000 782014.000 1.000 1290.000 460.000 861.000 23540.349 2140438.945 79386.991 691413.280 9175566.671 800777773717.050
3688.000 4580.000 782024.000 1.000 1290.000 460.000 858.000 25713.238 1934947.503 89255.728 338411.428 733131.157 1557163878915.180
3767.000 4597.000 782034.000 1.000 1290.000 460.000 876.000 24649.720 1721406.726 99702.465 1915369.580 3685435.397 108303141158.713
3843.000 4612.000 782044.000 1.000 1290.000 460.000 887.000 18630.331 1527755.092 109400.175 1169363.044 63029908.767 173815707547.702
3901.000 4620.000 782054.000 1.000 1290.000 460.000 896.000 14955.400 1387740.319 114756.286 1379382.363 134886593.739 42804627008.983
3948.000 4620.000 782064.000 1.000 1290.000 460.000 899.000 10620.446 1279215.072 114756.286 480031.747 254371327.792 1223774475751.333
3981.000 4615.000 782074.000 1.000 1290.000 460.000 906.000 9111.861 1205656.495 111393.716 111021.571 304768069.570 2176373134448.211
4007.000 4603.000 782084.000 1.000 1290.000 460.000 902.000 9460.766 1149235.252 103527.549 343125.561 292707710.981 1545420910823.703
4029.000 4583.000 782094.000 1.000 1290.000 460.000 921.000 10539.099 1102550.200 91057.270 1790380.302 256972755.439 41658911399.444
4045.000 4554.000 782104.000 1.000 1290.000 460.000 938.000 16165.687 1069205.435 74396.366 1133655.277 108238675.427 204864753145.658
4054.000 4504.000 782114.000 1.000 1290.000 460.000 948.000 19728.400 1050674.005 49620.669 2733783.480 46800222.119 1316775358010.737
4054.000 4442.000 782124.000 1.000 1290.000 460.000 943.000 28319.800 1050674.005 25842.804 2229351.521 3063659.363 413547213665.816
4054.000 4353.000 782134.000 1.000 1290.000 460.000 955.000 35325.933 1050674.005 5149.063 1775094.610 76675665.551 35652786926.523
4039.000 4243.000 782144.000 1.000 1300.000 470.000 961.000 40904.483 1081649.722 1462.529 989476.311 205492632.548 356168859125.022
4009.000 4118.000 782154.000 1.000 1300.000 470.000 968.000 44014.088 1144951.156 26648.286 1367909.980 304314739.561 47683349259.549
3971.000 3985.000 782164.000 1.000 1300.000 470.000 973.000 48312.988 1227716.973 87759.932 771538.904 472780627.859 663795157226.359
3933.000 3838.000 782174.000 1.000 1280.000 470.000 980.000 50737.686 1313370.789 196464.382 4282769.625 584102723.358 7271082431596.424
3900.000 3682.000 782184.000 1.000 1280.000 470.000 994.000 37278.322 1390097.367 359092.206 355920.701 114679537.183 1513772080262.018
3873.000 3568.000 782194.000 1.000 1280.000 470.000 982.000 38396.866 1454493.658 508715.617 819566.102 139887324.885 587842770571.468
3853.000 3449.000 782204.000 1.000 1270.000 480.000 985.000 40972.498 1503134.614 692628.457 281996.795 207447250.572 1701142038015.548
3839.000 3321.000 782214.000 1.000 1260.000 480.000 996.000 41858.723 1537659.283 922066.673 2292818.420 233761294.455 499203386589.202
3827.000 3190.000 782224.000 1.000 1260.000 480.000 996.000 34653.134 1567563.857 1190811.346 1404029.817 65345643.310 33213362894.547
3813.000 3082.000 782234.000 1.000 1250.000 480.000 1000.000 30240.721 1602816.526 1438183.840 2535010.622 13478092.827 900098988052.189
3799.000 2988.000 782244.000 1.000 1250.000 480.000 999.000 22274.000 1638461.196 1672477.529 3037537.200 18451052.082 2106161525871.013
3799.000 2918.000 782254.000 1.000 1240.000 490.000 999.000 12728.000 1638461.196 1858431.553 2025024.800 191586258.122 192501251777.726
3799.000 2878.000 782264.000 1.000 1240.000 490.000 1003.000 6364.000 1638461.196 1969090.995 2025024.800 408260968.816 192501251777.726
3799.000 2858.000 782274.000 1.000 1240.000 490.000 1012.000 0.000 1638461.196 2025620.716 1012512.400 705936671.510 329203697991.959
3799.000 2858.000 782284.000 1.000 1240.000 490.000 996.000 3182.000 1638461.196 2025620.716 1012512.400 546973696.163 329203697991.959
3799.000 2868.000 782294.000 1.000 1240.000 490.000 983.000 6364.000 1638461.196 1997255.856 4905324.743 408260968.816 11016090173579.906
3799.000 2888.000 782304.000 1.000 1240.000 490.000 915.000 21779.854 1638461.196 1941126.135 1846445.232 22940409.787 67688469434.700
3813.000 2955.000 782314.000 1.000 1230.000 490.000 821.000 27582.636 1602816.526 1758920.569 1242474.585 1026507.806 118198831313.209
3830.000 3040.000 782324.000 1.000 1230.000 490.000 640.000 31487.333 1560060.714 1540684.254 7738948.882 24185388.439 37855394001995.789
3854.000 3136.000 782334.000 1.000 1230.000 490.000 252.000 7166.312 1500683.566 1311581.593 39935.560 376482493.218 2391166140280.118
4704.000 4101.000 782905.000 0.000 1310.000 480.000 253.000 0.000 140642.929 32487.549 0.000 705936671.510 2516268864513.712
4704.000 4101.000 782915.000 1.000 1310.000 480.000 314.000 0.000 140642.929 32487.549 0.000 705936671.510 2516268864513.712
4704.000 4101.000 782925.000 1.000 1310.000 480.000 490.000 0.000 140642.929 32487.549 0.000 705936671.510 2516268864513.712
4704.000 4101.000 782935.000 1.000 1310.000 480.000 608.000 0.000 140642.929 32487.549 0.000 705936671.510 2516268864513.712
4704.000 4101.000 782945.000 1.000 1310.000 480.000 667.000 0.000 140642.929 32487.549 0.000 705936671.510 2516268864513.712
4704.000 4101.000 782955.000 1.000 1310.000 480.000 716.000 0.000 140642.929 32487.549 0.000 705936671.510 2516268864513.712
4704.000 4101.000 782965.000 1.000 1310.000 480.000 734.000 0.000 140642.929 32487.549 0.000 705936671.510 2516268864513.712
4704.000 4101.000 782975.000 1.000 1310.000 480.000 756.000 0.000 140642.929 32487.549 0.000 705936671.510 2516268864513.712
4704.000 4101.000 782985.000 1.000 1320.000 480.000 784.000 0.000 140642.929 32487.549 0.000 705936671.510 2516268864513.712
4704.000 4101.000 782995.000 1.000 1320.000 480.000 814.000 0.000 140642.929 32487.549 10377140.627 705936671.510 77279315762632.375
4704.000 4101.000 783005.000 1.000 1320.000 480.000 818.000 32612.007 140642.929 32487.549 2353339.105 36512268.081 588387104770.930
4806.000 4111.000 783015.000 1.000 1330.000 480.000 831.000 25216.221 74542.052 28982.689 3075569.737 1831279.567 2217998354656.473
4864.000 4165.000 783025.000 1.000 1330.000 480.000 864.000 34881.745 46235.279 13512.442 2002789.620 69093935.877 173484300304.295
4943.000 4241.000 783035.000 1.000 1330.000 480.000 857.000 41175.867 18502.503 1619.501 1271353.145 213346868.819 99175871815.329
5035.000 4332.000 783045.000 1.000 1330.000 480.000 863.000 37180.414 1938.104 2576.270 2799560.511 112592158.359 1472061357268.930
5122.000 4410.000 783055.000 1.000 1330.000 480.000 870.000 28382.298 1846.945 16578.358 1870271.730 3286349.763 80654055123.151
5188.000 4470.000 783065.000 1.000 1340.000 490.000 876.000 22504.637 11875.789 35629.195 944116.265 16522857.439 412368038849.633
5239.000 4519.000 783075.000 1.000 1340.000 490.000 881.000 19537.584 25592.351 56528.378 2637087.273 49447403.628 1104206109227.947
5276.000 4568.000 783085.000 1.000 1350.000 490.000 894.000 11250.069 38799.582 82229.561 1757249.636 234684009.768 29232273461.110
5293.000 4599.000 783095.000 1.000 1350.000 490.000 905.000 5727.600 45785.769 100969.493 810009.920 434383494.445 602587713671.708
5293.000 4617.000 783105.000 1.000 1350.000 490.000 893.000 3182.000 45785.769 112732.744 202502.480 546973696.163 1914826813584.760
5293.000 4627.000 783115.000 1.000 1350.000 490.000 906.000 2545.600 45785.769 119547.884 0.000 577146271.392 2516268864513.712
5293.000 4635.000 783125.000 1.000 1350.000 490.000 917.000 2545.600 45785.769 125143.995 202502.480 577146271.392 1914826813584.760
5285.000 4635.000 783135.000 1.000 1350.000 490.000 930.000 3182.000 42426.152 125143.995 810009.920 546973696.163 602587713671.708
5275.000 4635.000 783145.000 1.000 1350.000 490.000 933.000 5727.600 38406.630 125143.995 643106.383 434383494.445 889567330777.531
5257.000 4635.000 783155.000 1.000 1350.000 490.000 933.000 7748.676 31675.491 125143.995 1329604.746 354222241.051 65879698394.016
5234.000 4627.000 783165.000 1.000 1350.000 490.000 933.000 11927.195 24017.590 119547.884 726062.396 214396181.591 739965989197.323
5207.000 4601.000 783175.000 1.000 1360.000 480.000 935.000 14208.975 16377.881 102244.521 63049.103 152781806.606 2320217602748.484
5182.000 4564.000 783185.000 1.000 1360.000 480.000 933.000 14407.118 10604.076 79951.505 488985.895 147922776.614 1204043718135.351
5159.000 4525.000 783195.000 1.000 1360.000 480.000 939.000 12870.393 6396.176 59417.461 258444.267 187664677.359 1763134864735.713
5153.000 4485.000 783205.000 1.000 1360.000 480.000 945.000 13682.600 5472.463 41516.904 607507.440 166071387.078 957986238163.758
5153.000 4442.000 783215.000 1.000 1360.000 480.000 940.000 15591.800 5472.463 25842.804 1694370.134 120509211.950 11684524679.668
5153.000 4393.000 783225.000 1.000 1350.000 490.000 958.000 20916.659 5472.463 12489.621 1124869.138 31954258.464 212895511692.905
5138.000 4329.000 783235.000 1.000 1350.000 490.000 974.000 24451.760 3478.180 2280.728 1640713.341 4484690.497 2963516193.003
5114.000 4256.000 783245.000 1.000 1350.000 490.000 986.000 29607.993 1223.327 637.210 379731.289 9232629.406 1455748098409.484
5081.000 4169.000 783255.000 1.000 1350.000 490.000 991.000 30801.366 3.905 12598.497 606234.004 17908954.040 960480655888.548
5048.000 4078.000 783265.000 1.000 1350.000 490.000 992.000 32706.564 962.483 41307.728 160323.161 37663937.680 2033339086624.724
5014.000 3981.000 783275.000 1.000 1350.000 490.000 977.000 32202.720 4228.108 90145.876 78735.408 31733519.253 2272676086070.049
4993.000 3882.000 783285.000 1.000 1350.000 490.000 977.000 32450.160 7400.112 159394.995 471444.802 34582529.168 1242846713962.520
4973.000 3782.000 783295.000 1.000 1340.000 490.000 982.000 30968.561 11241.068 249243.601 177946.031 19352012.317 1983390918970.491
4957.000 3686.000 783305.000 1.000 1340.000 490.000 988.000 30409.334 14889.833 354314.262 1079758.242 14744564.870 256559382242.915
4935.000 3593.000 783315.000 1.000 1340.000 490.000 997.000 33802.666 20742.885 473678.465 523397.952 52319141.953 1129707946743.076
4909.000 3490.000 783325.000 1.000 1330.000 500.000 1000.000 35447.537 28908.128 626065.529 891818.185 78820095.233 482270481931.004
4886.000 3381.000 783335.000 1.000 1320.000 490.000 1005.000 38250.234 37258.228 810437.509 2619201.569 136440276.011 1066936978598.992
4869.000 3262.000 783345.000 1.000 1300.000 500.000 1006.000 30018.928 44110.040 1038856.350 1776745.113 11898768.877 36278805243.520
4861.000 3168.000 783355.000 1.000 1300.000 500.000 1005.000 24435.191 47534.423 1239310.039 2974644.652 4555141.663 1927569862700.206
4872.000 3092.000 783365.000 1.000 1290.000 500.000 1003.000 15086.842 42858.897 1414298.979 769612.839 131850717.880 666937336903.840
4894.000 3050.000 783375.000 1.000 1290.000 500.000 1008.000 12668.197 34233.845 1515959.394 19029.315 193245357.237 2456259520175.012
4930.000 3033.000 783385.000 1.000 1290.000 500.000 1015.000 12728.000 22208.124 1558110.657 3312802.474 191586258.122 2980896586362.455
4970.000 3033.000 783395.000 1.000 1290.000 500.000 1023.000 23139.070 11886.212 1558110.657 2543224.955 11767635.823 915752921443.314
5032.000 3071.000 783405.000 1.000 1290.000 500.000 1023.000 31131.606 2211.248 1464688.187 1764199.124 20813095.970 31656939065.118
5106.000 3135.000 783415.000 1.000 1290.000 500.000 1023.000 36675.915 727.710 1313873.079 1510286.661 102140255.100 5774251083.548
5187.000 3217.000 783425.000 1.000 1290.000 500.000 1023.000 41422.259 11658.837 1132613.222 207975.520 220605377.175 1899709881359.094
5276.000 3312.000 783435.000 1.000 1290.000 500.000 1023.000 42075.859 38799.582 939432.047 519416.952 240448137.504 1138186423387.193
5369.000 3406.000 783445.000 1.000 1290.000 500.000 1023.000 43708.219 84086.136 766050.358 512794.892 293736758.937 1152359873117.428
5461.000 3508.000 783455.000 1.000 1290.000 500.000 1023.000 45319.768 145905.738 597904.780 1476016.839 351573720.657 12156896048.603
5555.000 3615.000 783465.000 1.000 1300.000 510.000 1023.000 49958.413 226553.244 443879.772 900261.304 547042711.499 470615002528.478
5650.000 3740.000 783475.000 1.000 1300.000 510.000 1023.000 52787.644 326013.702 292944.015 760357.037 687392711.612 682140736153.350
5739.000 3880.000 783485.000 1.000 1300.000 510.000 1023.000 55177.201 435568.447 160995.967 5422011.221 818402342.493 14712871174920.543
5826.000 4030.000 783495.000 1.000 1320.000 500.000 1023.000 38137.568 557973.287 63123.059 2121734.053 133820919.451 286716232411.628
5880.000 4137.000 783505.000 1.000 1320.000 500.000 1023.000 31469.642 641562.706 20806.051 1289566.276 24011697.538 88036158343.124
5921.000 4227.000 783515.000 1.000 1330.000 500.000 1023.000 27416.951 708923.746 2942.306 1916857.165 718226.105 109284465930.952
5953.000 4307.000 783525.000 1.000 1340.000 500.000 1023.000 21392.887 763834.216 663.422 3188989.581 26796998.975 2568693534194.676
5979.000 4369.000 783535.000 1.000 1340.000 500.000 1023.000 11370.921 809956.973 7701.286 1998207.222 230995854.769 169688028564.699
5990.000 4403.000 783545.000 1.000 1350.000 500.000 1023.000 5091.200 829877.447 14824.760 1113763.640 461316029.995 223267130956.697
5990.000 4419.000 783555.000 1.000 1350.000 500.000 1023.000 1591.000 829877.447 18976.983 506256.200 623923902.836 1166440941214.396
5985.000 4419.000 783565.000 1.000 1350.000 500.000 1023.000 0.000 820792.686 18976.983 506256.200 705936671.510 1166440941214.396
5985.000 4419.000 783575.000 1.000 1360.000 490.000 1023.000 1591.000 820792.686 18976.983 3505644.402 623923902.836 3683978309785.743
5980.000 4419.000 783585.000 1.000 1360.000 490.000 1023.000 12608.110 811757.925 18976.983 1648215.860 194919539.120 3836651047.440
5973.000 4380.000 783595.000 1.000 1360.000 490.000 1023.000 17787.921 799193.260 9752.940 921214.138 77115581.498 442306155135.434
5963.000 4325.000 783605.000 1.000 1360.000 490.000 1023.000 20683.000 781413.738 1914.673 322562.522 34650514.755 1596969616528.102
5963.000 4260.000 783615.000 1.000 1360.000 490.000 1023.000 19669.290 781413.738 451.266 1125819.602 47612467.263 212019315459.348
5973.000 4199.000 783625.000 1.000 1360.000 490.000 1023.000 16131.202 799193.260 6763.916 151017.084 108957413.472 2059965727786.031
5992.000 4152.000 783635.000 1.000 1360.000 490.000 1023.000 15656.604 833525.351 16703.760 361410.287 119090617.813 1500293942654.923
6022.000 4113.000 783645.000 1.000 1360.000 490.000 1023.000 16792.400 889203.917 28305.716 551011.348 95591074.024 1071771148219.832
6069.000 4089.000 783655.000 1.000 1360.000 490.000 1023.000 18524.051 980052.670 36957.382 1732493.676 64728747.333 21379856146.737
6127.000 4084.000 783665.000 1.000 1360.000 490.000 1023.000 23968.720 1098253.897 38904.812 2507385.771 6763894.242 848444768566.633
6202.000 4091.000 783675.000 1.000 1360.000 490.000 1023.000 31848.625 1261075.311 36192.410 2283397.154 27869490.344 485979082745.132
6295.000 4128.000 783685.000 1.000 1370.000 500.000 1023.000 39024.606 1478597.865 23483.426 2248080.454 155130443.048 437986254976.257
6399.000 4193.000 783695.000 1.000 1370.000 500.000 1023.000 46089.598 1742336.893 7786.832 3631652.557 381035444.576 4183568720295.582
6517.000 4277.000 783705.000 1.000 1370.000 500.000 1023.000 57502.711 2067775.252 18.003 1010056.851 956865473.940 332027532826.984
6653.000 4396.000 783715.000 1.000 1370.000 500.000 1023.000 60676.994 2477400.750 13169.163 999974.365 1163323276.301 343748615298.815
6802.000 4515.000 783725.000 1.000 1370.000 500.000 1023.000 57534.397 2968646.626 54642.322 2104082.863 958826779.369 268124823396.680
6939.000 4633.000 783735.000 1.000 1380.000 500.000 1023.000 50921.943 3459511.076 123732.967 522490.128 593043000.399 1131638581753.729
7058.000 4740.000 783745.000 1.000 1380.000 500.000 1023.000 49279.925 3916346.387 210457.959 798317.343 515764821.500 620877512072.874
7166.000 4851.000 783755.000 1.000 1380.000 500.000 1023.000 46771.071 4355469.224 324623.007 565615.137 408104732.059 1041746870505.758
7260.000 4964.000 783765.000 1.000 1410.000 500.000 1023.000 44993.525 4756656.730 466157.083 1949358.749 339445847.419 131829696885.797
7345.000 5077.000 783775.000 1.000 1410.000 500.000 1023.000 38867.319 5134647.666 633229.159 3006357.418 151237119.914 2016633636244.483
7423.000 5171.000 783785.000 1.000 1410.000 500.000 1023.000 29419.307 5494223.937 791667.469 2554006.844 8121577.852 936504623637.482
7481.000 5243.000 783795.000 1.000 1420.000 500.000 1023.000 21392.887 5769489.164 924976.473 3490562.358 26796998.975 3626309754938.800
7515.000 5301.000 783805.000 1.000 1430.000 500.000 1023.000 10423.175 5933979.538 1039904.282 2405393.125 260702802.987 670954250251.987
7532.000 5329.000 783815.000 1.000 1440.000 500.000 1023.000 2863.800 6017091.726 1097794.673 911261.160 561958732.538 455643892230.296
7532.000 5338.000 783825.000 1.000 1440.000 500.000 1023.000 0.000 6017091.726 1116735.298 1771173.431 705936671.510 34187372800.737
7532.000 5338.000 783835.000 1.000 1440.000 500.000 1023.000 5566.227 6017091.726 1116735.298 4185463.747 441136165.473 6755781341463.557
7523.000 5323.000 783845.000 1.000 1430.000 510.000 1023.000 18719.790 5973019.156 1085257.589 2951746.025 61617457.025 1864510699277.494
7492.000 5273.000 783855.000 1.000 1430.000 510.000 1023.000 27996.176 5822453.638 983581.892 2344634.108 2035493.478 575108302960.908
7446.000 5198.000 783865.000 1.000 1430.000 510.000 1023.000 35364.605 5602575.837 840443.346 2014372.737 77354421.043 183267540485.164
7390.000 5102.000 783875.000 1.000 1430.000 510.000 1023.000 41695.129 5340610.515 673642.007 1364027.304 228785596.944 49394106873.895
7331.000 4985.000 783885.000 1.000 1430.000 510.000 1023.000 45981.827 5071396.335 495273.876 1654931.789 376839651.473 4713733515.847
7270.000 4854.000 783895.000 1.000 1430.000 510.000 1023.000 51182.744 4800376.252 328050.549 55613.405 605813316.816 2342925390156.649
7207.000 4706.000 783905.000 1.000 1430.000 510.000 1023.000 51357.519 4528282.264 180418.485 154533.830 614447433.468 2049883219134.478
7150.000 4555.000 783915.000 1.000 1420.000 500.000 1023.000 51843.169 4288941.989 74942.880 2875329.341 638759922.565 1661660696765.449
7094.000 4402.000 783925.000 1.000 1420.000 500.000 1023.000 60879.402 4060128.666 14582.246 577752.240 1177171517.227 1017118468263.951
7032.000 4221.000 783935.000 1.000 1420.000 500.000 1023.000 62695.091 3814115.630 3629.222 397890.963 1305060580.431 1412256985655.453
6967.000 4035.000 783945.000 1.000 1410.000 500.000 1023.000 63945.534 3564453.738 60635.629 334816.404 1396970250.966 1566149003200.855
6896.000 3847.000 783955.000 1.000 1400.000 510.000 1023.000 64997.754 3301402.132 188567.007 1509139.232 1476733104.576 5949950478.156
6821.000 3657.000 783965.000 1.000 1400.000 510.000 1023.000 60255.016 3034480.718 389679.358 1630948.737 1134716091.183 1995729009.159
6744.000 3484.000 783975.000 1.000 1380.000 500.000 1023.000 55129.470 2772145.399 635596.446 807756.746 815673669.409 606090911749.937
6680.000 3323.000 783985.000 1.000 1370.000 510.000 1023.000 57667.989 2563124.459 918229.700 1048134.572 967117959.571 289595286102.497
6626.000 3150.000 783995.000 1.000 1370.000 510.000 1023.000 54374.040 2393135.040 1279710.788 979315.549 773094180.458 368399962222.663
6578.000 2986.000 784005.000 1.000 1360.000 510.000 1023.000 51296.367 2246929.335 1677654.501 2046079.139 611419495.342 211419704530.286
6546.000 2828.000 784015.000 1.000 1360.000 510.000 1023.000 44866.200 2152018.865 2111915.298 5183522.230 334770373.159 12940186525073.975
6546.000 2687.000 784025.000 1.000 1340.000 510.000 1023.000 28576.061 2152018.865 2541610.832 2631835.700 4026412.318 1093196855143.541
6558.000 2598.000 784035.000 1.000 1340.000 510.000 1023.000 20305.050 2187370.291 2833307.091 481240.271 39242942.712 1221102092866.949
6592.000 2544.000 784045.000 1.000 1330.000 520.000 1023.000 18792.667 2289096.666 3018013.338 538897.792 60478646.001 1096999338638.718
6644.000 2516.000 784055.000 1.000 1330.000 520.000 1023.000 20486.249 2449150.180 3116082.948 3119308.872 37005562.951 2350192380219.521
6708.000 2523.000 784065.000 1.000 1310.000 520.000 1023.000 30289.231 2653563.120 3091418.545 3534360.043 13836630.937 3795034734362.081
6798.000 2554.000 784075.000 1.000 1310.000 520.000 1023.000 41396.585 2954878.817 2983368.477 3773204.781 219843375.257 4782661193014.721
6899.000 2636.000 784085.000 1.000 1310.000 520.000 1023.000 53254.551 3312312.989 2706824.621 2265473.903 712093612.829 461310940507.867
7008.000 2763.000 784095.000 1.000 1310.000 520.000 1023.000 60374.205 3720948.777 2305061.892 276819.363 1142760190.575 1714674468844.282
7116.000 2919.000 784105.000 1.000 1310.000 520.000 1023.000 59504.251 4149271.614 1855706.067 113229.561 1084699879.559 2169863319350.155
7229.000 3068.000 784115.000 1.000 1330.000 530.000 1023.000 59148.407 4622397.212 1471958.645 305815.974 1061387215.226 1639575711901.342
7336.000 3220.000 784125.000 1.000 1340.000 520.000 1023.000 60109.488 5093941.096 1126236.764 833118.877 1124932888.952 567244377734.531
7438.000 3379.000 784135.000 1.000 1340.000 520.000 1023.000 57491.264 5564768.220 814042.481 3075015.432 956157419.327 2216347615042.958
7518.000 3541.000 784145.000 1.000 1340.000 520.000 1023.000 47827.482 5948604.395 547959.740 853869.017 451903125.855 536418749661.159
7582.000 3677.000 784155.000 1.000 1340.000 520.000 1023.000 45144.047 6264889.335 365109.637 3264079.054 345014955.870 2815025926520.987
7634.000 3809.000 784165.000 1.000 1350.000 520.000 1023.000 34886.099 6527902.849 223013.477 1962306.307 69166338.135 141399427951.603
7662.000 3915.000 784175.000 1.000 1350.000 520.000 1023.000 28719.203 6671765.511 134133.955 3323772.419 4621357.196 3018896745536.367
7677.000 4004.000 784185.000 1.000 1360.000 520.000 1023.000 18273.658 6749479.793 76863.697 448362.256 68820476.578 1294845763661.432
7684.000 4061.000 784195.000 1.000 1370.000 520.000 1023.000 16864.600 6785900.459 48506.991 2025024.800 94184478.131 192501251777.726
7684.000 4114.000 784205.000 1.000 1370.000 520.000 1023.000 10500.600 6785900.459 27970.230 1113763.640 258208544.025 223267130956.697
7684.000 4147.000 784215.000 1.000 1370.000 520.000 1023.000 7000.400 6785900.459 18021.191 2227527.280 382948453.107 411204288971.781
7684.000 4169.000 784225.000 1.000 1400.000 520.000 1023.000 0.000 6785900.459 12598.497 715954.455 705936671.510 757458119281.218
7684.000 4169.000 784235.000 1.000 1400.000 520.000 1023.000 2250.014 6785900.459 12598.497 1207819.105 591435881.033 143228981100.079
7679.000 4174.000 784245.000 1.000 1400.000 520.000 1023.000 6045.800 6759875.698 11501.067 1355578.775 421220980.391 53220819329.667
7679.000 4155.000 784255.000 1.000 1410.000 510.000 1023.000 10305.947 6759875.698 15937.302 1366082.876 264502140.847 48484639334.692
7684.000 4123.000 784265.000 1.000 1410.000 510.000 1023.000 14599.105 6785900.459 25040.856 511424.723 143289609.142 1155303449234.998
7697.000 4079.000 784275.000 1.000 1410.000 510.000 1023.000 16206.348 6853798.837 40902.242 871629.032 107394272.402 510719079831.998
7734.000 4044.000 784285.000 1.000 1410.000 510.000 1023.000 18945.597 7048898.068 56284.254 4109283.485 58123420.992 6365571037792.817
7786.000 4015.000 784295.000 1.000 1410.000 510.000 1023.000 31859.750 7327719.582 70885.350 1391094.032 27987075.335 38095670424.059
7886.000 4010.000 784305.000 1.000 1410.000 510.000 1023.000 36231.510 7879114.801 73572.780 1046276.602 93355040.443 291598436269.665
7999.000 4024.000 784315.000 1.000 1420.000 500.000 1023.000 39519.620 8526260.399 66173.975 1500235.996 167706416.495 7402736726.488
8120.000 4052.000 784325.000 1.000 1420.000 500.000 1023.000 44234.378 9247535.614 52552.366 4601289.734 312049017.579 9090312917011.980
8254.000 4089.000 784335.000 1.000 1420.000 500.000 1023.000 58694.748 10080473.208 36957.382 3077508.211 1032033564.651 2223776029992.509
8427.000 4153.000 784345.000 1.000 1420.000 500.000 1023.000 68366.364 11208943.937 16446.274 5571842.691 1746980449.625 15884748591194.318
8626.000 4234.000 784355.000 1.000 1420.000 500.000 1023.000 85876.869 12581039.423 2231.904 27326019.716 3517367720.279 662534450111881.000
8872.000 4345.000 784365.000 1.000 1430.000 510.000 784.000 0.000 14386667.662 4064.951 0.000 705936671.510 2516268864513.712
