3478.000 4904.000 314602.000 0.000 1200.000 350.000 322.000 13715.054 5593680.491 282063.276 389150.402 102557208.466 328972080916.583
3405.000 4846.000 314612.000 1.000 1200.000 360.000 316.000 16360.536 5944313.550 223820.106 228013.679 55973909.062 539780565100.190
3398.000 4957.000 314622.000 1.000 1220.000 370.000 306.000 17910.595 5978495.898 341168.483 36797.065 35182838.121 857317133772.259
3438.000 5072.000 314632.000 1.000 1230.000 390.000 299.000 18160.745 5784488.194 488735.631 84204.012 32277877.542 771775020150.078
3509.000 5173.000 314642.000 1.000 1250.000 400.000 277.000 18733.172 5448005.520 640154.083 701353.089 26101219.862 68308104068.616
3596.000 5266.000 314652.000 1.000 1260.000 420.000 279.000 23501.038 5049441.765 797620.994 369906.045 116328.265 351418046792.704
3686.000 5398.000 314662.000 1.000 1280.000 430.000 277.000 20986.381 4653064.431 1050822.417 230088.966 8155172.679 536735455155.227
3751.000 5525.000 314672.000 1.000 1290.000 450.000 289.000 19422.214 4376866.913 1327325.876 980943.852 19535456.751 332426677.143
3799.000 5648.000 314682.000 1.000 1310.000 460.000 306.000 12753.663 4178329.669 1625870.565 868308.500 122953596.912 8911884895.504
3810.000 5734.000 314692.000 1.000 1320.000 470.000 322.000 6850.818 4133480.550 1852583.128 275558.017 288703911.950 472179607024.608
3798.000 5779.000 314702.000 1.000 1320.000 470.000 325.000 4977.548 4182418.861 1977106.794 911467.492 355871597.443 2625925821.495
3770.000 5798.000 314712.000 1.000 1320.000 470.000 324.000 11173.792 4297728.254 2030899.454 2117810.468 160486212.446 1334254133827.347
3699.000 5771.000 314722.000 1.000 1330.000 460.000 322.000 25570.872 4597148.928 1954673.254 1464144.699 2988627.401 251435473563.743
3562.000 5664.000 314732.000 1.000 1330.000 460.000 334.000 35524.269 5203400.313 1666929.646 2148761.632 136472902.071 1406715437180.615
3382.000 5503.000 314742.000 1.000 1320.000 460.000 367.000 50131.758 6056994.980 1277117.639 1259805.000 691145734.123 88264678388.615
3178.000 5230.000 314752.000 1.000 1320.000 460.000 417.000 58696.034 7102738.269 734614.061 917596.855 1214796206.667 2035311354.443
2981.000 4883.000 314762.000 1.000 1320.000 460.000 458.000 64933.946 8191595.209 260198.231 567591.969 1688539208.051 156119270024.626
2788.000 4486.000 314772.000 1.000 1320.000 460.000 485.000 68792.491 9333613.380 12790.772 2178196.930 2020536995.110 1477405365049.801
2668.000 4034.000 314782.000 1.000 1320.000 460.000 491.000 53984.898 10081236.491 114855.720 1231177.722 908587831.407 72074230412.526
2641.000 3668.000 314792.000 1.000 1310.000 460.000 505.000 45615.233 10253420.691 496889.231 1601410.917 474069002.909 407937226143.074
2677.000 3360.000 314802.000 1.000 1300.000 470.000 507.000 34728.687 10024165.757 1025973.913 1038497.610 118517617.645 5743567795.782
2770.000 3143.000 314812.000 1.000 1280.000 470.000 507.000 27668.880 9443920.846 1512663.120 255589.780 14644189.326 500020815940.340
2904.000 3011.000 314822.000 1.000 1260.000 480.000 491.000 25931.356 8638287.039 1854781.698 448264.302 4364960.146 264655693302.897
3064.000 2937.000 314832.000 1.000 1250.000 480.000 473.000 28978.700 7723376.224 2061819.446 471534.493 26384584.604 241254636211.347
3261.000 2937.000 314842.000 1.000 1230.000 480.000 423.000 25773.163 6667221.283 2061819.446 80008.425 3728976.131 779164330447.461
3428.000 2990.000 314852.000 1.000 1230.000 490.000 340.000 25229.258 5832690.120 1912422.654 1260284.398 1924187.075 88549760481.298
3574.000 3080.000 314862.000 1.000 1220.000 500.000 216.000 16661.723 5148798.002 1671599.987 847513.943 51557918.642 13270426480.904
3728.000 3625.000 314912.000 0.000 1190.000 490.000 101.000 45469.131 4473632.343 559359.950 3504646.762 467728154.281 6461435994010.383
3515.000 3849.000 314922.000 1.000 1190.000 490.000 230.000 21644.204 5420032.365 274475.091 1044721.999 4830778.900 6725758010.242
3384.000 3916.000 314932.000 1.000 1210.000 490.000 324.000 14542.083 6047154.594 208760.994 898936.632 86490451.912 4067205743.586
3307.000 3978.000 314942.000 1.000 1210.000 490.000 356.000 8431.025 6431784.424 155948.935 566279.396 237501457.543 157158238751.632
3265.000 4017.000 314952.000 1.000 1220.000 480.000 346.000 4581.403 6646580.513 126667.446 1654694.361 370974729.989 478840584215.975
3286.000 4040.000 314962.000 1.000 1230.000 480.000 344.000 15830.175 6538741.469 110824.876 1194257.975 64191059.120 53613871907.108
3376.000 4099.000 314972.000 1.000 1250.000 480.000 344.000 23948.856 6086564.135 75023.239 1418314.664 11395.286 207574443397.507
3511.000 4190.000 314982.000 1.000 1250.000 480.000 341.000 33590.696 5438673.135 33453.765 520755.035 95034981.714 195325322605.808
3710.000 4302.000 314992.000 1.000 1250.000 480.000 341.000 30050.553 4550099.809 5027.335 697120.433 38544798.056 70538498077.067
3887.000 4404.000 315002.000 1.000 1260.000 480.000 339.000 25311.461 3826312.720 966.980 438693.682 2159000.307 274594443145.664
4049.000 4462.000 315012.000 1.000 1260.000 480.000 339.000 22329.179 3218781.520 7938.150 1319335.193 2288952.030 127180615233.615
4198.000 4491.000 315022.000 1.000 1260.000 480.000 341.000 13360.211 2706341.824 13946.735 514176.429 109870149.966 201183512674.557
4283.000 4459.000 315032.000 1.000 1260.000 480.000 359.000 16855.632 2433900.454 7412.572 964036.472 48810837.066 1756133.503
4324.000 4352.000 315042.000 1.000 1250.000 470.000 413.000 23409.245 2307653.557 436.965 1573065.776 187369.768 372532610633.695
4305.000 4194.000 315052.000 1.000 1250.000 470.000 465.000 34103.098 2365740.217 32006.535 426429.955 105287930.221 287597659678.819
4263.000 3966.000 315062.000 1.000 1250.000 470.000 501.000 37002.010 2496704.306 165570.624 138959.192 173183039.171 678567502691.823
4206.000 3721.000 315072.000 1.000 1240.000 480.000 546.000 37946.668 2680084.283 424978.439 852093.372 198938632.644 12236321598.156
4167.000 3466.000 315082.000 1.000 1240.000 480.000 568.000 32154.055 2809298.794 822474.328 1592292.041 69088474.629 396371934462.778
4151.000 3248.000 315092.000 1.000 1230.000 480.000 583.000 21329.500 2863189.876 1265408.343 786040.765 6313195.425 31212470914.860
4151.000 3103.000 315102.000 1.000 1220.000 480.000 588.000 15985.919 2863189.876 1612655.417 113129.609 61719694.547 721789015913.121
4200.000 3006.000 315112.000 1.000 1210.000 490.000 594.000 15216.853 2699765.439 1868425.735 257626.968 74395011.676 497143887206.090
4290.000 2955.000 315122.000 1.000 1210.000 490.000 591.000 16968.226 2412108.106 2010450.913 1036009.413 47250244.076 5372616282.825
4405.000 2946.000 315132.000 1.000 1190.000 490.000 589.000 24011.118 2068120.957 2036054.180 1036744.619 28564.618 5480935264.844
4567.000 2966.000 315142.000 1.000 1190.000 500.000 536.000 31059.008 1628421.757 1979378.031 768587.203 52083655.767 37684157319.992
4758.000 3056.000 315152.000 1.000 1190.000 500.000 418.000 36283.938 1177433.972 1734235.365 3136280.266 154799151.260 4724402136353.652
4967.000 3187.000 315162.000 1.000 1190.000 500.000 54.000 14963.202 767544.720 1406367.594 79997.029 78834959.261 779184449140.804
5363.000 4135.000 315263.000 0.000 1230.000 480.000 393.000 9470.544 230492.454 56598.172 1393117.022 206541831.579 185249102638.172
5370.000 4071.000 315273.000 1.000 1230.000 480.000 396.000 0.000 223820.106 91145.846 649512.842 568446080.328 98093261644.519
5370.000 4071.000 315283.000 1.000 1250.000 480.000 361.000 4415.451 223820.106 91145.846 744108.292 377394974.854 47787266417.584
5355.000 4097.000 315293.000 1.000 1250.000 480.000 366.000 9473.971 238237.994 76122.854 1172697.969 206443340.629 44094409504.297
5413.000 4125.000 315303.000 1.000 1250.000 480.000 387.000 17446.085 184982.824 61456.246 797114.012 40909101.215 27422455210.770
5508.000 4196.000 315313.000 1.000 1260.000 490.000 417.000 22864.943 112289.528 31294.920 598523.716 954850.062 132632581863.975
5627.000 4296.000 315323.000 1.000 1260.000 490.000 443.000 26933.765 46697.609 5914.180 278974.856 9558347.357 467495497676.508
5777.000 4401.000 315333.000 1.000 1270.000 500.000 453.000 25037.267 4368.720 789.402 229163.707 1428406.717 538092042038.936
5914.000 4502.000 315343.000 1.000 1270.000 500.000 458.000 23479.390 5027.335 16665.854 164708.753 131563.837 636808033299.364
6043.000 4596.000 315353.000 1.000 1270.000 500.000 463.000 22359.684 39961.491 49771.957 932608.116 2197578.829 906200490.392
6164.000 4688.000 315363.000 1.000 1270.000 500.000 456.000 16019.724 102979.187 99285.676 547525.176 61189680.434 172379501059.264
6242.000 4764.000 315373.000 1.000 1270.000 500.000 453.000 12297.595 159124.165 152956.313 943439.824 133275764.159 371389021.213
6292.000 4831.000 315383.000 1.000 1280.000 500.000 456.000 5884.000 201514.535 209852.217 246662.723 322493617.665 512725536162.120
6292.000 4871.000 315393.000 1.000 1280.000 500.000 461.000 4207.163 201514.535 248099.920 289939.543 385531037.519 452621810275.436
6269.000 4888.000 315403.000 1.000 1290.000 500.000 458.000 6178.200 181393.965 265324.194 552540.550 312013620.972 168240027852.035
6227.000 4888.000 315413.000 1.000 1290.000 500.000 455.000 9934.424 147382.054 265324.194 620436.762 193423654.670 117151845758.335
6167.000 4857.000 315423.000 1.000 1290.000 500.000 458.000 14152.213 104913.609 234349.224 478957.747 93894051.473 234017480811.816
6097.000 4791.000 315433.000 1.000 1300.000 500.000 458.000 17408.214 64467.091 174804.513 212009.493 41394982.948 563553173194.059
6019.000 4702.000 315443.000 1.000 1300.000 500.000 465.000 18849.475 30942.113 108304.372 573368.881 24926377.246 151587503757.132
5947.000 4596.000 315453.000 1.000 1300.000 500.000 483.000 22747.292 10795.980 49771.957 456943.202 1198620.533 255801348851.193
5899.000 4449.000 315463.000 1.000 1300.000 500.000 504.000 25853.636 3125.224 5790.646 992907.642 4046247.726 911820270.430
5868.000 4276.000 315473.000 1.000 1290.000 500.000 509.000 19103.754 620.194 9390.328 628971.798 22451991.961 111382041929.681
5883.000 4147.000 315483.000 1.000 1290.000 500.000 514.000 14827.943 1592.306 51032.483 6858.390 81255157.961 913654747562.085
5943.000 4066.000 315493.000 1.000 1280.000 490.000 519.000 14874.567 9980.750 94189.883 607412.675 80416778.966 126237098804.429
6032.000 4018.000 315503.000 1.000 1270.000 500.000 515.000 19003.817 35684.609 125956.639 668374.151 23409052.991 86634345582.092
6161.000 4011.000 315513.000 1.000 1270.000 500.000 518.000 23547.489 101062.765 130974.291 542602.327 86799.941 176491532496.561
6316.000 4051.000 315523.000 1.000 1260.000 500.000 517.000 27236.152 223637.913 103621.994 294600.847 11519539.451 446371550851.712
6487.000 4122.000 315533.000 1.000 1260.000 500.000 492.000 29238.877 414611.980 62952.669 248176.382 29125123.235 510560120639.827
6657.000 4225.000 315543.000 1.000 1270.000 510.000 483.000 30926.004 662439.239 21875.506 647515.224 50181592.509 99348553797.338
6831.000 4343.000 315553.000 1.000 1270.000 510.000 465.000 26524.133 975953.728 894.231 478041.167 7193261.875 234905118557.498
6959.000 4470.000 315563.000 1.000 1270.000 510.000 435.000 23274.363 1245241.076 9427.691 368885.465 322333.586 352629098709.970
7056.000 4595.000 315573.000 1.000 1280.000 520.000 425.000 20766.644 1471135.394 49326.765 507499.560 9458474.487 207217710140.004
7135.000 4712.000 315583.000 1.000 1290.000 510.000 428.000 17316.613 1669015.180 114986.298 1465353.272 42582075.811 252648971995.137
7168.000 4825.000 315593.000 1.000 1290.000 510.000 466.000 7355.000 1755369.824 204391.061 631654.314 271824707.000 109598714820.502
7168.000 4875.000 315603.000 1.000 1300.000 520.000 496.000 3060.953 1755369.824 252100.691 450266.186 431856373.886 262599974493.729
7156.000 4892.000 315613.000 1.000 1320.000 510.000 507.000 0.000 1723716.135 269460.965 294314.150 568446080.328 446754723560.574
7156.000 4892.000 315623.000 1.000 1320.000 510.000 505.000 2000.776 1723716.135 269460.965 787606.350 477043752.795 30661736554.405
7167.000 4884.000 315633.000 1.000 1320.000 510.000 512.000 7355.000 1752721.017 261219.424 933590.303 271824707.000 848031308.769
7217.000 4884.000 315643.000 1.000 1340.000 510.000 512.000 13701.637 1887611.387 261219.424 681749.807 102829137.830 78939349381.090
7307.000 4908.000 315653.000 1.000 1340.000 510.000 519.000 18336.238 2143014.054 286328.046 706028.662 30314596.708 65885966447.980
7424.000 4951.000 315663.000 1.000 1340.000 510.000 519.000 23135.889 2499256.520 334195.328 41570.019 498744.282 848501222948.661
7560.000 5030.000 315673.000 1.000 1350.000 520.000 499.000 23418.486 2947758.328 431775.543 34082.923 179455.003 862350625658.396
7687.000 5126.000 315683.000 1.000 1350.000 520.000 493.000 23650.185 3399980.869 567154.031 255737.027 36834.168 499812594582.961
7807.000 5233.000 315693.000 1.000 1350.000 520.000 491.000 25388.710 3856917.757 739765.639 882181.942 2391979.923 6484974299.000
7917.000 5366.000 315703.000 1.000 1360.000 510.000 491.000 19391.552 4301076.572 986240.254 599919.107 19807442.445 131618160881.432
7994.000 5473.000 315713.000 1.000 1360.000 510.000 489.000 15313.244 4626386.743 1210211.861 650751.130 72741509.127 97319135266.590
8048.000 5562.000 315723.000 1.000 1360.000 510.000 496.000 10889.375 4861600.343 1413950.002 848201.253 167773273.940 13112546312.380
8094.000 5620.000 315733.000 1.000 1360.000 510.000 514.000 5123.221 5066567.483 1555249.172 584624.384 350396704.174 142949701022.137
8116.000 5647.000 315743.000 1.000 1370.000 520.000 520.000 1148.888 5166091.246 1623321.372 276560.651 514982202.030 470802685849.904
8121.000 5653.000 315753.000 1.000 1370.000 520.000 538.000 3028.974 5188845.283 1638646.528 1737344.850 433186517.609 600057167575.852
8111.000 5635.000 315763.000 1.000 1380.000 510.000 557.000 14839.612 5143387.209 1592887.061 1191367.019 81044921.560 52283446920.049
8080.000 5539.000 315773.000 1.000 1380.000 510.000 588.000 22938.640 5003738.180 1359780.572 1014644.315 816253.155 2697040111.232
8034.000 5390.000 315783.000 1.000 1370.000 510.000 616.000 29836.290 4800059.039 1034484.876 2043624.555 35930226.285 1168373507798.995
7990.000 5192.000 315793.000 1.000 1370.000 510.000 633.000 43729.047 4609195.513 670918.743 1391171.331 395490370.779 183578015195.014
7946.000 4898.000 315803.000 1.000 1370.000 510.000 647.000 53186.364 4422203.987 275726.120 754817.025 861085401.493 43220021314.364
7903.000 4539.000 315813.000 1.000 1360.000 510.000 638.000 58317.683 4243203.269 27587.980 338585.954 1188565320.102 389532422711.793
7859.000 4145.000 315823.000 1.000 1360.000 510.000 644.000 56015.943 4063867.743 51940.098 155052.226 1035155703.889 652313147711.585
7822.000 3766.000 315833.000 1.000 1350.000 520.000 652.000 54961.883 3916059.869 368332.106 542642.191 968440439.849 176458039639.085
7770.000 3396.000 315843.000 1.000 1340.000 520.000 652.000 51272.949 3712957.883 954340.846 2058162.448 752451076.574 1200013261196.673
7708.000 3053.000 315853.000 1.000 1330.000 530.000 656.000 37281.362 3477865.824 1742145.787 1393513.016 180613566.991 185590135632.115
7636.000 2810.000 315863.000 1.000 1300.000 530.000 664.000 27808.126 3214503.691 2442667.987 2126122.354 15729304.358 1353525326812.827
7567.000 2634.000 315873.000 1.000 1290.000 530.000 679.000 13354.541 2971843.980 3023786.091 1076223.317 109989046.819 12884982515.301
7526.000 2553.000 315883.000 1.000 1260.000 540.000 699.000 6038.271 2832164.876 3312049.491 888229.664 316976586.865 5547511140.730
7503.000 2519.000 315893.000 1.000 1250.000 550.000 699.000 0.000 2755280.306 3436958.943 747073.681 568446080.328 46499574156.794
7503.000 2519.000 315903.000 1.000 1240.000 550.000 662.000 5078.679 2755280.306 3436958.943 3424203.361 352066241.430 6058943264205.780
7509.000 2553.000 315913.000 1.000 1220.000 560.000 638.000 28356.744 2775235.150 3312049.491 2265813.515 20381944.566 1698075434533.807
7578.000 2733.000 315923.000 1.000 1210.000 560.000 570.000 43759.963 3009890.861 2689284.157 2955699.276 396720975.834 3972001151698.159
7689.000 3009.000 315933.000 1.000 1210.000 560.000 471.000 63853.092 3407360.483 1860233.313 1040985.806 1600878896.960 6126901400.811
7869.000 3404.000 315943.000 1.000 1210.000 560.000 389.000 70929.814 4104285.817 938774.387 718090.715 2217252122.614 59839220882.527
8093.000 3831.000 315953.000 1.000 1210.000 560.000 382.000 75811.464 5062066.676 293659.624 1706285.273 2700814036.197 552902282878.694
8346.000 4280.000 315963.000 1.000 1230.000 560.000 420.000 64211.972 6264526.950 8631.098 2952255.076 1629725976.195 3958284515701.021
8616.000 4623.000 315973.000 1.000 1250.000 560.000 420.000 44142.257 7688994.950 62548.157 1955962.516 412096077.993 986548017565.375
8819.000 4844.000 315983.000 1.000 1260.000 560.000 496.000 30845.435 8856002.854 221931.720 2793087.581 49046598.925 3350277402801.460
8976.000 4983.000 315993.000 1.000 1290.000 560.000 630.000 11857.756 9815085.617 372217.491 994387.174 143624675.993 1003362252.722
9033.000 5040.000 316003.000 1.000 1310.000 560.000 676.000 5097.816 10175485.639 445017.469 749888.734 351348456.200 45293436139.522
9058.000 5064.000 316013.000 1.000 1320.000 550.000 737.000 0.000 10335605.824 477614.091 369757.327 568446080.328 351594390527.663
9058.000 5064.000 316023.000 1.000 1350.000 550.000 757.000 2513.646 10335605.824 477614.091 2107344.450 454903261.268 1310185093575.972
9074.000 5070.000 316033.000 1.000 1360.000 550.000 768.000 16839.577 10438738.743 485943.246 1432809.751 49035430.551 220992572318.143
9185.000 5098.000 316043.000 1.000 1380.000 550.000 770.000 26579.956 11168320.365 525764.639 2032186.500 7495815.524 1143777245924.699
9360.000 5143.000 316053.000 1.000 1390.000 550.000 743.000 40394.956 12368611.661 593048.306 785498.996 273996800.208 31404193645.128
9623.000 5222.000 316063.000 1.000 1390.000 550.000 641.000 45734.854 14287672.009 720964.520 6727597.023 479292358.233 33233907628392.750
9916.000 5326.000 316073.000 1.000 1390.000 550.000 373.000 0.000 16588544.580 908392.550 0.000 568446080.328 926813008881.699
