4566.000 7056.000 2355827.000 0.000 1310.000 520.000 73.000 42030.938 1104813.139 239255.606 9667816.395 519101060.148 70492369759211.641
4572.000 7178.000 2355837.000 1.000 1310.000 520.000 101.000 13934.988 1092235.928 373489.184 1298577.312 28219050.071 714725060.977
4558.000 7216.000 2355847.000 1.000 1340.000 520.000 156.000 10161.151 1121694.753 421379.643 1483570.289 82555352.098 44828457759.849
4544.000 7242.000 2355857.000 1.000 1340.000 520.000 216.000 5849.700 1151545.579 455810.799 2012881.770 179491628.564 549138503626.659
4536.000 7257.000 2355867.000 1.000 1350.000 520.000 257.000 0.000 1168779.194 476289.927 710428.860 370452728.618 315185802512.215
4536.000 7257.000 2355877.000 1.000 1350.000 520.000 264.000 2064.600 1168779.194 476289.927 2368096.200 295239975.845 1201771145056.497
4536.000 7251.000 2355887.000 1.000 1360.000 520.000 287.000 8946.600 1168779.194 468044.276 6218326.416 106101301.133 24467698485031.203
4536.000 7225.000 2355897.000 1.000 1370.000 520.000 307.000 27017.877 1168779.194 433145.120 3998274.079 60384220.114 7433426594040.639
4545.000 7147.000 2355907.000 1.000 1370.000 520.000 335.000 38637.389 1149400.377 336559.652 7210796.497 375981423.386 35271169000042.977
4553.000 7035.000 2355917.000 1.000 1370.000 520.000 371.000 59592.915 1132310.762 219152.826 214919.698 1627780867.687 1117086802151.786
4561.000 6862.000 2355927.000 1.000 1370.000 520.000 400.000 60217.500 1115349.148 87106.212 473619.240 1678569695.143 637161122573.672
4561.000 6687.000 2355937.000 1.000 1370.000 520.000 417.000 61593.900 1115349.148 14433.046 376022.845 1793247355.480 802493695724.930
4561.000 6508.000 2355947.000 1.000 1350.000 520.000 440.000 62686.672 1115349.148 3464.780 4993810.435 1886992194.601 13853041813136.414
4553.000 6326.000 2355957.000 1.000 1350.000 520.000 473.000 48174.000 1132310.762 58014.689 3296319.026 836762732.838 4098503302741.256
4553.000 6186.000 2355967.000 1.000 1350.000 520.000 468.000 38594.462 1132310.762 145056.157 4755208.054 374318536.413 12133832310880.393
4559.000 6074.000 2355977.000 1.000 1340.000 520.000 468.000 24775.200 1119577.551 242913.331 4367467.916 30559352.457 9582893808474.850
4559.000 6002.000 2355987.000 1.000 1330.000 530.000 464.000 12082.762 1119577.551 319069.514 3328844.734 51328435.126 4231256258545.928
4571.000 5969.000 2355997.000 1.000 1330.000 530.000 473.000 2408.700 1094327.129 357439.432 236809.620 283533350.719 1071294034884.219
4571.000 5962.000 2356007.000 1.000 1310.000 540.000 450.000 1720.500 1094327.129 365858.505 5067924.070 307183410.590 14410231720447.232
4571.000 5967.000 2356017.000 1.000 1310.000 540.000 304.000 16448.556 1094327.129 359834.881 2810282.249 7832120.452 2366795416252.120
4558.000 6013.000 2356027.000 1.000 1310.000 540.000 130.000 24615.607 1121694.753 306763.542 443467.559 28820345.763 686205820966.771
4258.000 7346.000 2356218.000 0.000 1330.000 470.000 20.000 0.000 1847155.304 607055.423 0.000 370452728.618 1617584539443.854
4258.000 7346.000 2356228.000 1.000 1330.000 470.000 106.000 0.000 1847155.304 607055.423 0.000 370452728.618 1617584539443.854
4258.000 7346.000 2356238.000 1.000 1340.000 480.000 144.000 0.000 1847155.304 607055.423 3302623.970 370452728.618 4124071471389.375
4258.000 7346.000 2356248.000 1.000 1340.000 480.000 177.000 9597.861 1847155.304 607055.423 1234772.913 93108750.881 1374189099.910
4251.000 7373.000 2356258.000 1.000 1340.000 480.000 210.000 6009.448 1866231.717 649857.854 3056492.337 175236716.754 3184973364388.755
4258.000 7389.000 2356268.000 1.000 1350.000 490.000 218.000 14892.018 1847155.304 675910.257 2170776.872 18967162.405 808082160797.222
4291.000 7417.000 2356278.000 1.000 1350.000 490.000 214.000 21200.582 1758543.643 722733.964 2028835.622 3815902.110 573037875714.433
4341.000 7453.000 2356288.000 1.000 1350.000 490.000 218.000 27096.646 1628433.551 785239.872 1567355.886 61614609.682 87327883730.676
4416.000 7477.000 2356298.000 1.000 1350.000 490.000 225.000 31651.589 1442643.414 828350.478 1114959.358 153870142.032 24612467603.821
4506.000 7496.000 2356308.000 1.000 1350.000 490.000 225.000 34891.808 1234545.249 863296.707 639409.373 244755368.240 399972254169.528
4607.000 7505.000 2356318.000 1.000 1360.000 480.000 230.000 33033.600 1020303.863 880102.184 2191443.862 190066242.643 845665801214.008
4703.000 7505.000 2356328.000 1.000 1370.000 480.000 228.000 26664.975 835580.487 880102.184 1029545.479 55024148.736 58708073974.472
4777.000 7482.000 2356338.000 1.000 1370.000 480.000 233.000 23672.980 705769.551 837476.854 1207310.292 19587983.722 4164466484.462
4835.000 7445.000 2356348.000 1.000 1370.000 480.000 230.000 20164.377 611681.845 771125.670 2197809.712 841307.967 857414407941.384
4870.000 7398.000 2356358.000 1.000 1370.000 480.000 232.000 26551.502 558159.781 690789.735 2602436.558 53353578.824 1770479297362.604
4875.000 7321.000 2356368.000 1.000 1370.000 480.000 230.000 34114.526 550713.772 568723.542 3588555.930 221038911.227 5367158940661.451
4860.000 7223.000 2356378.000 1.000 1370.000 480.000 237.000 44543.343 573201.799 430516.569 664300.190 639897451.927 369108229102.806
4814.000 7102.000 2356388.000 1.000 1360.000 490.000 246.000 46473.887 644971.084 286372.267 1897015.386 741295284.768 390840550167.000
4754.000 6981.000 2356398.000 1.000 1360.000 490.000 264.000 40960.910 744943.194 171509.964 2367192.249 471487434.827 1199790043776.247
4685.000 6884.000 2356408.000 1.000 1360.000 490.000 286.000 34081.537 868812.120 100576.267 3744127.325 220059079.674 6112189933716.679
4628.000 6803.000 2356418.000 1.000 1360.000 490.000 330.000 23200.609 978320.625 55760.973 2842597.024 15629849.260 2467268299262.243
4589.000 6748.000 2356428.000 1.000 1360.000 490.000 339.000 14939.647 1056991.496 32810.835 2772636.333 18554569.897 2252380719480.452
4562.000 6714.000 2356438.000 1.000 1360.000 490.000 346.000 6882.000 1113237.946 21649.478 473619.240 152896899.507 637161122573.672
4562.000 6694.000 2356448.000 1.000 1370.000 500.000 346.000 5505.600 1113237.946 16163.973 2085756.644 188830157.489 662455469296.655
4562.000 6678.000 2356458.000 1.000 1370.000 500.000 348.000 11567.084 1113237.946 12351.569 1213406.712 58983392.016 3414796207.941
4591.000 6661.000 2356468.000 1.000 1370.000 500.000 349.000 15093.404 1052883.093 8861.890 1361539.009 17253594.070 8045379475.378
4631.000 6643.000 2356478.000 1.000 1380.000 500.000 351.000 19050.216 972395.019 5796.936 624683.613 38782.443 418815232897.466
4684.000 6627.000 2356488.000 1.000 1370.000 510.000 351.000 20865.629 870677.322 3616.533 144027.184 2619478.857 1271968446357.535
4743.000 6613.000 2356498.000 1.000 1370.000 510.000 358.000 21284.191 764052.414 2128.679 516900.826 4149541.804 569937640256.319
4794.000 6578.000 2356508.000 1.000 1360.000 510.000 358.000 19782.009 677495.120 124.046 814957.149 286075.664 208744653109.488
4838.000 6541.000 2356518.000 1.000 1360.000 510.000 361.000 17413.636 606998.240 668.863 4072376.702 3361768.396 7842989186039.638
4863.000 6497.000 2356528.000 1.000 1350.000 520.000 364.000 29248.500 568668.194 4880.753 3013829.787 100027030.144 3034518071827.040
4863.000 6412.000 2356538.000 1.000 1350.000 520.000 399.000 38007.087 568668.194 23982.358 2318484.894 351935289.368 1095459317810.590
4853.000 6302.000 2356548.000 1.000 1330.000 520.000 414.000 44744.910 583850.212 70152.083 302968.351 650135837.222 938718026660.925
4808.000 6180.000 2356558.000 1.000 1330.000 520.000 448.000 45625.376 654644.295 149662.505 432067.444 695810881.605 705222933477.910
4742.000 6065.000 2356568.000 1.000 1330.000 520.000 461.000 46881.021 765801.616 251865.854 2335693.335 763630904.698 1131777599858.906
4663.000 5954.000 2356578.000 1.000 1330.000 520.000 512.000 40093.188 910308.561 375600.303 1735037.881 434557359.329 214549525902.092
4589.000 5864.000 2356588.000 1.000 1330.000 520.000 539.000 35050.939 1056991.496 494015.533 1094671.566 249759791.510 31389706270.716
4515.000 5794.000 2356598.000 1.000 1330.000 520.000 577.000 31869.679 1214626.432 597316.267 3696262.671 159328274.100 5877810888302.176
4442.000 5737.000 2356608.000 1.000 1310.000 520.000 589.000 21127.852 1380862.166 688671.579 2472141.717 3537045.339 1440717082894.014
4389.000 5706.000 2356618.000 1.000 1310.000 520.000 641.000 13943.482 1508231.863 741084.046 3495499.246 28128879.235 4944647235358.226
4350.000 5695.000 2356628.000 1.000 1310.000 520.000 658.000 3785.100 1605544.735 760144.019 355214.430 239074946.417 840207879697.810
4339.000 5695.000 2356638.000 1.000 1310.000 520.000 652.000 4817.400 1633541.955 760144.019 355214.430 208217644.200 840207879697.810
4325.000 5695.000 2356648.000 1.000 1310.000 520.000 659.000 5849.700 1669524.781 760144.019 1184048.100 179491628.564 7707939136.565
4308.000 5695.000 2356658.000 1.000 1310.000 520.000 656.000 2408.700 1713745.212 760144.019 236809.620 283533350.719 1071294034884.219
4308.000 5702.000 2356668.000 1.000 1310.000 520.000 658.000 1720.500 1713745.212 747986.946 592024.050 307183410.590 462153763511.807
4313.000 5702.000 2356678.000 1.000 1300.000 520.000 659.000 0.000 1700679.203 747986.946 0.000 370452728.618 1617584539443.854
4313.000 5702.000 2356688.000 1.000 1300.000 520.000 653.000 0.000 1700679.203 747986.946 828833.670 370452728.618 196257239574.894
4313.000 5702.000 2356698.000 1.000 1290.000 520.000 650.000 2408.700 1700679.203 747986.946 355214.430 283533350.719 840207879697.810
4320.000 5702.000 2356708.000 1.000 1290.000 520.000 649.000 3441.000 1682470.790 747986.946 165974.570 249834333.063 1222944917340.734
4326.000 5710.000 2356718.000 1.000 1280.000 520.000 644.000 3923.344 1666941.579 734213.147 2959977.448 234818986.932 2849798016999.704
4335.000 5717.000 2356728.000 1.000 1280.000 520.000 650.000 12525.429 1643782.762 722266.074 1848188.284 45181514.167 332173921375.138
4364.000 5739.000 2356738.000 1.000 1280.000 520.000 650.000 17896.508 1570261.909 685356.129 1516176.173 1824229.987 59698714260.094
4405.000 5771.000 2356748.000 1.000 1280.000 520.000 649.000 13490.300 1469188.634 633396.936 332399.224 33141305.620 882554551237.743
4436.000 5795.000 2356758.000 1.000 1290.000 520.000 650.000 14456.296 1394999.377 595771.542 149931.940 22952268.483 1258684358446.551
4469.000 5821.000 2356768.000 1.000 1300.000 520.000 650.000 14892.018 1318135.717 556310.698 1387921.156 18967162.405 13474145346.696
4502.000 5849.000 2356778.000 1.000 1300.000 520.000 650.000 18925.500 1243450.056 515326.404 783816.443 103457.812 238169890712.422
4535.000 5893.000 2356788.000 1.000 1300.000 520.000 649.000 21203.374 1170942.396 454090.514 427581.413 3826817.878 712777576034.243
4581.000 5934.000 2356798.000 1.000 1310.000 520.000 647.000 19960.766 1073505.111 400514.799 1500635.240 509249.816 52345902972.677
4628.000 5968.000 2356808.000 1.000 1310.000 520.000 644.000 24321.810 978320.625 358636.157 1374653.004 25752188.486 10569903163.394
4692.000 5998.000 2356818.000 1.000 1310.000 520.000 649.000 28316.733 855811.707 323604.413 1525947.925 82257361.477 64569328334.280
4766.000 6034.000 2356828.000 1.000 1330.000 520.000 649.000 23882.127 724372.772 283942.322 27250.655 21483024.916 1549010029681.660
4822.000 6075.000 2356838.000 1.000 1330.000 520.000 647.000 23961.321 632185.469 241928.606 567918.813 22223421.567 495509218313.047
4879.000 6115.000 2356848.000 1.000 1340.000 520.000 649.000 25611.768 544792.964 204179.615 410413.576 40508380.309 742060600241.310
4943.000 6153.000 2356858.000 1.000 1340.000 520.000 647.000 26804.484 454412.047 171282.074 1692960.989 57113318.588 177340386222.683
5011.000 6191.000 2356868.000 1.000 1340.000 520.000 658.000 31724.452 367358.322 141272.533 410333.744 155683100.532 742198145877.166
5081.000 6251.000 2356878.000 1.000 1340.000 520.000 653.000 30531.968 287404.194 99769.046 536111.929 127347149.250 541300164173.458
5149.000 6308.000 2356888.000 1.000 1350.000 530.000 652.000 28973.956 219118.469 67009.735 1590758.471 94610782.506 101707097002.394
5216.000 6359.000 2356898.000 1.000 1350.000 530.000 656.000 24351.002 160881.946 43206.771 1238476.462 26049319.691 1113323832.645
5268.000 6407.000 2356908.000 1.000 1360.000 540.000 652.000 20751.826 121871.451 25555.982 166870.951 2264054.126 1220963161995.741
5307.000 6453.000 2356918.000 1.000 1360.000 540.000 653.000 20266.877 96162.579 12964.643 368220.722 1039846.042 816533166445.000
5345.000 6498.000 2356928.000 1.000 1370.000 540.000 658.000 21336.975 74038.909 4742.028 1026513.270 4367374.449 60186661529.534
5383.000 6547.000 2356938.000 1.000 1370.000 540.000 653.000 18353.792 54803.240 394.514 749254.351 798085.986 273098864340.758
5410.000 6593.000 2356948.000 1.000 1390.000 550.000 653.000 16176.360 42890.790 683.175 528860.022 9429742.528 552023660496.184
5429.000 6636.000 2356958.000 1.000 1390.000 550.000 655.000 14639.423 35381.955 4780.010 242396.083 21231135.058 1059760892429.917
5446.000 6675.000 2356968.000 1.000 1400.000 540.000 658.000 13934.988 29275.524 11693.744 525883.213 28219050.071 556455958538.819
5460.000 6713.000 2356978.000 1.000 1400.000 540.000 659.000 12406.702 24680.698 21356.202 1109711.833 46791709.470 26286505470.876
5472.000 6747.000 2356988.000 1.000 1400.000 540.000 659.000 9181.733 21054.276 32449.560 199314.075 101312590.881 1150318229855.545
5478.000 6773.000 2356998.000 1.000 1400.000 540.000 658.000 8602.500 19349.065 42492.716 0.000 113308543.479 1617584539443.854
5478.000 6798.000 2357008.000 1.000 1410.000 550.000 652.000 8602.500 19349.065 53424.597 153152.028 113308543.479 1251469422926.002
5478.000 6823.000 2357018.000 1.000 1410.000 550.000 653.000 8157.420 19349.065 65606.478 582343.829 122982080.069 475409064954.770
5467.000 6844.000 2357028.000 1.000 1410.000 550.000 655.000 6465.052 22530.285 76805.257 516965.861 163381993.085 569839449161.246
5459.000 6861.000 2357038.000 1.000 1420.000 540.000 649.000 4962.681 24995.900 86516.936 756185.902 204046014.161 265902211415.663
5451.000 6873.000 2357048.000 1.000 1420.000 540.000 643.000 7160.257 27589.515 93720.239 395993.377 146092948.166 767112508942.226
5434.000 6885.000 2357058.000 1.000 1420.000 540.000 643.000 6009.448 33525.946 101211.542 528588.527 175236716.754 552427166516.463
5418.000 6892.000 2357068.000 1.000 1430.000 530.000 641.000 4473.300 39641.175 105714.468 355214.430 218266601.986 840207879697.810
5405.000 6892.000 2357078.000 1.000 1430.000 530.000 640.000 5505.600 44986.799 105714.468 392299.807 188830157.489 773596174961.407
5389.000 6892.000 2357088.000 1.000 1430.000 530.000 647.000 6645.675 52030.029 105714.468 57518.724 158797136.491 1474583373569.359
5371.000 6885.000 2357098.000 1.000 1430.000 530.000 645.000 6812.832 60565.662 101211.542 1113854.797 154612228.914 24960262696.755
5357.000 6871.000 2357108.000 1.000 1430.000 530.000 644.000 10049.841 67652.487 92499.689 2000041.678 84590466.797 530273358845.057
5334.000 6853.000 2357118.000 1.000 1430.000 530.000 639.000 15862.226 80146.129 81874.735 1153073.938 11457700.900 14106082878.679
5304.000 6818.000 2357128.000 1.000 1430.000 530.000 641.000 12511.241 98032.184 63070.102 647961.634 45372450.982 389227920970.330
5285.000 6787.000 2357138.000 1.000 1420.000 530.000 645.000 10628.179 110291.019 48460.569 507260.521 74286636.692 584586320781.059
5270.000 6760.000 2357148.000 1.000 1420.000 530.000 644.000 12102.345 120479.047 37302.138 373747.656 51048218.255 806575192397.072
5261.000 6726.000 2357158.000 1.000 1420.000 530.000 645.000 13188.505 126807.863 25324.780 1710424.064 36707162.079 192353376322.718
5251.000 6689.000 2357168.000 1.000 1420.000 530.000 645.000 18159.223 134029.882 14917.597 1092509.586 1183582.077 32160462490.755
5242.000 6637.000 2357178.000 1.000 1410.000 530.000 645.000 21334.200 140700.698 4919.285 355214.430 4355783.613 840207879697.810
5242.000 6575.000 2357188.000 1.000 1410.000 530.000 645.000 20301.900 140700.698 66.221 210893.384 1112500.549 1125614023287.339
5242.000 6516.000 2357198.000 1.000 1410.000 530.000 647.000 19689.016 140700.698 2586.982 968323.896 195246.813 92123828068.334
5247.000 6459.000 2357208.000 1.000 1400.000 540.000 636.000 16874.939 136974.689 11634.294 859102.082 5627378.311 170355040336.722
5261.000 6412.000 2357218.000 1.000 1390.000 540.000 638.000 14378.275 126807.863 23982.358 263460.509 23705929.978 1016835186943.158
5276.000 6373.000 2357228.000 1.000 1390.000 540.000 644.000 13612.624 116349.836 37582.624 72392.446 31747867.289 1438681558680.226
5290.000 6336.000 2357238.000 1.000 1370.000 540.000 647.000 13402.242 106995.010 53297.441 996969.533 34162932.977 75555406174.857
5316.000 6307.000 2357248.000 1.000 1390.000 550.000 636.000 10504.917 90661.762 67528.459 753360.496 76426613.070 268824075480.480
5342.000 6291.000 2357258.000 1.000 1390.000 550.000 647.000 8315.552 75680.515 76100.056 1857016.858 119499803.877 342428479608.626
5364.000 6281.000 2357268.000 1.000 1390.000 550.000 636.000 13712.288 64060.074 81717.303 1513340.445 30634681.685 58321030601.236
5402.000 6269.000 2357278.000 1.000 1390.000 550.000 636.000 18110.255 46268.405 88722.001 144555.378 1292527.022 1270777314284.267
5453.000 6256.000 2357288.000 1.000 1390.000 550.000 638.000 18530.352 26929.111 96635.423 954292.874 513797.343 100838063246.256
5505.000 6270.000 2357298.000 1.000 1400.000 550.000 643.000 21303.653 12566.616 88127.276 983083.377 4229210.413 83382102346.423
5558.000 6302.000 2357308.000 1.000 1400.000 550.000 638.000 24160.623 3492.918 70152.083 2457913.870 24142230.836 1406764180661.048
5625.000 6323.000 2357318.000 1.000 1400.000 550.000 644.000 31303.645 62.396 59468.863 291506.380 145359105.827 961059829003.296
5701.000 6373.000 2357328.000 1.000 1410.000 560.000 643.000 32150.801 7039.056 37582.624 1238345.015 166504245.670 1122112965.621
5764.000 6442.000 2357338.000 1.000 1410.000 560.000 644.000 28552.007 21579.340 15590.615 1532181.296 86580390.140 67776044167.594
5818.000 6505.000 2357348.000 1.000 1410.000 560.000 644.000 24099.286 40360.441 3826.955 1408772.928 23543237.503 18749813494.193
5866.000 6556.000 2357358.000 1.000 1410.000 560.000 646.000 20005.206 61950.753 117.991 1005138.467 574651.046 71131291732.887
5904.000 6600.000 2357368.000 1.000 1410.000 560.000 646.000 17084.141 82311.084 1098.102 883148.479 4678601.809 151083407060.356
5932.000 6641.000 2357378.000 1.000 1410.000 560.000 644.000 14517.595 99161.432 5496.386 1279403.716 22368677.105 57164885.394
5954.000 6677.000 2357388.000 1.000 1410.000 560.000 644.000 10799.479 113500.992 12130.294 231698.359 71363121.402 1081900811060.743
5966.000 6706.000 2357398.000 1.000 1430.000 550.000 644.000 10126.133 121730.570 19359.276 169067.685 83192925.285 1216113328431.180
5971.000 6735.000 2357408.000 1.000 1430.000 550.000 646.000 9634.800 125244.561 28270.257 710428.860 92397245.302 315185802512.215
5971.000 6763.000 2357418.000 1.000 1410.000 550.000 643.000 7570.200 125244.561 38469.964 118404.810 136351128.236 1330419588132.900
5971.000 6785.000 2357428.000 1.000 1420.000 540.000 649.000 7226.100 125244.561 47584.019 1302452.910 144505609.061 936968448.333
5971.000 6806.000 2357438.000 1.000 1410.000 530.000 647.000 3441.000 125244.561 57186.799 1184048.100 249834333.063 7707939136.565
5971.000 6816.000 2357448.000 1.000 1410.000 530.000 647.000 0.000 125244.561 62069.551 592024.050 370452728.618 462153763511.807
5971.000 6816.000 2357458.000 1.000 1420.000 530.000 650.000 1720.500 125244.561 62069.551 592024.050 307183410.590 462153763511.807
5971.000 6821.000 2357468.000 1.000 1420.000 530.000 647.000 0.000 125244.561 64585.927 0.000 370452728.618 1617584539443.854
5971.000 6821.000 2357478.000 1.000 1420.000 530.000 644.000 0.000 125244.561 64585.927 592024.050 370452728.618 462153763511.807
5971.000 6821.000 2357488.000 1.000 1430.000 520.000 641.000 1720.500 125244.561 64585.927 236809.620 307183410.590 1071294034884.219
5971.000 6816.000 2357498.000 1.000 1430.000 520.000 638.000 2408.700 125244.561 62069.551 355214.430 283533350.719 840207879697.810
5971.000 6809.000 2357508.000 1.000 1430.000 520.000 640.000 3441.000 125244.561 58630.624 576165.857 249834333.063 483966645062.702
5971.000 6799.000 2357518.000 1.000 1430.000 520.000 638.000 5115.414 125244.561 53887.872 2436063.176 199705922.355 1355408688877.551
5966.000 6785.000 2357528.000 1.000 1430.000 520.000 644.000 12194.935 121730.570 47584.019 1645293.504 49733716.436 139465301607.556
5956.000 6751.000 2357538.000 1.000 1430.000 520.000 647.000 16976.375 114852.588 33906.661 1022845.508 5156412.670 61999735907.306
5941.000 6704.000 2357548.000 1.000 1430.000 520.000 658.000 19948.899 104910.616 18806.725 2282690.580 492453.646 1021812891353.704
5926.000 6648.000 2357558.000 1.000 1430.000 530.000 653.000 26582.699 95418.643 6583.313 1612757.473 53810299.904 116222698595.524
5898.000 6576.000 2357568.000 1.000 1430.000 530.000 658.000 31269.585 78904.295 83.496 1511394.903 144538977.374 57385128772.528
5861.000 6493.000 2357578.000 1.000 1430.000 530.000 670.000 26877.272 59486.762 5455.652 1497700.756 58218783.342 51011739655.682
5836.000 6419.000 2357588.000 1.000 1420.000 540.000 667.000 22524.756 47916.808 21863.285 860870.068 10742710.373 168898725889.239
5815.000 6357.000 2357598.000 1.000 1420.000 540.000 675.000 20022.954 39164.047 44042.221 2081729.986 601874.043 655916979255.028
5796.000 6302.000 2357608.000 1.000 1410.000 550.000 684.000 13973.172 32004.882 70152.083 2367190.873 27814829.010 1199787029376.924
5789.000 6262.000 2357618.000 1.000 1400.000 550.000 682.000 7093.803 29549.295 92941.074 1730548.752 147703808.887 210410994762.868
5784.000 6242.000 2357628.000 1.000 1410.000 560.000 682.000 2064.600 27855.304 105535.569 0.000 295239975.845 1617584539443.854
5784.000 6236.000 2357638.000 1.000 1400.000 560.000 685.000 2064.600 27855.304 109469.918 710428.860 295239975.845 315185802512.215
5784.000 6230.000 2357648.000 1.000 1400.000 560.000 694.000 0.000 27855.304 113476.267 0.000 370452728.618 1617584539443.854
5784.000 6230.000 2357658.000 1.000 1420.000 570.000 690.000 0.000 27855.304 113476.267 0.000 370452728.618 1617584539443.854
5784.000 6230.000 2357668.000 1.000 1420.000 570.000 691.000 0.000 27855.304 113476.267 0.000 370452728.618 1617584539443.854
5784.000 6230.000 2357678.000 1.000 1430.000 570.000 703.000 0.000 27855.304 113476.267 1894476.960 370452728.618 387673085941.257
5784.000 6230.000 2357688.000 1.000 1430.000 570.000 702.000 5505.600 27855.304 113476.267 656040.758 188830157.489 379212363870.961
5784.000 6246.000 2357698.000 1.000 1430.000 570.000 708.000 7412.141 27855.304 102952.670 1759482.401 140067404.516 237792215008.991
5792.000 6266.000 2357708.000 1.000 1430.000 570.000 708.000 12525.429 30589.689 90518.175 2375416.927 45181514.167 1217875479344.850
5805.000 6300.000 2357718.000 1.000 1430.000 570.000 702.000 19428.704 35306.065 71215.533 1105943.250 32962.369 27522716979.391
5827.000 6352.000 2357728.000 1.000 1420.000 570.000 700.000 22642.721 44057.625 46165.845 3391223.526 11529912.032 4491773942641.562
5846.000 6415.000 2357738.000 1.000 1420.000 570.000 699.000 12787.378 52394.790 23062.184 215569.359 41728635.999 1115713940552.036
5861.000 6449.000 2357748.000 1.000 1400.000 560.000 694.000 12160.905 59486.762 13891.542 512108.890 50214848.133 577195871779.078
5876.000 6481.000 2357758.000 1.000 1400.000 560.000 690.000 10672.649 67028.735 7372.349 1075638.363 73522043.118 38496247670.022
5887.000 6510.000 2357768.000 1.000 1400.000 560.000 696.000 7546.702 72845.515 3233.331 848593.957 136900450.267 179139726707.777
5896.000 6530.000 2357778.000 1.000 1400.000 550.000 696.000 5080.576 77784.698 1358.835 529335.912 200691778.781 551316730657.564
5903.000 6543.000 2357788.000 1.000 1400.000 550.000 696.000 6618.896 81738.285 569.413 546833.053 159472763.328 525639379238.402
5912.000 6560.000 2357798.000 1.000 1400.000 550.000 705.000 8208.065 86965.469 47.092 301581.628 121861366.377 941407071097.196
5925.000 6580.000 2357808.000 1.000 1400.000 550.000 707.000 9084.501 94801.845 172.597 949130.686 103279405.919 104143218017.513
5941.000 6601.000 2357818.000 1.000 1400.000 550.000 703.000 6326.202 104910.616 1165.377 416632.151 166950860.629 731385544333.128
5954.000 6614.000 2357828.000 1.000 1430.000 550.000 703.000 5115.414 113500.992 2221.955 590054.422 199705922.355 464835623704.404
5964.000 6625.000 2357838.000 1.000 1430.000 550.000 707.000 6830.190 120338.973 3379.982 969442.909 154180860.479 91445796680.107
5979.000 6638.000 2357848.000 1.000 1430.000 550.000 703.000 4012.861 130970.946 5060.560 289187.146 232083518.195 965612467749.956
5989.000 6644.000 2357858.000 1.000 1430.000 550.000 702.000 3172.445 138308.928 5950.212 232167.711 258396095.317 1080924643445.449
5996.000 6650.000 2357868.000 1.000 1430.000 550.000 699.000 3847.155 143564.515 6911.863 1323806.035 237159802.390 2700160160.743
6006.000 6655.000 2357878.000 1.000 1430.000 550.000 697.000 0.000 151242.496 7768.239 592024.050 370452728.618 462153763511.807
6006.000 6655.000 2357888.000 1.000 1430.000 550.000 699.000 1720.500 151242.496 7768.239 592024.050 307183410.590 462153763511.807
6006.000 6660.000 2357898.000 1.000 1430.000 550.000 702.000 0.000 151242.496 8674.615 0.000 370452728.618 1617584539443.854
6006.000 6660.000 2357908.000 1.000 1430.000 550.000 708.000 0.000 151242.496 8674.615 0.000 370452728.618 1617584539443.854
6006.000 6660.000 2357918.000 1.000 1430.000 550.000 710.000 0.000 151242.496 8674.615 0.000 370452728.618 1617584539443.854
6006.000 6660.000 2357928.000 1.000 1440.000 560.000 699.000 0.000 151242.496 8674.615 0.000 370452728.618 1617584539443.854
6006.000 6660.000 2357938.000 1.000 1440.000 560.000 699.000 0.000 151242.496 8674.615 0.000 370452728.618 1617584539443.854
6006.000 6660.000 2357948.000 1.000 1440.000 560.000 697.000 0.000 151242.496 8674.615 0.000 370452728.618 1617584539443.854
6006.000 6660.000 2357958.000 1.000 1440.000 560.000 696.000 0.000 151242.496 8674.615 0.000 370452728.618 1617584539443.854
6006.000 6660.000 2357968.000 1.000 1440.000 560.000 694.000 0.000 151242.496 8674.615 0.000 370452728.618 1617584539443.854
6006.000 6660.000 2357978.000 1.000 1440.000 560.000 694.000 0.000 151242.496 8674.615 0.000 370452728.618 1617584539443.854
6006.000 6660.000 2357988.000 1.000 1440.000 560.000 690.000 0.000 151242.496 8674.615 0.000 370452728.618 1617584539443.854
6006.000 6660.000 2357998.000 1.000 1440.000 560.000 693.000 0.000 151242.496 8674.615 0.000 370452728.618 1617584539443.854
6006.000 6660.000 2358008.000 1.000 1440.000 560.000 690.000 0.000 151242.496 8674.615 0.000 370452728.618 1617584539443.854
6006.000 6660.000 2358018.000 1.000 1440.000 560.000 700.000 0.000 151242.496 8674.615 0.000 370452728.618 1617584539443.854
6006.000 6660.000 2358028.000 1.000 1440.000 560.000 696.000 0.000 151242.496 8674.615 710428.860 370452728.618 315185802512.215
6006.000 6660.000 2358038.000 1.000 1440.000 560.000 693.000 2064.600 151242.496 8674.615 0.000 295239975.845 1617584539443.854
6006.000 6654.000 2358048.000 1.000 1440.000 560.000 691.000 2064.600 151242.496 7592.964 355214.430 295239975.845 840207879697.810
6006.000 6648.000 2358058.000 1.000 1440.000 560.000 691.000 3096.900 151242.496 6583.313 847245.085 260830529.328 180283363647.827
6006.000 6639.000 2358068.000 1.000 1440.000 560.000 691.000 5559.106 151242.496 5203.835 263957.734 187362509.784 1015832648237.867
6012.000 6624.000 2358078.000 1.000 1440.000 560.000 691.000 6326.202 155945.285 3264.707 58756.451 166950860.629 1471578901726.298
6019.000 6607.000 2358088.000 1.000 1440.000 560.000 690.000 6155.448 161522.873 1611.028 190599.055 171392624.184 1169088402964.021
6027.000 6591.000 2358098.000 1.000 1440.000 560.000 691.000 5601.542 168017.258 582.624 167304.173 186202579.048 1220005953301.316
6038.000 6579.000 2358108.000 1.000 1440.000 560.000 687.000 6087.750 177156.038 147.322 291306.457 173169771.095 961451852636.527
6050.000 6566.000 2358118.000 1.000 1440.000 560.000 682.000 5241.175 187401.616 0.744 683012.693 196167296.038 346721094697.736
6064.000 6560.000 2358128.000 1.000 1440.000 560.000 685.000 7226.100 199718.790 47.092 1184048.100 144505609.061 7707939136.565
6085.000 6560.000 2358138.000 1.000 1440.000 560.000 687.000 10667.100 218929.551 47.092 1415347.647 73617233.705 20593592421.810
6116.000 6560.000 2358148.000 1.000 1430.000 560.000 681.000 14780.287 248900.295 47.092 720769.753 19952852.411 303681690107.125
6158.000 6551.000 2358158.000 1.000 1430.000 560.000 681.000 16874.939 292571.818 251.615 943446.154 5627378.311 107844468527.956
6204.000 6568.000 2358168.000 1.000 1430.000 560.000 681.000 19616.718 344450.533 1.294 1758819.664 136581.553 237146300841.691
6249.000 6603.000 2358178.000 1.000 1440.000 570.000 681.000 14505.356 399296.451 1305.927 943139.217 22484596.911 108046157005.087
6288.000 6619.000 2358188.000 1.000 1440.000 570.000 681.000 17246.243 450105.579 2718.331 469287.021 4003623.156 644096050710.803
6332.000 6643.000 2358198.000 1.000 1440.000 570.000 681.000 18610.053 511080.698 5796.936 1188528.282 405890.783 6941337177.937
6377.000 6673.000 2358208.000 1.000 1470.000 560.000 685.000 15156.033 577446.616 11265.193 681662.788 16737226.722 348312646810.443
6411.000 6701.000 2358218.000 1.000 1470.000 560.000 685.000 13175.031 630275.753 17992.900 932386.436 36870611.955 115230738236.532
6440.000 6726.000 2358228.000 1.000 1480.000 570.000 682.000 10465.393 677162.900 25324.780 953529.660 77119231.139 101323363099.266
6461.000 6748.000 2358238.000 1.000 1480.000 570.000 679.000 7694.310 712165.662 32810.835 753135.111 133468079.350 269057842623.524
6471.000 6768.000 2358248.000 1.000 1500.000 570.000 679.000 5505.600 729143.643 40456.340 828833.670 188830157.489 196257239574.894
6471.000 6784.000 2358258.000 1.000 1500.000 570.000 682.000 3096.900 729143.643 47148.744 118404.810 260830529.328 1330419588132.900
6471.000 6793.000 2358268.000 1.000 1500.000 570.000 682.000 2752.800 729143.643 51138.221 376567.556 272063535.214 801518066283.168
6471.000 6801.000 2358278.000 1.000 1500.000 570.000 682.000 3847.155 729143.643 54820.423 613377.176 237159802.390 433577201404.910
6466.000 6811.000 2358288.000 1.000 1500.000 570.000 684.000 2064.600 720629.652 59603.175 0.000 295239975.845 1617584539443.854
6460.000 6811.000 2358298.000 1.000 1500.000 570.000 685.000 2064.600 710478.863 59603.175 710428.860 295239975.845 315185802512.215
6460.000 6817.000 2358308.000 1.000 1510.000 560.000 685.000 0.000 710478.863 62568.826 0.000 370452728.618 1617584539443.854
6460.000 6817.000 2358318.000 1.000 1510.000 560.000 682.000 0.000 710478.863 62568.826 0.000 370452728.618 1617584539443.854
6460.000 6817.000 2358328.000 1.000 1510.000 560.000 679.000 0.000 710478.863 62568.826 0.000 370452728.618 1617584539443.854
6460.000 6817.000 2358338.000 1.000 1520.000 570.000 672.000 0.000 710478.863 62568.826 1184048.100 370452728.618 7707939136.565
6460.000 6817.000 2358348.000 1.000 1520.000 570.000 666.000 3441.000 710478.863 62568.826 0.000 249834333.063 1617584539443.854
6460.000 6807.000 2358358.000 1.000 1520.000 570.000 663.000 3441.000 710478.863 57666.074 947238.480 249834333.063 105368074699.846
6460.000 6797.000 2358368.000 1.000 1520.000 570.000 663.000 6193.800 710478.863 52963.322 489715.550 170389909.258 611723300565.737
6460.000 6779.000 2358378.000 1.000 1520.000 570.000 662.000 7616.978 710478.863 45002.368 748857.604 135260867.815 273513692682.306
6467.000 6758.000 2358388.000 1.000 1520.000 570.000 670.000 5440.699 722328.451 36533.588 144216.783 190618050.118 1271540816815.029
6472.000 6743.000 2358398.000 1.000 1520.000 570.000 670.000 5859.812 730852.441 31024.459 51489.748 179220780.816 1489261985587.431
6485.000 6732.000 2358408.000 1.000 1520.000 570.000 667.000 6009.448 753248.818 27270.432 655459.573 175236716.754 379928491663.719
6501.000 6725.000 2358418.000 1.000 1520.000 570.000 661.000 7914.300 781277.588 25007.505 710428.860 128433457.030 315185802512.215
6524.000 6725.000 2358428.000 1.000 1520.000 570.000 661.000 9978.900 822465.946 25007.505 910281.108 85900431.817 130726979798.598
6553.000 6725.000 2358438.000 1.000 1520.000 570.000 656.000 12624.297 875907.093 25007.505 226466.318 43862163.105 1092812343811.451
6588.000 6736.000 2358448.000 1.000 1520.000 570.000 656.000 13282.438 942645.029 28607.533 284110.294 35577772.352 975615838543.387
6625.000 6747.000 2358458.000 1.000 1510.000 580.000 655.000 14108.100 1015860.561 32449.560 771811.827 26409820.350 250031143618.183
6665.000 6756.000 2358468.000 1.000 1510.000 580.000 646.000 16351.087 1098092.487 35773.037 16219.842 8387172.699 1576589438685.346
6712.000 6763.000 2358478.000 1.000 1530.000 580.000 644.000 16303.950 1198804.001 38469.964 1527368.714 8662417.905 65293406026.481
6759.000 6769.000 2358488.000 1.000 1530.000 580.000 644.000 11865.215 1303933.515 40859.615 1008852.682 54492943.440 69163891397.345
6792.000 6779.000 2358498.000 1.000 1530.000 580.000 643.000 8933.356 1380387.854 45002.368 632990.187 106374317.468 408132877897.500
6817.000 6786.000 2358508.000 1.000 1540.000 580.000 644.000 7093.803 1439757.808 48021.294 1848953.562 147703808.887 333056635804.508
6837.000 6791.000 2358518.000 1.000 1540.000 580.000 643.000 1720.500 1488153.772 50237.670 118404.810 307183410.590 1330419588132.900
6842.000 6791.000 2358528.000 1.000 1540.000 580.000 643.000 2064.600 1500377.762 50237.670 710428.860 295239975.845 315185802512.215
6836.000 6791.000 2358538.000 1.000 1530.000 580.000 643.000 0.000 1485714.973 50237.670 947238.480 370452728.618 105368074699.846
6836.000 6791.000 2358548.000 1.000 1520.000 570.000 641.000 2752.800 1485714.973 50237.670 433586.990 272063535.214 702673087416.163
6844.000 6791.000 2358558.000 1.000 1520.000 570.000 644.000 4012.861 1505281.359 50237.670 2226151.165 232083518.195 910704131715.383
6854.000 6797.000 2358568.000 1.000 1510.000 560.000 644.000 10482.350 1529919.340 52963.322 1371660.367 76821694.220 9963512814.063
6882.000 6809.000 2358578.000 1.000 1500.000 550.000 644.000 14468.576 1599969.689 58630.624 1886800.089 22834755.941 378172258641.318
6920.000 6827.000 2358588.000 1.000 1490.000 550.000 644.000 19951.866 1697546.019 67671.579 81202.783 496626.636 1417624054061.943
6969.000 6858.000 2358598.000 1.000 1490.000 550.000 644.000 20187.852 1827631.129 84761.111 43256.467 884922.917 1509424794489.628
7020.000 6887.000 2358608.000 1.000 1500.000 540.000 636.000 20313.561 1968125.836 102488.092 1079893.159 1137235.441 36844729807.925
7073.000 6913.000 2358618.000 1.000 1510.000 540.000 645.000 23451.873 2119642.139 119811.248 1490060.703 17679707.414 47618979149.146
7136.000 6939.000 2358628.000 1.000 1530.000 550.000 639.000 19121.560 2307054.423 138486.404 1380692.303 15772.492 11848177371.105
7184.000 6967.000 2358638.000 1.000 1530.000 560.000 644.000 15109.086 2455172.735 160110.111 1746972.645 17123561.950 225748208399.794
7222.000 6989.000 2358648.000 1.000 1540.000 560.000 639.000 10032.153 2575701.065 178200.166 1249607.064 84916143.615 494435500.001
7247.000 7004.000 2358658.000 1.000 1560.000 570.000 642.000 6400.630 2656571.019 191089.294 1183900.137 165033039.732 7733941814.210
7262.000 7015.000 2358668.000 1.000 1570.000 580.000 641.000 2960.060 2705692.992 200827.322 1018556.646 265269254.546 64153961747.281
7269.000 7020.000 2358678.000 1.000 1580.000 580.000 644.000 0.000 2728770.579 205333.698 0.000 370452728.618 1617584539443.854
7269.000 7020.000 2358688.000 1.000 1570.000 590.000 644.000 0.000 2728770.579 205333.698 0.000 370452728.618 1617584539443.854
7269.000 7020.000 2358698.000 1.000 1590.000 590.000 645.000 0.000 2728770.579 205333.698 0.000 370452728.618 1617584539443.854
7269.000 7020.000 2358708.000 1.000 1590.000 590.000 645.000 0.000 2728770.579 205333.698 0.000 370452728.618 1617584539443.854
7269.000 7020.000 2358718.000 1.000 1590.000 590.000 647.000 0.000 2728770.579 205333.698 0.000 370452728.618 1617584539443.854
7269.000 7020.000 2358728.000 1.000 1590.000 590.000 645.000 0.000 2728770.579 205333.698 0.000 370452728.618 1617584539443.854
7269.000 7020.000 2358738.000 1.000 1590.000 590.000 644.000 0.000 2728770.579 205333.698 592024.050 370452728.618 462153763511.807
7269.000 7020.000 2358748.000 1.000 1590.000 590.000 644.000 1720.500 2728770.579 205333.698 592024.050 307183410.590 462153763511.807
7264.000 7020.000 2358758.000 1.000 1600.000 580.000 639.000 0.000 2712276.588 205333.698 924771.159 370452728.618 120458841746.702
7264.000 7020.000 2358768.000 1.000 1600.000 580.000 630.000 2687.507 2712276.588 205333.698 501011.665 274221729.394 594180900225.829
7259.000 7014.000 2358778.000 1.000 1600.000 580.000 624.000 4143.513 2695832.597 199932.046 2515514.834 228119807.857 1546719706179.987
7251.000 7005.000 2358788.000 1.000 1600.000 580.000 616.000 11453.931 2669626.212 191964.569 1522028.970 60734240.313 62593034771.971
7233.000 6977.000 2358798.000 1.000 1590.000 590.000 611.000 15877.148 2611129.845 168212.863 2980024.026 11356903.937 2917882521278.746
7210.000 6937.000 2358808.000 1.000 1590.000 590.000 611.000 24537.491 2537327.487 137001.854 780072.291 27987722.877 241838400378.228
7183.000 6871.000 2358818.000 1.000 1590.000 590.000 620.000 26804.484 2452039.937 92499.689 3255792.304 57113318.588 3936054961274.477
7145.000 6803.000 2358828.000 1.000 1590.000 590.000 613.000 36266.246 2334475.607 55760.973 2042158.486 289649676.852 593385994732.157
7087.000 6715.000 2358838.000 1.000 1600.000 580.000 614.000 42201.028 2160603.313 21944.753 3770540.785 526880580.240 6243490772443.265
7016.000 6615.000 2358848.000 1.000 1580.000 580.000 609.000 53158.717 1956918.643 2317.230 1861265.804 1149994472.426 347419277655.169
6931.000 6486.000 2358858.000 1.000 1580.000 580.000 602.000 58567.801 1726330.799 6538.725 1281033.717 1546113706.412 84469836.882
6830.000 6349.000 2358868.000 1.000 1570.000 590.000 606.000 62290.654 1471124.184 47464.019 3007899.567 1852743358.489 3013892509208.296
6719.000 6206.000 2358878.000 1.000 1560.000 590.000 613.000 53549.301 1214181.588 130221.661 610365.956 1176637660.364 437551839585.098
6612.000 6093.000 2358888.000 1.000 1560.000 590.000 611.000 55323.105 989824.184 224545.560 528438.155 1301474631.322 552650718442.301
6492.000 5986.000 2358898.000 1.000 1550.000 600.000 613.000 56858.816 765448.405 337401.111 1495299.626 1414637525.804 49932877267.873
6362.000 5884.000 2358908.000 1.000 1530.000 590.000 624.000 61204.354 554874.643 466301.037 1314130.632 1760407086.312 1788246387.170
6211.000 5790.000 2358918.000 1.000 1520.000 600.000 627.000 57385.317 352716.120 603515.166 668410.121 1454519890.120 364131202827.825
6057.000 5726.000 2358928.000 1.000 1510.000 600.000 641.000 55442.829 193511.203 707049.551 1547683.001 1310127280.770 76087722896.096
5902.000 5682.000 2358938.000 1.000 1500.000 600.000 661.000 59940.600 81167.487 782981.441 653401.511 1655956988.138 382469837775.060
5732.000 5644.000 2358948.000 1.000 1480.000 600.000 663.000 61839.471 13201.799 851674.982 625927.879 1814105928.780 417206304327.226
5553.000 5628.000 2358958.000 1.000 1470.000 610.000 669.000 63658.500 4108.928 881462.579 1894476.960 1972368134.587 387673085941.257
5368.000 5628.000 2358968.000 1.000 1450.000 600.000 672.000 69164.100 62051.267 881462.579 3017720.525 2491702038.658 3048088438280.762
5167.000 5628.000 2358978.000 1.000 1440.000 600.000 667.000 60394.206 202590.836 881462.579 1855756.763 1693080333.988 340955318066.350
4993.000 5651.000 2358988.000 1.000 1420.000 590.000 670.000 55001.132 389501.955 838803.909 603725.515 1278347330.105 446380933205.748
4836.000 5681.000 2358998.000 1.000 1410.000 590.000 673.000 53246.626 610118.643 784752.166 813459.282 1155964464.554 210115605102.072
4684.000 5710.000 2359008.000 1.000 1390.000 580.000 675.000 50882.606 870677.322 734213.147 3148978.503 1000802165.913 3523637810571.500
4539.000 5739.000 2359018.000 1.000 1380.000 580.000 672.000 41731.259 1162301.588 685356.129 1689858.239 505535221.194 174736765411.159
4421.000 5767.000 2359028.000 1.000 1380.000 580.000 690.000 36820.308 1430657.405 639779.835 2125854.961 308815931.857 729336481372.464
4318.000 5796.000 2359038.000 1.000 1360.000 570.000 691.000 30642.293 1687663.194 594228.817 2160651.386 129849316.259 789980400977.583
4237.000 5833.000 2359048.000 1.000 1360.000 560.000 697.000 24363.155 1904678.542 538554.001 1007968.001 26173521.648 69629999079.151
4180.000 5875.000 2359058.000 1.000 1350.000 550.000 702.000 21433.867 2065259.047 478673.560 2053759.130 4781737.430 611392881819.116
4138.000 5921.000 2359068.000 1.000 1350.000 540.000 694.000 15465.372 2187739.524 417138.221 863812.811 14301834.132 166488610366.572
4122.000 5963.000 2359078.000 1.000 1360.000 540.000 688.000 17975.726 2235326.753 364649.780 1415551.354 1616515.387 20652099732.971
4127.000 6015.000 2359088.000 1.000 1360.000 540.000 675.000 22089.505 2220400.744 304552.092 1701882.814 8078989.995 184934267730.018
4147.000 6076.000 2359098.000 1.000 1360.000 520.000 669.000 27035.401 2161196.707 240945.881 4130716.793 60656875.694 8173159537845.460
4200.000 6134.000 2359108.000 1.000 1360.000 520.000 672.000 39039.809 2008175.010 187369.845 2913128.234 391749406.339 2693817318977.967
4286.000 6208.000 2359118.000 1.000 1360.000 520.000 663.000 47505.744 1771829.652 128782.212 3950289.334 798548214.880 7174074926708.737
4394.000 6294.000 2359128.000 1.000 1390.000 520.000 664.000 58985.806 1495975.854 74453.881 3427715.331 1579160893.218 4647785638440.075
4538.000 6387.000 2359138.000 1.000 1390.000 520.000 659.000 68947.199 1164458.790 32350.478 2292284.088 2470095011.343 1041300076022.830
4716.000 6479.000 2359148.000 1.000 1390.000 520.000 667.000 75608.879 811982.863 7719.799 1893638.044 3176644655.475 386629114488.013
4916.000 6570.000 2359158.000 1.000 1410.000 520.000 665.000 81112.041 491542.496 9.845 3629063.382 3827264913.631 5556488072407.429
5137.000 6652.000 2359168.000 1.000 1410.000 520.000 659.000 91658.578 230496.891 7248.413 2289472.103 5243415110.054 1035569053046.094
5392.000 6729.000 2359178.000 1.000 1430.000 520.000 658.000 98312.086 50670.423 26288.606 1385046.545 6251264328.581 12815049472.404
5669.000 6799.000 2359188.000 1.000 1450.000 530.000 661.000 102337.214 2693.515 53887.872 317141.830 6903958970.819 911454266045.799
5962.000 6850.000 2359198.000 1.000 1470.000 520.000 661.000 101415.558 118955.377 80166.909 322888.988 6751647505.939 900513659286.198
6254.000 6890.000 2359208.000 1.000 1490.000 520.000 662.000 100477.200 405640.441 104417.918 4499382.780 6598321253.030 10417013227404.967
6546.000 6890.000 2359218.000 1.000 1520.000 530.000 664.000 87401.400 862853.506 104417.918 2772305.308 4645001986.062 2251387228811.795
6800.000 6890.000 2359228.000 1.000 1530.000 530.000 673.000 79344.715 1399250.240 104417.918 5404027.874 3611717489.114 17074952083751.910
7029.000 6863.000 2359238.000 1.000 1560.000 530.000 667.000 63639.897 1993459.019 87697.487 537895.055 1970716111.918 538679541416.616
7210.000 6825.000 2359248.000 1.000 1590.000 530.000 662.000 65203.091 2537327.487 66635.028 7043758.313 2111948643.334 33315006730818.551
7395.000 6784.000 2359258.000 1.000 1620.000 540.000 659.000 44733.000 3160925.148 47148.744 15392625.300 649528622.393 199396493621172.281
7525.000 6784.000 2359268.000 1.000 1630.000 550.000 516.000 0.000 3640078.909 47148.744 0.000 370452728.618 1617584539443.854
