2798.000 5959.000 1263687.000 0.000 1240.000 480.000 276.000 0.000 2637644.638 2359613.605 0.000 890094106.439 5200682972574.427
2798.000 5959.000 1263697.000 1.000 1250.000 470.000 316.000 0.000 2637644.638 2359613.605 0.000 890094106.439 5200682972574.427
2798.000 5959.000 1263707.000 1.000 1250.000 470.000 361.000 0.000 2637644.638 2359613.605 0.000 890094106.439 5200682972574.427
2798.000 5959.000 1263717.000 1.000 1260.000 470.000 394.000 0.000 2637644.638 2359613.605 0.000 890094106.439 5200682972574.427
2798.000 5959.000 1263727.000 1.000 1260.000 470.000 423.000 0.000 2637644.638 2359613.605 0.000 890094106.439 5200682972574.427
2798.000 5959.000 1263737.000 1.000 1270.000 460.000 430.000 0.000 2637644.638 2359613.605 0.000 890094106.439 5200682972574.427
2798.000 5959.000 1263747.000 1.000 1270.000 460.000 436.000 0.000 2637644.638 2359613.605 0.000 890094106.439 5200682972574.427
2798.000 5959.000 1263757.000 1.000 1300.000 470.000 438.000 0.000 2637644.638 2359613.605 0.000 890094106.439 5200682972574.427
2798.000 5959.000 1263767.000 1.000 1300.000 470.000 450.000 0.000 2637644.638 2359613.605 0.000 890094106.439 5200682972574.427
2798.000 5959.000 1263777.000 1.000 1300.000 470.000 485.000 0.000 2637644.638 2359613.605 0.000 890094106.439 5200682972574.427
2798.000 5959.000 1263787.000 1.000 1310.000 460.000 512.000 0.000 2637644.638 2359613.605 0.000 890094106.439 5200682972574.427
2798.000 5959.000 1263797.000 1.000 1310.000 460.000 532.000 0.000 2637644.638 2359613.605 34901101.347 890094106.439 1064103593295805.625
2798.000 5959.000 1263807.000 1.000 1310.000 460.000 554.000 63112.299 2637644.638 2359613.605 14029777.006 1107415569.097 138045496136850.688
2853.000 5859.000 1263817.000 1.000 1300.000 470.000 570.000 37741.997 2462020.541 2062392.928 2267325.438 62529379.168 173584812.694
2866.000 5792.000 1263827.000 1.000 1290.000 460.000 594.000 41842.043 2421393.390 1874444.075 1253332.472 144182410.542 1055074356861.555
2876.000 5717.000 1263837.000 1.000 1290.000 460.000 603.000 44108.467 2390371.736 1674703.567 13677246.695 203747705.022 129885821623992.031
2887.000 5638.000 1263847.000 1.000 1270.000 460.000 616.000 68841.282 2356478.917 1476476.232 8514225.237 1521533335.384 38859322888280.523
2898.000 5514.000 1263857.000 1.000 1260.000 470.000 627.000 84237.711 2322828.097 1190506.593 16154306.231 2959715355.148 192482482772096.406
2908.000 5362.000 1263867.000 1.000 1260.000 470.000 639.000 55025.584 2292446.443 881915.165 9019027.969 634593485.822 45407751144206.539
2918.000 5263.000 1263877.000 1.000 1250.000 470.000 636.000 71334.857 2262264.789 705773.695 5879691.762 1722284198.978 12954177042755.285
2934.000 5135.000 1263887.000 1.000 1240.000 480.000 641.000 81967.211 2214390.142 507091.229 2202564.161 2717825294.339 6074088044.662
2953.000 4988.000 1263897.000 1.000 1240.000 480.000 644.000 85950.148 2158203.999 319341.834 606080.811 3148972126.982 2803681619496.495
2974.000 4834.000 1263907.000 1.000 1230.000 480.000 653.000 87046.135 2096943.526 169005.992 954167.214 3273177476.528 1759160242660.777
2995.000 4678.000 1263917.000 1.000 1230.000 480.000 661.000 88771.573 2036565.052 65077.736 1427078.989 3473585060.877 728328440872.972
3008.000 4518.000 1263927.000 1.000 1230.000 480.000 661.000 91352.186 1999629.902 9044.654 4218235.889 3784432461.906 3754818062153.710
3016.000 4353.000 1263937.000 1.000 1210.000 480.000 662.000 83724.273 1977068.578 4885.537 3302081.342 2904113565.516 1043627218708.375
3027.000 4202.000 1263947.000 1.000 1210.000 480.000 667.000 77753.059 1946255.759 48795.315 8354532.109 2296193570.924 36893858809682.391
3040.000 4062.000 1263957.000 1.000 1210.000 480.000 670.000 62645.406 1910152.608 130246.368 6575040.598 1076559163.964 18443073820834.863
3057.000 3950.000 1263967.000 1.000 1210.000 480.000 670.000 50755.640 1863450.796 223631.210 4778149.495 437696401.644 6238250018056.199
3075.000 3860.000 1263977.000 1.000 1200.000 480.000 671.000 42115.225 1814631.819 316852.601 11390644.230 150817558.239 82994717015260.406
3093.000 3786.000 1263987.000 1.000 1200.000 480.000 671.000 21517.315 1766460.841 405637.300 8480026.611 69174650.874 38434122799194.977
3110.000 3751.000 1263997.000 1.000 1200.000 480.000 650.000 6182.728 1721561.029 451445.063 972576.584 559403715.448 1710665223585.345
3115.000 3741.000 1264007.000 1.000 1200.000 480.000 611.000 4424.000 1708465.202 464982.996 14247450.525 645690713.379 143207890581058.719
3115.000 3749.000 1264017.000 1.000 1200.000 480.000 481.000 30187.925 1708465.202 454136.650 9422705.250 124948.134 51011087306408.859
3089.000 3797.000 1264027.000 1.000 1200.000 480.000 275.000 47227.175 1777109.503 391746.575 1135505.555 302507058.030 1311013646032.403
1944.000 5393.000 1264257.000 0.000 1220.000 460.000 212.000 0.000 6140893.902 941100.575 0.000 890094106.439 5200682972574.427
1944.000 5393.000 1264267.000 1.000 1230.000 470.000 249.000 0.000 6140893.902 941100.575 0.000 890094106.439 5200682972574.427
1944.000 5393.000 1264277.000 1.000 1230.000 470.000 316.000 0.000 6140893.902 941100.575 0.000 890094106.439 5200682972574.427
1944.000 5393.000 1264287.000 1.000 1240.000 480.000 339.000 0.000 6140893.902 941100.575 0.000 890094106.439 5200682972574.427
1944.000 5393.000 1264297.000 1.000 1240.000 480.000 356.000 0.000 6140893.902 941100.575 0.000 890094106.439 5200682972574.427
1944.000 5393.000 1264307.000 1.000 1240.000 480.000 368.000 0.000 6140893.902 941100.575 0.000 890094106.439 5200682972574.427
1944.000 5393.000 1264317.000 1.000 1240.000 480.000 372.000 0.000 6140893.902 941100.575 0.000 890094106.439 5200682972574.427
1944.000 5393.000 1264327.000 1.000 1240.000 480.000 394.000 0.000 6140893.902 941100.575 0.000 890094106.439 5200682972574.427
1944.000 5393.000 1264337.000 1.000 1240.000 480.000 410.000 0.000 6140893.902 941100.575 0.000 890094106.439 5200682972574.427
1944.000 5393.000 1264347.000 1.000 1240.000 480.000 438.000 0.000 6140893.902 941100.575 0.000 890094106.439 5200682972574.427
1944.000 5393.000 1264357.000 1.000 1240.000 480.000 470.000 0.000 6140893.902 941100.575 0.000 890094106.439 5200682972574.427
1944.000 5393.000 1264367.000 1.000 1240.000 480.000 509.000 0.000 6140893.902 941100.575 0.000 890094106.439 5200682972574.427
1944.000 5393.000 1264377.000 1.000 1230.000 470.000 542.000 0.000 6140893.902 941100.575 0.000 890094106.439 5200682972574.427
1944.000 5393.000 1264387.000 1.000 1230.000 470.000 578.000 0.000 6140893.902 941100.575 0.000 890094106.439 5200682972574.427
1944.000 5393.000 1264397.000 1.000 1240.000 470.000 600.000 0.000 6140893.902 941100.575 0.000 890094106.439 5200682972574.427
1944.000 5393.000 1264407.000 1.000 1240.000 470.000 609.000 0.000 6140893.902 941100.575 0.000 890094106.439 5200682972574.427
1944.000 5393.000 1264417.000 1.000 1240.000 470.000 613.000 0.000 6140893.902 941100.575 0.000 890094106.439 5200682972574.427
1944.000 5393.000 1264427.000 1.000 1240.000 470.000 608.000 0.000 6140893.902 941100.575 0.000 890094106.439 5200682972574.427
1944.000 5393.000 1264437.000 1.000 1240.000 470.000 605.000 0.000 6140893.902 941100.575 0.000 890094106.439 5200682972574.427
1944.000 5393.000 1264447.000 1.000 1250.000 470.000 605.000 0.000 6140893.902 941100.575 0.000 890094106.439 5200682972574.427
1944.000 5393.000 1264457.000 1.000 1250.000 470.000 602.000 0.000 6140893.902 941100.575 0.000 890094106.439 5200682972574.427
1944.000 5393.000 1264467.000 1.000 1250.000 470.000 603.000 0.000 6140893.902 941100.575 0.000 890094106.439 5200682972574.427
1944.000 5393.000 1264477.000 1.000 1250.000 470.000 605.000 0.000 6140893.902 941100.575 0.000 890094106.439 5200682972574.427
1944.000 5393.000 1264487.000 1.000 1250.000 470.000 603.000 0.000 6140893.902 941100.575 20018230.043 890094106.439 314627045902162.750
1944.000 5393.000 1264497.000 1.000 1260.000 470.000 608.000 36199.331 6140893.902 941100.575 16186454.333 40511774.224 193375549309863.406
1998.000 5430.000 1264507.000 1.000 1260.000 470.000 611.000 6929.070 5876176.969 1014257.225 3615160.080 524656202.341 1781315935762.527
2009.000 5436.000 1264517.000 1.000 1260.000 470.000 613.000 13466.430 5822968.150 1026378.466 2832978.078 267911913.933 305231367095.184
2032.000 5444.000 1264527.000 1.000 1260.000 470.000 614.000 18589.356 5712495.345 1042652.120 1364946.121 126452025.857 838239998385.958
2063.000 5457.000 1264537.000 1.000 1260.000 470.000 619.000 21057.613 5565271.217 1069369.808 530025.615 77032779.362 3064162662344.673
2098.000 5472.000 1264547.000 1.000 1260.000 470.000 611.000 22016.068 5401360.428 1100617.909 2687557.880 61127018.385 165695631704.553
2134.000 5489.000 1264557.000 1.000 1260.000 470.000 610.000 26876.028 5235322.473 1136576.424 3458042.826 8752230.946 1386605701255.362
2173.000 5518.000 1264567.000 1.000 1260.000 470.000 614.000 33129.270 5058373.022 1199251.420 2461029.725 10855872.004 32590766083.587
2223.000 5551.000 1264577.000 1.000 1260.000 470.000 616.000 37579.595 4835964.751 1272617.244 1561384.440 59987349.047 517128047150.312
2280.000 5588.000 1264587.000 1.000 1260.000 470.000 614.000 40403.075 4588518.323 1357465.894 1180551.036 111695940.792 1209889036578.688
2343.000 5625.000 1264597.000 1.000 1260.000 470.000 614.000 42537.887 4322584.902 1445052.545 213710.168 161377439.507 4271622677095.210
2412.000 5659.000 1264607.000 1.000 1260.000 470.000 614.000 42924.343 4040432.488 1527951.575 439162.738 171345430.536 3390525110709.813
2484.000 5688.000 1264617.000 1.000 1260.000 470.000 616.000 43718.489 3756164.578 1600486.571 1786841.434 192766678.733 243699369139.626
2559.000 5713.000 1264627.000 1.000 1260.000 470.000 616.000 46949.667 3471077.172 1664366.740 59365.103 292930825.267 4933442882372.620
2641.000 5735.000 1264637.000 1.000 1260.000 470.000 616.000 47057.018 3172255.608 1721615.289 122476.228 296617021.906 4657069176873.335
2721.000 5764.000 1264647.000 1.000 1260.000 470.000 616.000 46835.542 2893682.375 1798558.285 2449610.828 289037300.354 28598270254.303
2799.000 5797.000 1264657.000 1.000 1260.000 470.000 614.000 51265.218 2634397.473 1888160.108 0.000 459278032.828 5200682972574.427
2884.000 5834.000 1264667.000 1.000 1270.000 460.000 614.000 51265.218 2365698.413 1991212.759 1779456.119 459278032.828 251045568858.948
2969.000 5871.000 1264677.000 1.000 1280.000 470.000 614.000 48047.395 2111449.353 2097003.409 2341720.528 331711548.935 3747879960.851
3054.000 5889.000 1264687.000 1.000 1300.000 470.000 610.000 43812.819 1871650.293 2149459.131 699074.397 195394940.630 2500908825808.633
3133.000 5895.000 1264697.000 1.000 1310.000 460.000 610.000 42548.670 1661734.225 2167088.372 4244041.081 161651518.211 3855491232602.223
3209.000 5883.000 1264707.000 1.000 1320.000 460.000 611.000 34874.093 1471569.653 2131901.890 1170222.655 25398052.305 1232717108324.797
3270.000 5867.000 1264717.000 1.000 1330.000 450.000 610.000 32757.958 1327294.563 2085434.582 1006237.141 8546928.459 1623747355105.447
3325.000 5845.000 1264727.000 1.000 1330.000 450.000 610.000 30938.361 1203590.465 2022378.033 1512654.633 1218630.610 589587424315.624
3376.000 5822.000 1264737.000 1.000 1330.000 450.000 616.000 28203.000 1094289.029 1957490.278 452159.344 2661612.678 3342831737146.673
3421.000 5798.000 1264747.000 1.000 1330.000 450.000 614.000 29020.648 1002166.586 1890909.315 1911572.243 662265.502 136108130329.672
3466.000 5771.000 1264757.000 1.000 1330.000 450.000 616.000 25563.917 914094.142 1817382.732 66308.571 18237409.110 4902646327669.025
3502.000 5742.000 1264767.000 1.000 1320.000 460.000 617.000 25444.010 846552.187 1740033.736 120149.204 19275919.192 4667118140912.178
3533.000 5708.000 1264777.000 1.000 1320.000 460.000 627.000 25226.742 790468.059 1651490.706 539279.517 21230926.624 3031850849174.530
3553.000 5667.000 1264787.000 1.000 1310.000 460.000 641.000 26201.931 755304.751 1547793.229 189164.157 13195157.714 4373688104957.389
3559.000 5620.000 1264797.000 1.000 1310.000 460.000 647.000 26544.000 744911.759 1433056.511 1119984.264 10827028.075 1346798158985.254
3559.000 5572.000 1264807.000 1.000 1300.000 470.000 653.000 28569.288 744911.759 1320438.586 2098196.471 1600622.149 33234794329.210
3546.000 5522.000 1264817.000 1.000 1300.000 470.000 661.000 32363.495 767520.909 1208028.248 1073007.467 6396094.074 1458039658815.620
3529.000 5466.000 1264827.000 1.000 1300.000 470.000 670.000 34303.834 797596.721 1088064.669 1150724.981 19975438.336 1276392942338.290
3507.000 5408.000 1264837.000 1.000 1290.000 460.000 666.000 36384.711 837376.360 970428.676 3390449.083 42905985.114 1231985641740.601
3480.000 5348.000 1264847.000 1.000 1290.000 460.000 672.000 30253.700 887519.826 855816.270 1924592.075 175774.783 126670875978.705
3452.000 5301.000 1264857.000 1.000 1300.000 470.000 676.000 26773.425 941060.458 771065.552 2506975.177 9369843.233 51290735420.232
3422.000 5263.000 1264867.000 1.000 1300.000 470.000 679.000 31306.834 1000165.420 705773.695 1794878.183 2167929.467 235829128906.162
3389.000 5217.000 1264877.000 1.000 1300.000 470.000 679.000 34552.545 1067259.879 630600.184 2819182.387 22260467.929 290178070958.608
3349.000 5169.000 1264887.000 1.000 1300.000 470.000 684.000 39650.524 1151506.496 556670.259 472595.459 96355407.598 3268520987734.936
3303.000 5114.000 1264897.000 1.000 1300.000 470.000 682.000 40505.127 1252346.105 477623.887 479184.454 113863455.067 3244739846761.524
3257.000 5057.000 1264907.000 1.000 1300.000 470.000 684.000 41371.645 1357417.714 402087.101 1226464.967 133106984.621 1110991109150.997
3211.000 4998.000 1264917.000 1.000 1300.000 470.000 682.000 39153.806 1466721.323 330743.902 4696882.827 86850490.079 5838903081823.134
3169.000 4941.000 1264927.000 1.000 1300.000 470.000 687.000 30660.347 1570216.270 268431.116 4294531.640 682114.169 4056321042470.526
3134.000 4898.000 1264937.000 1.000 1300.000 470.000 691.000 22894.467 1659157.059 225723.225 4202381.379 48163294.171 3693625740509.933
3109.000 4865.000 1264947.000 1.000 1300.000 470.000 687.000 15295.224 1724186.195 195455.402 3013484.467 211388946.303 537265353790.399
3091.000 4844.000 1264957.000 1.000 1300.000 470.000 685.000 9845.885 1771781.172 177328.060 2692493.405 399542529.521 169738073905.678
3080.000 4830.000 1264967.000 1.000 1300.000 470.000 679.000 4977.000 1801185.992 165733.165 2752281.000 617892570.246 222576748725.786
3080.000 4821.000 1264977.000 1.000 1300.000 470.000 669.000 0.000 1801185.992 158486.304 4102858.522 890094106.439 3320988407084.342
3080.000 4821.000 1264987.000 1.000 1300.000 470.000 667.000 7419.274 1801185.992 158486.304 4153984.478 502439889.442 3509941852648.548
3092.000 4815.000 1264997.000 1.000 1300.000 470.000 672.000 14931.000 1769120.007 153745.063 3685380.020 222112671.860 1973686193380.072
3119.000 4815.000 1265007.000 1.000 1300.000 470.000 679.000 21595.340 1698024.541 153745.063 3918624.913 67882850.643 2683451274916.801
3157.000 4824.000 1265017.000 1.000 1290.000 460.000 685.000 28681.461 1600434.255 160883.924 4389619.990 1329372.026 4448384614245.848
3206.000 4841.000 1265027.000 1.000 1300.000 470.000 699.000 36619.291 1478857.150 174810.439 3633978.670 46034135.703 1831902894295.322
3258.000 4882.000 1265037.000 1.000 1300.000 470.000 700.000 43190.681 1355088.548 210775.917 3016318.039 178389040.992 541427308062.072
3318.000 4932.000 1265047.000 1.000 1300.000 470.000 702.000 48645.144 1218998.623 259186.255 2426621.512 353842398.142 21351321822.410
3385.000 4989.000 1265057.000 1.000 1300.000 470.000 691.000 53033.248 1075540.541 320473.041 1387775.067 538184462.203 796958871779.538
3459.000 5050.000 1265067.000 1.000 1300.000 470.000 690.000 55542.787 927528.300 393258.654 180166.847 660918850.129 4411401861073.225
3541.000 5108.000 1265077.000 1.000 1300.000 470.000 694.000 55216.988 776306.736 469366.646 540758.792 644273490.864 3026701547803.045
3628.000 5157.000 1265087.000 1.000 1300.000 470.000 696.000 54239.124 630567.345 538907.778 5140785.881 595588358.744 8181231906297.076
3720.000 5191.000 1265097.000 1.000 1300.000 470.000 699.000 44942.947 492920.127 589982.808 4085438.469 228266833.706 3257800722051.304
3797.000 5217.000 1265107.000 1.000 1300.000 470.000 703.000 37555.174 390728.390 630600.184 103313.119 59609656.814 4740145314032.606
3863.000 5233.000 1265117.000 1.000 1300.000 470.000 702.000 37741.997 312573.473 656267.492 4480.406 62529379.168 5180267909497.420
3930.000 5246.000 1265127.000 1.000 1300.000 470.000 705.000 37750.099 242145.390 677499.180 1549256.597 62657578.783 534717787426.039
3998.000 5252.000 1265137.000 1.000 1300.000 480.000 705.000 34948.550 179846.142 687412.420 1026491.872 26154070.297 1572537882187.554
4061.000 5247.000 1265147.000 1.000 1300.000 480.000 710.000 33092.326 130380.721 679146.387 1614538.800 10613788.831 443505114963.325
4120.000 5237.000 1265157.000 1.000 1300.000 480.000 714.000 30172.726 91253.962 662764.319 1955805.607 114434.058 105426836482.274
4169.000 5213.000 1265167.000 1.000 1300.000 480.000 716.000 26636.007 64050.856 624263.357 706828.563 10230005.423 2476443670357.056
4205.000 5181.000 1265177.000 1.000 1300.000 480.000 728.000 27914.178 47124.902 574720.740 2316192.389 3687425.221 1273904021.538
4233.000 5139.000 1265187.000 1.000 1300.000 480.000 720.000 32102.591 35752.270 512804.056 2793444.661 5144486.431 263111612869.970
4244.000 5082.000 1265197.000 1.000 1300.000 480.000 730.000 37154.028 31713.450 434417.270 4764020.898 53576295.789 6167873085852.590
4239.000 5015.000 1265207.000 1.000 1300.000 480.000 739.000 45768.894 33519.278 350586.417 2255052.156 253906666.012 647623145.504
4222.000 4934.000 1265217.000 1.000 1300.000 480.000 746.000 49846.746 40033.090 261226.669 1856054.914 400492192.669 180154137753.510
4192.000 4849.000 1265227.000 1.000 1310.000 470.000 754.000 53203.084 52938.052 181564.093 5077295.398 546093290.294 7822061159321.197
4158.000 4759.000 1265237.000 1.000 1300.000 480.000 757.000 44021.718 69739.676 112965.484 3727402.490 201278716.137 2093525088184.562
4122.000 4688.000 1265247.000 1.000 1300.000 480.000 761.000 37281.388 90049.631 70279.804 1309424.921 55456960.549 942987968372.832
4086.000 4631.000 1265257.000 1.000 1300.000 480.000 760.000 34913.531 112951.586 43307.018 4394485.837 25797114.939 4468933595255.749
4055.000 4576.000 1265267.000 1.000 1300.000 480.000 750.000 26966.902 134749.714 23440.646 3013621.611 8222802.663 537466421278.631
4032.000 4533.000 1265277.000 1.000 1270.000 480.000 763.000 21517.315 152164.518 12122.755 5333077.253 69174650.874 9318224241215.176
4015.000 4498.000 1265287.000 1.000 1270.000 480.000 753.000 11873.414 165716.330 5640.518 3507907.942 322598633.368 1506528790744.520
4005.000 4479.000 1265297.000 1.000 1270.000 480.000 750.000 5530.000 173957.984 3147.590 1529045.000 590706045.113 564685514149.626
4005.000 4469.000 1265307.000 1.000 1260.000 470.000 761.000 2765.000 173957.984 2125.522 1529045.000 732754850.776 564685514149.626
4005.000 4464.000 1265317.000 1.000 1260.000 470.000 757.000 0.000 173957.984 1689.488 0.000 890094106.439 5200682972574.427
4005.000 4464.000 1265327.000 1.000 1260.000 470.000 755.000 0.000 173957.984 1689.488 0.000 890094106.439 5200682972574.427
4005.000 4464.000 1265337.000 1.000 1250.000 460.000 757.000 0.000 173957.984 1689.488 2140663.000 890094106.439 19554553513.706
4005.000 4464.000 1265347.000 1.000 1250.000 460.000 755.000 3871.000 173957.984 1689.488 2140663.000 674100474.511 19554553513.706
4012.000 4464.000 1265357.000 1.000 1250.000 460.000 761.000 0.000 168167.826 1689.488 1529045.000 890094106.439 564685514149.626
4012.000 4464.000 1265367.000 1.000 1250.000 460.000 760.000 2765.000 168167.826 1689.488 1529045.000 732754850.776 564685514149.626
4012.000 4459.000 1265377.000 1.000 1250.000 460.000 757.000 0.000 168167.826 1303.454 0.000 890094106.439 5200682972574.427
4012.000 4459.000 1265387.000 1.000 1250.000 460.000 768.000 0.000 168167.826 1303.454 0.000 890094106.439 5200682972574.427
4012.000 4459.000 1265397.000 1.000 1250.000 460.000 782.000 0.000 168167.826 1303.454 0.000 890094106.439 5200682972574.427
4012.000 4459.000 1265407.000 1.000 1250.000 460.000 790.000 0.000 168167.826 1303.454 0.000 890094106.439 5200682972574.427
4012.000 4459.000 1265417.000 1.000 1250.000 460.000 794.000 0.000 168167.826 1303.454 0.000 890094106.439 5200682972574.427
4012.000 4459.000 1265427.000 1.000 1240.000 470.000 794.000 0.000 168167.826 1303.454 0.000 890094106.439 5200682972574.427
4012.000 4459.000 1265437.000 1.000 1240.000 470.000 788.000 0.000 168167.826 1303.454 0.000 890094106.439 5200682972574.427
4012.000 4459.000 1265447.000 1.000 1240.000 470.000 785.000 0.000 168167.826 1303.454 0.000 890094106.439 5200682972574.427
4012.000 4459.000 1265457.000 1.000 1240.000 470.000 787.000 0.000 168167.826 1303.454 0.000 890094106.439 5200682972574.427
4012.000 4459.000 1265467.000 1.000 1240.000 470.000 779.000 0.000 168167.826 1303.454 0.000 890094106.439 5200682972574.427
4012.000 4459.000 1265477.000 1.000 1240.000 470.000 779.000 0.000 168167.826 1303.454 0.000 890094106.439 5200682972574.427
4012.000 4459.000 1265487.000 1.000 1240.000 470.000 777.000 0.000 168167.826 1303.454 4159451.989 890094106.439 3530458333781.283
4012.000 4459.000 1265497.000 1.000 1240.000 470.000 784.000 7521.613 168167.826 1303.454 1010955.890 497862470.350 1611743762880.808
4004.000 4448.000 1265507.000 1.000 1240.000 470.000 787.000 5693.483 174793.150 630.180 159334.231 582786044.652 4499346751930.675
3999.000 4439.000 1265517.000 1.000 1240.000 470.000 787.000 5981.610 178998.977 259.319 608435.485 568957735.923 2795801738516.136
3993.000 4430.000 1265527.000 1.000 1240.000 470.000 787.000 7081.855 184111.969 50.458 233837.709 517680350.168 4188828976808.733
3985.000 4420.000 1265537.000 1.000 1250.000 460.000 785.000 6659.002 191041.293 8.390 149347.604 537101156.678 4541813079252.387
3977.000 4411.000 1265547.000 1.000 1240.000 470.000 787.000 6929.070 198098.616 141.529 143741.290 524656202.341 4565740335729.805
3971.000 4400.000 1265557.000 1.000 1240.000 470.000 787.000 7189.000 203475.608 524.255 127341.522 512816177.716 4636094001931.075
3966.000 4388.000 1265567.000 1.000 1240.000 470.000 785.000 7419.274 208011.435 1217.774 407754.550 502439889.442 3507177756272.512
3960.000 4376.000 1265577.000 1.000 1240.000 470.000 785.000 6681.924 213520.428 2199.293 37770.453 536039227.089 5029838498469.010
3955.000 4365.000 1265587.000 1.000 1240.000 470.000 787.000 6750.225 218166.255 3352.018 183391.390 532881211.446 4397867025768.815
3948.000 4355.000 1265597.000 1.000 1240.000 470.000 785.000 7081.855 224754.413 4609.951 221161.843 517680350.168 4240876103416.600
3940.000 4345.000 1265607.000 1.000 1240.000 470.000 782.000 6681.924 232403.736 6067.883 1248631.972 536039227.089 1064752859104.223
3935.000 4334.000 1265617.000 1.000 1240.000 470.000 784.000 4424.000 237249.563 7902.608 702024.099 645690713.379 2491588054500.981
3935.000 4326.000 1265627.000 1.000 1240.000 470.000 779.000 5693.483 237249.563 9388.954 396215.099 582786044.652 3550531837689.759
3930.000 4317.000 1265637.000 1.000 1240.000 470.000 777.000 4977.000 242145.390 11214.093 121612.442 617892570.246 4660798065474.662
3930.000 4308.000 1265647.000 1.000 1240.000 470.000 784.000 4757.086 242145.390 13201.232 121612.442 628873932.718 4660798065474.662
3925.000 4301.000 1265657.000 1.000 1240.000 470.000 784.000 4977.000 247091.217 14858.785 305809.000 617892570.246 3899406902965.466
3925.000 4292.000 1265667.000 1.000 1240.000 470.000 787.000 5530.000 247091.217 17133.924 3058090.000 590706045.113 604645279774.826
3919.000 4284.000 1265677.000 1.000 1250.000 470.000 787.000 0.000 253092.210 19292.270 1834854.000 890094106.439 198600889350.666
3919.000 4284.000 1265687.000 1.000 1250.000 470.000 787.000 3318.000 253092.210 19292.270 1834854.000 703121853.644 198600889350.666
3919.000 4278.000 1265697.000 1.000 1250.000 470.000 785.000 0.000 253092.210 20995.029 0.000 890094106.439 5200682972574.427
3919.000 4278.000 1265707.000 1.000 1250.000 470.000 784.000 0.000 253092.210 20995.029 0.000 890094106.439 5200682972574.427
3919.000 4278.000 1265717.000 1.000 1250.000 470.000 776.000 0.000 253092.210 20995.029 0.000 890094106.439 5200682972574.427
3919.000 4278.000 1265727.000 1.000 1250.000 470.000 765.000 0.000 253092.210 20995.029 0.000 890094106.439 5200682972574.427
3919.000 4278.000 1265737.000 1.000 1260.000 480.000 765.000 0.000 253092.210 20995.029 0.000 890094106.439 5200682972574.427
3919.000 4278.000 1265747.000 1.000 1260.000 480.000 765.000 0.000 253092.210 20995.029 1834854.000 890094106.439 198600889350.666
3919.000 4278.000 1265757.000 1.000 1260.000 480.000 765.000 3318.000 253092.210 20995.029 1834854.000 703121853.644 198600889350.666
3925.000 4278.000 1265767.000 1.000 1260.000 480.000 768.000 0.000 247091.217 20995.029 2446472.000 890094106.439 27546506638.746
3925.000 4278.000 1265777.000 1.000 1260.000 480.000 768.000 4424.000 247091.217 20995.029 305809.000 645690713.379 3899406902965.466
3933.000 4278.000 1265787.000 1.000 1260.000 480.000 765.000 3871.000 239201.894 20995.029 917427.000 674100474.511 1857969630633.546
3940.000 4278.000 1265797.000 1.000 1260.000 480.000 763.000 5530.000 232403.736 20995.029 2140663.000 590706045.113 19554553513.706
3950.000 4278.000 1265807.000 1.000 1260.000 480.000 763.000 9401.000 222862.082 20995.029 1529045.000 417525673.185 564685514149.626
3967.000 4278.000 1265817.000 1.000 1260.000 480.000 768.000 12166.000 207100.270 20995.029 2077164.775 312173947.522 41345456477.839
3989.000 4278.000 1265827.000 1.000 1260.000 480.000 771.000 15922.175 187560.631 20995.029 1597039.668 193551255.611 467118841366.768
4016.000 4288.000 1265837.000 1.000 1260.000 480.000 770.000 18810.131 164903.165 18197.097 1925552.636 121535498.425 125988054964.682
4047.000 4302.000 1265847.000 1.000 1260.000 480.000 771.000 22292.143 140687.037 14615.992 1112241.711 56886318.949 1364828824542.284
4082.000 4322.000 1265857.000 1.000 1260.000 480.000 770.000 20280.856 115656.247 10180.127 1128251.061 91271062.134 1327678993038.946
4115.000 4338.000 1265867.000 1.000 1260.000 480.000 770.000 18240.619 94299.789 7207.436 1227870.693 134416800.534 1108029714636.760
4147.000 4346.000 1265877.000 1.000 1250.000 470.000 770.000 20461.000 75670.496 5913.090 455483.427 87861470.534 3330687670520.372
4184.000 4346.000 1265887.000 1.000 1250.000 470.000 771.000 19637.341 56683.375 5913.090 461943.573 103980929.297 3307149649266.271
4219.000 4352.000 1265897.000 1.000 1250.000 470.000 770.000 18802.000 41242.586 5026.330 2493712.578 121714841.931 45459348874.006
4253.000 4352.000 1265907.000 1.000 1250.000 470.000 776.000 23311.426 28588.962 5026.330 1082613.077 42549776.433 1434934510391.618
4292.000 4368.000 1265917.000 1.000 1250.000 470.000 774.000 25269.135 16921.511 3013.639 255326.736 20842055.087 4101329166973.112
4334.000 4386.000 1265927.000 1.000 1250.000 470.000 774.000 25730.847 7758.563 1361.360 953881.313 16839516.268 1759918724481.182
4375.000 4408.000 1265937.000 1.000 1250.000 470.000 779.000 27455.768 2216.781 221.909 1027722.297 5658104.109 1569453468762.503
4416.000 4436.000 1265947.000 1.000 1250.000 470.000 779.000 29314.217 36.999 171.699 982667.175 270637.137 1684371591065.068
4459.000 4467.000 1265957.000 1.000 1250.000 470.000 777.000 31091.192 1362.887 1945.108 128300.424 1579413.107 4631965584337.593
4503.000 4502.000 1265967.000 1.000 1250.000 470.000 779.000 30859.184 6547.608 6257.345 176274.833 1050090.087 4427766065564.961
4548.000 4535.000 1265977.000 1.000 1250.000 470.000 779.000 30540.423 15855.165 12567.169 338398.396 498404.984 3771760958837.001
4595.000 4564.000 1265987.000 1.000 1250.000 470.000 779.000 29928.491 29900.390 19910.165 1925065.443 8844.656 126334148645.555
4643.000 4589.000 1265997.000 1.000 1250.000 470.000 779.000 33409.622 48804.450 27590.334 1666128.723 12781890.823 377452799469.885
4698.000 4614.000 1266007.000 1.000 1260.000 480.000 777.000 36422.513 76130.353 36520.503 1419743.997 43402640.418 740901924314.124
4755.000 4647.000 1266017.000 1.000 1260.000 480.000 784.000 33855.164 110833.924 50222.326 552630.043 16166181.549 2985536651120.438
4803.000 4685.000 1266027.000 1.000 1260.000 480.000 784.000 32855.833 145097.984 68698.184 507619.161 9128785.651 3143108585846.825
4844.000 4728.000 1266037.000 1.000 1270.000 490.000 784.000 33773.770 178014.202 93088.075 610854.307 15518281.722 2787718733459.691
4883.000 4775.000 1266047.000 1.000 1270.000 490.000 787.000 32669.151 212444.751 123976.793 1271584.790 8035558.298 1017911105462.745
4916.000 4824.000 1266057.000 1.000 1280.000 480.000 787.000 30369.721 243954.293 160883.924 698246.556 286520.432 2503527850022.899
4946.000 4870.000 1266067.000 1.000 1280.000 480.000 787.000 31632.373 274489.330 199901.436 180023.067 3232545.215 4412005853719.043
4980.000 4916.000 1266077.000 1.000 1290.000 490.000 787.000 31306.834 311271.706 243150.947 493184.202 2167929.467 3194499895567.028
5013.000 4962.000 1266087.000 1.000 1290.000 490.000 788.000 30415.000 349183.247 290632.458 1608763.268 337044.147 451231039071.042
5046.000 5006.000 1266097.000 1.000 1290.000 490.000 793.000 27505.844 389272.789 340009.556 1260343.406 5422382.460 1040720694195.604
5071.000 5049.000 1266107.000 1.000 1310.000 480.000 793.000 25226.742 421093.653 392005.447 2487648.933 21230926.624 42910433138.719
5091.000 5090.000 1266117.000 1.000 1310.000 480.000 796.000 20728.281 447450.345 445026.924 5346559.393 82922222.179 9400716540990.029
5097.000 5127.000 1266127.000 1.000 1310.000 480.000 796.000 11060.000 455513.353 495761.575 2383305.575 352479783.788 10568863517.040
5097.000 5147.000 1266137.000 1.000 1310.000 480.000 787.000 6750.225 455513.353 524325.710 1898020.425 532881211.446 146291081915.634
5090.000 5157.000 1266147.000 1.000 1310.000 480.000 784.000 3318.000 446113.511 538907.778 760021.633 703121853.644 2311856279737.872
5084.000 5157.000 1266157.000 1.000 1320.000 490.000 785.000 4692.361 438134.503 538907.778 148403.633 632124386.162 4545837463577.403
5078.000 5163.000 1266167.000 1.000 1320.000 490.000 797.000 4424.000 430227.496 547753.018 1119843.249 645690713.379 1347125479291.859
5070.000 5163.000 1266177.000 1.000 1320.000 490.000 793.000 6449.033 419796.819 547753.018 128788.723 546877492.827 4629863988389.027
5060.000 5157.000 1266187.000 1.000 1320.000 490.000 788.000 6681.924 406938.473 538907.778 1062167.561 536039227.089 1484335386425.771
5049.000 5152.000 1266197.000 1.000 1320.000 490.000 785.000 8602.661 393025.293 531591.744 450468.270 450788650.386 3349018317589.844
5038.000 5141.000 1266207.000 1.000 1320.000 490.000 782.000 9417.251 379354.112 515672.469 53597.313 416861809.452 4959098235955.114
5027.000 5128.000 1266217.000 1.000 1320.000 490.000 779.000 9514.172 365924.932 497170.781 3355750.545 412913493.419 1156162450835.693
5017.000 5114.000 1266227.000 1.000 1320.000 490.000 779.000 15582.437 353926.586 477623.887 1230721.961 203119731.068 1102035184444.160
5004.000 5089.000 1266237.000 1.000 1320.000 490.000 776.000 17807.974 338627.736 443693.717 2882810.014 144636003.900 362776633897.452
4990.000 5060.000 1266247.000 1.000 1320.000 490.000 774.000 23021.012 322530.052 405900.721 728450.863 46422868.784 2408858376576.082
4973.000 5022.000 1266257.000 1.000 1320.000 490.000 776.000 24338.283 303509.864 358924.864 1411593.330 30207796.358 754999838514.747
4957.000 4981.000 1266267.000 1.000 1310.000 480.000 776.000 21785.673 286136.511 311479.387 1366027.789 64782730.163 836260516433.891
4941.000 4945.000 1266277.000 1.000 1320.000 480.000 774.000 19315.460 269275.157 272591.943 2180718.449 110649044.718 9956477044.489
4927.000 4913.000 1266287.000 1.000 1320.000 480.000 779.000 23258.893 254941.473 240201.326 470298.297 43237883.660 3276832366653.081
4914.000 4873.000 1266297.000 1.000 1320.000 480.000 777.000 22408.444 241982.623 202593.056 1114191.036 55145490.349 1360277991904.629
4903.000 4834.000 1266307.000 1.000 1320.000 480.000 779.000 20393.632 231281.443 169005.992 574363.496 89128949.462 2910903807152.124
4895.000 4798.000 1266317.000 1.000 1320.000 480.000 782.000 19355.000 223650.766 140702.548 1834854.000 109818766.799 198600889350.666
4895.000 4763.000 1266327.000 1.000 1310.000 480.000 784.000 16037.000 223650.766 115670.311 552243.496 190369487.594 2986872606897.038
4895.000 4734.000 1266337.000 1.000 1310.000 480.000 784.000 17035.632 223650.766 96785.315 831881.218 163809613.343 2098498104996.510
4902.000 4704.000 1266347.000 1.000 1310.000 480.000 787.000 18539.938 230320.608 79019.112 291470.816 127565887.609 3956239469405.807
4912.000 4672.000 1266357.000 1.000 1310.000 480.000 787.000 18012.866 240018.954 62052.496 1608553.681 139749729.253 451512657820.867
4922.000 4641.000 1266367.000 1.000 1290.000 490.000 785.000 15104.089 249917.300 47569.086 689009.797 216983386.890 2532842966245.320
4933.000 4616.000 1266377.000 1.000 1290.000 490.000 788.000 13858.140 261036.481 37288.917 410037.887 255242320.372 3498630749219.273
4945.000 4594.000 1266387.000 1.000 1290.000 490.000 788.000 14599.619 273442.496 29276.368 69801.872 232099922.219 4887188852384.192
4961.000 4573.000 1266397.000 1.000 1290.000 490.000 790.000 14473.395 290431.849 22531.026 224691.089 235961856.063 4226352732874.060
4979.000 4554.000 1266407.000 1.000 1290.000 490.000 793.000 14879.708 310156.872 17188.097 517872.887 223644157.727 3106856443794.789
4999.000 4536.000 1266417.000 1.000 1290.000 490.000 794.000 15816.187 332833.563 12792.375 346003.805 196511556.406 3742277837967.392
5022.000 4519.000 1266427.000 1.000 1290.000 490.000 797.000 16441.872 359900.759 9235.860 1305150.784 179361010.654 951307257572.467
5050.000 4509.000 1266437.000 1.000 1280.000 490.000 797.000 18802.000 394280.127 7413.793 1834854.000 121714841.931 198600889350.666
5084.000 4509.000 1266447.000 1.000 1280.000 490.000 785.000 22120.000 438134.503 7413.793 1347763.305 59512661.136 869998855747.233
5124.000 4509.000 1266457.000 1.000 1280.000 490.000 788.000 24557.185 492687.887 7413.793 2144526.811 27849472.750 18488870458.727
5168.000 4515.000 1266467.000 1.000 1280.000 490.000 790.000 28435.172 556392.608 8483.033 2465202.110 1957964.834 34114648932.264
5218.000 4527.000 1266477.000 1.000 1280.000 490.000 794.000 32893.042 633484.338 10837.514 2855495.685 9355015.815 330619351310.593
5271.000 4554.000 1266487.000 1.000 1280.000 490.000 797.000 38056.687 720660.571 17188.097 2839098.682 67605264.063 312031820649.666
5327.000 4594.000 1266497.000 1.000 1280.000 490.000 802.000 43190.681 818875.308 29276.368 4443768.644 178389040.992 4679728643496.493
5387.000 4644.000 1266507.000 1.000 1280.000 490.000 803.000 51226.429 931065.383 48886.706 4381913.382 457616980.904 4415935693277.457
5453.000 4709.000 1266517.000 1.000 1280.000 490.000 803.000 59150.323 1062790.465 81855.146 2966131.630 859420704.895 470089913515.749
5524.000 4789.000 1266527.000 1.000 1280.000 490.000 802.000 64514.033 1214221.721 134031.687 1917938.379 1202673826.196 131451361866.559
5597.000 4880.000 1266537.000 1.000 1290.000 500.000 803.000 61045.790 1380430.646 208943.503 7952318.066 974148058.821 32169513402506.473
5672.000 4961.000 1266547.000 1.000 1300.000 500.000 802.000 46665.468 1562293.240 289555.251 4432163.939 283283336.365 4629655137630.162
5736.000 5016.000 1266557.000 1.000 1300.000 500.000 799.000 38650.705 1726378.653 351771.623 9326362.696 77726440.984 49644172719184.211
5794.000 5055.000 1266567.000 1.000 1300.000 500.000 794.000 21785.673 1882157.059 399554.687 6542915.169 64782730.163 18168177984238.902
5830.000 5071.000 1266577.000 1.000 1320.000 490.000 788.000 9954.000 1982231.105 420037.996 1126043.485 395232092.053 1332771223273.779
5848.000 5071.000 1266587.000 1.000 1320.000 490.000 785.000 7917.755 2033240.127 420037.996 4795751.485 480341299.073 6326487029963.021
5854.000 5058.000 1266597.000 1.000 1320.000 490.000 790.000 16590.000 2050387.135 403356.308 6008769.704 175415322.462 13899990534771.215
5854.000 5028.000 1266607.000 1.000 1330.000 480.000 794.000 27455.768 2050387.135 366150.105 4182180.842 5658104.109 3616387754509.224
5846.000 4979.000 1266617.000 1.000 1330.000 480.000 797.000 35018.482 2027540.458 309250.973 4332510.574 26874239.968 4210744946016.111
5829.000 4918.000 1266627.000 1.000 1330.000 480.000 802.000 42853.040 1979416.270 245127.360 188673.093 169483816.655 4375742306176.312
5806.000 4844.000 1266637.000 1.000 1330.000 480.000 805.000 43194.221 1915227.075 177328.060 942575.781 178483615.674 1790042813067.444
5781.000 4770.000 1266647.000 1.000 1320.000 490.000 814.000 41489.744 1846656.210 120480.759 2721088.482 135845995.568 194117684475.026
5754.000 4700.000 1266657.000 1.000 1320.000 490.000 817.000 36569.150 1774003.676 76786.285 5512087.224 45356251.893 10443152128291.184
5731.000 4638.000 1266667.000 1.000 1320.000 490.000 817.000 26601.542 1713264.481 46269.466 5108055.470 10451661.589 7995066560251.238
5714.000 4593.000 1266677.000 1.000 1320.000 490.000 815.000 17364.552 1669050.293 28935.161 6850316.256 155498230.588 20883215157928.789
5709.000 4562.000 1266687.000 1.000 1300.000 500.000 817.000 4977.000 1656156.120 19349.751 666767.584 617892570.246 2604134237003.393
5709.000 4553.000 1266697.000 1.000 1300.000 500.000 824.000 6182.728 1656156.120 16926.890 2651086.977 559403715.448 137334265097.231
5719.000 4558.000 1266707.000 1.000 1300.000 500.000 821.000 10976.737 1681994.465 18252.924 12601751.834 355613149.737 106528227098826.078
5732.000 4573.000 1266717.000 1.000 1300.000 500.000 824.000 33764.715 1715883.315 22531.026 5331684.246 15447022.539 9309721660383.779
5764.000 4625.000 1266727.000 1.000 1300.000 500.000 827.000 43406.097 1800742.022 40845.778 2547272.287 184189738.927 71167134625.572
5808.000 4690.000 1266737.000 1.000 1300.000 500.000 828.000 48012.376 1920766.744 71344.217 422511.355 330437176.671 3452124023108.340
5855.000 4763.000 1266747.000 1.000 1300.000 500.000 828.000 47248.341 2053251.969 115670.311 1870911.812 303243775.077 167762972736.184
5901.000 4835.000 1266757.000 1.000 1300.000 500.000 828.000 43865.137 2187196.360 169829.199 4314077.978 196860318.948 4135436964820.619
5945.000 4901.000 1266767.000 1.000 1300.000 500.000 828.000 36063.911 2319277.082 228582.845 5872805.253 38806247.067 12904652742059.467
5983.000 4954.000 1266777.000 1.000 1300.000 500.000 827.000 25444.010 2436462.796 282070.804 3790623.662 19275919.192 2280471671672.079
6017.000 4985.000 1266787.000 1.000 1320.000 490.000 825.000 18589.356 2543761.172 315960.214 4775351.868 126452025.857 6224282864785.478
6046.000 5002.000 1266797.000 1.000 1320.000 490.000 817.000 9954.000 2637107.375 335360.729 2140663.000 395232092.053 19554553513.706
6064.000 5002.000 1266807.000 1.000 1320.000 490.000 827.000 6083.000 2695892.398 335360.729 5635411.201 564131137.981 11255425161336.143
6075.000 5002.000 1266817.000 1.000 1340.000 490.000 832.000 16273.617 2732135.578 335360.729 3233049.799 183896055.128 907349982374.076
6080.000 4973.000 1266827.000 1.000 1340.000 490.000 817.000 22120.000 2748689.751 302613.732 6384351.820 59512661.136 16841594861135.715
6080.000 4933.000 1266837.000 1.000 1340.000 490.000 818.000 33664.940 2748689.751 260205.462 1716712.186 14672692.204 317857372293.125
6065.000 4874.000 1266847.000 1.000 1340.000 490.000 821.000 36769.302 2699177.232 203494.263 1857903.040 48092242.080 178588695118.820
6051.000 4809.000 1266857.000 1.000 1340.000 490.000 822.000 33409.622 2653371.548 149075.823 2084044.648 12781890.823 38594939867.949
6038.000 4750.000 1266867.000 1.000 1340.000 490.000 822.000 29641.006 2611188.699 106996.623 3853307.318 37418.634 2473720981859.282
6030.000 4697.000 1266877.000 1.000 1330.000 500.000 824.000 22673.000 2585398.022 75132.665 5198753.000 51286294.003 8516197088054.106
6030.000 4656.000 1266887.000 1.000 1330.000 500.000 822.000 13272.000 2585398.022 54337.187 2562526.792 274314583.257 79538774708.588
6030.000 4632.000 1266897.000 1.000 1330.000 500.000 821.000 8638.136 2585398.022 43724.225 495563.208 449283513.789 3186001482381.727
6040.000 4620.000 1266907.000 1.000 1330.000 500.000 828.000 7742.000 2617656.368 38849.744 8268026.319 488076124.583 35850464272512.000
6054.000 4620.000 1266917.000 1.000 1330.000 500.000 834.000 22693.223 2663154.052 38849.744 5462252.523 50997051.170 10123545319083.160
6082.000 4650.000 1266927.000 1.000 1320.000 500.000 839.000 32570.714 2755325.420 51575.947 6901976.963 7487168.226 21358043802191.516
6120.000 4695.000 1266937.000 1.000 1320.000 500.000 840.000 45051.685 2882923.135 74040.251 461195.364 231564394.247 3309871530547.606
6174.000 4756.000 1266947.000 1.000 1320.000 500.000 840.000 45885.673 3069214.202 110957.864 862494.192 257641921.394 2010742164407.791
6228.000 4819.000 1266957.000 1.000 1320.000 500.000 840.000 47445.337 3261337.270 156897.890 10518569.866 310143518.227 67865785282081.000
6284.000 4884.000 1266967.000 1.000 1330.000 500.000 836.000 28424.415 3466736.007 212616.330 4872177.191 1988184.505 6716787568277.167
6325.000 4915.000 1266977.000 1.000 1330.000 500.000 833.000 19613.968 3621094.225 242165.740 1978063.304 104458149.416 91468316151.689
6358.000 4928.000 1266987.000 1.000 1330.000 500.000 828.000 16037.000 3747775.766 255129.428 2775259.809 190369487.594 244786677933.260
6387.000 4928.000 1266997.000 1.000 1340.000 500.000 824.000 11018.447 3860899.969 255129.428 1303331.967 354041779.463 954858531309.135
6406.000 4922.000 1267007.000 1.000 1350.000 500.000 824.000 13375.286 3935927.826 249104.187 2181685.646 270903913.874 9764394526.273
6418.000 4901.000 1267017.000 1.000 1350.000 500.000 827.000 17320.468 3983685.841 228582.845 6018040.196 156599619.510 13969202254655.117
6427.000 4871.000 1267027.000 1.000 1350.000 500.000 828.000 28203.000 4019693.353 200796.642 1834854.000 2661612.678 198600889350.666
6427.000 4820.000 1267037.000 1.000 1350.000 500.000 834.000 31521.000 4019693.353 157691.097 266220.283 2844467.882 4057325183065.041
6427.000 4763.000 1267047.000 1.000 1350.000 500.000 834.000 32002.411 4019693.353 115670.311 808479.364 4700076.724 2166846510181.485
6417.000 4706.000 1267057.000 1.000 1350.000 500.000 840.000 30540.423 3979695.007 80147.526 4656493.919 498404.984 5645344266545.885
6412.000 4651.000 1267067.000 1.000 1340.000 500.000 839.000 22120.000 3959770.834 52031.154 4158770.693 59512661.136 3527898553810.294
6412.000 4611.000 1267077.000 1.000 1340.000 500.000 839.000 14599.619 3959770.834 35382.883 1957409.307 232099922.219 104387981625.279
6423.000 4587.000 1267087.000 1.000 1340.000 500.000 843.000 11060.000 4003670.014 26929.920 305809.000 352479783.788 3899406902965.466
6439.000 4575.000 1267097.000 1.000 1340.000 500.000 852.000 10507.000 4067955.368 23135.439 6299047.699 373550128.920 16148720811596.887
6458.000 4575.000 1267107.000 1.000 1340.000 500.000 860.000 21897.683 4144959.225 23135.439 4779435.220 62992190.508 6244674250403.928
6486.000 4603.000 1267117.000 1.000 1330.000 510.000 864.000 30540.423 4259754.593 32437.229 2884955.654 498404.984 365365916023.768
6523.000 4644.000 1267127.000 1.000 1330.000 510.000 864.000 35757.341 4413853.473 48886.706 393360.513 35080697.428 3561297696355.749
6564.000 4694.000 1267137.000 1.000 1330.000 510.000 864.000 36468.662 4587809.691 73497.045 1293998.986 44012835.652 973185428357.250
6607.000 4744.000 1267147.000 1.000 1330.000 510.000 864.000 38808.624 4773863.578 103107.383 1065146.019 80535889.331 1477086750082.799
6653.000 4797.000 1267157.000 1.000 1340.000 500.000 863.000 40734.747 4976991.969 139953.342 6431345.760 118816584.429 17229515567824.678
6702.000 4852.000 1267167.000 1.000 1340.000 500.000 863.000 29104.827 5198022.864 184129.714 2147933.291 532342.377 17574090600.163
6743.000 4885.000 1267177.000 1.000 1340.000 500.000 864.000 25220.680 5386657.082 213539.537 4823876.512 21286827.163 6468761045384.548
6779.000 4913.000 1267187.000 1.000 1340.000 500.000 860.000 16497.576 5555059.127 240201.326 6676687.528 177872073.821 19326459532956.273
6802.000 4932.000 1267197.000 1.000 1350.000 510.000 852.000 4424.000 5664006.323 259186.255 305809.000 645690713.379 3899406902965.466
6810.000 4932.000 1267207.000 1.000 1360.000 500.000 854.000 4977.000 5702148.999 259186.255 6116180.000 617892570.246 14712436483175.227
6810.000 4923.000 1267217.000 1.000 1360.000 500.000 858.000 16037.000 5702148.999 250103.394 5078575.040 190369487.594 7829220588990.521
6810.000 4894.000 1267227.000 1.000 1360.000 500.000 861.000 25220.680 5702148.999 221938.398 3038444.675 21286827.163 574479225489.246
6798.000 4850.000 1267237.000 1.000 1360.000 500.000 864.000 30715.155 5644982.984 182417.300 4753120.715 775650.164 6113850248310.153
6785.000 4796.000 1267247.000 1.000 1360.000 500.000 863.000 22120.000 5583378.135 139206.135 5198753.000 59512661.136 8516197088054.106
6785.000 4756.000 1267257.000 1.000 1360.000 500.000 864.000 12719.000 5583378.135 110957.864 2874155.011 292938456.390 352425563350.955
6785.000 4733.000 1267267.000 1.000 1360.000 500.000 864.000 7521.613 5583378.135 96164.108 1864286.872 497862470.350 173233864815.788
6793.000 4722.000 1267277.000 1.000 1360.000 500.000 869.000 10892.837 5621248.811 89462.834 3766926.506 358784512.344 2209461983169.998
6811.000 4714.000 1267287.000 1.000 1360.000 500.000 857.000 17704.639 5706925.834 84741.180 3067866.487 147132192.777 619945044853.892
6842.000 4722.000 1267297.000 1.000 1360.000 500.000 864.000 23252.318 5855999.706 89462.834 4013702.203 43324395.399 3003987807301.610
6880.000 4740.000 1267307.000 1.000 1360.000 500.000 869.000 30510.369 6041357.420 100554.556 2709096.124 456873.300 183694125828.858
6918.000 4780.000 1267317.000 1.000 1360.000 500.000 867.000 35409.277 6229603.135 127522.826 2010171.037 31078752.205 73078070969.143
6958.000 4830.000 1267327.000 1.000 1360.000 500.000 872.000 39044.306 6430876.518 165733.165 329527.170 84821540.263 3806297312566.747
7001.000 4886.000 1267337.000 1.000 1360.000 500.000 870.000 38448.416 6650814.405 214464.744 258883.632 74200496.972 4086935152871.811
7046.000 4939.000 1267347.000 1.000 1360.000 500.000 870.000 37980.272 6884941.962 266362.702 891643.375 66354498.065 1928924382892.708
7092.000 4990.000 1267357.000 1.000 1360.000 500.000 875.000 36367.897 7128458.353 321606.248 3448363.667 42685995.478 1363904150445.442
7139.000 5036.000 1267367.000 1.000 1370.000 510.000 876.000 30132.158 7381639.578 375895.759 2763063.394 88633.051 232866853121.028
7179.000 5073.000 1267377.000 1.000 1370.000 510.000 876.000 25135.660 7600592.962 422634.409 5010493.551 22078580.158 7452861529300.169
7214.000 5102.000 1267387.000 1.000 1370.000 510.000 876.000 16075.093 7794802.172 461181.405 5156652.004 189319766.529 8272246916420.579
7236.000 5121.000 1267397.000 1.000 1370.000 510.000 870.000 6750.225 7918130.533 487348.334 3732874.425 532881211.446 2109389736477.774
7246.000 5128.000 1267407.000 1.000 1380.000 510.000 863.000 0.000 7974508.879 497170.781 1529045.000 890094106.439 564685514149.626
7246.000 5128.000 1267417.000 1.000 1380.000 510.000 863.000 2765.000 7974508.879 497170.781 3975517.000 732754850.776 2873080606693.946
7246.000 5123.000 1267427.000 1.000 1380.000 510.000 864.000 9954.000 7974508.879 490144.748 2752281.000 395232092.053 222576748725.786
7246.000 5105.000 1267437.000 1.000 1380.000 510.000 864.000 14931.000 7974508.879 465265.026 4724740.202 222112671.860 5974307247018.106
7246.000 5078.000 1267447.000 1.000 1380.000 510.000 869.000 23474.834 7974508.879 429160.443 1342557.363 40444651.641 879737510065.335
7235.000 5037.000 1267457.000 1.000 1380.000 510.000 869.000 25902.605 7912503.699 377122.966 1269120.069 15459365.520 1022890572265.472
7222.000 4992.000 1267467.000 1.000 1380.000 510.000 869.000 28197.578 7839536.849 323878.661 3718765.183 2679333.465 2068605019558.031
7212.000 4942.000 1267477.000 1.000 1380.000 510.000 867.000 34922.289 7783638.503 269468.323 2460629.906 25886156.913 32446567987.904
7200.000 4880.000 1267487.000 1.000 1380.000 510.000 869.000 39371.891 7716824.488 208943.503 77177.786 90962876.848 4854631409141.618
7187.000 4810.000 1267497.000 1.000 1380.000 510.000 869.000 39511.453 7644767.638 149849.029 998682.608 93644484.487 1643057356731.251
7179.000 4739.000 1267507.000 1.000 1380.000 510.000 869.000 37705.517 7600592.962 99921.349 1279374.901 61953774.962 1002252659040.941
7174.000 4671.000 1267517.000 1.000 1380.000 510.000 870.000 35392.000 7573048.789 61555.289 1529045.000 30886417.954 564685514149.626
7174.000 4607.000 1267527.000 1.000 1370.000 510.000 872.000 38157.000 7573048.789 33894.056 4066721.078 69264922.291 3190583607012.475
7174.000 4538.000 1267537.000 1.000 1360.000 510.000 872.000 45510.926 7573048.789 13248.789 2560077.555 245752057.604 78163275486.575
7167.000 4456.000 1267547.000 1.000 1360.000 510.000 876.000 50140.361 7534570.947 1095.834 1335499.977 412330225.973 893026171658.280
7156.000 4366.000 1267557.000 1.000 1360.000 510.000 875.000 52555.370 7474303.766 3237.225 1053619.287 516240434.393 1505237748642.824
7142.000 4272.000 1267567.000 1.000 1360.000 510.000 879.000 50650.091 7397950.082 22769.789 1900861.186 433291119.806 144126082327.339
7125.000 4182.000 1267577.000 1.000 1360.000 510.000 882.000 47212.729 7305761.894 58031.180 652909.957 302004755.961 2649051291170.861
7105.000 4099.000 1267587.000 1.000 1360.000 510.000 881.000 46032.060 7198045.202 104909.018 1718567.501 262362732.784 315768804295.645
7082.000 4019.000 1267597.000 1.000 1360.000 510.000 882.000 42924.343 7075160.007 163132.477 545305.558 171345430.536 3010901823109.282
7062.000 3944.000 1267607.000 1.000 1360.000 510.000 887.000 43910.429 6969163.315 229341.969 382123.553 198133326.521 3603835400900.710
7039.000 3868.000 1267617.000 1.000 1360.000 510.000 887.000 44601.430 6848256.120 307910.255 497376.495 218063846.989 3179531562865.169
7012.000 3792.000 1267627.000 1.000 1360.000 510.000 888.000 45500.845 6707671.586 398030.541 2322313.546 245436090.020 1748322710.364
6983.000 3715.000 1267637.000 1.000 1350.000 520.000 888.000 41301.363 6558297.383 501117.620 2015430.620 131490209.195 70262092666.921
6950.000 3648.000 1267647.000 1.000 1350.000 520.000 894.000 37656.823 6390365.841 600464.766 51581.628 61189598.104 4968079770032.850
6916.000 3589.000 1267657.000 1.000 1350.000 520.000 896.000 37750.099 6219623.465 695383.567 434583.345 62657578.783 3407410500953.652
6880.000 3531.000 1267667.000 1.000 1350.000 520.000 897.000 36964.234 6041357.420 795479.575 320476.219 50833891.667 3841695562059.548
6838.000 3479.000 1267677.000 1.000 1340.000 510.000 897.000 36384.711 5836656.368 890940.823 2278590.048 42905985.114 3650197.194
6793.000 3431.000 1267687.000 1.000 1340.000 510.000 896.000 40505.127 5621248.811 983858.898 2312605.631 113863455.067 1030733212.969
6747.000 3374.000 1267697.000 1.000 1330.000 520.000 899.000 44687.054 5405240.420 1100184.112 2701921.502 220599995.112 177595579234.390
6694.000 3313.000 1267707.000 1.000 1330.000 520.000 900.000 49572.988 5161608.187 1231870.499 568778.749 389610081.099 2929991684663.136
6638.000 3243.000 1267717.000 1.000 1330.000 520.000 900.000 48544.455 4910289.450 1392156.026 896329.497 350064475.466 1915929633867.065
6579.000 3178.000 1267727.000 1.000 1330.000 520.000 905.000 46923.606 4652292.210 1549767.586 861230.587 292039424.840 2014327361071.977
6519.000 3118.000 1267737.000 1.000 1330.000 520.000 905.000 45366.227 4397062.135 1702755.180 628538.141 241236253.147 2728979955785.138
6460.000 3061.000 1267747.000 1.000 1330.000 520.000 906.000 44229.630 4153106.894 1854762.394 484608.278 207221352.158 3225229221173.141
6401.000 3007.000 1267757.000 1.000 1330.000 520.000 906.000 45105.956 3916113.653 2004763.229 134609.048 233219049.257 4604850539746.932
6339.000 2954.000 1267767.000 1.000 1330.000 520.000 893.000 45349.372 3674571.909 2157657.270 487502.680 240712960.865 3214841530096.717
6274.000 2904.000 1267777.000 1.000 1330.000 520.000 893.000 46230.932 3429597.661 2307046.932 245733.845 268844787.051 4140275734738.652
6207.000 2854.000 1267787.000 1.000 1330.000 520.000 892.000 46675.297 3185929.744 2461436.593 245733.845 283614297.226 4140275734738.652
6139.000 2804.000 1267797.000 1.000 1330.000 520.000 893.000 46230.932 2947804.992 2620826.255 58594.774 268844787.051 4936865485947.188
6072.000 2754.000 1267807.000 1.000 1330.000 520.000 892.000 46124.974 2722227.075 2785215.917 2097237.016 265381336.202 33585540093.385
6006.000 2703.000 1267817.000 1.000 1330.000 520.000 894.000 42332.502 2508793.992 2958044.372 833794.598 156201429.621 2092958247325.040
5942.000 2661.000 1267827.000 1.000 1330.000 520.000 896.000 40824.736 2310148.578 3104279.687 2196337.381 120786497.008 7083446914.807
5877.000 2626.000 1267837.000 1.000 1320.000 510.000 894.000 44796.413 2116784.330 3228837.451 939192.527 223860487.445 1799107338445.426
5806.000 2587.000 1267847.000 1.000 1320.000 510.000 899.000 46494.772 1915227.075 3370516.387 1768502.295 277566496.874 262142261173.892
5731.000 2549.000 1267857.000 1.000 1320.000 510.000 902.000 43296.757 1713264.481 3511488.529 251295.919 181233845.296 4117671624911.942
5660.000 2516.000 1267867.000 1.000 1320.000 510.000 903.000 42842.334 1532439.225 3636254.706 120700.545 169205177.117 4664736264294.423
5589.000 2485.000 1267877.000 1.000 1320.000 510.000 905.000 42624.069 1361695.969 3755443.296 651750.869 163574482.927 2652825676215.151
5518.000 2455.000 1267887.000 1.000 1320.000 510.000 911.000 41445.496 1201034.714 3872617.093 738191.405 134816506.110 2378717643495.768
5447.000 2431.000 1267897.000 1.000 1300.000 520.000 914.000 40110.611 1050455.458 3967652.131 222463.052 105599588.355 4235518536320.150
5377.000 2412.000 1267907.000 1.000 1310.000 520.000 912.000 39708.327 911867.037 4043705.202 1701506.345 97493546.418 335234343761.973
5307.000 2396.000 1267917.000 1.000 1310.000 520.000 914.000 42785.192 783078.616 4108309.894 1337687.092 167721848.734 888897305068.610
5232.000 2377.000 1267927.000 1.000 1310.000 520.000 914.000 45204.156 655966.022 4185692.966 2465356.397 236228017.264 34171666821.438
5153.000 2356.000 1267937.000 1.000 1310.000 520.000 914.000 40746.007 534240.090 4272061.623 800729.069 119062186.018 2189723774856.934
5083.000 2333.000 1267947.000 1.000 1310.000 520.000 915.000 39298.034 436811.668 4367667.868 560198.401 89559517.401 2959439645303.732
5014.000 2316.000 1267957.000 1.000 1300.000 520.000 917.000 38285.017 350366.082 4439013.353 497709.954 71412167.699 3178342476500.267
4946.000 2303.000 1267967.000 1.000 1300.000 520.000 917.000 39185.035 274489.330 4493961.665 761301.828 87433533.981 2307964899502.666
4876.000 2292.000 1267977.000 1.000 1300.000 520.000 917.000 40561.711 206040.909 4540720.390 2518590.942 115074236.561 56687012418.022
4804.000 2278.000 1267987.000 1.000 1290.000 520.000 915.000 45116.125 145860.819 4600581.496 2159332.280 233529744.656 14681761026.392
4724.000 2262.000 1267997.000 1.000 1290.000 520.000 917.000 49020.885 91154.052 4669474.187 1699242.916 368119481.172 337860491634.091
4637.000 2245.000 1268007.000 1.000 1280.000 520.000 917.000 52093.657 46189.443 4743233.672 3731454.321 495472520.367 2105266709407.656
4544.000 2230.000 1268017.000 1.000 1280.000 520.000 921.000 45346.000 14863.826 4808795.571 533225.826 240608339.568 3052969125110.356
4464.000 2212.000 1268027.000 1.000 1280.000 520.000 920.000 46310.242 1757.059 4888063.849 442021.748 271451887.900 3380004477943.904
4382.000 2195.000 1268037.000 1.000 1280.000 520.000 920.000 45510.926 1606.623 4963523.334 1437840.922 245752057.604 710075327744.391
4300.000 2188.000 1268047.000 1.000 1280.000 520.000 920.000 48111.000 14904.187 4994762.887 917427.000 334032463.905 1857969630633.546
4213.000 2188.000 1268057.000 1.000 1280.000 520.000 921.000 49770.000 43715.578 4994762.887 1769407.003 397426354.507 261216661750.981
4123.000 2188.000 1268067.000 1.000 1280.000 520.000 920.000 46570.349 89450.465 4994762.887 371255.997 280090483.830 3645214942342.058
4039.000 2194.000 1268077.000 1.000 1280.000 520.000 921.000 45899.000 146752.360 4967980.127 1480087.357 258069928.435 640661354646.936
3956.000 2194.000 1268087.000 1.000 1280.000 520.000 924.000 43222.531 217233.090 4967980.127 1883811.643 179240847.649 157362126165.962
3878.000 2199.000 1268097.000 1.000 1280.000 520.000 921.000 39816.000 296025.992 4945716.161 1223236.000 99631440.893 1117808427910.586
3806.000 2199.000 1268107.000 1.000 1280.000 520.000 920.000 42028.000 379557.902 4945716.161 2140663.000 148682784.363 19554553513.706
3730.000 2199.000 1268117.000 1.000 1280.000 520.000 924.000 45899.000 478978.473 4945716.161 1309215.887 258069928.435 943393987733.727
3647.000 2199.000 1268127.000 1.000 1280.000 520.000 924.000 48266.479 600753.202 4945716.161 2157932.084 339739878.624 15023040360.600
3560.000 2206.000 1268137.000 1.000 1280.000 520.000 924.000 44364.251 743186.593 4914630.608 555197.069 211115263.381 2976672263469.804
3480.000 2212.000 1268147.000 1.000 1280.000 520.000 924.000 43360.278 887519.826 4888063.849 1354567.417 182948159.259 857352253685.675
3402.000 2220.000 1268157.000 1.000 1280.000 520.000 923.000 40910.789 1040568.729 4852753.503 68308.772 122685397.156 4893792670264.173
3329.000 2232.000 1268167.000 1.000 1280.000 520.000 927.000 40787.265 1194829.804 4800027.984 233395.309 119964266.694 4190640059849.730
3257.000 2248.000 1268177.000 1.000 1280.000 520.000 924.000 40365.212 1357417.714 4730175.293 1509566.681 110897054.321 594339102723.166
3185.000 2260.000 1268187.000 1.000 1290.000 520.000 923.000 43094.989 1530373.623 4678121.774 906887.926 175842028.073 1886811769725.197
3108.000 2272.000 1268197.000 1.000 1290.000 520.000 924.000 44734.931 1726813.360 4626356.255 2096156.454 222024484.044 33982763030.684
3028.000 2284.000 1268207.000 1.000 1290.000 520.000 924.000 40944.413 1943466.593 4574878.736 93122.988 123431389.713 4784620804025.631
2957.000 2305.000 1268217.000 1.000 1290.000 520.000 917.000 40776.017 2146467.338 4485486.078 1760872.554 119717998.572 270013302993.871
2888.000 2331.000 1268227.000 1.000 1280.000 520.000 914.000 37591.799 2353409.751 4376031.454 1954303.106 60176541.606 106404803085.643
2827.000 2361.000 1268237.000 1.000 1280.000 520.000 911.000 34057.797 2544288.841 4251417.657 845031.558 17836702.402 2060571361711.725
2775.000 2394.000 1268247.000 1.000 1280.000 520.000 909.000 35585.883 2712881.443 4116421.481 775948.586 33079039.457 2263676753577.897
2721.000 2429.000 1268257.000 1.000 1280.000 520.000 911.000 36989.045 2893682.375 3975623.717 2659445.019 51188301.644 143598875021.898
2664.000 2464.000 1268267.000 1.000 1280.000 520.000 909.000 41798.168 3090854.804 3837275.954 665006.832 143130668.830 2609820104510.946
2596.000 2497.000 1268277.000 1.000 1270.000 510.000 911.000 40595.624 3334578.052 3709077.778 1110572.204 115802974.198 1368732444571.634
2529.000 2527.000 1268287.000 1.000 1280.000 520.000 911.000 38587.356 3583762.135 3594423.981 1369690.861 76613451.566 829574375055.427
2466.000 2557.000 1268297.000 1.000 1280.000 520.000 905.000 36110.519 3826259.556 3481570.184 122136.686 39389105.278 4658534771982.651
2408.000 2587.000 1268307.000 1.000 1280.000 520.000 902.000 35889.657 4056529.150 3370516.387 342214.649 36665592.775 3756952415922.789
2354.000 2623.000 1268317.000 1.000 1280.000 520.000 893.000 35270.824 4276966.082 3239627.830 464351.335 29554217.000 3298398141590.042
2306.000 2665.000 1268327.000 1.000 1280.000 520.000 908.000 36110.519 4477806.022 3090200.514 1659169.218 39389105.278 386052682436.609
2264.000 2715.000 1268337.000 1.000 1290.000 520.000 903.000 39110.825 4657320.969 2916910.853 533901.039 86051226.532 3050610015743.151
2225.000 2774.000 1268347.000 1.000 1290.000 520.000 899.000 40076.288 4827172.420 2718860.052 2647834.784 104895348.730 134934404994.189
2191.000 2838.000 1268357.000 1.000 1290.000 520.000 900.000 35288.160 4977730.044 2511897.285 842465.085 29743007.670 2067946133556.858
2157.000 2892.000 1268367.000 1.000 1290.000 520.000 900.000 33764.715 5130599.668 2343644.451 351401.085 15447022.539 3721424926908.550
2125.000 2944.000 1268377.000 1.000 1280.000 520.000 899.000 33129.270 5276588.962 2187135.202 3137446.606 10855872.004 734356462469.891
2092.000 2994.000 1268387.000 1.000 1280.000 520.000 900.000 27455.768 5429285.420 2041745.541 654698.359 5658104.109 2643232916841.329
2064.000 3035.000 1268397.000 1.000 1280.000 520.000 900.000 26271.865 5560554.052 1926257.018 2341938.963 12691976.015 3774672825.989
2040.000 3076.000 1268407.000 1.000 1280.000 520.000 894.000 22036.894 5674318.022 1814130.496 1269193.618 60801801.070 1022741805622.031
2028.000 3114.000 1268417.000 1.000 1280.000 520.000 885.000 24332.000 5731632.007 1713210.353 917427.000 30276900.606 1857969630633.546
2028.000 3158.000 1268427.000 1.000 1280.000 520.000 878.000 25991.000 5731632.007 1599963.451 1581885.809 14772069.208 488062621907.231
2028.000 3205.000 1268437.000 1.000 1280.000 520.000 875.000 28851.553 5731632.007 1483272.169 1193485.706 966076.617 1181601373092.282
2039.000 3256.000 1268447.000 1.000 1280.000 520.000 875.000 26693.351 5679083.187 1361647.714 2663594.178 9866471.304 146760691861.011
2050.000 3303.000 1268457.000 1.000 1270.000 510.000 870.000 21876.725 5626776.368 1254168.432 2716916.650 63325307.060 190458971381.725
2061.000 3341.000 1268467.000 1.000 1270.000 510.000 867.000 16963.675 5574711.548 1170500.289 2508709.938 165656719.522 52079503353.971
2071.000 3370.000 1268477.000 1.000 1270.000 510.000 863.000 12427.129 5527589.894 1108591.285 327603.836 303014649.146 3813805758830.624
2079.000 3391.000 1268487.000 1.000 1270.000 510.000 860.000 11834.717 5490036.571 1064810.627 1051539.454 323990206.856 1510345490819.061
2092.000 3408.000 1268497.000 1.000 1270.000 510.000 857.000 13736.235 5429285.420 1030015.142 2792369.629 259152364.115 262009905997.589
2108.000 3427.000 1268507.000 1.000 1270.000 510.000 858.000 18785.728 5354978.774 991810.071 1288431.935 122074146.598 984200229973.288
2131.000 3452.000 1268517.000 1.000 1280.000 520.000 857.000 21115.623 5249059.969 942640.240 218204.952 76017856.478 4253063327075.848
2158.000 3479.000 1268527.000 1.000 1280.000 520.000 853.000 21510.207 5126070.503 890940.823 1048620.167 69292937.717 1517529393631.741
2185.000 3507.000 1268537.000 1.000 1280.000 520.000 854.000 19613.968 5004539.037 838866.612 662579.715 104458149.416 2617667980168.364
2208.000 3534.000 1268547.000 1.000 1280.000 520.000 867.000 18415.813 4902162.232 790137.195 338729.090 130385155.979 3770476585105.057
2233.000 3556.000 1268557.000 1.000 1280.000 520.000 864.000 19028.343 4792083.097 751509.744 505386.700 116771839.703 3151029347055.594
2261.000 3576.000 1268567.000 1.000 1280.000 520.000 861.000 18114.443 4670278.465 717233.879 514270.645 137358446.087 3119568243076.326
2289.000 3593.000 1268577.000 1.000 1280.000 520.000 861.000 19044.408 4550041.834 688728.394 2330610.205 116424897.731 2510972821.449
2320.000 3608.000 1268587.000 1.000 1290.000 510.000 861.000 23258.893 4418751.706 664056.496 1497835.892 43237883.660 612564040335.044
2357.000 3628.000 1268597.000 1.000 1290.000 510.000 857.000 25967.457 4264566.586 631860.631 2215859.387 14953595.930 4178486020.544
2399.000 3649.000 1268607.000 1.000 1290.000 510.000 857.000 29974.436 4092863.638 598915.973 3271117.213 19597.490 981321280044.255
2446.000 3676.000 1268617.000 1.000 1290.000 510.000 857.000 35889.657 3904902.864 557854.556 2124497.151 36665592.775 24337075140.416
2500.000 3712.000 1268627.000 1.000 1290.000 510.000 857.000 39731.424 3694401.932 505373.999 464601.844 97950193.996 3297488280873.889
2559.000 3753.000 1268637.000 1.000 1290.000 510.000 858.000 38891.276 3471077.172 448761.477 101943.891 82026188.375 4746109320929.971
2620.000 3788.000 1268647.000 1.000 1290.000 510.000 857.000 39075.623 3247502.082 403093.714 3133298.553 85399371.453 727264353886.018
2683.000 3820.000 1268657.000 1.000 1300.000 510.000 852.000 33409.622 3024408.661 363484.330 1922240.719 12781890.823 128350140130.702
2738.000 3845.000 1268667.000 1.000 1300.000 510.000 857.000 29933.599 2836134.563 333964.499 2131124.303 9831.522 22313277186.712
2787.000 3868.000 1268677.000 1.000 1320.000 500.000 857.000 33787.350 2673495.458 307910.255 911248.331 15625458.207 1874851767740.234
2844.000 3890.000 1268687.000 1.000 1320.000 500.000 858.000 35435.177 2490345.029 283978.804 914079.138 31368199.315 1867107603410.214
2903.000 3915.000 1268697.000 1.000 1320.000 500.000 858.000 37088.123 2307612.270 257958.973 1055766.033 52615845.019 1499974752072.101
2966.000 3938.000 1268707.000 1.000 1330.000 500.000 857.000 38997.284 2120176.849 235124.729 0.000 83957619.160 5200682972574.427
3033.000 3960.000 1268717.000 1.000 1320.000 490.000 858.000 38997.284 1929550.766 214273.278 427038.766 83957619.160 3435320758695.158
3100.000 3982.000 1268727.000 1.000 1320.000 490.000 858.000 38225.062 1747902.684 194389.826 738454.633 70402454.208 2377905754856.805
3167.000 3999.000 1268737.000 1.000 1320.000 490.000 857.000 36889.701 1575232.601 179688.342 1444779.966 49776637.703 698428972953.367
3232.000 4014.000 1268747.000 1.000 1330.000 500.000 860.000 34277.079 1416296.849 167196.443 444305.085 19736997.159 3371613958012.825
3293.000 4025.000 1268757.000 1.000 1330.000 500.000 861.000 33473.634 1274827.759 158321.717 647959.501 13243696.824 2665190429883.387
3353.000 4033.000 1268767.000 1.000 1330.000 500.000 860.000 34645.351 1142937.834 152019.372 952567.938 23144816.866 1763405146639.122
3415.000 4042.000 1268777.000 1.000 1330.000 500.000 861.000 36367.897 1014215.578 145082.232 1860030.431 42685995.478 176795160432.840
3480.000 4052.000 1268787.000 1.000 1330.000 500.000 861.000 39731.424 887519.826 137564.300 1512184.583 97950193.996 590309497253.313
3551.000 4063.000 1268797.000 1.000 1330.000 500.000 861.000 42465.935 758785.082 129525.575 831519.003 159554540.475 2099547659532.890
3627.000 4074.000 1268807.000 1.000 1330.000 500.000 860.000 43969.586 632156.511 121728.849 2243905.335 199802212.046 1339213195.346
3706.000 4083.000 1268817.000 1.000 1340.000 490.000 861.000 39911.891 512774.443 115529.710 2499499.723 101554918.565 47960617221.696
3778.000 4088.000 1268827.000 1.000 1340.000 490.000 864.000 35392.000 414842.533 112155.744 611618.000 30886417.954 2785169122318.506
3842.000 4088.000 1268837.000 1.000 1340.000 490.000 867.000 34286.000 336495.947 112155.744 697438.623 19816342.219 2506085213286.724
3904.000 4088.000 1268847.000 1.000 1340.000 490.000 869.000 35547.191 268409.691 112155.744 1137415.377 32635467.247 1306643820010.557
3968.000 4082.000 1268857.000 1.000 1340.000 490.000 853.000 37604.000 206191.105 116210.503 2574879.153 60365985.424 86658734276.912
4036.000 4082.000 1268867.000 1.000 1340.000 490.000 854.000 42260.201 149059.856 116210.503 1400637.847 154399413.012 774158458705.254
4112.000 4074.000 1268877.000 1.000 1340.000 490.000 857.000 44793.000 96151.285 121728.849 305809.000 223758368.700 3899406902965.466
4193.000 4074.000 1268887.000 1.000 1340.000 490.000 858.000 44240.000 52478.887 121728.849 611618.000 207520015.833 2785169122318.506
4273.000 4074.000 1268897.000 1.000 1340.000 490.000 857.000 43134.000 22225.653 121728.849 1529045.000 176878164.098 564685514149.626
4351.000 4074.000 1268907.000 1.000 1340.000 490.000 857.000 40369.000 5052.751 121728.849 305809.000 110976849.761 3899406902965.466
4424.000 4074.000 1268917.000 1.000 1340.000 490.000 858.000 40922.000 3.676 121728.849 248653.685 122933876.628 4128401873498.396
4498.000 4074.000 1268927.000 1.000 1350.000 490.000 860.000 41371.645 5763.435 121728.849 765875.691 133106984.621 2294088605647.747
4572.000 4063.000 1268937.000 1.000 1350.000 490.000 861.000 42756.592 22475.195 129525.575 562855.013 166981883.964 2950306351976.411
4649.000 4056.000 1268947.000 1.000 1350.000 490.000 863.000 43774.413 51491.458 134613.127 1480705.611 194322708.784 639672019510.471
4728.000 4051.000 1268957.000 1.000 1350.000 490.000 867.000 46452.000 93585.390 138307.093 2140663.000 276143135.303 19554553513.706
4812.000 4051.000 1268967.000 1.000 1350.000 490.000 870.000 42581.000 152035.496 138307.093 1757462.756 162474665.231 273568583039.289
4889.000 4051.000 1268977.000 1.000 1350.000 490.000 870.000 39402.948 218011.759 138307.093 3741100.853 91556250.309 2133353108046.904
4960.000 4057.000 1268987.000 1.000 1350.000 490.000 878.000 46168.049 289355.014 133880.334 720593.839 266786620.734 2433309093419.499
5043.000 4066.000 1268997.000 1.000 1350.000 490.000 881.000 47471.112 385538.285 127375.195 2083292.015 311052024.062 38891224784.796
5128.000 4078.000 1269007.000 1.000 1350.000 490.000 887.000 51238.367 498319.225 118953.676 642634.111 458127878.430 2682606625715.694
5220.000 4089.000 1269017.000 1.000 1350.000 490.000 885.000 50076.280 636672.007 111486.951 392841.246 409731885.537 3563257825133.884
5310.000 4099.000 1269027.000 1.000 1350.000 490.000 888.000 49365.898 788397.120 104909.018 1129384.158 381477657.613 1325069055962.942
5398.000 4114.000 1269037.000 1.000 1350.000 490.000 894.000 51408.184 952414.563 95417.120 1535875.103 465426215.900 554467126202.771
5489.000 4133.000 1269047.000 1.000 1350.000 490.000 894.000 54185.535 1138312.511 84040.048 3136310.191 592975585.836 732410061311.137
5584.000 4157.000 1269057.000 1.000 1350.000 490.000 894.000 59856.982 1350051.796 70701.011 1816263.799 901352729.948 215515804547.483
5688.000 4187.000 1269067.000 1.000 1360.000 490.000 896.000 63141.365 1602546.593 55647.214 376999.455 1109350922.140 3623316597309.065
5797.000 4221.000 1269077.000 1.000 1360.000 490.000 899.000 62459.630 1890397.563 40762.244 210547.008 1064402698.492 4284707860302.712
5903.000 4260.000 1269087.000 1.000 1360.000 490.000 905.000 62840.366 2193116.029 26535.308 672996.576 1089390823.292 2584069177289.440
6006.000 4308.000 1269097.000 1.000 1360.000 490.000 903.000 64057.358 2508793.992 13201.232 5610561.593 1171207776.521 11089306237581.266
6109.000 4361.000 1269107.000 1.000 1360.000 490.000 908.000 74203.039 2845689.954 3831.191 1096389.413 1968572136.539 1402119295895.821
6230.000 4419.000 1269117.000 1.000 1360.000 490.000 906.000 76185.660 3268564.939 15.184 1654515.170 2148435135.113 391857754722.240
6352.000 4483.000 1269127.000 1.000 1360.000 490.000 893.000 79177.550 3724580.759 3612.417 2343343.030 2434742014.380 3949171394.809
6478.000 4551.000 1269137.000 1.000 1370.000 500.000 892.000 83415.060 4226795.917 16410.477 7891573.228 2870882307.404 31484136071201.020
6610.000 4624.000 1269147.000 1.000 1370.000 500.000 908.000 97685.536 4786982.082 40442.571 4620319.424 4603770554.482 5474752143535.504
6762.000 4714.000 1269157.000 1.000 1370.000 500.000 893.000 106040.544 5475212.939 84741.180 9070553.744 5807369529.955 46104821740105.641
6925.000 4815.000 1269167.000 1.000 1370.000 500.000 897.000 122442.992 6264594.977 153745.063 10051750.492 8576342983.718 60392324931706.117
7086.000 4967.000 1269177.000 1.000 1400.000 500.000 897.000 140619.756 7096455.345 296048.492 6356431.956 12273385140.863 16613216443892.506
7276.000 5136.000 1269187.000 1.000 1400.000 500.000 897.000 152114.208 8144843.917 508516.436 6991911.906 14952340447.611 22197396523281.574
7484.000 5316.000 1269197.000 1.000 1400.000 500.000 882.000 164757.810 9375337.511 797633.654 5257132.657 18204314432.053 8860338421067.453
7686.000 5535.000 1269207.000 1.000 1400.000 500.000 794.000 155251.241 10653156.097 1236773.936 85853936.273 15729372727.392 6984519150703077.000
7887.000 5731.000 1269217.000 1.000 1410.000 500.000 481.000 0.000 12005651.849 1711134.462 0.000 890094106.439 5200682972574.427
