4003.000 6863.000 438320.000 0.000 1350.000 430.000 54.000 21803.524 4970394.363 3065930.726 767649.202 455067154.851 12485574104395.344
3980.000 6926.000 438330.000 1.000 1360.000 440.000 90.000 24164.795 5073477.516 3290523.198 6693384.745 359900058.317 5722823488608.307
3925.000 6976.000 438340.000 1.000 1370.000 440.000 139.000 3576.100 5324270.710 3474421.191 557918.739 1564972006.930 14011723295847.270
3914.000 6976.000 438350.000 1.000 1370.000 440.000 184.000 5292.245 5375155.349 3474421.191 346538.719 1432136704.919 15638890188814.287
3903.000 6988.000 438360.000 1.000 1370.000 440.000 172.000 4226.300 5426281.988 3519300.709 951210.090 1513951297.870 11222046409608.811
3903.000 7001.000 438370.000 1.000 1370.000 440.000 177.000 7152.200 5426281.988 3568245.188 4955166.398 1294821418.092 427747404011.577
3903.000 6979.000 438380.000 1.000 1380.000 440.000 202.000 22394.176 5426281.988 3485614.071 3209087.458 430216089.674 1192583972883.878
3914.000 6911.000 438390.000 1.000 1380.000 440.000 254.000 32265.254 5375155.349 3236328.800 4835617.375 118169359.166 285663510384.419
3921.000 6812.000 438400.000 1.000 1380.000 440.000 284.000 47139.500 5342746.215 2889931.773 9222576.918 16029396.821 24220517820698.664
3921.000 6667.000 438410.000 1.000 1380.000 440.000 302.000 75507.931 5342746.215 2417962.592 6212704.238 1047953111.973 3654068701567.748
3932.000 6435.000 438420.000 1.000 1380.000 440.000 305.000 94618.064 5292015.577 1750275.903 8882439.093 2650420717.915 20988279487721.668
3937.000 6144.000 438430.000 1.000 1370.000 440.000 324.000 121940.239 5269036.195 1064982.582 2756958.209 6210135337.488 2384504782557.605
3945.000 5769.000 438440.000 1.000 1370.000 440.000 332.000 113459.900 5232373.185 431622.633 1796730.170 4945475231.549 6272080563966.402
3945.000 5420.000 438450.000 1.000 1370.000 440.000 342.000 107933.200 5232373.185 94851.639 2424714.136 4198699536.865 3520982989623.087
3945.000 5088.000 438460.000 1.000 1360.000 450.000 338.000 100474.836 5232373.185 576.964 6833592.247 3287761943.514 6413302281979.884
3939.000 4779.000 438470.000 1.000 1340.000 450.000 344.000 79454.866 5259858.443 110902.365 4597603.862 1319072587.810 87889404820.637
3925.000 4535.000 438480.000 1.000 1330.000 450.000 349.000 65312.744 5324270.710 332952.158 1588188.923 491815643.916 7360116510078.718
3906.000 4335.000 438490.000 1.000 1310.000 460.000 351.000 60427.512 5412314.359 603760.184 5731585.822 299002367.248 2046168414276.077
3888.000 4150.000 438500.000 1.000 1290.000 460.000 349.000 42797.288 5496390.132 925482.609 3852841.700 114608.711 200973507988.772
3875.000 4019.000 438510.000 1.000 1270.000 460.000 336.000 30946.037 5557514.523 1194692.867 4224591.925 148590982.283 5859973578.043
3890.000 3925.000 438520.000 1.000 1260.000 470.000 282.000 17951.291 5487016.379 1409016.639 10028670.170 634260857.747 32804574479176.820
3922.000 3880.000 438530.000 1.000 1250.000 470.000 212.000 48799.246 5338124.339 1517873.445 560905.575 32074313.823 13989371426727.279
4055.000 6278.000 438690.000 0.000 1310.000 420.000 245.000 21193.927 4741236.797 1359509.204 7952058.485 481446979.279 13329188338151.479
4006.000 6321.000 438700.000 1.000 1330.000 420.000 254.000 45654.273 4957026.734 1461632.479 6845303.649 6342569.834 6472756515574.418
4017.000 6461.000 438710.000 1.000 1340.000 430.000 255.000 24598.279 4908166.095 1819746.860 6136347.676 343640688.952 3367978444487.529
4054.000 6527.000 438720.000 1.000 1350.000 430.000 265.000 43473.541 4745592.674 2002168.211 2511502.507 114050.689 3202810908166.729
4173.000 6588.000 438730.000 1.000 1350.000 430.000 277.000 51198.864 4241285.399 2178516.763 1307001.481 65012564.315 8964879778501.199
4322.000 6639.000 438740.000 1.000 1360.000 440.000 307.000 55219.170 3649773.837 2331667.716 2406335.908 146007176.035 3590291601415.523
4491.000 6656.000 438750.000 1.000 1360.000 440.000 322.000 47817.337 3032606.750 2383874.034 3374533.449 21916535.097 858604128165.175
4638.000 6651.000 438760.000 1.000 1370.000 440.000 332.000 37437.351 2542232.941 2368459.235 1015203.424 32472629.675 10797394883397.693
4744.000 6606.000 438770.000 1.000 1370.000 440.000 340.000 34314.609 2215448.058 2231976.041 1823784.017 77813888.479 6137304504594.454
4823.000 6536.000 438780.000 1.000 1380.000 450.000 333.000 28704.692 1986515.834 2027718.850 2300729.449 208257659.801 4001651931549.756
4843.000 6450.000 438790.000 1.000 1380.000 450.000 349.000 35781.682 1930538.309 1790190.301 4154859.275 54083449.911 21398749516.880
4810.000 6345.000 438800.000 1.000 1380.000 450.000 361.000 48561.932 2023330.225 1520239.515 6269339.909 29442614.564 3873801476720.430
4742.000 6212.000 438810.000 1.000 1380.000 450.000 364.000 67846.275 2221405.811 1209955.853 544534.373 610606236.229 14112103787810.297
4599.000 6060.000 438820.000 1.000 1380.000 450.000 368.000 69521.250 2668120.115 898665.954 2993084.191 696190542.477 1711016250028.723
4456.000 5901.000 438830.000 1.000 1370.000 450.000 373.000 60314.593 3155732.419 622489.335 1873440.116 295109998.410 5893738327579.756
4318.000 5777.000 438840.000 1.000 1370.000 450.000 366.000 54551.935 3665073.342 442198.311 5300639.114 130327519.959 998993702770.935
4184.000 5676.000 438850.000 1.000 1360.000 460.000 387.000 38247.293 4196098.761 318073.365 6714226.580 23897765.487 5822975311611.266
4080.000 5621.000 438860.000 1.000 1350.000 450.000 397.000 17594.489 4632989.891 259060.572 4442911.204 652359951.101 20098396833.486
4032.000 5596.000 438870.000 1.000 1340.000 460.000 391.000 3928.198 4841927.951 234236.576 283437.135 1537238178.358 16141955510088.525
4021.000 5591.000 438880.000 1.000 1320.000 460.000 396.000 4800.044 4890458.590 229421.776 4782667.687 1469632264.634 231866612365.979
4034.000 5584.000 438890.000 1.000 1320.000 460.000 396.000 19511.418 4833130.199 222765.057 3092298.534 558112704.550 1461303466393.876
4093.000 5573.000 438900.000 1.000 1300.000 460.000 398.000 29023.256 4577195.500 212502.499 3353030.684 199164662.590 898915805646.332
4182.000 5566.000 438910.000 1.000 1300.000 460.000 391.000 39337.100 4204296.513 206097.780 1268280.120 14430327.456 9198253544285.904
4303.000 5566.000 438920.000 1.000 1300.000 460.000 391.000 43238.300 3722731.486 206097.780 739830.070 10500.699 12682945435295.414
4436.000 5566.000 438930.000 1.000 1300.000 460.000 391.000 45514.000 3227189.944 206097.780 1469179.241 5655706.420 8020015273088.674
4576.000 5566.000 438940.000 1.000 1300.000 460.000 391.000 40994.839 2743787.269 206097.780 3788935.493 4583829.974 262355904573.767
4702.000 5561.000 438950.000 1.000 1300.000 460.000 389.000 29340.162 2342240.861 201582.980 2105540.384 190320375.099 4820668165490.865
4789.000 5537.000 438960.000 1.000 1300.000 460.000 389.000 22863.569 2083513.627 180607.944 770804.623 410964447.809 12463284743864.172
4850.000 5502.000 438970.000 1.000 1310.000 460.000 397.000 25234.546 1911135.175 152084.348 5021444.210 320455864.434 518834712964.924
4870.000 5427.000 438980.000 1.000 1310.000 460.000 420.000 40680.391 1856237.650 99212.358 4188015.899 6029166.361 12797602797.986
4847.000 5304.000 438990.000 1.000 1300.000 470.000 428.000 53562.630 1919438.804 36856.295 5328813.581 108718219.057 1056108078337.399
4794.000 5148.000 439000.000 1.000 1300.000 470.000 440.000 69953.936 2069104.245 1294.556 1853110.312 719210965.851 5992861051281.794
4693.000 4958.000 439010.000 1.000 1300.000 470.000 443.000 75654.060 2369869.747 23722.181 1765847.946 1057435472.004 6427717914012.484
4566.000 4763.000 439020.000 1.000 1300.000 470.000 461.000 70222.353 2777016.031 121815.007 1657227.484 733679886.219 6990286026242.907
4422.000 4602.000 439030.000 1.000 1280.000 470.000 477.000 65124.760 3277686.212 260120.469 359670.159 483513170.801 15535203341891.229
4274.000 4467.000 439040.000 1.000 1280.000 470.000 498.000 66231.097 3835479.898 416050.887 5462329.225 533391492.511 1348354867501.621
4126.000 4327.000 439050.000 1.000 1280.000 470.000 498.000 49429.100 4437081.583 616256.505 3738043.689 39605284.000 317080146231.714
4017.000 4221.000 439060.000 1.000 1270.000 480.000 498.000 37930.965 4908166.095 793916.760 6495392.017 27090589.309 4814731428847.994
3935.000 4138.000 439070.000 1.000 1270.000 480.000 490.000 17951.291 5278221.948 948715.091 3193714.454 634260857.747 1226396631788.745
3903.000 4093.000 439080.000 1.000 1250.000 470.000 443.000 8127.500 5426281.988 1038401.897 502190.748 1225582965.193 14432033572613.242
3903.000 4068.000 439090.000 1.000 1250.000 470.000 372.000 6582.773 5426281.988 1089977.900 7342653.008 1336125762.839 9250786843923.229
3920.000 4057.000 439100.000 1.000 1250.000 470.000 279.000 29168.602 5347370.092 1113067.342 160847.469 195083376.536 17142042026710.266
4949.000 4625.000 439231.000 0.000 1240.000 470.000 335.000 35649.998 1647213.426 237188.546 4297203.660 56037637.069 15513588.164
4925.000 4518.000 439241.000 1.000 1240.000 470.000 344.000 22431.900 1709394.456 352859.840 3705372.764 428652596.684 354941446379.492
4856.000 4518.000 439251.000 1.000 1240.000 480.000 349.000 11034.260 1894581.918 352859.840 3058787.876 1030510609.224 1543444736611.342
4832.000 4542.000 439261.000 1.000 1240.000 480.000 342.000 1625.500 1961226.948 324922.877 4221725.193 1723107254.588 6307091061.406
4837.000 4542.000 439271.000 1.000 1250.000 480.000 356.000 14611.428 1947247.567 324922.877 4456995.836 813641343.081 24290296861.510
4861.000 4580.000 439281.000 1.000 1250.000 480.000 405.000 28321.043 1880842.536 283045.352 5627128.592 219477827.444 1758239409863.408
4919.000 4645.000 439291.000 1.000 1250.000 480.000 435.000 45629.959 1725119.714 218107.743 2968115.210 6220694.016 1776961460639.274
5011.000 4751.000 439301.000 1.000 1250.000 480.000 447.000 54759.812 1491911.098 130335.489 2231348.883 135117025.336 4284045158545.820
5125.000 4875.000 439311.000 1.000 1250.000 480.000 456.000 61623.389 1226419.205 56178.512 5815412.857 341789945.612 2293015049477.016
5256.000 5012.000 439321.000 1.000 1270.000 490.000 458.000 43735.315 953431.416 10004.014 1337839.816 359385.762 8781162140674.672
5369.000 5085.000 439331.000 1.000 1270.000 490.000 463.000 47850.479 745525.399 730.084 335313.667 22227942.693 15727797454282.756
5469.000 5193.000 439341.000 1.000 1270.000 490.000 471.000 48881.896 582837.774 6557.750 6155968.436 33017307.992 3440379663674.320
5541.000 5325.000 439351.000 1.000 1280.000 480.000 465.000 29946.281 478086.684 45360.452 2813848.758 173964125.892 2212042345579.195
5574.000 5411.000 439361.000 1.000 1280.000 480.000 477.000 21290.948 433540.767 89389.000 758953.427 477198742.178 12547102644339.041
5582.000 5476.000 439371.000 1.000 1280.000 480.000 485.000 18956.425 423069.757 132481.392 707116.883 584643485.121 12917019339629.660
5552.000 5526.000 439381.000 1.000 1310.000 480.000 490.000 21131.500 462996.045 171379.385 845520.080 484190410.403 11941325544238.311
5496.000 5559.000 439391.000 1.000 1310.000 480.000 490.000 23732.300 542341.115 199791.061 3450817.513 376496863.284 723052395182.375
5423.000 5559.000 439401.000 1.000 1310.000 480.000 485.000 34346.934 655190.082 199791.061 4118356.072 77244641.635 33410837776.569
5322.000 5528.000 439411.000 1.000 1310.000 480.000 480.000 47014.901 828897.583 173039.305 2752563.832 15047214.449 2398095547997.798
5205.000 5443.000 439421.000 1.000 1310.000 480.000 480.000 55481.723 1055629.105 109547.716 598256.497 152421145.978 13711363931079.809
5078.000 5329.000 439431.000 1.000 1310.000 480.000 478.000 53641.500 1332727.389 47080.291 2735399.528 110369163.426 2451550707578.902
4979.000 5197.000 439441.000 1.000 1310.000 480.000 488.000 45227.475 1571107.138 7221.589 2417471.559 4374991.006 3548215796763.074
4914.000 5074.000 439451.000 1.000 1300.000 480.000 491.000 37791.389 1738279.095 1445.525 1928359.584 28563018.430 5630098240925.771
4871.000 4966.000 439461.000 1.000 1300.000 480.000 504.000 31859.800 1853513.774 21321.860 207151.444 127148786.790 16760761859850.604
4871.000 4868.000 439471.000 1.000 1300.000 480.000 504.000 32496.993 1853513.774 59545.793 1576770.761 113184790.659 7422200768854.559
4905.000 4774.000 439481.000 1.000 1300.000 480.000 509.000 27646.883 1762091.981 114257.566 1552424.347 239907388.825 7555450875832.041
4961.000 4710.000 439491.000 1.000 1300.000 480.000 519.000 32422.104 1616554.911 161620.134 2599609.484 114783862.312 2895214227674.113
5050.000 4665.000 439501.000 1.000 1270.000 480.000 515.000 40418.442 1398159.924 199826.940 2909541.618 7384181.693 1936552706564.538
5174.000 4656.000 439511.000 1.000 1270.000 480.000 518.000 49368.124 1120291.269 207954.301 1145443.686 38841524.854 9958434305741.227
5322.000 4690.000 439521.000 1.000 1270.000 480.000 521.000 52891.482 828897.583 178100.937 5204530.126 95172802.848 816109402896.691
5472.000 4753.000 439531.000 1.000 1270.000 480.000 524.000 68900.495 578266.145 128895.408 1785224.231 663818112.842 6329844179049.938
5646.000 4874.000 439541.000 1.000 1270.000 480.000 519.000 74391.803 343909.677 56653.552 3012715.679 976936030.486 1660043387705.030
5835.000 5003.000 439551.000 1.000 1280.000 480.000 516.000 65124.760 157957.065 11885.375 2628356.451 483513170.801 2798212795232.109
5983.000 5138.000 439561.000 1.000 1280.000 480.000 522.000 57039.997 62219.379 674.957 2234532.262 193325941.064 4270877418083.364
6111.000 5258.000 439571.000 1.000 1280.000 480.000 519.000 50166.628 14747.219 21310.141 3665181.951 49432161.526 404445679028.703
6225.000 5362.000 439581.000 1.000 1290.000 490.000 514.000 38892.614 55.326 62489.967 5026971.885 18004857.273 526828456889.775
6299.000 5456.000 439591.000 1.000 1290.000 490.000 522.000 23429.766 4430.483 118322.194 2020434.081 388328843.431 5201630387354.901
6334.000 5519.000 439601.000 1.000 1290.000 490.000 513.000 17214.958 10314.814 165632.666 840532.396 671891454.050 11975821525433.850
6344.000 5571.000 439611.000 1.000 1290.000 490.000 518.000 14629.500 12446.051 210662.579 90102.765 812610683.798 17732854717066.961
6344.000 5616.000 439621.000 1.000 1310.000 480.000 518.000 14352.346 12446.051 253995.773 454230.695 828488783.291 14798729583415.303
6334.000 5659.000 439631.000 1.000 1310.000 480.000 515.000 12955.143 10314.814 299187.047 2271506.210 910873691.755 4119423020151.084
6322.000 5697.000 439641.000 1.000 1320.000 490.000 513.000 5968.043 8021.329 342201.522 1306070.719 1381444173.686 8970454309979.201
6313.000 5713.000 439651.000 1.000 1320.000 490.000 520.000 1950.600 6490.215 361176.880 634140.060 1696222929.929 13446906082780.113
6307.000 5713.000 439661.000 1.000 1320.000 490.000 497.000 0.000 5559.473 361176.880 2959320.280 1860699578.187 1800486572892.314
6307.000 5713.000 439671.000 1.000 1330.000 480.000 492.000 9102.800 5559.473 361176.880 2219490.210 1158246932.474 4333275795407.604
6307.000 5685.000 439681.000 1.000 1330.000 480.000 497.000 15929.900 5559.473 328306.004 3613175.379 740162468.479 473298607202.678
6307.000 5636.000 439691.000 1.000 1330.000 480.000 509.000 27043.943 5559.473 274554.970 2495093.735 258948733.360 3261811741545.418
6293.000 5554.000 439701.000 1.000 1330.000 480.000 515.000 34718.793 3667.740 195346.261 1658113.057 70846462.765 6985604051173.659
6280.000 5448.000 439711.000 1.000 1330.000 480.000 521.000 39819.110 2262.132 112882.515 0.000 11000612.213 18499825852667.930
6261.000 5327.000 439721.000 1.000 1330.000 480.000 524.000 39819.110 815.781 46216.372 2102304.014 11000612.213 4834890200505.153
6242.000 5206.000 439731.000 1.000 1330.000 480.000 532.000 33352.472 91.429 8832.228 1647857.777 95714036.692 7039919233642.566
6224.000 5105.000 439741.000 1.000 1330.000 480.000 532.000 28283.700 71.202 49.281 2642250.250 220585678.908 2751923129690.408
6224.000 5018.000 439751.000 1.000 1320.000 490.000 535.000 20156.200 71.202 8839.773 2568673.618 528063260.902 3001448043382.558
6224.000 4956.000 439761.000 1.000 1320.000 490.000 535.000 12255.020 71.202 24342.261 1722241.958 953624246.135 6650727434340.248
6238.000 4921.000 439771.000 1.000 1320.000 490.000 537.000 6957.444 30.934 36488.666 1099274.934 1308875402.545 10251955201037.297
6251.000 4904.000 439781.000 1.000 1310.000 480.000 538.000 3576.100 344.543 43272.348 1395894.224 1564972006.930 8440466901732.214
6262.000 4904.000 439791.000 1.000 1310.000 480.000 543.000 7869.838 873.904 43272.348 3427714.282 1243689986.045 762876658547.463
6277.000 4923.000 439801.000 1.000 1310.000 480.000 536.000 18413.407 1985.761 35728.586 4949525.913 611198054.791 420401193860.708
6319.000 4961.000 439811.000 1.000 1310.000 480.000 538.000 33638.033 7492.958 22807.061 2476916.419 90208092.455 3327800390562.008
6378.000 5046.000 439821.000 1.000 1310.000 480.000 537.000 41256.970 21188.259 4358.649 716654.991 3530103.941 12848549908267.002
6461.000 5142.000 439831.000 1.000 1310.000 480.000 527.000 43461.384 52240.530 898.796 365226.118 105987.306 15491436894349.742
6545.000 5246.000 439841.000 1.000 1320.000 490.000 516.000 42337.957 97694.924 17950.622 442491.659 636596.670 14889185458116.932
6633.000 5342.000 439851.000 1.000 1320.000 490.000 522.000 43699.051 160449.814 52890.770 442089.186 317221.180 14892291625572.168
6725.000 5440.000 439861.000 1.000 1320.000 490.000 522.000 45058.907 242617.199 107570.837 4184805.861 3698236.365 13534187807.014
6822.000 5539.000 439871.000 1.000 1320.000 490.000 520.000 32186.542 347583.202 182311.863 3493911.144 119886843.842 651622283320.015
6891.000 5610.000 439881.000 1.000 1320.000 490.000 519.000 21439.353 433703.740 247984.014 2760869.487 470736987.661 2372440613428.820
6941.000 5653.000 439891.000 1.000 1320.000 490.000 512.000 12946.983 502059.928 292659.288 2103205.516 911366307.105 4830926498825.066
6972.000 5678.000 439901.000 1.000 1320.000 490.000 509.000 6477.572 546951.764 320333.285 1048958.557 1343827665.775 10576699678797.242
6991.000 5684.000 439911.000 1.000 1330.000 500.000 504.000 3251.000 575416.115 327161.044 66599.986 1590799431.490 17931349364986.020
7001.000 5684.000 439921.000 1.000 1340.000 490.000 517.000 3455.860 590687.352 327161.044 3209790.324 1574499787.757 1191049330341.866
7008.000 5676.000 439931.000 1.000 1340.000 490.000 533.000 13329.100 601496.219 318073.365 2341098.416 888440979.437 3841772377103.147
7008.000 5635.000 439941.000 1.000 1340.000 490.000 546.000 20530.264 601496.219 273508.010 4461246.194 511011482.327 25633228293.017
6996.000 5573.000 439951.000 1.000 1340.000 490.000 550.000 34252.953 583026.734 212502.499 2006.517 78905451.985 18482569248131.473
6966.000 5472.000 439961.000 1.000 1340.000 490.000 565.000 34246.781 538113.021 129585.552 53547.871 79015140.277 18042059191531.375
6930.000 5373.000 439971.000 1.000 1340.000 490.000 566.000 34411.493 486592.567 68110.525 4566559.738 76114005.202 70446369013.484
6890.000 5275.000 439981.000 1.000 1340.000 490.000 577.000 20364.862 432387.617 26562.459 1230426.126 518516850.839 9429298369434.258
6872.000 5215.000 439991.000 1.000 1340.000 490.000 580.000 16580.100 409039.389 10604.867 696792.357 705206640.939 12991339155034.824
6872.000 5164.000 440001.000 1.000 1340.000 490.000 578.000 14436.783 409039.389 2701.913 439457.176 823635131.313 14912612686291.816
6878.000 5120.000 440011.000 1.000 1330.000 500.000 583.000 13085.023 416750.132 63.679 1115107.955 903050826.072 10150815416274.668
6896.000 5084.000 440021.000 1.000 1330.000 500.000 586.000 9654.977 440314.359 785.124 40662.533 1120967322.321 18151688605576.145
6917.000 5063.000 440031.000 1.000 1330.000 500.000 589.000 9780.054 468624.958 2402.967 1567151.052 1112607598.005 7474708632199.189
6945.000 5052.000 440041.000 1.000 1330.000 500.000 595.000 14600.574 507744.423 3602.408 2831408.059 814260668.546 2160119001537.536
6989.000 5061.000 440051.000 1.000 1330.000 500.000 586.000 23309.919 572385.868 2603.047 3420310.129 393066631.340 775865470710.381
7044.000 5107.000 440061.000 1.000 1330.000 500.000 594.000 33830.713 658632.674 25.201 1332991.925 86585148.109 8809917178472.162
7121.000 5177.000 440071.000 1.000 1330.000 500.000 589.000 37930.965 789542.202 4222.392 387503.920 27090589.309 15316566068052.385
7203.000 5260.000 440081.000 1.000 1330.000 500.000 588.000 39122.918 941990.349 21898.061 28949.505 16103439.313 18251632040300.633
7284.000 5349.000 440091.000 1.000 1330.000 500.000 583.000 39211.966 1105782.373 56159.489 2923186.065 15396685.803 1898763631561.310
7362.000 5441.000 440101.000 1.000 1330.000 500.000 584.000 30220.314 1275910.025 108227.796 2395435.630 166810478.213 3631718252279.819
7422.000 5512.000 440111.000 1.000 1330.000 500.000 583.000 22852.010 1415057.449 159983.947 1552215.633 411433235.481 7556598311268.517
7467.000 5566.000 440121.000 1.000 1330.000 500.000 583.000 18077.431 1524143.018 206097.780 30490.479 627923214.283 18238467738586.246
7501.000 5610.000 440131.000 1.000 1330.000 500.000 578.000 17983.643 1609249.225 247984.014 0.000 632632364.176 18499825852667.930
7537.000 5652.000 440141.000 1.000 1330.000 500.000 580.000 17983.643 1701881.680 291578.328 960676.677 632632364.176 11158711174768.174
7573.000 5694.000 440151.000 1.000 1340.000 490.000 584.000 15028.624 1797106.135 338700.643 806116.660 790014865.183 12215204848172.094
7602.000 5730.000 440161.000 1.000 1350.000 500.000 584.000 12549.028 1875699.724 381899.198 1265475.482 935552278.181 9215273571818.469
7625.000 5761.000 440171.000 1.000 1350.000 500.000 583.000 8656.455 1939228.570 421174.954 1757313.420 1188827099.280 6471065824833.803
7640.000 5783.000 440181.000 1.000 1350.000 500.000 583.000 3251.000 1981230.426 450214.071 1056900.100 1590799431.490 10525108031406.906
7646.000 5791.000 440191.000 1.000 1350.000 500.000 575.000 0.000 1998157.169 461013.750 0.000 1860699578.187 18499825852667.930
7646.000 5791.000 440201.000 1.000 1350.000 500.000 575.000 0.000 1998157.169 461013.750 528450.050 1860699578.187 14233207486692.418
7646.000 5791.000 440211.000 1.000 1360.000 490.000 561.000 1625.500 1998157.169 461013.750 528450.050 1723107254.588 14233207486692.418
7646.000 5786.000 440221.000 1.000 1360.000 490.000 570.000 0.000 1998157.169 454248.950 1162590.110 1860699578.187 9850510409632.604
7646.000 5786.000 440231.000 1.000 1360.000 490.000 568.000 3576.100 1998157.169 454248.950 422760.040 1564972006.930 15041849647032.318
7646.000 5775.000 440241.000 1.000 1360.000 490.000 568.000 2275.700 1998157.169 439542.392 105690.010 1669549985.289 17601820666617.629
7646.000 5768.000 440251.000 1.000 1360.000 490.000 568.000 2600.800 1998157.169 430309.673 211380.020 1643088420.669 16726156236994.926
7646.000 5760.000 440261.000 1.000 1360.000 490.000 568.000 1950.600 1998157.169 419877.994 275039.802 1696222929.929 16209502043121.736
7646.000 5754.000 440271.000 1.000 1360.000 490.000 570.000 2796.616 1998157.169 412138.235 909179.862 1627251950.848 11505409786319.256
7653.000 5749.000 440281.000 1.000 1360.000 490.000 568.000 0.000 2017996.035 405743.435 1088145.136 1860699578.187 10323351349440.400
7653.000 5749.000 440291.000 1.000 1360.000 490.000 568.000 3347.109 2017996.035 405743.435 242625.056 1583142086.737 16471562944351.773
7658.000 5740.000 440301.000 1.000 1350.000 490.000 560.000 2600.800 2032226.653 394358.796 528450.050 1643088420.669 14233207486692.418
7658.000 5732.000 440311.000 1.000 1350.000 490.000 560.000 4226.300 2032226.653 384375.117 702509.240 1513951297.870 12950160542935.131
7658.000 5719.000 440321.000 1.000 1350.000 490.000 564.000 6387.202 2032226.653 368424.639 565770.880 1350461445.536 13953000312172.842
7653.000 5700.000 440331.000 1.000 1350.000 490.000 566.000 8127.500 2017996.035 345720.402 1437438.753 1225582965.193 8200798516314.571
7646.000 5676.000 440341.000 1.000 1350.000 490.000 564.000 12549.028 1998157.169 318073.365 901215.562 935552278.181 11559502430705.422
7635.000 5639.000 440351.000 1.000 1350.000 490.000 569.000 15321.146 1967179.807 277707.850 2324714.352 773656483.783 3906267786457.633
7621.000 5594.000 440361.000 1.000 1350.000 490.000 570.000 22471.913 1928104.075 232304.656 333363.717 426997345.255 15743267592021.688
7604.000 5527.000 440371.000 1.000 1340.000 490.000 575.000 23497.332 1881181.971 172208.345 512862.480 385670489.149 14351064670884.203
7586.000 5457.000 440381.000 1.000 1340.000 490.000 586.000 25074.885 1832129.744 119011.154 24015.462 326197628.948 18293814751871.395
7568.000 5382.000 440391.000 1.000 1340.000 490.000 594.000 25001.014 1783725.516 72889.164 2306238.269 328871445.578 3979642449020.451
7551.000 5307.000 440401.000 1.000 1340.000 490.000 586.000 17907.079 1738605.413 38017.174 1668632.968 636489729.866 6930105853009.628
7536.000 5254.000 440411.000 1.000 1350.000 500.000 586.000 12774.403 1699273.557 20158.301 982258.115 921816072.385 11014992825913.898
7526.000 5216.000 440421.000 1.000 1350.000 500.000 589.000 9753.000 1673302.319 10811.826 1162590.110 1114413144.094 9850510409632.604
7526.000 5186.000 440431.000 1.000 1340.000 500.000 589.000 6176.900 1673302.319 5473.031 363959.528 1365962291.172 15501408882979.992
7526.000 5167.000 440441.000 1.000 1340.000 500.000 591.000 5057.369 1673302.319 3022.793 46889.498 1449968970.025 18098667662773.016
7537.000 5156.000 440451.000 1.000 1340.000 500.000 594.000 5201.600 1701881.680 1934.235 435930.166 1439005584.431 14939865530819.379
7553.000 5156.000 440461.000 1.000 1340.000 500.000 602.000 6542.511 1743883.660 1934.235 1985444.218 1339070781.995 5362458020365.444
7571.000 5165.000 440471.000 1.000 1340.000 500.000 603.000 12649.691 1791747.888 2806.873 2316457.787 929404493.309 3938972970438.110
7606.000 5182.000 440481.000 1.000 1340.000 500.000 613.000 19775.061 1886672.219 4897.191 1122603.135 545725392.013 10103111790855.984
7650.000 5224.000 440491.000 1.000 1340.000 500.000 611.000 23228.162 2009481.664 12539.505 681498.027 396315129.081 13101825309222.688
7699.000 5276.000 440501.000 1.000 1340.000 500.000 613.000 25324.434 2150803.727 26889.418 3362622.435 317245723.579 880819704539.547
7751.000 5334.000 440511.000 1.000 1340.000 500.000 613.000 35667.782 2306030.162 49275.091 1335351.176 55771697.371 8795917520635.543
7825.000 5415.000 440521.000 1.000 1340.000 500.000 613.000 39775.291 2536253.319 91796.840 371726.817 11293202.769 15440306739499.936
7913.000 5500.000 440531.000 1.000 1340.000 500.000 614.000 40918.714 2824288.209 150528.428 1664768.829 4915590.426 6950465549224.938
8002.000 5589.000 440541.000 1.000 1340.000 500.000 613.000 35797.924 3131349.222 227509.857 399920.465 53844821.664 15219532502307.588
8093.000 5651.000 440551.000 1.000 1350.000 510.000 611.000 34567.778 3461690.483 290499.368 1642868.467 73411465.099 7066420245754.405
8184.000 5706.000 440561.000 1.000 1360.000 500.000 613.000 29514.353 3808593.744 352812.161 1074115.120 185544556.211 10413704996531.678
8265.000 5747.000 440571.000 1.000 1360.000 500.000 616.000 26210.400 4131307.767 403199.515 2564733.731 286470081.963 3015115028471.698
8339.000 5779.000 440581.000 1.000 1360.000 500.000 614.000 18321.339 4437602.924 444862.231 2138238.617 615758818.852 4678152728045.832
8389.000 5805.000 440591.000 1.000 1360.000 500.000 616.000 11744.167 4650759.112 480221.188 2246833.721 985436322.805 4220184104478.007
8416.000 5829.000 440601.000 1.000 1370.000 510.000 614.000 4832.959 4767942.453 514060.224 1571194.971 1467109703.431 7452612906450.927
8427.000 5839.000 440611.000 1.000 1380.000 500.000 613.000 0.000 4816101.814 528499.823 739830.070 1860699578.187 12682945435295.414
8427.000 5839.000 440621.000 1.000 1380.000 500.000 609.000 2275.700 4816101.814 528499.823 211380.020 1669549985.289 16726156236994.926
8434.000 5839.000 440631.000 1.000 1380.000 500.000 603.000 1625.500 4846874.680 528499.823 2957718.512 1723107254.588 1804787713985.642
8434.000 5834.000 440641.000 1.000 1400.000 500.000 609.000 10723.373 4846874.680 521255.024 1586951.918 1050567179.722 7366829914265.146
8442.000 5802.000 440651.000 1.000 1400.000 500.000 616.000 15604.800 4882163.670 476072.308 211380.020 757957452.279 16726156236994.926
8442.000 5754.000 440661.000 1.000 1400.000 500.000 614.000 16255.000 4882163.670 412138.235 1139619.194 722578864.699 9995228914151.350
8442.000 5704.000 440671.000 1.000 1400.000 500.000 619.000 12749.558 4882163.670 350440.241 166385.855 923325348.822 17096211597585.301
8455.000 5667.000 440681.000 1.000 1380.000 500.000 611.000 12237.759 4939781.279 308002.726 379215.171 954690611.300 15381513105309.209
8479.000 5638.000 440691.000 1.000 1380.000 500.000 614.000 13404.216 5047040.249 276654.890 1090196.842 883968697.627 10310171307452.926
8511.000 5612.000 440701.000 1.000 1380.000 500.000 616.000 16757.636 5191844.209 249979.934 1398325.647 695808964.844 8426345039130.592
8560.000 5596.000 440711.000 1.000 1380.000 500.000 620.000 21058.853 5417544.272 234236.576 1020398.522 487392784.688 10763280322547.861
8624.000 5586.000 440721.000 1.000 1380.000 500.000 628.000 24197.575 5719568.192 224656.977 439285.198 358657391.982 14913940965667.461
8698.000 5594.000 440731.000 1.000 1380.000 500.000 634.000 25548.806 6078995.349 232304.656 218360.892 309303310.595 16669104754348.398
8774.000 5614.000 440741.000 1.000 1380.000 500.000 641.000 26220.479 6459536.754 251983.853 13114.209 286129000.790 18387185674682.664
8850.000 5641.000 440751.000 1.000 1380.000 500.000 644.000 26180.140 6851630.159 279819.770 2465547.021 287495324.477 3369410355968.480
8923.000 5675.000 440761.000 1.000 1380.000 500.000 636.000 18596.175 7239123.192 316946.405 117117.275 602194524.385 17506066156737.697
8969.000 5709.000 440771.000 1.000 1380.000 500.000 643.000 18956.425 7488770.884 356385.041 931105.256 584643485.121 11357150279534.598
8999.000 5759.000 440781.000 1.000 1380.000 500.000 644.000 21820.483 7653864.597 418583.034 3112226.514 454343893.403 1413520958439.367
9027.000 5820.000 440791.000 1.000 1380.000 500.000 644.000 31393.619 7809576.062 501235.586 1201603.085 137879450.679 9607143898637.223
9053.000 5913.000 440801.000 1.000 1380.000 500.000 638.000 35089.722 7955569.279 641568.853 635892.349 64739807.017 13434057857607.789
9078.000 6018.000 440811.000 1.000 1380.000 500.000 636.000 37045.712 8097222.373 820799.639 227408.750 37089501.732 16595305763618.359
9099.000 6130.000 440821.000 1.000 1400.000 500.000 616.000 37745.216 8217176.971 1036283.144 155740.781 29058687.855 17184354493744.076
9121.000 6244.000 440831.000 1.000 1400.000 500.000 619.000 37266.161 8343789.694 1281378.569 2920198.071 34452979.933 1907007210127.740
9133.000 6358.000 440841.000 1.000 1410.000 490.000 619.000 28283.700 8413259.179 1552465.994 1691040.160 220585678.908 6812633647175.102
9133.000 6445.000 440851.000 1.000 1410.000 490.000 619.000 23082.100 8413259.179 1776835.502 2325180.220 402151969.944 3904426494336.903
9133.000 6516.000 440861.000 1.000 1430.000 490.000 620.000 15929.900 8413259.179 1971159.653 2150464.328 740162468.479 4625416123174.426
9133.000 6565.000 440871.000 1.000 1430.000 490.000 611.000 9315.122 8413259.179 2111150.686 1231615.992 1143840092.353 9421992303460.762
9119.000 6590.000 440881.000 1.000 1430.000 490.000 616.000 5526.700 8332239.446 2184424.683 993566.069 1414446439.991 10940061114328.309
9104.000 6598.000 440891.000 1.000 1440.000 480.000 597.000 8582.886 8245867.590 2208136.362 4608759.344 1193905737.528 94628190845.034
9083.000 6582.000 440901.000 1.000 1440.000 480.000 589.000 22759.322 8125702.991 2160841.004 3690339.815 415201959.422 373079784719.620
9057.000 6517.000 440911.000 1.000 1440.000 480.000 600.000 34110.721 7978149.774 1973968.612 4624331.308 81452539.820 104451077197.930
9017.000 6420.000 440921.000 1.000 1440.000 480.000 613.000 48335.056 7753784.824 1710811.505 384496.095 27031981.325 15340118194321.205
8980.000 6276.000 440931.000 1.000 1450.000 470.000 610.000 49517.757 7549096.245 1354849.285 3139101.230 40729029.458 1350339655808.573
8944.000 6128.000 440941.000 1.000 1450.000 470.000 630.000 59173.559 7352567.791 1032215.224 2082213.809 257208845.022 4923644044283.675
8911.000 5949.000 440951.000 1.000 1440.000 480.000 644.000 65578.400 7174693.707 700535.408 21319537.840 503669079.107 289625783717852.188
8878.000 5750.000 440961.000 1.000 1440.000 480.000 649.000 0.000 6998997.623 407018.395 42797146.452 1860699578.187 1481942328798685.000
8878.000 5750.000 440971.000 5.000 1440.000 480.000 669.000 131643.022 6998997.623 407018.395 16353514.403 7833523551.967 145259671157642.781
8815.000 5350.000 440981.000 5.000 1440.000 490.000 714.000 81339.994 6669625.827 56634.449 2224673.604 1459558369.775 4311722616148.861
8805.000 5100.000 440991.000 5.000 1430.000 500.000 728.000 88183.038 6618074.590 144.482 1391724.491 2029251211.346 8464712506701.235
8779.000 4830.000 441001.000 5.000 1420.000 500.000 730.000 92463.950 6484977.373 79535.318 805253.194 2433263710.454 12221241265518.305
8742.000 4548.000 441011.000 5.000 1410.000 510.000 742.000 94940.890 6297900.794 318118.636 5842629.254 2683764543.771 2376181754173.584
8700.000 4259.000 441021.000 5.000 1410.000 510.000 749.000 76969.099 6088861.597 727643.235 429563.083 1144690288.568 14989126324641.498
8658.000 4026.000 441031.000 5.000 1380.000 510.000 760.000 75647.773 5883350.399 1179439.586 221744.858 1057026627.270 16641484218029.990
8595.000 3802.000 441041.000 5.000 1370.000 520.000 756.000 74965.691 5581698.603 1716152.576 1122907.104 1013140236.936 10101179528455.980
8517.000 3585.000 441051.000 5.000 1360.000 520.000 765.000 71511.655 5219222.951 2331790.285 2969927.318 805187609.940 1772133565943.178
8398.000 3400.000 441061.000 5.000 1350.000 530.000 776.000 80647.082 4689658.225 2931012.709 1104698.903 1407094245.402 10217250960838.162
8235.000 3213.000 441071.000 5.000 1350.000 530.000 779.000 84045.110 4010254.055 3606277.214 579898.100 1673569428.733 13847659060331.742
8042.000 3041.000 441081.000 5.000 1340.000 540.000 782.000 85828.863 3274514.172 4289124.117 1376221.773 1822695315.758 8555160611408.300
7832.000 2881.000 441091.000 5.000 1340.000 540.000 790.000 90062.089 2558598.185 4977450.539 1038584.941 2202074057.445 10644281103180.652
7608.000 2718.000 441101.000 5.000 1330.000 540.000 797.000 86867.426 1892170.466 5731332.081 511118.644 1912452743.784 14364279989615.879
7374.000 2589.000 441111.000 5.000 1330.000 540.000 787.000 85295.237 1303163.510 6365630.258 131433.704 1777415844.498 17386470519912.039
7134.000 2483.000 441121.000 5.000 1310.000 550.000 791.000 84890.950 812813.811 6911746.512 44486.684 1743490289.763 18119117793101.434
6890.000 2390.000 441131.000 5.000 1310.000 550.000 794.000 85027.790 432387.617 7409393.245 2352766.906 1754936556.988 3796167023758.995
6643.000 2304.000 441141.000 5.000 1300.000 550.000 796.000 92264.846 168561.051 7884976.696 3221136.639 2413660499.687 1166412420589.320
6371.000 2223.000 441151.000 5.000 1300.000 550.000 799.000 102172.987 19199.393 8346436.947 1377792.656 3485386250.993 8545973662936.844
6069.000 2136.000 441161.000 5.000 1270.000 550.000 799.000 106411.045 26712.021 8856695.439 247743.755 4003753202.366 16430040488200.771
5748.000 2072.000 441171.000 5.000 1270.000 550.000 803.000 107173.099 234680.299 9241722.007 488331.410 4100772194.493 14537527563546.727
5422.000 2023.000 441181.000 5.000 1270.000 550.000 803.000 105671.003 656809.958 9542044.974 2217622.836 3910648226.894 4341053728806.437
5098.000 1997.000 441191.000 5.000 1260.000 540.000 799.000 98849.647 1286949.864 9703350.017 1368607.280 3104029729.676 8599762167028.043
4794.000 1991.000 441201.000 5.000 1260.000 540.000 802.000 94639.843 2069104.245 9740766.258 1856799.872 2652663655.516 5974810341672.854
4503.000 1999.000 441211.000 5.000 1260.000 540.000 803.000 88928.370 2990956.235 9690893.937 227837.232 2096956986.749 16591814904140.752
4231.000 2028.000 441221.000 5.000 1250.000 550.000 802.000 89629.192 4005754.577 9511179.773 1671041.959 2161632981.248 6917428273240.819
3959.000 2073.000 441231.000 5.000 1250.000 550.000 799.000 84489.106 5168520.918 9235642.967 1116025.387 1710093677.137 10144970318069.963
3705.000 2128.000 441241.000 5.000 1240.000 540.000 806.000 81056.238 6387943.486 8904375.760 988863.497 1437957564.068 10971191460094.738
3463.000 2188.000 441251.000 5.000 1240.000 540.000 806.000 78014.517 7669787.540 8549893.352 3435981.250 1216523010.284 748503796881.379
3232.000 2253.000 441261.000 5.000 1240.000 540.000 805.000 67445.519 9002628.954 8173995.743 2121854.552 590961121.070 4749295477618.583
3036.000 2321.000 441271.000 5.000 1230.000 530.000 802.000 60918.744 10217216.700 7789793.014 19804683.674 316232134.055 240359792367714.469
2863.000 2393.000 441281.000 5.000 1230.000 530.000 797.000 0.000 11353113.292 7393070.124 25888875.232 1860699578.187 466030209289622.000
2863.000 2393.000 441291.000 1.000 1230.000 530.000 794.000 79633.575 11353113.292 7393070.124 14697206.301 1332085602.968 108078144857034.250
2662.000 2533.000 441301.000 1.000 1230.000 530.000 785.000 34425.312 12748028.419 6651344.505 848617.633 75873073.022 11919927192571.084
2595.000 2615.000 441311.000 1.000 1230.000 530.000 788.000 31814.984 13230956.128 6235109.214 311214.654 128161488.124 15919523332577.242
2559.000 2706.000 441321.000 1.000 1230.000 530.000 788.000 32772.273 13494147.674 5788932.562 375674.832 107403253.244 15409295543081.361
2540.000 2805.000 441331.000 1.000 1230.000 530.000 785.000 31616.706 13634099.322 5322341.589 682310.777 132690150.539 13095942237874.400
2533.000 2902.000 441341.000 1.000 1230.000 530.000 787.000 29517.934 13685842.456 4884188.696 845122.483 185447012.037 11944073592448.273
2545.000 2992.000 441351.000 1.000 1240.000 530.000 779.000 32117.511 13597199.941 4494485.084 2145917.804 121403289.318 4644993012898.471
2597.000 3076.000 441361.000 1.000 1250.000 540.000 774.000 38718.304 13216410.376 4145377.713 3281674.485 19514510.194 1039314807811.231
2675.000 3166.000 441371.000 1.000 1250.000 540.000 776.000 48812.658 12655366.028 3786994.101 4801441.887 32226409.253 250299587441.373
2787.000 3266.000 441381.000 1.000 1250.000 540.000 776.000 63581.781 11871043.888 3407790.087 2868083.241 418037031.551 2053658522404.582
2952.000 3371.000 441391.000 1.000 1250.000 540.000 779.000 72403.938 10761274.306 3031150.873 5273786.179 856622316.614 946035941724.603
3151.000 3471.000 441401.000 1.000 1250.000 540.000 777.000 88625.981 9495260.931 2692946.860 3943072.230 2069354103.337 128214238950.709
3405.000 3570.000 441411.000 1.000 1250.000 530.000 776.000 100754.779 7994406.363 2377825.887 3501378.691 3319943619.943 639621973050.553
3700.000 3665.000 441421.000 1.000 1250.000 530.000 779.000 111524.938 6413242.868 2093867.074 4726579.810 4677070491.934 180996998968.009
4021.000 3786.000 441431.000 1.000 1250.000 530.000 782.000 126063.787 4890458.590 1758329.218 1959204.422 6877046535.894 5484673442482.310
4383.000 3925.000 441441.000 1.000 1270.000 520.000 782.000 132090.254 3420421.386 1409016.639 2010514.630 7912890068.023 5246975531481.150
4761.000 4074.000 441451.000 1.000 1270.000 520.000 787.000 138274.550 2165130.162 1077485.659 4067059.518 9051376598.161 54794790616.167
5150.000 4246.000 441461.000 1.000 1280.000 520.000 784.000 150784.730 1171672.299 749990.756 49020115.723 11588286299.102 1999786576023970.750
5574.000 4434.000 441471.000 1.000 1290.000 520.000 785.000 0.000 433540.767 459711.211 103875215.323 1860699578.187 9914996000614266.000
5574.000 4434.000 441481.000 5.000 1300.000 520.000 785.000 319517.734 433540.767 459711.211 45818296.851 76386958470.739 1723674114600183.250
6477.000 4822.000 441491.000 5.000 1300.000 520.000 797.000 178581.724 59810.510 84111.639 740377.213 18345590991.485 12679048640448.283
6985.000 5031.000 441501.000 5.000 1330.000 520.000 784.000 176304.341 566349.373 6564.251 4139541.213 17733853098.699 26114940167.816
7482.000 5248.000 441511.000 5.000 1340.000 520.000 787.000 189037.473 1561404.874 18490.542 61456082.472 21287290281.111 3266687175861881.500
8025.000 5456.000 441521.000 5.000 1340.000 520.000 787.000 0.000 3213278.068 118322.194 135001064.687 1860699578.187 17082469688635924.000
8025.000 5456.000 441531.000 1.000 1360.000 520.000 790.000 415260.119 3213278.068 118322.194 66023048.260 138476488634.273 3809593664316794.000
9232.000 5874.000 441541.000 1.000 1370.000 530.000 785.000 212174.766 8997371.429 580613.418 2166797.352 28574162869.978 4555428738065.826
9845.000 6098.000 441551.000 1.000 1400.000 530.000 751.000 205509.748 13050603.286 972156.428 1095825.623 26365290193.761 10274055572051.600
10444.000 6300.000 441561.000 1.000 1410.000 530.000 609.000 208880.482 17737253.409 1411296.321 67907044.698 27471290633.353 4045710808509291.000
11059.000 6486.000 441571.000 1.000 1420.000 540.000 155.000 0.000 23295699.513 1887820.857 0.000 1860699578.187 18499825852667.930
