2975.000 6875.000 2680734.000 0.000 1200.000 480.000 272.000 0.000 5590222.650 1884666.219 0.000 1024295683.724 1295262069299.693
2975.000 6875.000 2680744.000 1.000 1210.000 490.000 282.000 0.000 5590222.650 1884666.219 1699202.110 1024295683.724 314840281595.618
2975.000 6875.000 2680754.000 1.000 1220.000 500.000 296.000 8985.733 5590222.650 1884666.219 1120533.607 529869146.045 308430921.132
2982.000 6828.000 2680764.000 1.000 1220.000 500.000 353.000 14911.347 5557170.538 1757829.062 3208355.506 292179972.442 4285975215139.315
2999.000 6751.000 2680774.000 1.000 1240.000 500.000 400.000 31877.796 5477309.122 1559580.017 2373098.537 16084.257 1525231739430.198
3022.000 6584.000 2680784.000 1.000 1250.000 510.000 420.000 44427.233 5370181.324 1170359.309 1576735.655 154321320.587 192404914947.401
3043.000 6350.000 2680794.000 1.000 1250.000 510.000 435.000 52765.338 5273292.987 718818.186 1009983.667 431007423.306 16412720796.837
3067.000 6072.000 2680804.000 1.000 1260.000 510.000 435.000 58106.341 5163643.459 324707.894 1721960.295 681299853.532 340897738609.029
3095.000 5766.000 2680814.000 1.000 1240.000 520.000 436.000 49000.258 5037175.010 69607.040 1148698.918 288851720.384 112425931.307
3103.000 5507.000 2680824.000 1.000 1240.000 520.000 440.000 42925.700 5001329.167 23.343 2908110.468 119269994.379 3132951894884.678
3103.000 5280.000 2680834.000 1.000 1230.000 520.000 440.000 27547.009 5001329.167 49358.860 2483013.857 19870293.373 1808804557211.271
3089.000 5135.000 2680844.000 1.000 1210.000 530.000 438.000 14416.317 5064143.392 134812.736 1653361.245 309348392.736 265498470063.115
3083.000 5059.000 2680854.000 1.000 1190.000 530.000 399.000 5673.000 5091183.774 196398.354 624707.734 693354197.327 263567315027.281
3083.000 5029.000 2680864.000 1.000 1170.000 540.000 330.000 2369.416 5091183.774 223888.467 3703744.747 878245299.806 6582554475683.833
3089.000 5040.000 2680874.000 1.000 1150.000 540.000 125.000 21955.586 5064143.392 213599.759 110313.694 100983078.801 1056336074862.995
2414.000 6403.000 2681005.000 0.000 1230.000 520.000 410.000 29597.624 8557761.369 811497.321 3453767.406 5793628.419 5362334947520.242
2261.000 6370.000 2681015.000 1.000 1250.000 530.000 428.000 11333.386 9476332.111 753131.444 338120.255 427299903.702 639960886179.654
2207.000 6396.000 2681025.000 1.000 1270.000 520.000 427.000 9545.336 9811711.549 798934.680 11651.207 504419425.427 1268877440223.180
2165.000 6424.000 2681035.000 1.000 1280.000 520.000 428.000 9606.950 10076594.223 849773.242 2821644.493 501655609.098 2834336173119.515
2206.000 6454.000 2681045.000 1.000 1290.000 520.000 438.000 24528.391 9817977.279 905983.130 2334649.212 55893995.944 1431740047454.323
2323.000 6510.000 2681055.000 1.000 1300.000 520.000 473.000 36874.500 9098458.830 1015724.253 4775202.555 23715733.896 13228545485517.547
2491.000 6609.000 2681065.000 1.000 1300.000 520.000 515.000 62126.761 8113184.133 1225075.882 59007.331 907343395.008 1164431942249.019
2794.000 6736.000 2681075.000 1.000 1330.000 520.000 524.000 62438.804 6478883.841 1522340.073 324144.819 926239572.502 662516213289.738
3102.000 6855.000 2681085.000 1.000 1330.000 520.000 529.000 60724.659 5005802.897 1830152.961 189474.607 824840655.974 899882183913.986
3413.000 6935.000 2681095.000 1.000 1340.000 510.000 526.000 59722.678 3710882.763 2053005.995 3605414.260 768290754.552 6087660341167.803
3724.000 6990.000 2681105.000 1.000 1360.000 510.000 518.000 40656.500 2609404.628 2213642.455 1461078.314 74855032.298 104317698866.316
3939.000 6990.000 2681115.000 1.000 1360.000 510.000 515.000 32930.015 1961022.605 2213642.455 817193.948 856356.416 102978004065.150
4108.000 6948.000 2681125.000 1.000 1370.000 520.000 522.000 28608.524 1516260.178 2090428.613 1224868.776 11533466.171 7529547890.706
4246.000 6886.000 2681135.000 1.000 1380.000 510.000 515.000 22131.164 1195447.392 1914989.512 748434.541 97485127.948 151835903380.950
4322.000 6797.000 2681145.000 1.000 1380.000 510.000 519.000 18173.287 1035031.886 1676588.512 56098.973 191305764.942 1170717152007.699
4342.000 6703.000 2681155.000 1.000 1380.000 510.000 529.000 18469.950 994737.279 1441996.197 1450074.395 183187284.557 97330638441.549
4324.000 6607.000 2681165.000 1.000 1380.000 510.000 532.000 26138.244 1030966.425 1220652.556 1001615.803 34414364.144 18626791898.213
4265.000 6482.000 2681175.000 1.000 1380.000 510.000 537.000 31434.996 1154260.515 960069.691 746458.635 324471.188 153379675658.268
4168.000 6347.000 2681185.000 1.000 1370.000 520.000 538.000 35382.424 1372096.358 713740.197 468783.438 11409561.722 447979049289.288
4045.000 6206.000 2681195.000 1.000 1370.000 520.000 538.000 32903.400 1675381.190 495378.725 1788373.161 807805.983 422860635189.022
3925.000 6080.000 2681205.000 1.000 1360.000 520.000 540.000 23446.112 2000428.830 333889.197 1205647.139 73248054.474 4563182253.838
3843.000 5987.000 2681215.000 1.000 1360.000 520.000 543.000 17070.400 2239108.718 235061.545 1289766.383 223030918.786 23003963172.568
3786.000 5917.000 2681225.000 1.000 1360.000 520.000 540.000 10249.848 2412943.347 172085.141 1146691.243 473270092.795 73881494.437
3759.000 5870.000 2681235.000 1.000 1370.000 530.000 544.000 4185.907 2497554.066 135299.983 281209.286 773880777.660 734254512422.887
3766.000 5849.000 2681245.000 1.000 1370.000 530.000 539.000 5673.000 2475477.954 120292.062 1859458.120 693354197.327 520363584468.834
3796.000 5849.000 2681255.000 1.000 1370.000 530.000 543.000 15506.200 2381976.043 120292.062 1273506.241 272197853.413 18335985232.880
3878.000 5849.000 2681265.000 1.000 1370.000 530.000 546.000 22240.765 2135588.156 120292.062 815933.786 95332859.085 103788368734.051
3995.000 5861.000 2681275.000 1.000 1370.000 530.000 550.000 26555.592 1807317.706 128760.017 211355.557 29691903.145 858847493729.457
4134.000 5881.000 2681285.000 1.000 1390.000 540.000 550.000 27673.284 1452905.190 143513.276 1467460.817 18760469.160 108481308831.607
4280.000 5891.000 2681295.000 1.000 1390.000 540.000 551.000 19913.047 1122254.560 151189.905 911565.059 146206130.957 51316180463.941
4385.000 5883.000 2681305.000 1.000 1390.000 540.000 550.000 15092.502 910812.875 145032.601 946669.394 286019725.935 36644072164.024
4462.000 5862.000 2681315.000 1.000 1370.000 540.000 550.000 10086.318 769769.639 129478.680 61322.861 480411950.496 1159439980443.640
4489.000 5816.000 2681325.000 1.000 1370.000 540.000 559.000 9762.030 723120.920 98490.186 971467.590 494732797.662 27764963196.739
4481.000 5765.000 2681335.000 1.000 1360.000 550.000 565.000 14899.352 736790.763 69080.377 862216.578 292590183.934 76109349815.073
4449.000 5693.000 2681345.000 1.000 1350.000 550.000 591.000 19458.932 792750.133 36416.646 640033.533 157394280.486 248066030265.045
4391.000 5608.000 2681355.000 1.000 1340.000 550.000 608.000 22843.562 899396.493 11200.298 976571.399 83924978.636 26090134860.694
4319.000 5511.000 2681365.000 1.000 1320.000 550.000 611.000 28007.874 1041145.077 77.995 1026552.231 15973976.388 12441969678.992
4238.000 5387.000 2681375.000 1.000 1310.000 560.000 617.000 33436.495 1213005.234 13263.792 665147.526 2050266.804 223680077909.072
4134.000 5244.000 2681385.000 1.000 1300.000 560.000 625.000 36953.933 1452905.190 66650.995 523489.501 24495701.897 377740913204.973
4019.000 5086.000 2681395.000 1.000 1300.000 560.000 636.000 39722.254 1743364.178 173196.253 90685.174 59561878.807 1097069037240.155
3897.000 4915.000 2681405.000 1.000 1280.000 570.000 653.000 39242.692 2080417.279 344766.894 2763216.564 52389690.262 2641017469993.410
3792.000 4736.000 2681415.000 1.000 1280.000 570.000 666.000 24630.230 2394338.965 587014.231 1890944.405 54381623.812 566781009268.938
3729.000 4622.000 2681425.000 1.000 1270.000 570.000 673.000 14630.524 2593275.976 774696.658 1326923.588 301859202.252 35655930315.144
3694.000 4553.000 2681435.000 1.000 1270.000 570.000 667.000 7613.477 2707226.538 900920.916 419749.619 594927843.418 516021247953.027
3704.000 4514.000 2681445.000 1.000 1270.000 570.000 676.000 9833.200 2674419.234 976477.062 1175198.824 491571852.610 1376633760.027
3756.000 4514.000 2681455.000 1.000 1270.000 570.000 681.000 16047.895 2507045.257 976477.062 1557253.250 254617063.940 175692960774.245
3835.000 4545.000 2681465.000 1.000 1270.000 570.000 684.000 24282.973 2263114.560 916171.613 1485509.655 59623828.141 120696380747.733
3948.000 4606.000 2681475.000 1.000 1260.000 580.000 679.000 32138.656 1935897.032 803118.051 1006886.777 17965.723 17215809944.219
4094.000 4693.000 2681485.000 1.000 1240.000 570.000 662.000 37463.282 1550934.403 654753.725 161397.228 29796993.836 953940117128.766
4262.000 4798.000 2681495.000 1.000 1240.000 570.000 650.000 36609.780 1160715.706 495853.332 169695.314 21207501.161 937799517726.082
4417.000 4914.000 2681505.000 1.000 1260.000 580.000 625.000 37507.164 850757.504 345942.231 443940.993 30277993.501 481850907866.240
4571.000 5039.000 2681515.000 1.000 1270.000 570.000 600.000 39854.816 590385.032 214525.096 529503.637 61625581.560 370384431197.409
4723.000 5185.000 2681525.000 1.000 1270.000 570.000 592.000 42654.941 379906.021 100595.882 171371.119 113429343.267 934556625267.147
4883.000 5344.000 2681535.000 1.000 1280.000 580.000 591.000 43561.187 208269.167 25017.287 1047676.214 133554247.188 8175703067.512
5028.000 5523.000 2681545.000 1.000 1280.000 580.000 589.000 38020.858 96948.268 433.950 1489718.076 36195122.985 123638219009.743
5163.000 5672.000 2681555.000 1.000 1280.000 580.000 591.000 30142.920 31104.673 28842.725 1889237.399 3465925.865 564213688995.750
5258.000 5800.000 2681565.000 1.000 1290.000 590.000 592.000 20152.241 6620.291 88703.579 1512189.774 140478881.434 139946295031.922
5292.000 5901.000 2681575.000 1.000 1320.000 590.000 616.000 12155.468 2243.459 159066.534 75796.764 393988824.191 1128479259921.741
5286.000 5965.000 2681585.000 1.000 1320.000 590.000 627.000 12556.297 2847.841 214212.961 670357.231 378237256.805 218779376871.212
5233.000 6005.000 2681595.000 1.000 1340.000 580.000 634.000 16101.285 11313.549 252839.478 632149.954 252916055.366 255981207674.365
5150.000 6024.000 2681605.000 1.000 1350.000 580.000 634.000 19444.225 35859.167 272308.073 66175.167 157763515.641 1149013861649.683
5048.000 6011.000 2681615.000 1.000 1350.000 580.000 630.000 19794.173 84893.661 258909.455 780658.693 149095009.217 127761291528.928
4949.000 5977.000 2681625.000 1.000 1360.000 570.000 630.000 23922.458 152384.965 225464.916 727940.828 65321338.145 168227108019.738
4851.000 5897.000 2681635.000 1.000 1380.000 570.000 636.000 27771.960 238500.538 155891.882 95956.526 17915408.345 1086054284106.196
4756.000 5785.000 2681645.000 1.000 1380.000 570.000 659.000 27264.522 340314.920 79993.635 421850.899 22468526.440 513006770368.568
4698.000 5653.000 2681655.000 1.000 1360.000 560.000 669.000 29495.357 411349.279 22750.130 759810.419 6296399.422 143099835900.666
4663.000 5501.000 2681665.000 1.000 1350.000 570.000 675.000 25477.322 457469.841 1.365 83262.810 42605615.587 1112672654700.796
4677.000 5367.000 2681675.000 1.000 1340.000 570.000 676.000 25037.011 438727.616 18270.534 1771692.083 48547571.341 401444239074.518
4726.000 5244.000 2681685.000 1.000 1310.000 570.000 684.000 15667.936 376216.830 66650.995 224745.728 266887235.122 834208369528.831
4798.000 5203.000 2681695.000 1.000 1310.000 570.000 687.000 16856.438 293076.246 89501.815 109247.041 229467409.565 1058529786363.149
4887.000 5198.000 2681705.000 1.000 1300.000 580.000 685.000 17434.159 204634.246 92518.500 740146.855 212298325.731 158363369582.802
4977.000 5218.000 2681715.000 1.000 1290.000 590.000 685.000 21348.209 131308.515 80751.759 870746.879 113559089.534 71475450098.788
5070.000 5282.000 2681725.000 1.000 1280.000 590.000 681.000 25952.899 72557.594 48474.186 733705.353 36623323.730 163531640490.410
5170.000 5376.000 2681735.000 1.000 1280.000 590.000 673.000 29832.885 28684.560 15918.500 48298.977 4716431.715 1187657133922.949
5278.000 5491.000 2681745.000 1.000 1280.000 610.000 664.000 30088.300 3765.684 124.736 449.491 3672281.287 1294239143695.746
5389.000 5605.000 2681755.000 1.000 1280.000 610.000 666.000 30085.923 2463.616 10574.309 283436.695 3681397.121 730442200269.400
5501.000 5718.000 2681765.000 1.000 1280.000 610.000 685.000 31584.795 26125.819 46583.219 180530.177 176252.799 916931938608.475
5624.000 5831.000 2681775.000 1.000 1280.000 610.000 693.000 30630.114 81016.987 108130.130 520913.014 1889265.987 380914601812.960
5758.000 5922.000 2681785.000 1.000 1290.000 610.000 693.000 27875.418 175255.122 176258.455 1713105.120 17050306.883 330635708324.626
5899.000 5965.000 2681795.000 1.000 1290.000 610.000 687.000 18816.163 313191.145 214212.961 430517.919 173935390.780 500666469693.373
5998.000 5975.000 2681805.000 1.000 1310.000 610.000 682.000 16539.495 433799.841 223569.590 387128.735 239170082.751 563951545464.278
6079.000 5942.000 2681815.000 1.000 1320.000 610.000 672.000 18586.712 547059.684 193451.714 260983.528 180040247.709 769325952584.200
6149.000 5873.000 2681825.000 1.000 1320.000 610.000 668.000 19966.847 655508.560 137515.972 891654.720 144907972.172 60733210095.527
6199.000 5780.000 2681835.000 1.000 1340.000 610.000 664.000 15251.592 738972.043 77190.321 913444.335 280663937.945 50468284540.673
6226.000 5704.000 2681845.000 1.000 1320.000 610.000 668.000 10421.109 786121.324 40735.939 534480.182 465847935.204 364351824541.423
6237.000 5650.000 2681855.000 1.000 1320.000 610.000 663.000 7594.667 805748.291 21854.141 698964.846 595845792.023 192836002216.308
6250.000 5612.000 2681865.000 1.000 1300.000 620.000 675.000 3898.396 829255.796 12062.950 78239.558 789959812.064 1123295271700.102
6266.000 5599.000 2681875.000 1.000 1290.000 630.000 693.000 4312.143 858652.111 9376.332 1138589.065 766873267.149 243301.986
6284.000 5613.000 2681885.000 1.000 1270.000 630.000 690.000 10333.238 892334.965 12283.613 1380002.445 469648785.858 58518820788.179
6329.000 5644.000 2681895.000 1.000 1250.000 640.000 696.000 17630.977 979377.100 20116.163 799799.585 206601605.178 114444334826.760
6402.000 5702.000 2681905.000 1.000 1240.000 640.000 694.000 21860.483 1129192.785 39932.613 785456.539 102903509.890 124354454385.569
6494.000 5772.000 2681915.000 1.000 1240.000 640.000 696.000 26014.140 1333181.594 72809.017 74515.990 35885847.332 1131202030296.592
6608.000 5849.000 2681925.000 1.000 1240.000 640.000 690.000 25620.084 1609434.336 120292.062 377768.285 40762296.420 578097942974.557
6724.000 5919.000 2681935.000 1.000 1250.000 650.000 679.000 23622.367 1917213.616 173748.467 1184961.868 70262160.741 2196427534.111
6843.000 5957.000 2681945.000 1.000 1270.000 640.000 664.000 17356.043 2260917.706 206871.658 644588.196 214580800.060 243549763584.360
6933.000 5975.000 2681955.000 1.000 1290.000 640.000 670.000 13947.327 2539671.976 223569.590 7768.606 326065820.546 1277639584686.075
7005.000 5959.000 2681965.000 1.000 1320.000 640.000 670.000 13906.245 2774339.392 208694.983 266572.001 327551167.676 759553747019.712
7057.000 5907.000 2681975.000 1.000 1320.000 640.000 671.000 15315.933 2950269.414 163888.512 150255.078 278512264.596 975829308812.575
7085.000 5831.000 2681985.000 1.000 1330.000 630.000 663.000 14521.353 3047240.965 108130.130 628957.568 305664615.368 259221747927.994
7096.000 5755.000 2681995.000 1.000 1330.000 630.000 666.000 11195.295 3085765.931 63923.748 421217.981 433027995.499 513913819545.010
7112.000 5698.000 2682005.000 1.000 1330.000 630.000 667.000 8967.807 3142234.246 38349.961 511985.035 530694740.514 392014700678.698
7132.000 5655.000 2682015.000 1.000 1320.000 640.000 681.000 6260.324 3213539.639 23357.455 559941.930 662768762.362 334261907211.600
7162.000 5641.000 2682025.000 1.000 1300.000 650.000 690.000 9221.413 3321997.729 19274.174 624965.289 519074508.661 263302930030.809
7209.000 5654.000 2682035.000 1.000 1280.000 650.000 697.000 12526.359 3495534.403 23052.792 646265.513 379402640.860 241897039560.565
7267.000 5686.000 2682045.000 1.000 1260.000 660.000 697.000 15943.945 3715776.043 33794.006 449916.175 257945272.613 473591207948.729
7337.000 5733.000 2682055.000 1.000 1240.000 660.000 699.000 18323.195 3990544.920 53283.163 410421.695 187181382.498 529509615441.658
7407.000 5800.000 2682065.000 1.000 1240.000 660.000 697.000 20493.590 4275113.796 88703.579 638819.889 132503805.323 249276443781.351
7479.000 5881.000 2682075.000 1.000 1240.000 660.000 697.000 17115.378 4578037.212 143513.276 687589.536 221689519.137 202955901551.720
7543.000 5945.000 2682085.000 1.000 1260.000 670.000 699.000 13479.262 4856006.470 196099.703 337368.204 343188878.829 641164696590.314
7602.000 5985.000 2682095.000 1.000 1280.000 660.000 693.000 11695.189 5119516.381 233126.219 15957.582 412472976.362 1259194199347.348
7659.000 6009.000 2682105.000 1.000 1300.000 660.000 693.000 11610.802 5380705.751 256878.130 167997.953 415907801.389 941089849223.899
7718.000 6026.000 2682115.000 1.000 1330.000 660.000 694.000 12499.210 5657903.661 274399.399 413641.311 380461008.529 524834318931.697
7781.000 6006.000 2682125.000 1.000 1350.000 650.000 690.000 14686.631 5961580.650 253846.141 171505.001 299912733.469 934297789121.781
7845.000 5962.000 2682135.000 1.000 1370.000 650.000 693.000 15593.585 6278205.909 211444.972 116567.858 269322060.736 1043519353629.774
7909.000 5910.000 2682145.000 1.000 1380.000 640.000 694.000 14977.150 6603023.167 166326.500 295571.053 289934725.226 709847963611.401
7972.000 5862.000 2682155.000 1.000 1380.000 640.000 694.000 13414.109 6930766.156 129478.680 60972.080 345607089.006 1160195526473.536
8038.000 5836.000 2682165.000 1.000 1380.000 640.000 699.000 13091.676 7282629.954 111443.444 70207.913 357699440.334 1140384557331.421
8106.000 5823.000 2682175.000 1.000 1370.000 650.000 702.000 12720.402 7654268.291 102932.826 452593.642 371881053.254 469913220260.789
8172.000 5836.000 2682185.000 1.000 1370.000 650.000 700.000 15113.811 8023820.088 111443.444 60137.582 285299419.375 1161993938054.801
8240.000 5878.000 2682195.000 1.000 1350.000 650.000 691.000 14795.791 8413682.425 141249.287 46546.209 296143786.077 1191480528144.081
8289.000 5939.000 2682205.000 1.000 1350.000 650.000 694.000 14549.645 8700345.639 190821.725 31551.902 304676142.641 1224439416987.414
8325.000 6007.000 2682215.000 1.000 1350.000 650.000 696.000 14382.792 8914015.347 254854.804 28118.981 310528812.360 1232048557562.021
8357.000 6076.000 2682225.000 1.000 1320.000 650.000 696.000 14234.093 9106119.976 329282.545 1201335.281 315791620.074 3999230883.499
8382.000 6147.000 2682235.000 1.000 1320.000 650.000 694.000 7881.183 9257626.718 415807.613 1311537.655 581940199.412 30082074121.227
8403.000 6183.000 2682245.000 1.000 1320.000 650.000 693.000 945.500 9385858.381 463531.478 352798.953 964668918.074 616691151240.541
8408.000 6183.000 2682255.000 1.000 1320.000 650.000 691.000 2811.174 9416519.729 463531.478 2119869.054 852257273.282 963878705601.666
8403.000 6169.000 2682265.000 1.000 1350.000 650.000 690.000 14021.481 9385858.381 444664.197 3185554.395 323393278.392 4192086663478.589
8390.000 6096.000 2682275.000 1.000 1350.000 650.000 687.000 30867.353 9306372.875 352635.804 2154577.602 1293375.603 1033235236539.819
8349.000 5938.000 2682285.000 1.000 1350.000 650.000 687.000 42261.206 9057901.819 189949.062 1640544.425 105197562.022 252454612234.055
8288.000 5723.000 2682295.000 1.000 1370.000 650.000 690.000 50936.745 8694447.369 48766.534 2832153.726 358425367.439 2869832227882.507
8214.000 5464.000 2682305.000 1.000 1370.000 660.000 690.000 65913.761 8263525.414 1456.837 2224049.728 1149829862.027 1179295915301.817
8111.000 5131.000 2682315.000 1.000 1370.000 660.000 690.000 77674.997 7681959.639 137766.085 329208.918 2085783360.466 654298001604.581
7960.000 4749.000 2682325.000 1.000 1370.000 660.000 700.000 79415.922 6867726.920 567262.849 915075.701 2247831583.438 49737968344.300
7777.000 4371.000 2682335.000 1.000 1370.000 670.000 707.000 84255.032 5942063.572 1279542.264 794854.052 2730105582.937 117814903397.492
7546.000 3990.000 2682345.000 1.000 1350.000 680.000 731.000 88458.385 4869237.279 2286653.691 1399250.745 3187027613.757 68201900864.188
7276.000 3608.000 2682355.000 1.000 1330.000 690.000 731.000 81058.857 3750554.470 3587874.455 461421.208 2406318194.660 457888514946.628
6981.000 3297.000 2682365.000 1.000 1330.000 700.000 739.000 78618.766 2694964.920 4862768.287 627347.003 2172878632.973 260864342308.199
6664.000 3028.000 2682375.000 1.000 1310.000 710.000 742.000 75301.225 1754657.437 6121509.961 1446000.803 1874596028.363 94805485644.964
6347.000 2787.000 2682385.000 1.000 1280.000 710.000 737.000 67654.473 1015327.954 7372140.197 268073.077 1270912038.549 756939553307.170
6027.000 2627.000 2682395.000 1.000 1260.000 720.000 721.000 66236.847 472841.661 8266594.130 240507.402 1171845384.226 805664947463.038
5683.000 2561.000 2682405.000 1.000 1230.000 720.000 713.000 67508.700 118084.897 8650472.377 1078491.950 1260539716.194 3552619946.749
5326.000 2561.000 2682415.000 1.000 1230.000 720.000 702.000 73211.989 178.628 8650472.377 675274.965 1698047282.589 214203133167.651
4944.000 2624.000 2682425.000 1.000 1210.000 730.000 705.000 76782.983 156313.616 8283854.141 571233.658 2005101817.613 321332697656.746
4558.000 2750.000 2682435.000 1.000 1160.000 720.000 716.000 79803.785 610531.527 7574431.669 1225696.656 2284760201.014 7673908484.687
4170.000 2916.000 2682445.000 1.000 1160.000 720.000 725.000 73322.047 1367414.897 6688267.714 1360756.792 1707129796.648 49577913578.191
3832.000 3106.000 2682455.000 1.000 1150.000 710.000 728.000 66126.083 2272149.751 5741623.669 613468.387 1164274256.046 275233931377.949
3561.000 3327.000 2682465.000 1.000 1150.000 710.000 754.000 62881.935 3162582.673 4731358.174 4993137.469 953408598.609 14861346204277.225
3334.000 3570.000 2682475.000 1.000 1160.000 700.000 755.000 36477.189 4021489.459 3733275.264 816630.430 20003875.922 103339989566.924
3273.000 3753.000 2682485.000 1.000 1150.000 690.000 768.000 32158.678 4269865.010 3059590.579 706000.690 23733.952 186706191421.819
3318.000 3917.000 2682495.000 1.000 1170.000 690.000 777.000 35892.156 4085917.145 2512759.298 4412210.544 15112938.292 10719827301291.811
3433.000 4068.000 2682505.000 1.000 1200.000 670.000 779.000 59224.840 3634228.156 2056839.399 4567744.727 740940391.835 11762491704245.291
3704.000 4225.000 2682515.000 1.000 1210.000 660.000 782.000 83380.021 2674419.234 1631159.478 3137888.904 2639431856.196 3999172424854.411
4110.000 4397.000 2682525.000 1.000 1230.000 650.000 784.000 99973.828 1511338.718 1221397.500 3752070.954 4619813273.569 6832866061350.487
4606.000 4580.000 2682535.000 1.000 1230.000 650.000 784.000 119815.557 537824.470 850394.815 2649532.292 7710760705.163 2284440243688.811
5212.000 4765.000 2682545.000 1.000 1250.000 650.000 779.000 133826.833 16221.886 543417.455 1779788.777 10367763116.277 411769865836.762
5894.000 4954.000 2682555.000 1.000 1250.000 650.000 756.000 143238.725 307619.796 300488.748 1918006.317 12373026176.392 608260401286.255
6627.000 5145.000 2682565.000 1.000 1250.000 650.000 750.000 133095.910 1658003.459 127569.365 4980062.527 10219448969.521 14760708266147.994
7310.000 5315.000 2682575.000 1.000 1280.000 650.000 763.000 106760.307 3883401.639 35032.062 3286897.624 5588412780.000 4617349242344.384
7866.000 5413.000 2682585.000 1.000 1300.000 660.000 753.000 89378.511 6383883.572 7951.028 5967814.653 3291763400.068 23326184117026.949
8336.000 5463.000 2682595.000 1.000 1300.000 660.000 750.000 57819.470 8979820.313 1534.174 3844663.769 666406494.735 7325510124865.951
8639.000 5422.000 2682605.000 1.000 1330.000 660.000 755.000 37488.091 10887590.021 6426.995 1396154.989 30068457.227 66594540646.131
8813.000 5327.000 2682615.000 1.000 1350.000 670.000 697.000 30104.934 12066138.942 30684.017 5692843.019 3608805.853 20745722151659.883
8902.000 5195.000 2682625.000 1.000 1350.000 670.000 325.000 0.000 12692366.942 94352.512 0.000 1024295683.724 1295262069299.693
