3743.000 5425.000 267544.000 0.000 900.000 620.000 53.000 14181.927 1731712.439 1924903.986 1500998.670 190515915.970 71710229321.886
3761.000 5481.000 267554.000 1.000 900.000 620.000 117.000 7956.300 1684662.403 2083429.804 581292.100 401135897.453 424998268931.526
3761.000 5514.000 267564.000 1.000 900.000 620.000 198.000 5545.300 1684662.403 2179783.804 1336971.830 503525653.816 10766307175.636
3761.000 5537.000 267574.000 1.000 900.000 610.000 297.000 0.000 1684662.403 2248227.622 639421.310 783142163.840 352586211210.692
3761.000 5537.000 267584.000 1.000 900.000 610.000 362.000 2652.100 1684662.403 2248227.622 146178.689 641739472.891 1181639273094.732
3761.000 5526.000 267594.000 1.000 900.000 610.000 420.000 2045.801 1684662.403 2215361.622 86338.151 672825303.943 1315317361248.010
3767.000 5520.000 267604.000 1.000 900.000 610.000 439.000 1687.700 1669123.058 2197536.713 451363.069 691531015.356 611286207302.473
3767.000 5513.000 267614.000 1.000 900.000 610.000 446.000 3559.799 1669123.058 2176831.986 2018981.526 596574680.192 617435299336.014
3754.000 5506.000 267624.000 1.000 920.000 610.000 439.000 11933.841 1702882.639 2156225.258 2238121.415 257629346.075 1009844916349.274
3747.000 5457.000 267634.000 1.000 920.000 610.000 456.000 21216.800 1721200.876 2014722.167 1511359.460 45804163.209 77366558651.956
3747.000 5369.000 267644.000 1.000 920.000 610.000 468.000 27485.400 1721200.876 1772650.167 2906460.500 249277.827 2799763846247.737
3747.000 5255.000 267654.000 1.000 920.000 610.000 499.000 39540.400 1721200.876 1482084.895 2096283.973 133534727.014 744894934542.083
3747.000 5091.000 267664.000 1.000 900.000 610.000 539.000 48235.066 1721200.876 1109670.713 1478630.135 410078242.317 60230545516.876
3742.000 4891.000 267674.000 1.000 900.000 620.000 597.000 54367.916 1734345.330 728307.076 404530.117 696075284.061 686712027146.759
3727.000 4666.000 267684.000 1.000 900.000 620.000 658.000 56045.768 1774078.694 394897.986 173307.261 787424811.019 1123395963185.707
3701.000 4435.000 267694.000 1.000 900.000 630.000 675.000 56764.587 1844015.858 157933.986 2834291.073 828283202.079 2563457359009.928
3675.000 4201.000 267704.000 1.000 900.000 630.000 690.000 45008.921 1915305.021 26702.531 1947249.936 289824873.402 509851583773.211
3650.000 4016.000 267714.000 1.000 880.000 630.000 703.000 36932.397 1985127.294 466.167 2984917.574 80061687.748 3068475876375.956
3631.000 3864.000 267724.000 1.000 860.000 640.000 714.000 24551.984 2039028.221 30133.804 2998526.705 11783383.323 3116339492951.033
3618.000 3763.000 267734.000 1.000 840.000 640.000 717.000 12115.125 2076323.803 75400.167 2049018.488 251842690.347 665541836510.618
3613.000 3713.000 267744.000 1.000 840.000 640.000 714.000 3616.500 2090758.258 105359.258 871938.150 593808065.146 130518081431.835
3613.000 3698.000 267754.000 1.000 820.000 640.000 628.000 0.000 2090758.258 115321.986 1453230.250 783142163.840 48408464716.068
3613.000 3698.000 267764.000 1.000 800.000 640.000 384.000 6027.500 2090758.258 115321.986 2389959.926 482117635.183 1338068048073.706
3613.000 3723.000 267774.000 1.000 800.000 640.000 61.000 15940.233 2090758.258 98967.440 14407.708 145068638.605 1485481495913.282
3244.000 5205.000 268005.000 0.000 900.000 620.000 305.000 17320.648 3294027.003 1362843.986 1914191.751 113721521.008 463734765731.318
3289.000 5261.000 268015.000 1.000 900.000 620.000 301.000 9381.238 3132706.912 1496729.804 857060.592 346087953.958 141489139105.632
3254.000 5244.000 268025.000 1.000 900.000 610.000 314.000 5826.445 3257828.094 1455422.895 3071570.843 490987258.862 3379566865109.137
3264.000 5266.000 268035.000 1.000 900.000 610.000 338.000 18566.266 3221829.185 1508988.895 1561560.820 88706471.502 107813595855.442
3325.000 5313.000 268045.000 1.000 900.000 610.000 399.000 25043.084 3006566.839 1626668.349 1467761.829 8652971.169 55014085356.631
3420.000 5355.000 268055.000 1.000 900.000 620.000 439.000 31130.856 2686142.203 1735566.713 1857485.031 9898440.384 389718049737.146
3544.000 5391.000 268065.000 1.000 900.000 620.000 488.000 38835.066 2295059.730 1831716.167 1205037.329 117730934.842 793756461.680
3701.000 5427.000 268075.000 1.000 900.000 620.000 543.000 43833.147 1844015.858 1930457.622 842934.302 251173991.688 152315911031.895
3879.000 5464.000 268085.000 1.000 900.000 620.000 546.000 47329.349 1392271.276 2034642.895 563511.216 374216323.005 448497817900.932
4073.000 5494.000 268095.000 1.000 900.000 620.000 557.000 49666.600 972088.439 2121127.440 420542.291 470105771.772 660430451473.313
4279.000 5494.000 268105.000 1.000 900.000 630.000 554.000 51410.865 608314.912 2121127.440 3014538.638 548786269.943 3173128108122.539
4492.000 5484.000 268115.000 1.000 920.000 630.000 561.000 38907.594 321427.148 2092099.258 1950761.799 119310109.136 514879130704.483
4653.000 5473.000 268125.000 1.000 920.000 630.000 562.000 30816.504 164791.712 2060399.258 1079126.471 8019242.433 23742046037.125
4777.000 5442.000 268135.000 1.000 920.000 640.000 568.000 26340.658 79493.239 1972364.895 3077898.030 2702799.474 3402870191241.763
4877.000 5398.000 268145.000 1.000 920.000 650.000 578.000 13574.594 33104.148 1850712.895 400821.035 207650500.844 692873075225.124
4908.000 5351.000 268155.000 1.000 920.000 660.000 633.000 15237.062 22784.530 1725043.440 925536.850 162501695.953 94663390485.449
4903.000 5288.000 268165.000 1.000 920.000 670.000 649.000 19075.871 24318.985 1563522.895 2820426.858 79366829.772 2519254139095.228
4875.000 5214.000 268175.000 1.000 920.000 680.000 650.000 30774.033 33835.930 1383938.349 2039916.239 7780505.196 650773321897.722
4801.000 5110.000 268185.000 1.000 920.000 680.000 664.000 39234.905 66535.858 1150061.258 1779713.645 126567623.200 298665126946.878
4682.000 4999.000 268195.000 1.000 930.000 690.000 690.000 46616.546 142087.876 924307.440 935939.109 347146531.085 88370584818.604
4532.000 4877.000 268205.000 1.000 930.000 690.000 687.000 42734.592 277671.512 704607.622 1951900.514 217559983.523 516514599063.235
4383.000 4781.000 268215.000 1.000 900.000 690.000 700.000 34638.779 456902.258 552657.076 1273715.870 44277069.373 1640643452.742
4263.000 4702.000 268225.000 1.000 900.000 690.000 700.000 29355.843 633529.167 441439.440 2282474.412 1880095.364 1100953680795.812
4162.000 4634.000 268235.000 1.000 900.000 680.000 694.000 19888.923 804511.148 355703.804 2470050.935 65541237.760 1529772993024.018
4091.000 4592.000 268245.000 1.000 900.000 680.000 685.000 9644.000 936918.403 307369.440 1749718.635 336380443.989 266780123739.047
4059.000 4568.000 268255.000 1.000 900.000 670.000 662.000 2386.768 999890.912 281333.804 52286.875 655252960.764 1394581819356.767
4052.000 4561.000 268265.000 1.000 900.000 660.000 595.000 2169.900 1013939.148 273957.076 2239045.069 666402727.283 1011702148511.161
4061.000 4561.000 268275.000 1.000 900.000 650.000 575.000 11456.690 995895.130 273957.076 1364965.951 273174364.339 17359363726.910
4108.000 4568.000 268285.000 1.000 880.000 650.000 572.000 17118.100 904297.258 281333.804 2600262.053 118082502.316 1868828546375.197
4179.000 4568.000 268295.000 1.000 880.000 650.000 560.000 27903.094 774304.003 281333.804 215294.585 6655.836 1036153854086.905
4294.000 4581.000 268305.000 1.000 880.000 640.000 560.000 28796.062 585141.548 295293.440 163550.426 658345.124 1144173771060.287
4411.000 4605.000 268315.000 1.000 880.000 640.000 560.000 29474.413 419833.312 321953.076 500654.035 2219312.442 536639725796.726
4530.000 4633.000 268325.000 1.000 880.000 650.000 560.000 31550.954 279783.294 354511.986 544295.787 12718329.469 474604188407.957
4659.000 4655.000 268335.000 1.000 880.000 650.000 561.000 29293.402 159956.367 381193.986 2104929.819 1712760.328 759893676995.581
4780.000 4666.000 268345.000 1.000 880.000 650.000 564.000 20562.876 77810.567 394897.986 1108431.934 55083134.604 15569818518.655
4865.000 4673.000 268355.000 1.000 880.000 660.000 572.000 15965.481 37614.839 403744.713 1043978.430 144461079.807 35808970412.082
4929.000 4656.000 268365.000 1.000 880.000 670.000 586.000 11635.417 16885.821 382429.804 591804.783 267298312.506 411401951690.391
4969.000 4629.000 268375.000 1.000 880.000 680.000 613.000 9180.814 8090.185 349764.713 2146196.495 353585275.176 833542490616.668
4988.000 4596.000 268385.000 1.000 880.000 680.000 647.000 18082.500 5033.258 311820.713 1230997.531 98053115.371 4899501.900
4988.000 4521.000 268395.000 1.000 870.000 690.000 659.000 23188.255 5033.258 233684.349 1507980.685 23005666.924 75498372733.418
4973.000 4426.000 268405.000 1.000 870.000 690.000 661.000 29442.841 7386.621 150861.622 1965201.519 2126241.363 535810101093.733
4916.000 4318.000 268415.000 1.000 870.000 700.000 671.000 37593.822 20433.403 78629.258 1561220.628 92335661.778 107590307630.851
4833.000 4186.000 268425.000 1.000 870.000 700.000 675.000 44069.229 51051.348 22025.258 720682.377 258712803.244 262685602566.262
4712.000 4049.000 268435.000 1.000 870.000 700.000 691.000 47058.372 120371.148 130.167 574542.023 363805829.335 433844838190.020
4576.000 3909.000 268445.000 1.000 870.000 700.000 697.000 49441.375 233236.312 16535.622 46539.292 460389875.994 1408189773065.101
4430.000 3765.000 268455.000 1.000 850.000 700.000 705.000 49634.404 395572.385 74305.804 1107422.208 468710665.988 15822823425.591
4280.000 3624.000 268465.000 1.000 850.000 700.000 708.000 45041.197 606756.021 171057.440 815014.681 290924864.121 174888171972.796
4132.000 3510.000 268475.000 1.000 820.000 700.000 716.000 41660.796 859227.876 278352.167 886530.245 187036222.572 120187554797.066
3989.000 3413.000 268485.000 1.000 800.000 690.000 721.000 37983.773 1144783.276 390113.804 798389.872 99981914.727 189069424530.096
3857.000 3327.000 268495.000 1.000 800.000 690.000 727.000 34672.326 1444672.876 504939.440 1250364.370 44724645.074 294237661.515
3741.000 3242.000 268505.000 1.000 780.000 680.000 720.000 29486.244 1736980.221 632964.895 2142571.556 2254702.541 826936597438.062
3635.000 3181.000 268515.000 1.000 780.000 680.000 724.000 20599.593 2027620.658 733747.986 2651588.386 54539470.185 2011794372663.893
3563.000 3135.000 268525.000 1.000 780.000 670.000 739.000 9601.715 2237852.803 814670.349 2314973.487 337933303.090 1170210050479.128
3532.000 3110.000 268535.000 1.000 760.000 660.000 749.000 0.000 2331562.421 860424.895 1039846.941 783142163.840 37389664282.412
3532.000 3110.000 268545.000 1.000 760.000 660.000 714.000 4312.928 2331562.421 860424.895 167908.791 560351715.137 1134868823878.547
3540.000 3126.000 268555.000 1.000 760.000 660.000 697.000 3616.500 2307195.294 830997.986 3859436.700 593808065.146 6897061359846.488
3555.000 3126.000 268565.000 1.000 740.000 660.000 702.000 19624.118 2261851.930 830997.986 2473364.855 69898951.885 1537981552199.406
3628.000 3162.000 268575.000 1.000 730.000 670.000 699.000 29882.786 2047604.894 766659.440 1715016.630 3602816.620 232136652717.292
3737.000 3221.000 268585.000 1.000 730.000 670.000 699.000 36996.086 1747539.785 666820.713 1268952.698 81205486.677 1277468057.362
3862.000 3310.000 268595.000 1.000 750.000 670.000 703.000 42259.266 1432678.421 529388.531 1146486.917 203763882.424 7521068801.000
4013.000 3399.000 268605.000 1.000 750.000 670.000 707.000 47014.500 1094001.894 407798.349 1390986.186 362134151.820 24893005262.512
4181.000 3498.000 268615.000 1.000 760.000 660.000 708.000 52783.833 770788.221 291158.349 164891.665 614998123.207 1141306228990.650
4372.000 3605.000 268625.000 1.000 760.000 660.000 713.000 52099.919 471894.058 187134.895 627234.910 581544882.030 367207037225.274
4558.000 3715.000 268635.000 1.000 780.000 670.000 716.000 49498.364 250946.348 104064.895 937643.686 462838715.230 87360044701.255
4740.000 3810.000 268645.000 1.000 780.000 670.000 717.000 45609.340 101726.203 51797.622 618434.760 310628735.129 377949841068.287
4909.000 3895.000 268655.000 1.000 780.000 680.000 724.000 43044.285 22483.639 20332.167 603277.768 226791783.941 396815892967.250
5066.000 3980.000 268665.000 1.000 800.000 680.000 727.000 40542.096 49.767 3316.713 701885.980 157688764.293 282306290533.054
5216.000 4056.000 268675.000 1.000 800.000 690.000 728.000 37630.914 24666.130 338.895 1473655.760 93049882.385 57813676432.027
5356.000 4125.000 268685.000 1.000 820.000 690.000 724.000 31518.696 88241.403 7640.349 1310178.869 12489288.140 5924050880.327
5457.000 4208.000 268695.000 1.000 820.000 700.000 724.000 26084.524 158447.421 29039.258 1213063.789 3610582.581 405910628.862
5533.000 4285.000 268705.000 1.000 810.000 710.000 722.000 21053.152 224727.712 61211.258 1579936.980 48046043.048 120218896296.103
5600.000 4341.000 268715.000 1.000 810.000 710.000 713.000 14500.116 292740.021 92057.076 1930801.130 181833393.576 486631971545.350
5641.000 4385.000 268725.000 1.000 840.000 710.000 696.000 6491.816 338787.494 120693.076 1216401.578 461943087.056 282557099.976
5664.000 4399.000 268735.000 1.000 840.000 720.000 710.000 1446.600 366091.003 130616.531 755679.730 704269547.022 228036126100.367
5658.000 4399.000 268745.000 1.000 840.000 720.000 724.000 4580.900 358866.348 130616.531 523162.890 547736792.121 504168336762.809
5639.000 4399.000 268755.000 1.000 840.000 720.000 666.000 6750.800 336463.276 130616.531 4359690.750 450877545.384 9774875546809.529
5611.000 4399.000 268765.000 1.000 840.000 720.000 636.000 24833.300 304764.221 130616.531 262835.647 9931178.916 941628350648.522
5508.000 4399.000 268775.000 1.000 840.000 720.000 619.000 23743.148 201649.985 130616.531 671576.576 17990570.841 315433240655.817
5411.000 4382.000 268785.000 1.000 840.000 720.000 627.000 20957.679 123942.403 118617.622 448930.852 49378705.172 615095370702.902
5331.000 4348.000 268795.000 1.000 840.000 720.000 627.000 19095.668 74013.676 96353.804 11361.837 79014486.416 1492915408525.325
5259.000 4315.000 268805.000 1.000 840.000 720.000 628.000 19142.793 40021.821 76955.804 228208.383 78178918.055 1010030286005.417
5199.000 4263.000 268815.000 1.000 840.000 720.000 613.000 18196.263 19615.276 50809.258 82786.748 95813054.597 1323475989155.664
5159.000 4199.000 268825.000 1.000 840.000 710.000 611.000 18539.634 10010.912 26052.895 1040282.367 89208843.025 37221462389.515
5132.000 4127.000 268835.000 1.000 840.000 710.000 610.000 14224.900 5336.967 7993.986 962040.113 189331471.471 73533656925.459
5132.000 4068.000 268845.000 1.000 840.000 710.000 614.000 10234.688 5336.967 924.713 199401.032 315062120.311 1068763076505.078
5161.000 4037.000 268855.000 1.000 850.000 700.000 619.000 11061.735 10415.130 0.349 1820650.978 286385976.243 345085712655.433
5204.000 4021.000 268865.000 1.000 850.000 700.000 639.000 18613.170 21040.821 275.258 392103.341 87825149.159 707462115644.928
5278.000 3999.000 268875.000 1.000 820.000 700.000 645.000 16986.860 47984.894 1489.258 116758.461 120951985.464 1246466300532.378
5348.000 3991.000 268885.000 1.000 820.000 700.000 641.000 16502.586 83552.530 2170.713 748314.366 131838420.726 235124758126.374
5415.000 4005.000 268895.000 1.000 820.000 700.000 644.000 19606.337 126774.839 1062.167 407888.158 70196586.259 681157814737.755
5493.000 4028.000 268905.000 1.000 790.000 710.000 652.000 17914.557 188403.348 91.986 465973.970 101407322.948 588652679921.213
5558.000 4064.000 268915.000 1.000 790.000 710.000 658.000 15981.857 249055.439 697.440 2027931.399 144067695.263 631580492162.405
5613.000 4101.000 268925.000 1.000 790.000 710.000 653.000 7570.694 306976.439 4020.713 1332051.702 416730714.358 9769481831.647
5638.000 4120.000 268935.000 1.000 780.000 720.000 661.000 2045.801 335304.167 6791.258 144467.361 672825303.943 1185362739443.675
5644.000 4126.000 268945.000 1.000 780.000 720.000 685.000 1446.600 342288.821 7816.167 483508.450 704269547.022 562053932743.859
5638.000 4126.000 268955.000 1.000 780.000 720.000 708.000 3452.027 335304.167 7816.167 360427.864 601850930.965 761750424916.522
5632.000 4113.000 268965.000 1.000 810.000 720.000 710.000 4946.958 328391.512 5686.531 1693917.246 530736510.755 212250233263.262
5617.000 4099.000 268975.000 1.000 810.000 720.000 708.000 11972.745 311424.876 3771.076 64824.316 256381976.125 1365127473376.054
5596.000 4054.000 268985.000 1.000 810.000 720.000 733.000 12241.614 288427.585 269.258 317616.219 247844042.211 838313826525.224
5569.000 4011.000 268995.000 1.000 810.000 720.000 731.000 10924.251 260155.639 707.076 2633836.916 291058145.693 1961752920574.752
5552.000 3969.000 269005.000 1.000 810.000 720.000 721.000 0.000 243102.785 4704.713 348775.260 783142163.840 782226600919.347
5552.000 3969.000 269015.000 1.000 810.000 720.000 694.000 1446.600 243102.785 4704.713 637710.223 704269547.022 354621190711.974
5552.000 3975.000 269025.000 1.000 810.000 720.000 681.000 4091.603 243102.785 3917.622 1396812.127 570878999.723 26765324551.121
5564.000 3987.000 269035.000 1.000 810.000 710.000 685.000 9885.100 255080.094 2559.440 1734039.902 327594698.603 250829576207.222
5605.000 3987.000 269045.000 1.000 810.000 710.000 693.000 17077.302 298175.567 2559.440 1045374.158 118970836.034 35282684039.940
5666.000 4023.000 269055.000 1.000 810.000 710.000 699.000 21413.155 368515.221 212.895 40410.048 43184905.399 1422774141747.092
5738.000 4075.000 269065.000 1.000 810.000 710.000 700.000 21245.548 461115.076 1399.440 836085.374 45415863.783 157708773032.021
5816.000 4116.000 269075.000 1.000 810.000 710.000 702.000 17777.753 573131.585 6147.986 620387.188 104181303.759 375553040303.784
5885.000 4142.000 269085.000 1.000 810.000 710.000 700.000 15204.600 682366.112 10901.258 1875109.682 163330375.910 412033901456.541
5946.000 4158.000 269095.000 1.000 810.000 720.000 702.000 7427.289 786865.767 14498.349 385829.437 422606213.904 718055535090.030
5976.000 4151.000 269105.000 1.000 810.000 720.000 699.000 9027.577 840989.039 12861.622 331105.041 359371651.957 813795184447.434
6007.000 4130.000 269115.000 1.000 810.000 720.000 714.000 10400.887 898807.421 8539.440 411775.413 309189681.474 674756444700.930
6038.000 4100.000 269125.000 1.000 810.000 720.000 721.000 8692.984 958547.803 3894.895 0.000 372169430.557 1520809402214.524
6058.000 4070.000 269135.000 1.000 800.000 730.000 714.000 8692.984 998109.985 1050.349 700777.402 372169430.557 283485549962.770
6078.000 4040.000 269145.000 1.000 800.000 730.000 714.000 5786.400 1038472.167 5.804 278576.102 492763515.289 911327813013.588
6102.000 4040.000 269155.000 1.000 800.000 730.000 714.000 6941.838 1087962.785 5.804 1402780.798 442801085.997 28753912035.817
6129.000 4050.000 269165.000 1.000 800.000 730.000 722.000 12760.091 1145016.730 153.986 1552394.198 231788028.145 101877905682.499
6178.000 4070.000 269175.000 1.000 830.000 730.000 724.000 19198.889 1252283.076 1050.349 1064843.948 77190076.132 28347468526.204
6243.000 4116.000 269185.000 1.000 830.000 730.000 724.000 23615.496 1401985.167 6147.986 646152.340 19089745.272 344637885368.404
6318.000 4179.000 269195.000 1.000 830.000 730.000 724.000 20935.478 1585218.348 19996.531 2197433.620 49691210.835 929725236139.143
6394.000 4221.000 269205.000 1.000 830.000 730.000 717.000 11821.278 1782370.639 33638.895 971897.969 261255477.078 68284506886.152
6442.000 4231.000 269215.000 1.000 870.000 730.000 730.000 7790.179 1912839.876 37407.076 2052715.274 407817761.772 671587234043.007
6472.000 4219.000 269225.000 1.000 870.000 740.000 796.000 16304.137 1996723.148 32909.258 437667.383 136435021.806 632889666994.914
6514.000 4166.000 269235.000 1.000 870.000 740.000 817.000 18119.431 2117183.730 16488.895 392680.776 97323084.649 706491079059.117
6546.000 4098.000 269245.000 1.000 870.000 740.000 833.000 19748.136 2211331.221 3649.258 1614772.072 67840612.661 145588841859.670
6571.000 4020.000 269255.000 1.000 860.000 750.000 822.000 13050.616 2286308.948 309.440 1285460.815 223026187.048 2730041824.714
6594.000 3971.000 269265.000 1.000 860.000 750.000 826.000 7718.966 2356392.458 4434.349 173479.647 410699054.679 1123030567766.307
6619.000 3951.000 269275.000 1.000 860.000 750.000 814.000 8438.500 2433770.185 7497.986 662071.691 382053047.221 326200124963.278
6654.000 3951.000 269285.000 1.000 860.000 750.000 814.000 11184.546 2544199.003 7497.986 533633.140 282244411.850 489409200181.331
6700.000 3957.000 269295.000 1.000 860.000 750.000 814.000 13397.873 2693060.021 6494.895 1674720.864 212774859.819 194930948662.495
6748.000 3985.000 269305.000 1.000 860.000 750.000 817.000 20344.040 2852905.258 2765.804 229213.770 58379338.420 1008010463650.402
6820.000 4029.000 269315.000 1.000 900.000 750.000 815.000 21294.740 3101313.112 73.804 548212.939 44755261.139 469222361178.210
6896.000 4074.000 269325.000 1.000 900.000 760.000 814.000 19020.941 3374769.403 1325.622 488355.042 80348568.537 554810417310.896
6964.000 4114.000 269335.000 1.000 900.000 760.000 802.000 16995.412 3629232.821 5838.349 1445856.689 120763951.934 45218183585.291
7024.000 4151.000 269345.000 1.000 900.000 760.000 787.000 10998.495 3861439.367 12861.622 1453372.740 288530389.283 48471186101.671
7065.000 4171.000 269355.000 1.000 900.000 770.000 785.000 4970.404 4024254.839 17797.986 744360.808 529656775.736 238974522781.887
7085.000 4176.000 269365.000 1.000 900.000 770.000 794.000 1883.051 4104897.021 19157.076 359805.344 681294895.742 762837462379.316
7090.000 4170.000 269375.000 1.000 900.000 780.000 785.000 3375.400 4125182.567 17532.167 3138977.340 605616529.452 3631945293698.799
7090.000 4156.000 269385.000 1.000 900.000 780.000 796.000 16394.800 4125182.567 14020.713 2092651.560 134325255.934 738638054085.491
7090.000 4088.000 269395.000 1.000 900.000 780.000 794.000 25074.400 4125182.567 2541.076 2490258.250 8469713.989 1580167756426.448
7090.000 3984.000 269405.000 1.000 950.000 780.000 796.000 35403.136 4125182.567 2871.986 2204530.881 55033529.416 943462286262.933
7049.000 3843.000 269415.000 1.000 900.000 780.000 799.000 44546.773 3960317.094 37865.622 1448762.908 274303013.825 46462619502.756
6996.000 3666.000 269425.000 1.000 900.000 780.000 820.000 50555.744 3752180.312 138079.804 130295.744 509453051.771 1216422090262.469
6933.000 3466.000 269435.000 1.000 900.000 780.000 817.000 50015.322 3512080.439 326716.167 384994.025 485349305.697 719472058477.328
6868.000 3269.000 269445.000 1.000 900.000 780.000 824.000 48418.499 3272678.348 590731.986 69676.936 417541069.082 1353811547991.182
6781.000 3088.000 269455.000 1.000 850.000 780.000 805.000 48129.503 2965471.858 901722.895 906827.008 405814002.300 106526518621.925
6678.000 2917.000 269465.000 1.000 850.000 780.000 799.000 44368.296 2621337.621 1255723.986 980844.949 268422961.558 63688630183.142
6570.000 2768.000 269475.000 1.000 810.000 780.000 791.000 48436.504 2283285.839 1611861.076 746039.829 418277215.181 237335762373.811
6432.000 2622.000 269485.000 1.000 810.000 780.000 784.000 45342.187 1885278.785 2003897.622 1553335.693 301283142.828 102479810841.140
6274.000 2520.000 269495.000 1.000 760.000 780.000 796.000 51784.890 1476357.548 2303082.167 1038920.635 566450124.349 37748750925.096
6072.000 2447.000 269505.000 1.000 720.000 770.000 797.000 56093.976 1026279.512 2529979.440 772810.367 790132673.150 211968754699.097
5845.000 2396.000 269515.000 1.000 720.000 770.000 788.000 59299.328 617881.748 2694820.713 95048.371 980607348.178 1295414199302.972
5602.000 2358.000 269525.000 1.000 730.000 760.000 787.000 59693.556 294908.239 2821025.622 1073421.803 1005452988.123 25532591584.487
5356.000 2330.000 269535.000 1.000 690.000 760.000 791.000 64145.741 88241.403 2915866.713 578123.805 1307622527.587 429139249888.709
5092.000 2297.000 269545.000 1.000 690.000 760.000 788.000 66543.600 1092.603 3029656.713 711538.660 1486790519.434 272142043728.055
4816.000 2297.000 269555.000 1.000 690.000 760.000 774.000 63592.382 59022.494 3029656.713 1424623.494 1267908633.679 36638737939.999
4553.000 2317.000 269565.000 1.000 660.000 760.000 763.000 69501.231 255980.803 2960433.076 1076040.391 1723624230.748 24702604372.716
4266.000 2344.000 269575.000 1.000 670.000 750.000 733.000 73964.277 628762.494 2868250.167 594364.301 2114123588.154 408125121241.557
3963.000 2392.000 269585.000 1.000 690.000 740.000 667.000 71499.058 1201096.439 2707969.440 1242324.650 1893501327.309 83058382.102
3673.000 2454.000 269595.000 1.000 690.000 740.000 667.000 66346.322 1920844.803 2507760.167 797783.023 1471615783.740 189597534344.812
3404.000 2512.000 269605.000 1.000 670.000 730.000 670.000 63037.392 2738844.458 2327427.622 2606261.586 1228692807.521 1885267876427.543
3150.000 2574.000 269615.000 1.000 680.000 720.000 668.000 52227.514 3644072.748 2142098.349 2271049.165 587715131.042 1077108030058.126
2945.000 2644.000 269625.000 1.000 680.000 720.000 668.000 42807.982 4468765.385 1942095.622 1387242.627 219730362.094 23725738157.654
2787.000 2725.000 269635.000 1.000 680.000 720.000 662.000 37054.176 5161736.148 1722894.895 2230730.494 82255806.587 995045115273.765
2661.000 2813.000 269645.000 1.000 720.000 710.000 662.000 27801.872 5750142.403 1499622.895 2855509.801 33417.779 2631853358032.959
2577.000 2892.000 269655.000 1.000 720.000 710.000 661.000 15958.198 6160053.239 1312378.531 1215609.564 144636204.463 309811001.619
2547.000 2951.000 269665.000 1.000 720.000 710.000 661.000 10916.267 6309869.967 1180679.804 944333.729 291330630.324 83450085124.554
2552.000 2996.000 269675.000 1.000 720.000 710.000 661.000 14833.039 6284775.512 1084911.622 2969423.524 172965590.094 3014433883873.787
2596.000 3039.000 269685.000 1.000 720.000 710.000 662.000 27149.188 6066100.312 997183.804 2308308.277 698042.378 1155834127382.814
2702.000 3077.000 269695.000 1.000 720.000 710.000 673.000 36723.258 5555191.876 922734.895 2655018.998 76362792.571 2021537946636.302
2850.000 3113.000 269705.000 1.000 720.000 710.000 684.000 47735.365 4879440.021 854868.349 3149364.651 390089664.443 3671644764995.480
3046.000 3141.000 269715.000 1.000 720.000 710.000 685.000 60797.848 4051949.403 803875.258 2153446.613 1076704171.089 846833559783.430
3296.000 3174.000 269725.000 1.000 720.000 710.000 697.000 69729.605 3107976.676 745789.258 1259740.026 1742638988.299 703788538.713
3582.000 3217.000 269735.000 1.000 720.000 710.000 727.000 74954.574 2181367.876 673369.440 1520065.822 2206171195.582 82285681532.483
3889.000 3266.000 269745.000 1.000 720.000 710.000 721.000 81259.285 1368772.367 595352.531 976929.003 2838183825.105 65680468572.756
4222.000 3318.000 269755.000 1.000 720.000 710.000 746.000 85311.251 700477.694 517811.076 866953.408 3286336051.660 134144633110.459
4572.000 3370.000 269765.000 1.000 720.000 710.000 760.000 88907.076 237115.876 445677.622 91308.187 3711538662.808 1303942063684.216
4938.000 3415.000 269775.000 1.000 730.000 700.000 777.000 88528.361 14627.803 387619.440 44055.721 3665537635.415 1414090308134.860
5303.000 3455.000 269785.000 1.000 730.000 700.000 797.000 88345.633 59562.621 339412.167 575998.991 3643444972.469 431927641664.165
5666.000 3505.000 269795.000 1.000 720.000 710.000 814.000 90734.679 368515.221 283653.076 1680433.969 3937562712.780 200008372507.545
6039.000 3555.000 269805.000 1.000 720.000 710.000 832.000 83764.816 960506.912 232893.986 1130379.509 3111423872.884 10574318184.053
6384.000 3596.000 269815.000 1.000 720.000 710.000 839.000 79076.390 1755769.548 195002.531 1660205.197 2610363106.155 182324033297.924
6710.000 3632.000 269825.000 1.000 710.000 720.000 852.000 72190.429 2725981.112 164503.986 2499304.804 1954148482.960 1602993487988.579
7007.000 3670.000 269835.000 1.000 740.000 720.000 858.000 61824.171 3794916.512 135123.076 1717264.646 1145111333.565 234307919765.714
7262.000 3697.000 269845.000 1.000 730.000 730.000 867.000 54701.547 4853449.330 116002.167 2535027.144 713791126.324 1694725239322.353
7488.000 3717.000 269855.000 1.000 730.000 730.000 867.000 44187.125 5900305.985 102778.531 2432393.044 262519311.324 1438037543833.039
7671.000 3727.000 269865.000 1.000 720.000 740.000 854.000 34098.394 6822828.948 96466.713 1652522.063 37377531.832 175821756777.896
7812.000 3738.000 269875.000 1.000 750.000 750.000 867.000 27244.300 7579309.330 89754.713 3987244.774 548158.553 7584701957554.014
7925.000 3738.000 269885.000 1.000 750.000 750.000 854.000 10706.578 8214268.658 89754.713 1883805.436 298532715.578 423273103433.881
7969.000 3732.000 269895.000 1.000 750.000 750.000 864.000 2893.200 8468417.458 93385.804 174387.630 629582233.325 1121106956069.918
7981.000 3732.000 269905.000 1.000 790.000 750.000 900.000 2169.900 8538402.767 93385.804 116258.420 666402727.283 1247583094674.339
7972.000 3732.000 269915.000 1.000 790.000 750.000 893.000 1687.700 8485886.785 93385.804 116258.420 691531015.356 1247583094674.339
7965.000 3732.000 269925.000 1.000 820.000 760.000 890.000 1205.500 8445153.021 93385.804 116258.420 717124337.108 1247583094674.339
7965.000 3737.000 269935.000 1.000 820.000 760.000 840.000 1687.700 8445153.021 90354.895 58129.210 691531015.356 1380817243389.207
7958.000 3737.000 269945.000 1.000 820.000 760.000 699.000 1928.800 8404517.258 90354.895 465033.680 678908742.110 590096414704.540
7950.000 3737.000 269955.000 1.000 820.000 760.000 180.000 0.000 8358196.385 90354.895 0.000 783142163.840 1520809402214.524
