4341.000 4973.000 1309733.000 0.000 1330.000 440.000 235.000 22692.033 482201.440 650097.582 771215.225 77359359.920 89985680483.334
4365.000 5046.000 1309743.000 1.000 1320.000 450.000 324.000 20080.400 449445.892 773144.380 4573195.933 38239184.359 12264036041993.559
4365.000 5114.000 1309753.000 1.000 1320.000 450.000 445.000 4593.790 449445.892 897351.316 746131.557 86542571.886 105663874349.368
4354.000 5125.000 1309763.000 1.000 1320.000 450.000 545.000 2067.100 464315.851 918312.614 610414.630 139937449.176 212315193241.035
4354.000 5132.000 1309773.000 1.000 1320.000 450.000 622.000 0.000 464315.851 931777.622 523212.540 193115936.700 300280785184.379
4354.000 5132.000 1309783.000 1.000 1320.000 450.000 661.000 1771.800 464315.851 931777.622 87202.090 147011163.425 968234879912.140
4348.000 5132.000 1309793.000 1.000 1320.000 450.000 663.000 1476.500 472528.738 931777.622 1043858.037 154259281.854 747110447.249
4353.000 5132.000 1309803.000 1.000 1330.000 450.000 697.000 5011.407 465679.666 931777.622 1975359.444 78946939.260 817519927398.195
4365.000 5120.000 1309813.000 1.000 1330.000 450.000 728.000 11700.738 449445.892 908754.751 1232644.804 4821880.262 26067215164.079
4394.000 5093.000 1309823.000 1.000 1330.000 450.000 734.000 15874.950 411403.271 858006.292 827960.959 3913805.352 59161027089.891
4433.000 5056.000 1309833.000 1.000 1330.000 450.000 749.000 18678.746 362894.505 790830.106 644209.648 22868767.183 182313380836.364
4473.000 5007.000 1309843.000 1.000 1340.000 450.000 763.000 16497.203 316301.924 706081.050 249090.570 6763052.661 675849705941.824
4513.000 4968.000 1309853.000 1.000 1340.000 450.000 759.000 15653.686 272909.343 642059.719 1187169.489 3087294.928 13450926826.294
4556.000 4937.000 1309863.000 1.000 1340.000 450.000 770.000 11633.471 229831.319 593340.969 617778.231 5121825.364 205583463907.776
4592.000 4921.000 1309873.000 1.000 1350.000 440.000 760.000 9541.435 196609.997 568947.808 710252.016 18967601.683 130277208740.201
4622.000 4909.000 1309883.000 1.000 1350.000 440.000 703.000 7136.247 170905.561 550988.937 389651.894 45702589.234 464496041247.733
4644.000 4899.000 1309893.000 1.000 1350.000 440.000 609.000 5816.735 153199.642 536243.211 287966.225 65284477.235 613441609259.735
4652.000 4881.000 1309903.000 1.000 1350.000 440.000 417.000 6791.900 147001.126 510204.905 4525059.375 50476989.670 11929204277546.385
4652.000 4858.000 1309913.000 1.000 1350.000 440.000 8.000 22115.501 147001.126 477876.735 502362.111 67550070.378 323566712458.192
3890.000 4252.000 1310043.000 0.000 1270.000 450.000 163.000 0.000 1311957.787 7273.751 0.000 193115936.700 1147450925859.900
3890.000 4252.000 1310053.000 1.000 1270.000 450.000 198.000 0.000 1311957.787 7273.751 0.000 193115936.700 1147450925859.900
3890.000 4252.000 1310063.000 1.000 1270.000 450.000 294.000 0.000 1311957.787 7273.751 0.000 193115936.700 1147450925859.900
3890.000 4252.000 1310073.000 1.000 1280.000 450.000 427.000 0.000 1311957.787 7273.751 0.000 193115936.700 1147450925859.900
3890.000 4252.000 1310083.000 1.000 1290.000 450.000 546.000 0.000 1311957.787 7273.751 0.000 193115936.700 1147450925859.900
3890.000 4252.000 1310093.000 1.000 1290.000 450.000 628.000 0.000 1311957.787 7273.751 0.000 193115936.700 1147450925859.900
3890.000 4252.000 1310103.000 1.000 1290.000 450.000 676.000 0.000 1311957.787 7273.751 0.000 193115936.700 1147450925859.900
3890.000 4252.000 1310113.000 1.000 1290.000 450.000 710.000 0.000 1311957.787 7273.751 0.000 193115936.700 1147450925859.900
3890.000 4252.000 1310123.000 1.000 1290.000 450.000 721.000 0.000 1311957.787 7273.751 0.000 193115936.700 1147450925859.900
3890.000 4252.000 1310133.000 1.000 1290.000 450.000 756.000 0.000 1311957.787 7273.751 6915955.825 193115936.700 34161271672490.434
3890.000 4252.000 1310143.000 1.000 1290.000 450.000 803.000 23420.101 1311957.787 7273.751 594569.423 90696766.238 227168469103.799
3969.000 4259.000 1310153.000 1.000 1290.000 450.000 825.000 25433.543 1137224.440 8516.759 3062525.884 133100684.231 3965413193684.863
4052.000 4282.000 1310163.000 1.000 1290.000 450.000 845.000 35804.440 967089.835 13290.929 1760728.022 479952751.708 475460810738.892
4162.000 4333.000 1310173.000 1.000 1290.000 450.000 861.000 41766.946 762840.238 27651.130 933293.878 776755293.410 19015715042.618
4291.000 4391.000 1310183.000 1.000 1300.000 450.000 853.000 38606.452 554142.166 50304.340 3028630.464 610575994.350 3831567852956.145
4405.000 4455.000 1310193.000 1.000 1300.000 450.000 857.000 28350.338 397413.311 83108.985 1771514.740 208910079.187 490452839110.473
4494.000 4491.000 1310203.000 1.000 1310.000 450.000 860.000 22351.304 293121.819 105161.598 2341698.584 71481748.905 1614188610836.652
4567.000 4511.000 1310213.000 1.000 1310.000 450.000 864.000 14421.407 219405.359 118533.050 1816982.967 275405.577 556205123772.130
4615.000 4520.000 1310223.000 1.000 1310.000 450.000 869.000 8268.400 176742.263 124811.203 1032865.495 31676815.524 1468871789.222
4643.000 4520.000 1310233.000 1.000 1310.000 450.000 867.000 4770.718 153983.456 124811.203 1408793.025 83282014.601 113974885433.217
4658.000 4526.000 1310243.000 1.000 1310.000 450.000 876.000 0.000 142436.238 129086.638 0.000 193115936.700 1147450925859.900
4658.000 4526.000 1310253.000 1.000 1320.000 450.000 887.000 0.000 142436.238 129086.638 0.000 193115936.700 1147450925859.900
4658.000 4526.000 1310263.000 1.000 1320.000 450.000 900.000 0.000 142436.238 129086.638 0.000 193115936.700 1147450925859.900
4658.000 4526.000 1310273.000 1.000 1320.000 450.000 894.000 0.000 142436.238 129086.638 0.000 193115936.700 1147450925859.900
4658.000 4526.000 1310283.000 1.000 1320.000 450.000 899.000 0.000 142436.238 129086.638 436010.450 193115936.700 403454786128.459
4658.000 4526.000 1310293.000 1.000 1320.000 450.000 899.000 1476.500 142436.238 129086.638 436010.450 154259281.854 403454786128.459
4663.000 4526.000 1310303.000 1.000 1320.000 450.000 894.000 0.000 138687.166 129086.638 1092638.939 193115936.700 459998722.622
4663.000 4526.000 1310313.000 1.000 1320.000 450.000 896.000 3700.098 138687.166 129086.638 220618.039 103968979.653 723474971317.071
4674.000 4532.000 1310323.000 1.000 1320.000 450.000 897.000 2953.000 130615.206 133434.074 220618.039 119762731.508 723474971317.071
4684.000 4532.000 1310333.000 1.000 1320.000 450.000 897.000 3700.098 123487.061 133434.074 395022.219 103968979.653 457204704792.291
4695.000 4538.000 1310343.000 1.000 1320.000 450.000 899.000 2362.400 115877.101 137853.509 261606.270 133038139.107 655428015018.827
4703.000 4538.000 1310353.000 1.000 1320.000 450.000 899.000 3248.300 110494.585 137853.509 174404.180 113386633.979 804227242965.115
4714.000 4538.000 1310363.000 1.000 1320.000 450.000 899.000 3838.900 103302.626 137853.509 348808.360 101157651.461 521837196073.275
4726.000 4543.000 1310373.000 1.000 1320.000 450.000 903.000 2657.700 95732.851 141591.372 87202.090 126313233.218 968234879912.140
4735.000 4543.000 1310383.000 1.000 1320.000 450.000 903.000 2362.400 90244.521 141591.372 296640.071 133038139.107 599929696486.937
4743.000 4543.000 1310393.000 1.000 1320.000 450.000 905.000 3366.938 85502.005 141591.372 59409.930 110874119.123 1023701658429.217
4752.000 4550.000 1310403.000 1.000 1320.000 450.000 911.000 3568.123 80319.674 146908.380 325119.394 106677767.984 556623375749.603
4763.000 4555.000 1310413.000 1.000 1320.000 450.000 914.000 4669.103 74205.714 150766.243 487420.113 85146996.463 340788866710.118
4776.000 4564.000 1310423.000 1.000 1320.000 450.000 912.000 6319.696 67292.126 157836.396 654755.992 57409716.931 173418414213.396
4793.000 4577.000 1310433.000 1.000 1330.000 450.000 915.000 4102.439 58761.279 168334.840 339429.337 95925903.423 535475655655.366
4805.000 4584.000 1310443.000 1.000 1330.000 450.000 915.000 2953.000 53087.505 174127.848 436010.450 119762731.508 403454786128.459
4813.000 4590.000 1310453.000 1.000 1330.000 450.000 921.000 1476.500 49464.988 179171.284 245059.725 154259281.854 682493475356.377
4818.000 4590.000 1310463.000 1.000 1340.000 460.000 921.000 2306.367 47265.916 179171.284 681070.175 134333872.256 152194537573.188
4823.000 4596.000 1310473.000 1.000 1340.000 460.000 924.000 0.000 45116.843 184286.719 0.000 193115936.700 1147450925859.900
4823.000 4596.000 1310483.000 1.000 1350.000 460.000 929.000 0.000 45116.843 184286.719 523212.540 193115936.700 300280785184.379
4823.000 4596.000 1310493.000 1.000 1350.000 460.000 929.000 1771.800 45116.843 184286.719 87202.090 147011163.425 968234879912.140
4823.000 4602.000 1310503.000 1.000 1350.000 460.000 927.000 1476.500 45116.843 189474.155 436010.450 154259281.854 403454786128.459
4828.000 4602.000 1310513.000 1.000 1350.000 460.000 927.000 0.000 43017.771 189474.155 0.000 193115936.700 1147450925859.900
4828.000 4602.000 1310523.000 1.000 1350.000 460.000 930.000 0.000 43017.771 189474.155 0.000 193115936.700 1147450925859.900
4828.000 4602.000 1310533.000 1.000 1350.000 460.000 930.000 0.000 43017.771 189474.155 0.000 193115936.700 1147450925859.900
4828.000 4602.000 1310543.000 1.000 1350.000 460.000 932.000 0.000 43017.771 189474.155 0.000 193115936.700 1147450925859.900
4828.000 4602.000 1310553.000 1.000 1350.000 460.000 930.000 0.000 43017.771 189474.155 0.000 193115936.700 1147450925859.900
4828.000 4602.000 1310563.000 1.000 1350.000 460.000 932.000 0.000 43017.771 189474.155 0.000 193115936.700 1147450925859.900
4828.000 4602.000 1310573.000 1.000 1350.000 460.000 929.000 0.000 43017.771 189474.155 0.000 193115936.700 1147450925859.900
4828.000 4602.000 1310583.000 1.000 1350.000 460.000 924.000 0.000 43017.771 189474.155 0.000 193115936.700 1147450925859.900
4828.000 4602.000 1310593.000 1.000 1350.000 460.000 923.000 0.000 43017.771 189474.155 0.000 193115936.700 1147450925859.900
4828.000 4602.000 1310603.000 1.000 1350.000 460.000 921.000 0.000 43017.771 189474.155 0.000 193115936.700 1147450925859.900
4828.000 4602.000 1310613.000 1.000 1350.000 460.000 920.000 0.000 43017.771 189474.155 0.000 193115936.700 1147450925859.900
4828.000 4602.000 1310623.000 1.000 1350.000 460.000 905.000 0.000 43017.771 189474.155 0.000 193115936.700 1147450925859.900
4828.000 4602.000 1310633.000 1.000 1350.000 460.000 893.000 0.000 43017.771 189474.155 0.000 193115936.700 1147450925859.900
4828.000 4602.000 1310643.000 1.000 1350.000 460.000 854.000 0.000 43017.771 189474.155 436010.450 193115936.700 403454786128.459
4828.000 4602.000 1310653.000 1.000 1350.000 460.000 817.000 1476.500 43017.771 189474.155 436010.450 154259281.854 403454786128.459
4823.000 4602.000 1310663.000 1.000 1350.000 460.000 736.000 0.000 45116.843 189474.155 822662.981 193115936.700 61766354268.454
4823.000 4602.000 1310673.000 1.000 1350.000 460.000 546.000 2785.855 45116.843 189474.155 1356039.452 123449010.358 81138436547.466
4818.000 4594.000 1310683.000 1.000 1350.000 460.000 139.000 7377.929 47265.916 182573.574 127409.499 42493280.414 890724197735.220
4637.000 4207.000 1310854.000 0.000 1330.000 460.000 289.000 0.000 158728.343 1622.985 0.000 193115936.700 1147450925859.900
4637.000 4207.000 1310864.000 1.000 1320.000 470.000 333.000 0.000 158728.343 1622.985 7739400.466 193115936.700 44465012705486.695
4637.000 4207.000 1310874.000 1.000 1320.000 470.000 469.000 26208.603 158728.343 1622.985 6954581.656 151585023.491 34614281396370.531
4686.000 4281.000 1310884.000 1.000 1320.000 470.000 561.000 2657.700 122085.432 13061.356 784818.810 126313233.218 82009236356.557
4686.000 4290.000 1310894.000 1.000 1320.000 470.000 628.000 0.000 122085.432 15199.509 0.000 193115936.700 1147450925859.900
4686.000 4290.000 1310904.000 1.000 1320.000 470.000 652.000 0.000 122085.432 15199.509 436010.450 193115936.700 403454786128.459
4686.000 4290.000 1310914.000 1.000 1320.000 470.000 658.000 1476.500 122085.432 15199.509 261606.270 154259281.854 655428015018.827
4686.000 4295.000 1310924.000 1.000 1320.000 470.000 664.000 2362.400 122085.432 16457.372 348808.360 133038139.107 521837196073.275
4686.000 4287.000 1310934.000 1.000 1320.000 470.000 681.000 3543.600 122085.432 14468.792 2354456.430 107184940.630 1646769244528.767
4686.000 4275.000 1310944.000 1.000 1320.000 470.000 703.000 11516.700 122085.432 11725.921 1559683.648 5664000.244 238624717204.290
4686.000 4236.000 1310954.000 1.000 1320.000 470.000 730.000 16798.392 122085.432 4800.590 1595849.039 8420303.861 275265682033.436
4676.000 4180.000 1310964.000 1.000 1320.000 470.000 761.000 22202.554 129173.577 176.526 723785.320 68988605.792 120690955370.536
4658.000 4107.000 1310974.000 1.000 1320.000 470.000 763.000 24653.571 142436.238 3565.727 1691450.642 115712080.525 384721579153.094
4631.000 4028.000 1310984.000 1.000 1330.000 460.000 782.000 30381.477 163545.230 19241.493 841975.602 271750641.658 52539862885.532
4594.000 3932.000 1310994.000 1.000 1330.000 460.000 796.000 33232.732 194840.367 55090.526 323218.548 373885381.342 559463324782.802
4551.000 3828.000 1311004.000 1.000 1320.000 470.000 805.000 34327.275 234650.392 114726.977 1158839.589 417411826.515 7682212364.208
4508.000 3720.000 1311014.000 1.000 1320.000 470.000 827.000 30402.996 278158.416 199553.138 864929.270 272460580.172 42544049024.300
4466.000 3626.000 1311024.000 1.000 1320.000 470.000 831.000 27474.011 324224.626 292371.316 388569.324 184345654.548 465972841561.033
4426.000 3542.000 1311034.000 1.000 1310.000 470.000 845.000 28789.857 371377.206 390267.219 467886.018 221808627.004 363977333501.188
4382.000 3455.000 1311044.000 1.000 1300.000 470.000 861.000 30374.300 426941.045 506536.405 474499.852 271514069.472 356040753558.714
4336.000 3363.000 1311054.000 1.000 1280.000 470.000 867.000 31981.140 489170.513 645955.727 194852.229 327050007.723 767970269348.640
4284.000 3268.000 1311064.000 1.000 1280.000 470.000 854.000 31321.295 564612.867 807686.332 1169915.406 303619437.691 9746437616.087
4233.000 3175.000 1311074.000 1.000 1260.000 470.000 857.000 27359.509 643857.408 983496.082 822602.740 181249487.495 61796301093.373
4183.000 3097.000 1311084.000 1.000 1250.000 470.000 861.000 24573.858 726598.134 1144287.421 2194430.702 114003496.382 1261666623483.806
4138.000 3027.000 1311094.000 1.000 1250.000 470.000 869.000 17142.667 805339.787 1298947.340 1609203.095 10536846.990 289456628945.833
4099.000 2984.000 1311104.000 1.000 1250.000 470.000 872.000 11693.283 876858.553 1398811.719 766692.410 4854676.380 92719609448.522
4071.000 2956.000 1311114.000 1.000 1240.000 480.000 887.000 9096.966 930081.359 1465827.687 593483.900 23036640.277 228204415609.888
4046.000 2938.000 1311124.000 1.000 1250.000 480.000 897.000 7087.200 978926.722 1509737.380 1106409.074 46368146.481 1240287506.908
4022.000 2938.000 1311134.000 1.000 1250.000 480.000 897.000 10833.929 1026994.271 1509737.380 1012700.934 9380051.759 3421129721.870
3987.000 2949.000 1311144.000 1.000 1250.000 480.000 887.000 14263.326 1099157.779 1482826.679 1482276.068 134476.212 168990638639.970
3944.000 2971.000 1311154.000 1.000 1260.000 480.000 878.000 19282.886 1191169.803 1429731.276 107174.410 29011904.339 929328676396.628
3902.000 3021.000 1311164.000 1.000 1250.000 470.000 870.000 18919.952 1284612.013 1312659.905 354209.692 25233904.407 514062709651.895
3866.000 3074.000 1311174.000 1.000 1250.000 470.000 869.000 17720.461 1367513.335 1194023.251 103471.348 14621790.461 936482018121.197
3842.000 3129.000 1311184.000 1.000 1250.000 470.000 864.000 17370.067 1424220.884 1076849.743 1422392.476 12064861.737 123342225151.333
3824.000 3185.000 1311194.000 1.000 1250.000 470.000 860.000 22186.838 1467507.545 963761.808 1066815.250 68727780.542 19150322.886
3811.000 3259.000 1311204.000 1.000 1250.000 470.000 854.000 25799.487 1499173.134 823944.179 1054842.016 141678337.659 267300990.030
3819.000 3346.000 1311214.000 1.000 1250.000 470.000 867.000 29371.590 1479646.617 673570.993 524220.104 239474819.801 299177552909.652
3841.000 3443.000 1311224.000 1.000 1240.000 470.000 863.000 31146.802 1426608.698 523761.534 134602.760 297568916.478 877198202258.603
3880.000 3541.000 1311234.000 1.000 1240.000 470.000 863.000 31602.619 1334965.932 391517.646 895704.551 313502541.665 30795619497.570
3923.000 3639.000 1311244.000 1.000 1240.000 470.000 861.000 28569.417 1237449.908 278481.759 313637.835 215291088.712 573887340496.849
3971.000 3723.000 1311254.000 1.000 1230.000 460.000 860.000 27507.318 1132962.811 196881.856 2906797.067 185251208.494 3369448318217.638
4017.000 3804.000 1311264.000 1.000 1230.000 460.000 860.000 17663.779 1037153.343 131561.235 1620679.634 14191516.947 301937365253.178
4054.000 3851.000 1311274.000 1.000 1240.000 460.000 852.000 12175.531 963160.206 99675.146 513608.203 2962133.633 310898974951.096
4086.000 3877.000 1311284.000 1.000 1250.000 450.000 852.000 10436.255 901374.142 83934.034 1486930.882 11974098.362 172839351658.168
4118.000 3892.000 1311294.000 1.000 1280.000 450.000 852.000 15471.578 841636.077 75467.622 1067089.288 2480505.251 16826979.840
4169.000 3904.000 1311304.000 1.000 1280.000 450.000 857.000 19085.155 750661.537 69018.493 486957.673 26920936.787 341328998910.123
4233.000 3895.000 1311314.000 1.000 1290.000 450.000 863.000 20734.182 643857.408 73828.340 1289373.705 46752308.584 47603536459.730
4300.000 3874.000 1311324.000 1.000 1300.000 460.000 854.000 25100.500 540823.835 85681.316 527523.625 125527016.324 295574604111.427
4368.000 3823.000 1311334.000 1.000 1300.000 460.000 861.000 26886.899 445432.448 118139.114 68660.794 168747452.001 1005067532134.150
4439.000 3766.000 1311344.000 1.000 1300.000 460.000 872.000 27119.411 355701.617 160571.477 157963.648 174842307.185 833984850657.987
4514.000 3713.000 1311354.000 1.000 1300.000 460.000 887.000 27654.337 271865.529 205856.130 77846.691 189274886.670 986733627833.851
4595.000 3666.000 1311364.000 1.000 1300.000 460.000 897.000 27917.956 193958.553 250714.219 56532.232 196597974.943 1029533142359.673
4682.000 3629.000 1311374.000 1.000 1290.000 460.000 908.000 28109.396 124896.690 289136.034 1482750.320 202003114.870 169380779046.523
4772.000 3598.000 1311384.000 1.000 1300.000 470.000 899.000 23088.230 69383.384 323435.284 969560.262 84485767.628 10328879712.683
4845.000 3570.000 1311394.000 1.000 1280.000 470.000 902.000 19804.924 36254.924 356067.251 1618418.522 34908103.232 299457568812.066
4908.000 3547.000 1311404.000 1.000 1270.000 480.000 909.000 14324.333 16232.609 384045.082 1921177.800 182941.818 722476951261.647
4955.000 3535.000 1311414.000 1.000 1280.000 480.000 912.000 7818.482 6465.327 399062.211 1349574.745 36943713.118 77497310052.075
4981.000 3530.000 1311424.000 1.000 1270.000 490.000 920.000 3248.300 2960.150 405404.348 959222.990 113386633.979 12536915475.023
4992.000 3530.000 1311434.000 1.000 1270.000 490.000 942.000 0.000 1884.190 405404.348 0.000 193115936.700 1147450925859.900
4992.000 3530.000 1311444.000 1.000 1280.000 490.000 956.000 0.000 1884.190 405404.348 897800.590 193115936.700 30064358493.351
4992.000 3530.000 1311454.000 1.000 1280.000 490.000 940.000 3040.300 1884.190 405404.348 846241.210 117859597.442 50602569170.485
4987.000 3539.000 1311464.000 1.000 1280.000 490.000 906.000 5906.000 2343.263 394024.501 544909.117 63849944.317 276972997391.460
4975.000 3555.000 1311474.000 1.000 1280.000 490.000 799.000 7751.273 3649.037 374193.663 130170.307 37765240.786 885520618781.822
4958.000 3575.000 1311484.000 1.000 1280.000 490.000 553.000 7310.466 5991.884 350125.114 101829.274 43377372.035 939662850264.243
5207.000 4037.000 1311696.000 0.000 1310.000 470.000 349.000 0.000 29444.069 16825.646 0.000 193115936.700 1147450925859.900
5207.000 4037.000 1311706.000 1.000 1310.000 470.000 358.000 0.000 29444.069 16825.646 0.000 193115936.700 1147450925859.900
5207.000 4037.000 1311716.000 1.000 1320.000 480.000 439.000 0.000 29444.069 16825.646 6452954.660 193115936.700 28963376236714.086
5207.000 4037.000 1311726.000 1.000 1320.000 480.000 544.000 21852.200 29444.069 16825.646 4534508.680 63291316.524 11994566871552.539
5183.000 3967.000 1311736.000 1.000 1320.000 480.000 617.000 6496.600 21783.617 39885.566 120728.976 54760237.039 903378739957.370
5183.000 3945.000 1311746.000 1.000 1320.000 480.000 691.000 6087.765 21783.617 49156.969 751291.925 60978154.192 102335647354.974
5178.000 3925.000 1311756.000 1.000 1320.000 480.000 745.000 3543.600 20332.690 58425.517 523212.540 107184940.630 300280785184.379
5178.000 3913.000 1311766.000 1.000 1320.000 480.000 788.000 1771.800 20332.690 64370.646 523212.540 147011163.425 300280785184.379
5178.000 3907.000 1311776.000 1.000 1320.000 480.000 833.000 0.000 20332.690 67451.211 2394487.593 193115936.700 1751112925063.604
5178.000 3907.000 1311786.000 1.000 1320.000 480.000 867.000 8108.661 20332.690 67451.211 2062213.080 33500423.269 982124053100.216
5183.000 3934.000 1311796.000 1.000 1330.000 480.000 888.000 15092.112 21783.617 54155.671 4854343.090 1429210.647 14312237025900.662
5209.000 3978.000 1311806.000 1.000 1330.000 480.000 900.000 31530.795 30134.440 35612.864 912448.356 310964268.435 25199340744.141
5249.000 4077.000 1311816.000 1.000 1330.000 480.000 906.000 34620.698 45621.859 8048.550 82147.735 429487574.074 978207288571.846
5305.000 4180.000 1311826.000 1.000 1330.000 480.000 899.000 34342.514 72680.247 176.526 1866329.959 418034744.367 632245394498.854
5355.000 4285.000 1311836.000 1.000 1330.000 480.000 905.000 28022.399 102139.521 13991.646 2385806.069 199537744.907 1728211837879.332
5401.000 4368.000 1311846.000 1.000 1330.000 480.000 912.000 19943.137 133658.053 40516.171 1743668.245 36560416.008 452225163294.320
5432.000 4428.000 1311856.000 1.000 1330.000 480.000 927.000 14038.402 157285.803 68270.526 2347823.106 20103.265 1629788619517.651
5450.000 4472.000 1311866.000 1.000 1330.000 480.000 948.000 6087.765 171887.142 93199.719 1797717.005 60978154.192 527839515473.392
5458.000 4491.000 1311876.000 1.000 1350.000 490.000 938.000 0.000 178584.626 105161.598 436010.450 193115936.700 403454786128.459
5458.000 4491.000 1311886.000 1.000 1350.000 490.000 951.000 1476.500 178584.626 105161.598 1482435.530 154259281.854 169121768848.091
5463.000 4491.000 1311896.000 1.000 1350.000 490.000 944.000 6496.600 182835.553 105161.598 3229432.397 54760237.039 4658004381605.756
5463.000 4469.000 1311906.000 1.000 1350.000 490.000 967.000 17432.707 182835.553 91377.001 2036642.463 12503939.446 932095835779.784
5474.000 4411.000 1311916.000 1.000 1350.000 490.000 991.000 24329.566 192363.593 59675.792 798638.850 108846445.366 74284869720.396
5482.000 4329.000 1311926.000 1.000 1350.000 490.000 981.000 27034.066 199445.077 26336.840 643146.863 172592592.079 183222089862.048
5492.000 4238.000 1311936.000 1.000 1350.000 490.000 999.000 24856.122 208476.932 5081.735 1159113.037 120110771.411 7730221604.854
5506.000 4155.000 1311946.000 1.000 1350.000 490.000 1011.000 20930.917 221457.529 137.211 608147.317 49481390.332 214409784081.118
5526.000 4087.000 1311956.000 1.000 1350.000 490.000 1018.000 18871.495 240681.238 6354.276 1557666.749 24749420.904 236658305864.213
5548.000 4027.000 1311966.000 1.000 1350.000 500.000 1023.000 13596.633 262751.319 19519.921 1362937.660 89989.810 85115904620.094
5574.000 3989.000 1311976.000 1.000 1350.000 500.000 1023.000 8981.199 290082.142 31582.163 51116.725 24161324.442 1040552257276.726
5601.000 3975.000 1311986.000 1.000 1350.000 500.000 1023.000 9154.300 319895.150 36754.146 2171480.282 22489561.197 1210635715860.032
5632.000 3975.000 1311996.000 1.000 1350.000 500.000 1023.000 16507.772 355922.900 36754.146 2819326.254 6818135.572 3055975613950.330
5670.000 4016.000 1312006.000 1.000 1350.000 500.000 1023.000 26055.101 402707.948 22714.622 2104044.983 147828757.103 1066786610284.156
5721.000 4088.000 1312016.000 1.000 1350.000 500.000 1023.000 33180.211 470037.408 6195.848 395644.121 371857035.502 456364069674.388
5781.000 4183.000 1312026.000 1.000 1350.000 500.000 1023.000 31840.407 555908.537 265.243 783762.227 321979634.873 82615505456.360
5832.000 4278.000 1312036.000 1.000 1360.000 500.000 1023.000 34494.529 634559.997 12384.638 571831.913 424274019.291 249359855499.982
5874.000 4387.000 1312046.000 1.000 1360.000 500.000 1023.000 36430.973 703237.787 48526.050 1409530.390 507797244.677 114473300446.455
5910.000 4505.000 1312056.000 1.000 1360.000 500.000 1023.000 31657.758 764912.464 114437.614 2315375.247 315458164.571 1547993549175.578
5943.000 4607.000 1312066.000 1.000 1370.000 500.000 1023.000 23817.002 823724.585 193852.017 1511126.583 98414058.069 193543002029.051
5967.000 4684.000 1312076.000 1.000 1370.000 500.000 1023.000 18699.743 867865.037 267585.106 343886.595 23070028.823 528972218558.158
5984.000 4745.000 1312086.000 1.000 1370.000 500.000 1023.000 19864.276 899828.190 334415.034 117192.758 35612965.683 910113329163.556
5997.000 4811.000 1312096.000 1.000 1380.000 490.000 1023.000 19467.416 924660.601 415104.824 1898975.375 31033812.460 685226378486.899
6008.000 4876.000 1312106.000 1.000 1400.000 500.000 1023.000 13036.751 945936.642 503087.042 1320891.960 739367.846 62350390544.518
6018.000 4919.000 1312116.000 1.000 1400.000 500.000 1023.000 8563.700 965488.497 565934.663 118983.162 28439993.235 906700448890.492
6018.000 4948.000 1312126.000 1.000 1410.000 490.000 1023.000 8966.623 965488.497 610408.267 20027.246 24304831.139 1104945990755.174
6027.000 4977.000 1312136.000 1.000 1410.000 490.000 1023.000 9034.443 983256.166 656563.872 188579.761 23640726.439 779003231493.429
6033.000 5007.000 1312146.000 1.000 1410.000 490.000 1023.000 9673.047 995191.279 706081.050 974016.339 17838535.234 9442984354.483
6040.000 5039.000 1312156.000 1.000 1420.000 480.000 1023.000 6374.651 1009206.577 760883.372 574403.090 56579957.704 246798583410.739
6045.000 5060.000 1312166.000 1.000 1420.000 480.000 1023.000 4429.500 1019277.505 797960.396 1308031.350 89626285.663 56093181720.790
6045.000 5075.000 1312176.000 1.000 1430.000 490.000 1023.000 0.000 1019277.505 824983.985 436010.450 193115936.700 403454786128.459
6045.000 5075.000 1312186.000 1.000 1440.000 480.000 1023.000 1476.500 1019277.505 824983.985 436010.450 154259281.854 403454786128.459
6045.000 5080.000 1312196.000 1.000 1440.000 480.000 1023.000 0.000 1019277.505 834091.848 0.000 193115936.700 1147450925859.900
6045.000 5080.000 1312206.000 1.000 1440.000 480.000 1023.000 0.000 1019277.505 834091.848 610414.630 193115936.700 212315193241.035
6045.000 5080.000 1312216.000 1.000 1440.000 480.000 1023.000 2067.100 1019277.505 834091.848 87202.090 139937449.176 968234879912.140
6045.000 5073.000 1312226.000 1.000 1440.000 480.000 1023.000 1771.800 1019277.505 821354.840 0.000 147011163.425 1147450925859.900
6045.000 5067.000 1312236.000 1.000 1440.000 480.000 1023.000 1771.800 1019277.505 810515.405 261606.270 147011163.425 655428015018.827
6045.000 5061.000 1312246.000 1.000 1440.000 480.000 1023.000 2657.700 1019277.505 799747.969 261606.270 126313233.218 655428015018.827
6045.000 5052.000 1312256.000 1.000 1440.000 480.000 1023.000 3543.600 1019277.505 783731.816 348808.360 107184940.630 521837196073.275
6045.000 5040.000 1312266.000 1.000 1440.000 480.000 1023.000 4724.800 1019277.505 762628.945 324660.498 84122209.034 557308325215.299
6045.000 5024.000 1312276.000 1.000 1440.000 480.000 1023.000 5824.226 1019277.505 734939.784 2150543.216 65163480.572 1165000432958.943
6055.000 5007.000 1312286.000 1.000 1440.000 480.000 1023.000 13106.797 1039569.359 706081.050 528733.174 623814.078 294260881594.187
6066.000 4964.000 1312296.000 1.000 1440.000 480.000 1023.000 14897.292 1062121.400 635665.429 805267.744 1001352.425 70715368583.615
6078.000 4915.000 1312306.000 1.000 1440.000 480.000 1023.000 17624.240 1086999.626 559932.372 258757.216 13895180.565 660049235395.215
6087.000 4856.000 1312316.000 1.000 1440.000 480.000 1023.000 18500.492 1105847.295 475115.590 5570.539 21195674.075 1135547730290.135
6096.000 4794.000 1312326.000 1.000 1440.000 480.000 1023.000 18481.628 1124856.964 393488.090 546358.449 21022334.892 275449582568.331
6110.000 4733.000 1312336.000 1.000 1430.000 490.000 1023.000 16631.447 1154749.561 320680.163 467767.012 7479300.510 364120941574.245
6126.000 4679.000 1312346.000 1.000 1430.000 490.000 1023.000 18215.487 1189392.529 262437.243 660616.516 18652646.575 168571701038.946
6144.000 4620.000 1312356.000 1.000 1430.000 490.000 1023.000 20452.590 1228977.867 205468.461 836056.608 42980794.877 55288350746.686
6165.000 4554.000 1312366.000 1.000 1420.000 490.000 1023.000 23283.801 1275979.763 149990.671 738888.734 88119241.921 110425034043.239
6186.000 4478.000 1312376.000 1.000 1420.000 490.000 1023.000 25785.964 1323863.658 96899.155 577297.326 141356595.482 243931315032.419
6206.000 4393.000 1312386.000 1.000 1420.000 490.000 1023.000 27740.916 1370287.367 51205.485 9277.440 191664642.043 1127661169644.611
6225.000 4301.000 1312396.000 1.000 1410.000 500.000 1023.000 27772.333 1415130.892 18032.808 172418.878 192535521.816 807791971146.014
6239.000 4208.000 1312406.000 1.000 1410.000 500.000 1023.000 27188.456 1448635.488 1704.558 266913.402 176673010.157 646863030812.385
6253.000 4117.000 1312416.000 1.000 1410.000 500.000 1023.000 28092.328 1482532.085 2471.453 337342.452 201518238.729 538534217115.549
6258.000 4022.000 1312426.000 1.000 1410.000 500.000 1023.000 29234.700 1494733.013 20942.058 538149.405 235256820.296 284133723860.094
6258.000 3923.000 1312436.000 1.000 1410.000 500.000 1023.000 31057.082 1494733.013 59396.372 272471.833 294481592.784 637952879918.966
6264.000 3818.000 1312446.000 1.000 1410.000 500.000 1023.000 31979.777 1509440.126 121601.251 1403992.629 327000711.169 110756685853.073
6272.000 3710.000 1312456.000 1.000 1410.000 500.000 1023.000 27225.315 1529161.609 208587.413 976266.229 177654216.603 9010780151.646
6278.000 3618.000 1312466.000 1.000 1400.000 510.000 1023.000 23919.300 1544036.722 301086.735 1324365.870 100454194.241 64097333430.477
6278.000 3537.000 1312476.000 1.000 1400.000 510.000 1023.000 28404.115 1544036.722 396539.356 332473.840 210467526.767 545703571680.078
6284.000 3441.000 1312486.000 1.000 1400.000 510.000 1023.000 29530.000 1558983.835 526660.388 462547.880 244402694.787 370446883542.632
6284.000 3341.000 1312496.000 1.000 1380.000 510.000 1023.000 31096.366 1558983.835 681803.130 1160164.600 295831399.508 7916237758.267
6276.000 3236.000 1312506.000 1.000 1380.000 510.000 1023.000 27167.600 1539070.351 866228.009 784818.810 176119015.900 82009236356.557
6276.000 3144.000 1312516.000 1.000 1370.000 520.000 1023.000 24509.900 1539070.351 1045943.332 1031091.628 112641796.922 1607988361.272
6276.000 3061.000 1312526.000 1.000 1360.000 510.000 1023.000 21018.225 1539070.351 1222602.808 800152.262 50717314.519 73462191663.230
6271.000 2990.000 1312536.000 1.000 1360.000 510.000 1023.000 18308.600 1526689.424 1384655.155 473634.328 19465602.674 357074404328.914
6271.000 2928.000 1312546.000 1.000 1360.000 510.000 1023.000 16704.691 1526689.424 1534411.655 1357609.562 7885285.115 82035387474.024
6263.000 2872.000 1312556.000 1.000 1360.000 510.000 1023.000 12107.300 1506983.940 1676283.590 1035922.440 3201651.806 1243896590.259
6263.000 2831.000 1312566.000 1.000 1360.000 510.000 1023.000 8599.266 1506983.940 1784131.114 882523.540 28061917.193 35595545620.392
6255.000 2803.000 1312576.000 1.000 1360.000 510.000 1023.000 5610.700 1487406.456 1859715.082 540108.130 68656404.226 282049395264.198
6255.000 2784.000 1312586.000 1.000 1360.000 510.000 1023.000 3781.685 1487406.456 1911897.203 680721.130 102311829.461 152466999102.373
6247.000 2774.000 1312596.000 1.000 1360.000 510.000 1023.000 1476.500 1467956.972 1939651.477 1220829.260 154259281.854 22391501658.244
6247.000 2769.000 1312606.000 1.000 1360.000 510.000 1023.000 5610.700 1467956.972 1953603.614 784818.810 68656404.226 82009236356.557
6228.000 2769.000 1312616.000 1.000 1360.000 510.000 1023.000 8268.400 1422277.448 1953603.614 3868905.433 31676815.524 7827204044392.683
6200.000 2769.000 1312626.000 1.000 1360.000 510.000 1023.000 21370.010 1356276.255 1953603.614 3611332.666 55851617.638 6452317863645.156
6129.000 2783.000 1312636.000 1.000 1360.000 510.000 1023.000 33599.379 1195945.085 1914663.630 2765932.470 388198869.199 2872147436060.635
6018.000 2808.000 1312646.000 1.000 1360.000 510.000 1023.000 42965.896 965488.497 1846102.945 10549850.887 845023038.781 89844986463109.797
5879.000 2851.000 1312656.000 1.000 1360.000 510.000 1023.000 78691.771 711648.714 1731102.566 1094672.080 4198412109.384 551344296.741
5623.000 2925.000 1312666.000 1.000 1350.000 510.000 1023.000 82398.754 345265.230 1541852.937 955522.586 4692542908.361 13379264859.830
5361.000 3021.000 1312676.000 1.000 1350.000 510.000 932.000 79162.985 106010.634 1312659.905 23376829.470 4259698920.339 497541491575052.312
5094.000 3045.000 1312686.000 1.000 1340.000 500.000 246.000 0.000 3433.109 1258241.646 0.000 193115936.700 1147450925859.900
