4809.000 6091.000 589407.000 0.000 990.000 720.000 353.000 0.000 3851676.098 39018.595 0.000 232223506.704 396358450280.847
4809.000 6091.000 589417.000 1.000 1000.000 730.000 402.000 0.000 3851676.098 39018.595 0.000 232223506.704 396358450280.847
4809.000 6091.000 589427.000 1.000 1000.000 730.000 398.000 0.000 3851676.098 39018.595 0.000 232223506.704 396358450280.847
4809.000 6091.000 589437.000 1.000 1000.000 730.000 366.000 0.000 3851676.098 39018.595 0.000 232223506.704 396358450280.847
4809.000 6091.000 589447.000 1.000 1000.000 740.000 366.000 0.000 3851676.098 39018.595 0.000 232223506.704 396358450280.847
4809.000 6091.000 589457.000 1.000 1000.000 740.000 377.000 0.000 3851676.098 39018.595 5910025.230 232223506.704 27883206887659.086
4809.000 6091.000 589467.000 1.000 1000.000 740.000 418.000 37169.970 3851676.098 39018.595 1688022.546 480972646.633 1120321682213.588
4964.000 6266.000 589477.000 1.000 1050.000 750.000 423.000 26553.476 3267304.786 507.657 805103.655 128020050.679 30812045808.492
5065.000 6399.000 589487.000 1.000 1010.000 750.000 417.000 31617.021 2912376.898 12203.345 93965.661 268243456.348 286872063578.140
5200.000 6545.000 589497.000 1.000 1010.000 750.000 418.000 32208.000 2469828.336 65776.220 453662.616 287950985.637 30943426013.708
5357.000 6673.000 589507.000 1.000 1010.000 750.000 428.000 29354.776 2001004.748 147816.220 412233.258 199258480.005 47235281993.598
5491.000 6800.000 589517.000 1.000 1010.000 750.000 438.000 26762.114 1639856.323 261600.282 356652.423 132784889.266 74484032178.044
5608.000 6921.000 589527.000 1.000 1010.000 750.000 443.000 24519.017 1353892.236 400016.720 1683440.643 86120916.522 1110643222732.771
5714.000 7033.000 589537.000 1.000 1010.000 750.000 471.000 13931.340 1118451.661 554233.720 1338593.970 1709664.545 502714916402.425
5783.000 7087.000 589547.000 1.000 1050.000 750.000 472.000 5512.510 977268.173 637552.345 876489.090 94602300.854 60969011363.883
5812.000 7106.000 589557.000 1.000 1080.000 740.000 517.000 0.000 920772.186 668255.157 0.000 232223506.704 396358450280.847
5812.000 7106.000 589567.000 1.000 1080.000 740.000 553.000 0.000 920772.186 668255.157 505620.000 232223506.704 15363615372.210
5812.000 7106.000 589577.000 1.000 1110.000 740.000 575.000 3180.000 920772.186 668255.157 2259733.122 145416620.921 2657431635036.350
5796.000 7094.000 589587.000 1.000 1150.000 740.000 594.000 17392.158 951734.386 648779.907 1892117.967 4636600.062 1594027237860.230
5769.000 6988.000 589597.000 1.000 1150.000 740.000 586.000 29292.271 1005144.098 489256.532 1682215.389 197497758.898 1108062205665.741
5703.000 6816.000 589607.000 1.000 1150.000 740.000 591.000 39872.242 1141839.173 278223.282 2459336.475 606802453.834 3348045163012.681
5624.000 6578.000 589617.000 1.000 1150.000 740.000 584.000 55339.767 1316914.036 83792.157 1588638.165 1608081024.902 919811645517.241
5537.000 6241.000 589627.000 1.000 1110.000 740.000 591.000 65331.202 1524159.998 2259.220 369.198 2509240581.841 395893714579.949
5452.000 5839.000 589637.000 1.000 1080.000 740.000 577.000 65333.524 1741261.686 202078.345 1508063.325 2509473215.969 771750430838.027
5377.000 5435.000 589647.000 1.000 1050.000 750.000 594.000 55848.849 1944821.998 728515.595 981930.099 1649169467.458 124157602774.696
5306.000 5091.000 589657.000 1.000 970.000 750.000 619.000 49673.188 2147891.761 1434081.095 3556692.147 1185721470.162 8568043759476.258
5234.000 4787.000 589667.000 1.000 900.000 750.000 647.000 27304.055 2364117.661 2254596.095 2693225.157 145568413.697 4258672392702.109
5194.000 4620.000 589677.000 1.000 830.000 750.000 640.000 10365.532 2488723.161 2783996.532 1218342.588 23749534.496 346653099236.187
5189.000 4555.000 589687.000 1.000 750.000 750.000 622.000 2703.000 2504523.848 3005130.595 626291.142 157148322.788 10751250.296
5206.000 4555.000 589697.000 1.000 690.000 740.000 616.000 6641.938 2451005.511 3005130.595 1335359.433 73907436.038 498138650438.232
5247.000 4547.000 589707.000 1.000 620.000 730.000 616.000 15040.425 2324309.873 3032931.095 1023379.650 39384.948 155085999535.993
5339.000 4569.000 589717.000 1.000 590.000 730.000 608.000 21476.775 2052253.223 2956787.720 1166567.577 38911316.409 288366341936.676
5466.000 4615.000 589727.000 1.000 570.000 720.000 603.000 28813.678 1704509.761 2800706.845 733651.122 184275102.392 10832869147.957
5600.000 4737.000 589737.000 1.000 540.000 720.000 583.000 33427.836 1372573.336 2407249.220 463438.731 330838068.986 27599615792.285
5734.000 4899.000 589747.000 1.000 520.000 720.000 584.000 36342.545 1076548.911 1930797.095 400678.410 445364616.814 52391383743.122
5864.000 5087.000 589757.000 1.000 520.000 720.000 532.000 33822.555 823681.036 1443677.345 203079.888 345352924.007 181893859924.773
5949.000 5282.000 589767.000 1.000 520.000 720.000 522.000 32545.323 676619.348 1013105.157 169323.711 299512920.422 211826694334.851
6008.000 5478.000 589777.000 1.000 530.000 740.000 507.000 31480.394 583037.236 656960.907 753361.875 263786731.130 15324415460.232
6036.000 5674.000 589787.000 1.000 530.000 740.000 514.000 26742.269 541061.386 377648.657 344490.672 132327925.988 81270252858.422
6028.000 5842.000 589797.000 1.000 560.000 740.000 522.000 24575.661 552894.486 199390.157 603834.459 87175453.066 662320743.201
5995.000 5993.000 589807.000 1.000 590.000 750.000 524.000 20777.960 603059.023 87338.720 422881.647 30681391.599 42720096730.441
5941.000 6112.000 589817.000 1.000 620.000 750.000 536.000 18118.327 689844.448 31163.282 104044.035 8291206.891 276177594465.055
5864.000 6196.000 589827.000 1.000 690.000 760.000 546.000 17463.962 823681.036 8562.032 33694.008 4950983.621 355068259723.708
5772.000 6256.000 589837.000 1.000 730.000 760.000 554.000 17252.050 999137.686 1058.282 250348.203 4052847.762 143809210702.095
5665.000 6274.000 589847.000 1.000 770.000 770.000 543.000 18826.567 1224494.398 211.157 422505.771 12871487.875 42875616434.987
5551.000 6242.000 589857.000 1.000 810.000 770.000 553.000 21483.836 1489788.073 2165.157 209404.272 38999457.800 176539282619.983
5432.000 6178.000 589867.000 1.000 860.000 770.000 551.000 22800.844 1794444.436 12217.157 183959.502 57183278.175 198568762204.461
5322.000 6086.000 589877.000 1.000 900.000 770.000 553.000 21643.866 2101249.561 41018.907 110704.863 41023827.566 269221084278.176
5233.000 5983.000 589887.000 1.000 900.000 770.000 565.000 20947.609 2367193.798 93349.345 2132019.870 32589570.668 2257355455833.602
5159.000 5874.000 589897.000 1.000 900.000 760.000 565.000 7538.679 2600377.973 171836.157 869996.961 59293117.193 57805098607.358
5137.000 5832.000 589907.000 1.000 900.000 760.000 554.000 2067.000 2671814.998 208420.782 40405.239 173498459.945 347115176788.950
5137.000 5819.000 589917.000 1.000 900.000 750.000 543.000 1812.879 2671814.998 220459.595 1236387.339 180257540.780 368227219893.063
5146.000 5826.000 589927.000 1.000 900.000 750.000 538.000 9588.900 2642473.761 213935.157 805746.651 31922289.962 31038194061.633
5192.000 5787.000 589937.000 1.000 900.000 750.000 533.000 14656.489 2495037.436 251533.595 648595.503 339180.922 361967788.607
5281.000 5763.000 589947.000 1.000 900.000 740.000 529.000 18735.706 2221795.198 276183.095 600762.420 12227782.196 829879657.126
5398.000 5749.000 589957.000 1.000 870.000 740.000 529.000 22514.086 1886691.111 291093.970 430308.219 52928601.790 39705278060.631
5537.000 5776.000 589967.000 1.000 830.000 740.000 516.000 25220.427 1524159.998 262688.282 525690.411 99631252.315 10790979798.707
5683.000 5838.000 589977.000 1.000 830.000 740.000 499.000 28526.656 1184981.923 202978.407 180797.151 176564953.488 201397116604.640
5841.000 5923.000 589987.000 1.000 830.000 750.000 509.000 27389.567 865958.198 133613.095 276621.363 147639160.246 124572777013.876
5976.000 6030.000 589997.000 1.000 790.000 750.000 491.000 25649.810 632929.636 66838.407 572910.549 108387434.054 3210299271.708
6094.000 6140.000 590007.000 1.000 790.000 750.000 496.000 22046.599 459099.411 22061.532 394099.626 46345018.751 55446321485.301
6195.000 6235.000 590017.000 1.000 820.000 760.000 499.000 19567.985 332431.523 2865.595 547811.286 18741137.871 6684495805.579
6284.000 6320.000 590027.000 1.000 820.000 760.000 497.000 16122.631 237723.286 990.282 740459.502 781013.333 12296470137.936
6365.000 6381.000 590037.000 1.000 860.000 760.000 496.000 11465.653 165298.148 8550.470 341779.245 14237252.653 82823548550.543
6425.000 6421.000 590047.000 1.000 860.000 760.000 498.000 9316.098 120109.898 17547.970 78904.545 35079363.351 303232500516.967
6477.000 6448.000 590057.000 1.000 860.000 760.000 496.000 8819.843 86770.748 25430.282 161392.791 41204054.141 219189947647.235
6523.000 6479.000 590067.000 1.000 860.000 760.000 522.000 9834.892 61786.423 36278.345 74843.208 29203101.570 307721871370.991
6574.000 6514.000 590077.000 1.000 860.000 760.000 515.000 10305.604 39033.411 50836.157 3905.040 24337226.029 391456707147.110
6625.000 6554.000 590087.000 1.000 860.000 760.000 515.000 10281.044 21482.398 70473.657 651323.307 24580151.809 473204106.358
6675.000 6595.000 590097.000 1.000 860.000 760.000 513.000 6184.671 9325.523 93923.095 393171.861 81978726.194 55884104672.613
6703.000 6622.000 590107.000 1.000 810.000 770.000 529.000 3711.892 4701.673 111201.407 590190.828 132871484.916 1550723276.935
6719.000 6639.000 590117.000 1.000 810.000 770.000 564.000 0.000 2763.473 122828.345 252810.000 232223506.704 141948136726.529
6719.000 6639.000 590127.000 1.000 860.000 770.000 586.000 1590.000 2763.473 122828.345 75843.000 186291963.812 306613648033.551
6709.000 6639.000 590137.000 1.000 860.000 770.000 594.000 1113.000 3914.848 122828.345 202248.000 199540525.680 182604136061.392
6702.000 6639.000 590147.000 1.000 860.000 770.000 591.000 2385.000 4839.811 122828.345 117477.786 165222267.367 262238488820.201
6687.000 6639.000 590157.000 1.000 860.000 770.000 584.000 3123.854 7151.873 122828.345 104229.747 146773889.206 275982435978.692
6668.000 6644.000 590167.000 1.000 900.000 770.000 575.000 3779.387 10726.486 126358.032 356089.404 131320012.190 74791664789.478
6645.000 6650.000 590177.000 1.000 900.000 770.000 567.000 6018.943 16019.648 130659.657 97457.937 85007264.330 283143302849.956
6608.000 6658.000 590187.000 1.000 900.000 770.000 580.000 5406.000 26754.736 136507.157 19847.016 96685556.872 371762180537.599
6574.000 6658.000 590197.000 1.000 900.000 770.000 591.000 5530.824 39033.411 136507.157 95282.340 94246378.724 285463359114.052
6541.000 6647.000 590207.000 1.000 900.000 770.000 585.000 4931.564 53161.948 128499.845 467737.614 106240792.242 26189737964.749
6512.000 6636.000 590217.000 1.000 900.000 770.000 595.000 7873.310 67375.936 120734.532 360587.991 54251642.233 72351349099.460
6476.000 6602.000 590227.000 1.000 900.000 770.000 589.000 10141.159 87360.886 98262.657 806750.577 25986773.795 31392938465.853
6434.000 6554.000 590237.000 1.000 940.000 770.000 585.000 15215.062 113952.661 70473.657 164914.164 567.364 215905094183.370
6380.000 6475.000 590247.000 1.000 940.000 770.000 589.000 16252.258 153326.086 34770.595 97346.001 1026932.108 283262440383.017
6328.000 6387.000 590257.000 1.000 900.000 770.000 619.000 16864.497 196753.236 9696.095 1042084.092 2642626.038 170167833258.999
6277.000 6294.000 590267.000 1.000 900.000 770.000 641.000 10310.509 244598.248 29.907 375320.931 24288854.636 64642615491.135
6255.000 6233.000 590277.000 1.000 900.000 760.000 641.000 7950.000 266843.273 3083.720 75574.131 53127792.245 306911480401.539
6255.000 6183.000 590287.000 1.000 900.000 760.000 645.000 7474.691 266843.273 11136.845 599160.813 60282652.762 924721811.998
6274.000 6140.000 590297.000 1.000 900.000 760.000 636.000 11242.998 247574.661 22061.532 101515.617 15967084.246 278841486243.961
6324.000 6090.000 590307.000 1.000 900.000 760.000 622.000 11881.461 200317.786 39414.657 285013.701 11272271.826 118719078962.752
6396.000 6070.000 590317.000 1.000 860.000 750.000 617.000 13674.000 141051.886 47755.907 1100284.770 2448853.835 221572345812.427
6482.000 6070.000 590327.000 1.000 860.000 750.000 616.000 20594.030 83850.061 47755.907 495471.030 28677616.394 17982547681.242
6608.000 6100.000 590337.000 1.000 830.000 750.000 614.000 23710.200 26754.736 35544.032 368215.698 71763238.611 68306098315.554
6747.000 6154.000 590347.000 1.000 830.000 750.000 608.000 26026.022 603.623 18098.657 467165.691 116362402.054 26375176447.458
6894.000 6226.000 590357.000 1.000 830.000 750.000 594.000 23087.873 14989.411 3910.157 352990.971 61606668.941 76495988005.318
7011.000 6312.000 590367.000 1.000 790.000 750.000 586.000 20867.804 57327.323 550.782 267243.861 31684769.496 131280268630.219
7118.000 6388.000 590377.000 1.000 780.000 760.000 578.000 19187.025 120014.611 9894.032 291978.696 15587837.788 113967923595.280
7217.000 6457.000 590387.000 1.000 780.000 760.000 561.000 17350.681 198408.998 28381.720 952448.955 4459697.498 104250786050.915
7299.000 6529.000 590397.000 1.000 780.000 760.000 546.000 11360.436 278183.723 57825.220 590190.669 15042338.818 1550735799.554
7351.000 6578.000 590407.000 1.000 780.000 760.000 524.000 7648.545 335740.573 83792.157 1013870.655 57613206.855 147686953523.809
7384.000 6613.000 590417.000 1.000 770.000 770.000 518.000 1272.000 375072.036 105279.970 202248.000 195073776.391 182604136061.392
7384.000 6621.000 590427.000 1.000 770.000 770.000 538.000 0.000 375072.036 110535.470 126405.000 232223506.704 253175069478.688
7384.000 6621.000 590437.000 1.000 770.000 770.000 561.000 795.000 375072.036 110535.470 715494.117 208625710.258 7382944959.013
7379.000 6621.000 590447.000 1.000 770.000 770.000 561.000 5294.963 368972.723 110535.470 1018789.320 98881513.394 151491638640.839
7354.000 6599.000 590457.000 1.000 810.000 770.000 564.000 11702.443 339226.161 96390.845 718097.424 12506396.645 7837095606.506
7295.000 6555.000 590467.000 1.000 810.000 770.000 580.000 16218.779 273980.273 71005.595 22701.543 960199.282 368289387124.853
7214.000 6493.000 590477.000 1.000 810.000 770.000 592.000 16361.556 195745.411 41807.470 153403.995 1260398.229 226734113767.502
7156.000 6408.000 590487.000 1.000 810.000 770.000 611.000 15396.751 147787.386 14272.782 1249166.805 24922.807 383900136421.083
7100.000 6329.000 590497.000 1.000 810.000 770.000 627.000 7540.356 107867.086 1637.720 668015.604 59267293.527 1478060474.352
7080.000 6286.000 590507.000 1.000 810.000 770.000 627.000 3339.000 95129.836 6.407 171590.415 141607177.632 209745347837.955
7080.000 6265.000 590517.000 1.000 810.000 770.000 620.000 2259.815 95129.836 553.720 841736.460 168456164.940 45014584715.447
7091.000 6256.000 590527.000 1.000 810.000 770.000 592.000 7553.755 102036.323 1058.282 598882.086 59061167.976 941751252.614
7132.000 6232.000 590537.000 1.000 810.000 770.000 569.000 11320.309 129910.686 3195.782 188289.390 15355209.752 194728622588.966
7194.000 6197.000 590547.000 1.000 810.000 770.000 553.000 12504.519 178448.161 8377.970 973976.919 7476737.803 118616090088.417
7271.000 6213.000 590557.000 1.000 810.000 770.000 543.000 18630.160 249431.573 5704.970 727878.150 11500770.458 9664482147.124
7376.000 6265.000 590567.000 1.000 810.000 770.000 543.000 23208.010 365337.136 553.720 13795.476 63507010.444 379178328355.613
7500.000 6342.000 590577.000 1.000 810.000 770.000 539.000 23121.246 530612.086 2858.907 0.000 62131671.490 396358450280.847
7615.000 6431.000 590587.000 1.000 810.000 770.000 536.000 23121.246 711376.273 20297.345 405538.086 62131671.490 50190321756.220
7730.000 6520.000 590597.000 1.000 810.000 770.000 544.000 20570.692 918590.461 53577.782 994186.296 28428204.141 132945005443.360
7843.000 6583.000 590607.000 1.000 810.000 770.000 543.000 14317.948 1147964.923 86711.845 858562.317 848118.350 52437457464.179
7921.000 6628.000 590617.000 1.000 810.000 780.000 538.000 8918.185 1321192.198 115239.032 785966.415 39951203.139 24459822383.087
7976.000 6639.000 590627.000 1.000 810.000 780.000 546.000 3975.000 1450654.636 122828.345 181909.515 126875024.475 200399956319.979
8001.000 6639.000 590637.000 1.000 810.000 780.000 551.000 2830.915 1511501.198 122828.345 70900.485 153957630.494 312111685008.167
8012.000 6625.000 590647.000 1.000 810.000 780.000 560.000 2385.000 1538669.686 113211.220 606744.000 165222267.367 521028646.483
8012.000 6610.000 590657.000 1.000 800.000 790.000 572.000 6201.000 1538669.686 103342.157 418217.859 81683300.426 44669749454.206
8012.000 6571.000 590667.000 1.000 800.000 790.000 577.000 8831.301 1538669.686 79788.595 596370.840 41057086.743 1102187672.441
7999.000 6517.000 590677.000 1.000 800.000 790.000 572.000 5080.541 1506587.473 52197.970 484051.173 103191879.936 21175744123.589
7988.000 6487.000 590687.000 1.000 800.000 790.000 564.000 2036.194 1479704.986 39389.845 30179.154 174310954.912 359269448515.338
7996.000 6477.000 590697.000 1.000 800.000 790.000 559.000 2226.000 1499231.886 35520.470 682587.000 169335082.656 2810796783.187
8010.000 6477.000 590707.000 1.000 800.000 790.000 565.000 6519.000 1533711.961 35520.470 404496.000 76036331.848 50658328849.938
8051.000 6477.000 590717.000 1.000 800.000 790.000 570.000 9063.000 1636944.323 35520.470 496899.804 38141511.221 17601394684.481
8108.000 6477.000 590727.000 1.000 800.000 790.000 565.000 12188.156 1786048.486 35520.470 84721.242 9306925.542 296860225676.689
8182.000 6497.000 590737.000 1.000 800.000 790.000 564.000 12720.994 1989316.311 43459.220 587556.357 6339757.022 1765150561.251
8258.000 6522.000 590747.000 1.000 800.000 790.000 551.000 16416.317 2209477.861 54507.657 388029.801 1386354.563 58341692816.912
8354.000 6560.000 590757.000 1.000 800.000 790.000 546.000 18856.756 2504088.661 73695.282 203787.279 13089016.531 181290969719.702
8462.000 6609.000 590767.000 1.000 800.000 790.000 546.000 17575.075 2857557.811 102700.220 92088.348 5457800.478 288886582054.121
8559.000 6662.000 590777.000 1.000 800.000 790.000 545.000 16995.903 3194910.473 139478.907 286326.087 3087124.859 117816419457.434
8654.000 6711.000 590787.000 1.000 800.000 790.000 542.000 15195.110 3543547.411 178479.845 513889.749 1915.937 13381932484.820
8747.000 6733.000 590797.000 1.000 790.000 800.000 546.000 11963.099 3902328.623 197552.470 460893.936 10730750.414 28451632083.544
8822.000 6739.000 590807.000 1.000 790.000 800.000 551.000 9064.395 4204268.311 202922.095 116456.529 38124282.458 263285487408.504
8875.000 6718.000 590817.000 1.000 840.000 800.000 562.000 8331.964 4424423.023 184443.407 125599.188 47705508.143 253986631685.311
8914.000 6683.000 590827.000 1.000 840.000 800.000 564.000 7542.032 4590011.661 155605.595 358803.693 59241490.879 73314421125.502
8929.000 6638.000 590837.000 1.000 840.000 800.000 561.000 5285.405 4654509.598 122128.407 144807.183 99071692.694 234995039088.397
8941.000 6607.000 590847.000 1.000 840.000 800.000 583.000 4374.668 4706431.948 101422.345 174391.041 118031133.072 207187931986.661
8950.000 6581.000 590857.000 1.000 840.000 800.000 592.000 3277.869 4745562.711 85537.970 181060.137 143065817.932 201161143786.031
8958.000 6562.000 590867.000 1.000 840.000 800.000 608.000 2139.126 4780481.611 74785.157 89655.966 171603591.867 291507220180.228
8968.000 6553.000 590877.000 1.000 840.000 800.000 614.000 2703.000 4824310.236 69943.720 641612.541 157148322.788 145021543.121
8985.000 6553.000 590887.000 1.000 800.000 790.000 628.000 6738.299 4899277.898 69943.720 302418.318 72259901.352 107028257010.134
9025.000 6539.000 590897.000 1.000 800.000 790.000 645.000 8640.301 5077952.398 62734.595 480515.172 43541263.460 22217357229.456
9078.000 6527.000 590907.000 1.000 810.000 780.000 650.000 11662.409 5319625.111 56867.345 73011.210 12791154.917 309757744524.897
9150.000 6513.000 590917.000 1.000 810.000 780.000 649.000 12121.599 5656935.211 50386.220 35984.244 9717449.639 352344111369.975
9226.000 6507.000 590927.000 1.000 760.000 780.000 640.000 11895.283 6024232.761 47728.595 41685.825 11179650.344 345607864267.205
9300.000 6496.000 590937.000 1.000 760.000 780.000 620.000 11633.108 6392964.586 43043.282 645097.980 13001601.902 241116550.302
9372.000 6483.000 590947.000 1.000 760.000 780.000 597.000 15690.328 6762242.686 37818.095 1270155.123 203804.021 410349233284.163
9465.000 6516.000 590957.000 1.000 760.000 780.000 570.000 23678.725 7254571.898 51742.032 961074.705 71230959.781 109895335010.376
9578.000 6613.000 590967.000 1.000 760.000 780.000 567.000 29723.220 7876056.361 105279.970 1727599.236 209796064.317 1205668089080.411
9703.000 6752.000 590977.000 1.000 760.000 780.000 570.000 40588.624 8593289.173 214803.282 731285.043 642609449.253 10345939409.387
9885.000 6931.000 590987.000 1.000 800.000 790.000 536.000 45187.901 9693454.148 412766.095 7184876.259 896943774.252 42972039468516.023
10112.000 7102.000 590997.000 1.000 800.000 790.000 391.000 0.000 11158480.936 661731.407 0.000 232223506.704 396358450280.847
