4352.000 4689.000 460331.000 0.000 1190.000 490.000 330.000 3975.091 2746363.831 41034.049 135474.633 89070444.065 84402576553.060
4387.000 4707.000 460341.000 1.000 1190.000 490.000 363.000 2633.758 2631583.733 34065.578 266009.558 116187852.537 25595613091.485
4373.000 4729.000 460351.000 1.000 1210.000 490.000 415.000 0.000 2677201.772 26428.559 462657.770 179903335.864 1344096501.012
4373.000 4729.000 460361.000 1.000 1220.000 480.000 446.000 4580.770 2677201.772 26428.559 310602.270 78004840.856 13315677918.308
4384.000 4773.000 460371.000 1.000 1230.000 480.000 489.000 7656.040 2641326.027 14058.519 1103335.817 33140342.362 458789433166.643
4423.000 4838.000 460381.000 1.000 1230.000 480.000 522.000 18580.157 2516080.203 2869.598 703470.757 26701527.502 76992324945.016
4512.000 4999.000 460391.000 1.000 1250.000 480.000 505.000 25545.214 2241654.811 11541.500 704908.795 147195350.046 77792431823.752
4635.000 5220.000 460401.000 1.000 1250.000 480.000 494.000 32524.509 1888468.752 107867.166 65254.787 365257232.782 130134113324.826
4825.000 5480.000 460411.000 1.000 1270.000 490.000 480.000 31878.422 1402366.792 346251.480 543148.508 340979014.087 13724745669.271
5011.000 5735.000 460421.000 1.000 1270.000 490.000 473.000 26500.714 996434.556 711376.480 764435.569 171293364.045 114541444531.568
5193.000 5924.000 460431.000 1.000 1290.000 490.000 464.000 18932.045 666208.047 1065914.539 1389192.279 30462011.043 927747364067.894
5313.000 6068.000 460441.000 1.000 1300.000 500.000 473.000 5177.666 484716.282 1383990.774 186311.266 67817513.058 57448699003.605
5361.000 6086.000 460451.000 1.000 1330.000 500.000 474.000 3333.000 420183.576 1426666.304 357035.000 101602467.257 4755598601.501
5361.000 6053.000 460461.000 1.000 1330.000 500.000 519.000 6868.000 420183.576 1348922.833 1524457.337 42834471.461 1206617642105.328
5361.000 5985.000 460471.000 1.000 1340.000 500.000 584.000 21961.637 420183.576 1195592.166 1129916.795 73082529.905 495504699169.899
5336.000 5769.000 460481.000 1.000 1350.000 500.000 666.000 33148.932 453219.360 769885.814 782569.412 389514712.056 127144706312.938
5298.000 5443.000 460491.000 1.000 1360.000 500.000 714.000 40897.144 505827.752 304076.559 731104.155 755388894.578 93091078802.983
5229.000 5044.000 460501.000 1.000 1360.000 510.000 755.000 48135.799 608736.517 23235.323 28916.502 1205686317.771 157672007276.721
5163.000 4572.000 460511.000 1.000 1360.000 510.000 776.000 48422.101 716080.988 102124.108 1849023.059 1225650811.907 2025006442325.657
5098.000 4097.000 460521.000 1.000 1350.000 520.000 790.000 30114.942 830314.027 631339.304 1213238.159 278961382.987 619750455719.229
5088.000 3799.000 460531.000 1.000 1340.000 520.000 800.000 18102.683 848638.341 1193706.206 884020.579 21994956.391 209786653911.254
5109.000 3621.000 460541.000 1.000 1330.000 530.000 788.000 9350.004 810388.282 1614344.637 483382.566 16506351.328 3293235365.679
5150.000 3538.000 460551.000 1.000 1300.000 540.000 785.000 4564.038 738251.596 1832148.029 37630.479 78300676.032 150827660089.801
5191.000 3519.000 460561.000 1.000 1290.000 550.000 760.000 4936.617 669476.909 1883944.637 761132.263 71845761.682 112316416442.199
5233.000 3544.000 460571.000 1.000 1270.000 550.000 733.000 12472.580 602510.792 1815941.206 994690.420 884022.903 323413515854.285
5278.000 3659.000 460581.000 1.000 1270.000 550.000 647.000 22321.000 534676.380 1519225.421 694303.290 79355939.555 71988883258.973
5299.000 3879.000 460591.000 1.000 1260.000 540.000 589.000 29195.290 504406.321 1025295.225 545571.296 249086835.251 14298287687.028
5305.000 4168.000 460601.000 1.000 1260.000 540.000 543.000 23793.594 495919.733 523551.559 517650.553 107760781.891 8400584889.331
5242.000 4395.000 460611.000 1.000 1260.000 540.000 592.000 18668.341 588619.909 246580.402 144684.520 27620659.472 79136063443.148
5134.000 4545.000 460621.000 1.000 1260.000 540.000 609.000 17235.821 766002.498 120109.814 192078.972 14615451.936 54717105028.957
4995.000 4644.000 460631.000 1.000 1280.000 540.000 649.000 15334.049 1028633.458 61290.225 130799.949 3691178.809 87140618977.427
4850.000 4689.000 460641.000 1.000 1290.000 530.000 721.000 14039.000 1343781.007 41034.049 96683.058 392120.276 108446913870.669
4711.000 4689.000 460651.000 1.000 1290.000 520.000 720.000 13081.742 1685363.968 41034.049 368130.961 109602.658 3348345184.965
4585.000 4659.000 460661.000 1.000 1300.000 520.000 720.000 9436.881 2028390.321 54088.166 214062.733 15807971.030 44915645370.736
4516.000 4596.000 460671.000 1.000 1300.000 510.000 722.000 7317.448 2229693.086 87360.814 122513.303 37153376.001 92101655316.048
4484.000 4531.000 460681.000 1.000 1300.000 510.000 720.000 6104.445 2326282.890 130009.735 426150.916 53412124.743 24045.984
4501.000 4473.000 460691.000 1.000 1320.000 500.000 719.000 10323.761 2274714.556 175199.696 383836.259 9542192.349 1777430971.929
4589.000 4421.000 460701.000 1.000 1300.000 500.000 717.000 14124.120 2017012.596 221434.833 956090.846 505969.141 281000706561.618
4723.000 4381.000 460711.000 1.000 1300.000 500.000 722.000 23590.366 1654350.792 260680.323 896403.482 103582749.505 221283341821.097
4950.000 4436.000 460721.000 1.000 1320.000 500.000 736.000 32465.648 1121937.870 207542.774 690194.206 363010829.371 69800772198.944
5249.000 4554.000 460731.000 1.000 1300.000 510.000 725.000 39299.254 577927.890 113952.578 50047.015 670108245.890 141337525277.323
5595.000 4732.000 460741.000 1.000 1320.000 510.000 720.000 39794.769 171574.635 25462.147 709051.108 696008028.636 80120280030.514
5946.000 4911.000 460751.000 1.000 1330.000 520.000 708.000 32774.461 3996.223 377.578 828210.100 374873726.099 161776304251.663
6216.000 5091.000 460761.000 1.000 1340.000 520.000 696.000 24574.361 42759.752 39772.872 982602.235 124580334.092 309810669689.037
6432.000 5203.000 460771.000 1.000 1360.000 540.000 670.000 14845.626 178746.576 96989.500 846225.571 2052976.243 176593019820.744
6559.000 5277.000 460781.000 1.000 1390.000 540.000 670.000 6467.155 302262.792 148557.343 296293.398 48242052.833 16822725619.928
6599.000 5327.000 460791.000 1.000 1410.000 550.000 664.000 3533.557 347845.537 189600.480 212359.469 97599539.496 45640502570.467
6581.000 5357.000 460801.000 1.000 1430.000 550.000 675.000 5636.126 326937.301 216626.363 508200.993 60476735.049 6757685811.279
6536.000 5390.000 460811.000 1.000 1450.000 560.000 679.000 10667.819 277501.713 248433.833 340929.540 7534947.710 7236276811.794
6436.000 5424.000 460821.000 1.000 1480.000 560.000 684.000 14043.359 182144.850 283483.166 69288.929 397598.446 127239826293.283
6298.000 5407.000 460831.000 1.000 1480.000 560.000 685.000 14729.388 83396.380 265669.500 112068.489 1733391.002 98550386931.844
6166.000 5345.000 460841.000 1.000 1480.000 560.000 699.000 15838.977 24581.321 205600.010 208230.488 5886310.954 47421752156.836
6039.000 5253.000 460851.000 1.000 1490.000 550.000 722.000 17900.665 887.105 130632.637 28777.021 20140888.084 157782796780.280
5923.000 5119.000 460861.000 1.000 1490.000 550.000 730.000 17615.744 7433.145 51725.029 50091.253 17664696.897 141304264785.346
5845.000 4963.000 460871.000 1.000 1470.000 550.000 731.000 18111.697 26966.792 5102.441 787679.911 22079586.765 130815361194.157
5791.000 4792.000 460881.000 1.000 1470.000 550.000 733.000 10312.886 47618.086 9913.912 334781.872 9609497.320 8319989476.749
5776.000 4691.000 460891.000 1.000 1460.000 540.000 728.000 6998.214 54389.556 40227.774 48479.596 41146976.691 142518520768.403
5800.000 4626.000 460901.000 1.000 1440.000 540.000 727.000 6518.218 43771.203 70526.696 123951.038 47535328.819 91231067443.377
5849.000 4584.000 460911.000 1.000 1420.000 540.000 736.000 7745.456 25669.066 94598.461 311501.675 32118843.799 13108915725.038
5924.000 4568.000 460921.000 1.000 1410.000 530.000 737.000 10829.631 7261.713 104696.657 311022.430 6672787.509 13218886920.997
6025.000 4604.000 460931.000 1.000 1410.000 530.000 736.000 13909.061 249.145 82695.715 437729.455 246270.095 137677525.638
6143.000 4675.000 460941.000 1.000 1400.000 540.000 727.000 18243.016 17898.243 46901.970 251450.206 23330939.062 30466181254.133
6278.000 4795.000 460951.000 1.000 1400.000 540.000 696.000 15753.410 72245.007 9325.500 159424.864 5478432.133 71060089683.215
6380.000 4913.000 460961.000 1.000 1400.000 540.000 653.000 14174.946 137481.007 459.304 568674.642 580859.023 20357238164.973
6459.000 5029.000 460971.000 1.000 1410.000 550.000 653.000 8544.504 202305.929 18887.382 611048.788 23700353.863 34244590482.904
6500.000 5103.000 460981.000 1.000 1410.000 550.000 672.000 2494.516 240869.243 44703.225 78829.389 119209032.975 120524550479.236
6509.000 5126.000 460991.000 1.000 1430.000 550.000 722.000 1714.027 249784.360 54958.068 46619.580 136861404.858 143926352967.086
6497.000 5114.000 461001.000 1.000 1430.000 550.000 736.000 2175.607 237933.537 49475.715 350516.965 126274617.129 5697061827.767
6489.000 5094.000 461011.000 1.000 1440.000 560.000 737.000 5646.072 230192.988 40978.461 233298.082 60322140.275 37132429146.077
6479.000 5039.000 461021.000 1.000 1440.000 560.000 760.000 7955.954 220697.301 21736.010 112513.596 29777221.980 98271122521.833
6468.000 4961.000 461031.000 1.000 1450.000 560.000 777.000 6841.958 210483.047 4820.715 102200.587 43176029.267 104843371255.573
6478.000 4894.000 461041.000 1.000 1450.000 560.000 793.000 5830.071 219758.733 5.912 69386.899 57497853.725 127169942737.631
6492.000 4838.000 461051.000 1.000 1450.000 560.000 788.000 5143.072 233080.694 2869.598 28942.459 68388482.594 157651393973.302
6509.000 4790.000 461061.000 1.000 1450.000 560.000 773.000 5429.631 249784.360 10316.186 537378.984 63731065.862 12406202913.123
6562.000 4781.000 461071.000 1.000 1440.000 570.000 761.000 10750.215 305570.498 12225.421 459435.668 7089385.090 1118221539.995
6657.000 4829.000 461081.000 1.000 1440.000 570.000 736.000 15299.083 419624.517 3914.833 240666.941 3558044.989 34346803889.733
6781.000 4916.000 461091.000 1.000 1440.000 570.000 679.000 17681.924 595651.027 596.892 148462.930 18225377.706 77024520753.175
6913.000 5031.000 461101.000 1.000 1460.000 570.000 684.000 16211.994 816826.086 19441.108 406636.302 7835459.497 374792033.853
7027.000 5144.000 461111.000 1.000 1460.000 570.000 681.000 12185.892 1035884.909 63721.598 704162.405 1505315.317 77376633253.244
7128.000 5210.000 461121.000 1.000 1460.000 570.000 676.000 5213.987 1251678.341 101398.539 434803.687 67220615.311 77578022.151
7164.000 5247.000 461131.000 1.000 1470.000 580.000 703.000 909.000 1333526.811 126331.461 257118.932 156345137.517 28519412866.944
7173.000 5247.000 461141.000 1.000 1470.000 580.000 751.000 3454.732 1354393.929 126331.461 135807.428 99163216.311 84209319289.865
7164.000 5214.000 461151.000 1.000 1470.000 580.000 797.000 4799.360 1333526.811 103961.990 195756.180 74191433.417 53010304869.729
7157.000 5167.000 461161.000 1.000 1490.000 580.000 827.000 6737.540 1317408.831 75862.441 13251.503 44559161.773 170357894596.549
7142.000 5102.000 461171.000 1.000 1490.000 580.000 825.000 6868.743 1283200.301 44281.363 204095.043 42824746.433 49239967403.231
7122.000 5037.000 461181.000 1.000 1500.000 580.000 839.000 4848.000 1238288.929 21150.284 55655.646 73355883.345 137151865457.033
7122.000 4989.000 461191.000 1.000 1500.000 580.000 836.000 4296.954 1238288.929 9492.872 85064.422 83098738.024 116234237454.996
7143.000 4952.000 461201.000 1.000 1500.000 580.000 843.000 3454.732 1285466.870 3651.951 174911.093 99163216.311 63043554355.877
7170.000 4931.000 461211.000 1.000 1500.000 580.000 836.000 5186.525 1347420.223 1554.833 370190.048 67671681.348 3114287349.750
7221.000 4937.000 461221.000 1.000 1500.000 580.000 819.000 8851.773 1468421.223 2064.010 229748.942 20803012.190 38512848241.556
7305.000 4962.000 461231.000 1.000 1490.000 590.000 817.000 11126.515 1679056.988 4960.578 78287.524 5227121.605 120901078803.877
7411.000 4992.000 461241.000 1.000 1510.000 600.000 808.000 10351.391 1964999.262 10086.461 319425.731 9372255.199 11357189906.351
7509.000 5022.000 461251.000 1.000 1510.000 600.000 799.000 7188.760 2249352.988 17012.343 175872.310 38738735.186 62561784423.482
7580.000 5027.000 461261.000 1.000 1510.000 600.000 796.000 5447.450 2467363.360 18341.657 224878.116 63446879.027 40448342254.959
7633.000 5017.000 461271.000 1.000 1520.000 600.000 818.000 3220.934 2636675.498 15733.029 90931.512 103874232.882 112268109475.927
7657.000 4996.000 461281.000 1.000 1520.000 600.000 849.000 4121.246 2715193.145 10905.912 98677.404 86333067.193 107137363994.375
7681.000 4963.000 461291.000 1.000 1540.000 600.000 905.000 5098.250 2794862.792 5102.441 19048.196 69131823.544 165606391731.632
7709.000 4921.000 461301.000 1.000 1560.000 610.000 915.000 5286.846 2889266.713 866.206 281151.680 66031208.395 20979833097.335
7745.000 4883.000 461311.000 1.000 1560.000 620.000 947.000 8070.526 3012947.184 73.421 257729.174 28539944.076 28313673687.901
7824.000 4871.000 461321.000 1.000 1580.000 620.000 949.000 10622.300 3293442.105 423.068 1089037.853 7786917.717 439624699965.393
7929.000 4877.000 461331.000 1.000 1580.000 620.000 937.000 21404.853 3685571.811 212.245 2161890.153 63872832.488 3013329037008.208
8124.000 4960.000 461341.000 1.000 1580.000 620.000 721.000 0.000 4472312.694 4682.853 0.000 179903335.864 181472462788.883
