4099.000 5377.000 1672865.000 0.000 1230.000 460.000 8.000 0.000 819263.175 51151.361 0.000 243997933.136 511419935218.357
4099.000 5377.000 1672875.000 1.000 1230.000 460.000 103.000 0.000 819263.175 51151.361 0.000 243997933.136 511419935218.357
4099.000 5377.000 1672885.000 1.000 1230.000 460.000 173.000 0.000 819263.175 51151.361 1413623.251 243997933.136 487884013254.495
4099.000 5377.000 1672895.000 1.000 1240.000 460.000 257.000 8609.155 819263.175 51151.361 363502.840 49158021.899 123646093948.497
4069.000 5334.000 1672905.000 1.000 1240.000 460.000 320.000 6395.374 874471.070 33550.028 47089.440 85101717.114 446286614293.413
4043.000 5305.000 1672915.000 1.000 1250.000 460.000 373.000 6108.593 923773.912 23767.361 85938.832 90475103.857 395889460460.089
4013.000 5283.000 1672925.000 1.000 1250.000 460.000 399.000 5585.214 982341.807 17468.028 288669.019 100705624.251 181874346319.999
3982.000 5269.000 1672935.000 1.000 1250.000 460.000 400.000 7343.247 1044752.965 13963.361 223205.763 68511811.273 241995658488.998
3938.000 5261.000 1672945.000 1.000 1250.000 460.000 409.000 8702.600 1136636.544 12136.694 226486.479 47856416.086 238778652784.170
3885.000 5261.000 1672955.000 1.000 1250.000 460.000 409.000 10081.933 1252455.491 12136.694 143112.287 30674984.388 327211477560.249
3824.000 5268.000 1672965.000 1.000 1250.000 460.000 413.000 10953.506 1392710.544 13728.028 189478.262 21780209.425 276316378530.251
3759.000 5283.000 1672975.000 1.000 1250.000 460.000 412.000 12107.454 1550352.649 17468.028 159429.990 12341022.810 308809508911.099
3690.000 5309.000 1672985.000 1.000 1250.000 460.000 418.000 13078.404 1726941.807 25016.694 151584.021 6461912.418 317591177187.205
3620.000 5347.000 1672995.000 1.000 1250.000 460.000 425.000 12155.237 1915820.228 38481.361 644576.459 12007584.656 4978691915.821
3562.000 5393.000 1673005.000 1.000 1250.000 460.000 420.000 8229.680 2079743.491 58644.694 438135.353 54623232.760 76729527598.433
3538.000 5437.000 1673015.000 1.000 1260.000 460.000 423.000 10897.983 2149541.807 81891.361 611500.011 22301535.825 10740481504.963
3531.000 5503.000 1673025.000 1.000 1260.000 460.000 425.000 14622.100 2170116.649 124021.361 543923.830 996669.164 29313711712.771
3568.000 5584.000 1673035.000 1.000 1260.000 460.000 418.000 17934.669 2062473.912 187633.361 293331.478 5355687.370 177919312369.103
3639.000 5667.000 1673045.000 1.000 1260.000 460.000 418.000 19721.097 1863584.228 266428.028 172154.669 16815443.658 294829057404.750
3732.000 5743.000 1673055.000 1.000 1280.000 450.000 423.000 18672.652 1618318.754 350661.361 399858.691 9316039.646 99399974105.249
3826.000 5807.000 1673065.000 1.000 1280.000 450.000 423.000 21107.845 1387994.017 430554.694 394411.191 30111688.340 102864598969.756
3925.000 5889.000 1673075.000 1.000 1280.000 450.000 428.000 23509.862 1164524.965 544890.028 465186.153 62243086.901 62475078655.842
4033.000 5983.000 1673085.000 1.000 1290.000 450.000 423.000 20676.816 943096.544 692501.361 156816.911 25567007.091 311720546098.535
4137.000 6054.000 1673095.000 1.000 1310.000 450.000 427.000 19721.780 751917.175 815710.028 1464166.638 16821045.631 561046439241.597
4238.000 6119.000 1673105.000 1.000 1310.000 450.000 423.000 10804.809 586957.596 937346.694 1108246.226 23190236.368 154535409719.656
4301.000 6138.000 1673115.000 1.000 1320.000 450.000 418.000 4055.441 494394.017 974498.028 843948.428 133749044.424 16592562943.633
4324.000 6129.000 1673125.000 1.000 1340.000 450.000 418.000 9195.200 462578.965 956810.028 2338113.585 41283621.584 2634055250285.740
4324.000 6073.000 1673135.000 1.000 1340.000 450.000 420.000 23434.625 462578.965 850391.361 1591875.323 61061593.597 768671305083.730
4284.000 5936.000 1673145.000 1.000 1350.000 440.000 423.000 33129.359 518589.491 616486.694 493251.710 306562482.916 49232773650.130
4222.000 5744.000 1673155.000 1.000 1340.000 450.000 436.000 36133.328 611729.807 351846.694 1587030.438 420778853.364 760199378563.263
4142.000 5539.000 1673165.000 1.000 1340.000 450.000 443.000 45798.556 743270.859 150673.361 1020250.625 910719096.155 93094748060.300
4052.000 5275.000 1673175.000 1.000 1340.000 450.000 443.000 52012.019 906554.544 15417.361 292393.075 1324347517.550 178711838800.078
3963.000 4971.000 1673185.000 1.000 1330.000 450.000 450.000 53792.732 1083954.965 32340.028 1641080.808 1457124396.212 857373222002.376
3873.000 4656.000 1673195.000 1.000 1320.000 460.000 469.000 43798.330 1279458.649 244860.028 969911.338 793993868.467 64910317265.831
3780.000 4406.000 1673205.000 1.000 1310.000 460.000 481.000 37891.440 1498498.123 554776.694 1471626.244 495997744.198 572277027290.625
3676.000 4200.000 1673215.000 1.000 1270.000 460.000 489.000 28929.039 1763933.491 904084.028 1124634.535 177118988.527 167688800092.950
3564.000 4064.000 1673225.000 1.000 1260.000 470.000 496.000 22079.864 2073978.965 1181206.694 550349.797 41724246.351 27154593331.583
3465.000 3973.000 1673235.000 1.000 1250.000 470.000 504.000 18728.160 2368926.017 1387291.361 353106.189 9657965.907 131065805138.678
3368.000 3913.000 1673245.000 1.000 1230.000 470.000 512.000 16577.696 2676926.544 1532231.361 807781.243 916352.082 8583084473.635
3271.000 3885.000 1673255.000 1.000 1230.000 470.000 520.000 11658.200 3003745.070 1602334.028 756494.523 15699291.876 1710502167.838
3200.000 3885.000 1673265.000 1.000 1220.000 470.000 505.000 7051.047 3254890.754 1602334.028 121120.981 73434379.724 352854205553.256
3162.000 3905.000 1673275.000 1.000 1220.000 470.000 448.000 7788.690 3393448.754 1552100.694 1873303.778 61336201.441 1341351894722.776
3147.000 3950.000 1673285.000 1.000 1220.000 470.000 317.000 19197.361 3448937.702 1442000.694 1011168.887 12794412.537 87635289403.038
3177.000 4063.000 1673295.000 1.000 1220.000 470.000 83.000 13039.207 3338409.807 1183381.361 5141.102 6662728.659 504093188768.797
4537.000 5294.000 1673526.000 0.000 1250.000 450.000 491.000 13762.468 218211.912 20496.694 12830.752 3452034.658 493233090255.161
4586.000 5226.000 1673536.000 1.000 1270.000 450.000 501.000 13840.609 174834.017 5650.028 1490740.438 3167774.158 601561770596.005
4502.000 5219.000 1673546.000 1.000 1270.000 450.000 488.000 4761.800 252136.123 4646.694 1383284.838 117909914.820 446422461692.898
4473.000 5219.000 1673556.000 1.000 1260.000 460.000 489.000 13186.190 282100.754 4646.694 320567.988 5925539.923 155684157050.180
4480.000 5139.000 1673566.000 1.000 1260.000 460.000 488.000 15138.492 274713.912 140.028 226686.310 232267.313 238583397949.703
4486.000 5047.000 1673576.000 1.000 1260.000 460.000 492.000 16519.042 268460.333 10781.361 213501.378 807497.788 251637600329.519
4497.000 4947.000 1673586.000 1.000 1260.000 470.000 497.000 17819.294 257182.438 41548.028 44383.260 4834988.849 449909647835.708
4528.000 4843.000 1673596.000 1.000 1260.000 470.000 496.000 18089.594 226701.280 94761.361 796928.937 6096755.091 6690034593.524
4572.000 4742.000 1673606.000 1.000 1250.000 470.000 499.000 13236.190 186737.702 167144.694 399437.682 5684615.603 99665620780.100
4629.000 4685.000 1673616.000 1.000 1250.000 470.000 504.000 10803.561 140723.702 217000.694 39714.069 23202257.724 456195197345.371
4689.000 4658.000 1673626.000 1.000 1250.000 480.000 509.000 11045.425 99307.912 242884.694 403106.238 20930699.966 97362762925.519
4755.000 4671.000 1673636.000 1.000 1250.000 480.000 519.000 13500.396 62066.544 230240.028 616773.787 4494557.700 9675185014.601
4809.000 4733.000 1673646.000 1.000 1250.000 480.000 517.000 17256.631 38076.333 174584.694 576868.918 2677143.264 19117870402.412
4856.000 4827.000 1673656.000 1.000 1250.000 480.000 520.000 20769.840 21942.965 104868.028 110827.283 26516390.464 365189394484.071
4896.000 4947.000 1673666.000 1.000 1250.000 480.000 513.000 20094.887 11692.438 41548.028 25544.594 20020736.871 475536728351.733
4935.000 5063.000 1673676.000 1.000 1250.000 480.000 513.000 19939.317 4779.175 7714.694 131679.205 18652757.339 340422187939.617
4974.000 5178.000 1673686.000 1.000 1260.000 490.000 518.000 20741.261 907.912 738.028 730063.413 26222877.429 222818543.030
5024.000 5294.000 1673696.000 1.000 1260.000 490.000 516.000 25187.445 394.754 20496.694 132088.227 91527714.916 339945061658.422
5093.000 5431.000 1673706.000 1.000 1270.000 490.000 513.000 25991.880 7897.596 78493.361 1289856.187 107566908.871 330302942372.865
5174.000 5567.000 1673716.000 1.000 1280.000 490.000 491.000 18136.483 28855.280 173194.694 2230675.062 6330506.631 2296857722932.157
5248.000 5649.000 1673726.000 1.000 1280.000 490.000 289.000 4551.373 59471.807 248170.028 28473.491 122524093.556 471505820600.220
6016.000 5323.000 1674027.000 0.000 1330.000 500.000 418.000 9770.935 1023877.702 29641.361 44102.642 34216629.110 450286177338.326
5962.000 5298.000 1674037.000 1.000 1330.000 500.000 440.000 9502.344 917511.912 21658.028 643589.125 37431015.373 5118999014.906
5905.000 5288.000 1674047.000 1.000 1330.000 500.000 446.000 5582.800 811563.912 18814.694 413010.782 100754080.117 91279831854.741
5871.000 5288.000 1674057.000 1.000 1320.000 500.000 446.000 3067.509 751460.859 18814.694 622588.930 157575905.795 8565016682.712
5853.000 5293.000 1674067.000 1.000 1320.000 500.000 446.000 6859.159 720577.596 20211.361 391740.643 76759925.485 104584754421.689
5825.000 5324.000 1674077.000 1.000 1320.000 500.000 439.000 9244.912 673824.965 29986.694 259162.935 40647270.482 207911714461.139
5794.000 5371.000 1674087.000 1.000 1300.000 510.000 449.000 7666.575 623892.123 48473.361 602292.825 63263860.154 12733651055.719
5762.000 5405.000 1674097.000 1.000 1300.000 510.000 446.000 3998.531 574364.544 64600.694 119730.535 135068610.583 354508031356.676
5739.000 5413.000 1674107.000 1.000 1320.000 510.000 443.000 4727.706 540031.596 68731.361 1113527.390 118651505.701 158715456334.894
5712.000 5403.000 1674117.000 1.000 1320.000 510.000 443.000 11509.237 501077.702 63588.028 1139620.741 16901934.137 180187036115.801
5665.000 5351.000 1674127.000 1.000 1320.000 510.000 444.000 18449.680 436747.070 40066.694 720557.382 8004637.495 29388072.131
5605.000 5256.000 1674137.000 1.000 1320.000 510.000 444.000 22837.971 361042.859 11060.028 304807.744 52092851.996 168369528253.082
5542.000 5132.000 1674147.000 1.000 1320.000 510.000 444.000 20981.651 289302.438 354.694 182383.015 28742656.374 283826068370.339
5504.000 5010.000 1674157.000 1.000 1320.000 510.000 443.000 19870.914 249868.438 19834.028 1132834.519 18066587.091 174471797692.996
5482.000 4891.000 1674167.000 1.000 1300.000 520.000 444.000 12971.800 228358.228 67513.361 595286.082 7015257.791 14364076035.152
5482.000 4812.000 1674177.000 1.000 1300.000 520.000 448.000 9346.428 228358.228 114808.028 519406.799 39363141.162 38310039652.924
5500.000 4758.000 1674187.000 1.000 1300.000 520.000 452.000 6183.171 245885.491 154318.028 1038060.578 89061917.699 104280085871.630
5537.000 4751.000 1674197.000 1.000 1300.000 520.000 466.000 12505.099 283948.754 159866.694 950194.202 9705307.134 55252214781.234
5603.000 4789.000 1674207.000 1.000 1300.000 520.000 471.000 18291.909 358643.386 130923.361 631593.658 7136782.987 6979373924.927
5692.000 4856.000 1674217.000 1.000 1300.000 520.000 473.000 22138.399 473162.965 86926.694 64224.039 42483878.261 423686778474.616
5795.000 4943.000 1674227.000 1.000 1300.000 520.000 465.000 22529.532 625472.859 43194.694 36037.138 47735646.325 461175679084.741
5890.000 5042.000 1674237.000 1.000 1300.000 520.000 464.000 22310.061 784762.859 11844.694 571057.551 44751120.196 20758687452.773
5975.000 5148.000 1674247.000 1.000 1300.000 520.000 468.000 18832.244 942585.491 8.028 1697266.436 10315728.660 964579593546.094
6052.000 5233.000 1674257.000 1.000 1300.000 520.000 470.000 8495.664 1098028.228 6751.361 1179294.909 50762336.053 215443209349.647
6086.000 5272.000 1674267.000 1.000 1300.000 520.000 485.000 1313.600 1170439.280 14681.361 378075.426 204685476.012 113610036382.873
6086.000 5280.000 1674277.000 1.000 1300.000 520.000 497.000 3616.130 1170439.280 16684.028 1299314.928 144103295.149 341264663170.475
6069.000 5266.000 1674287.000 1.000 1320.000 510.000 515.000 11529.132 1133944.754 13263.361 784955.309 16738745.452 4874693271.781
6038.000 5203.000 1674297.000 1.000 1330.000 520.000 524.000 16309.615 1068883.912 2721.361 328505.416 474971.563 149483444593.467
6009.000 5108.000 1674307.000 1.000 1330.000 520.000 529.000 14308.973 1009760.544 1834.694 953243.232 1719927.838 56694908522.468
6004.000 5021.000 1674317.000 1.000 1330.000 520.000 529.000 8503.594 999736.859 16856.694 340173.468 50649400.099 140597129387.642
6013.000 4970.000 1674327.000 1.000 1340.000 520.000 538.000 10575.296 1017815.491 32700.694 925511.986 25453409.296 44257927012.272
6071.000 4942.000 1674337.000 1.000 1340.000 520.000 546.000 16211.788 1138208.228 43611.361 845214.574 349700.508 16920355977.035
6169.000 4954.000 1674347.000 1.000 1340.000 520.000 540.000 21359.258 1356918.438 38743.361 257894.490 32934110.166 209070077697.344
6294.000 4990.000 1674357.000 1.000 1350.000 530.000 536.000 22929.870 1663760.544 25867.361 495603.711 53427866.436 48194559978.575
6424.000 5041.000 1674367.000 1.000 1350.000 530.000 537.000 19911.577 2016026.333 12063.361 285008.836 18413915.173 185009639882.644
6537.000 5085.000 1674377.000 1.000 1350.000 530.000 537.000 18175.835 2349685.596 4334.028 402763.060 6530078.395 97577044405.559
6639.000 5128.000 1674387.000 1.000 1350.000 530.000 537.000 15722.954 2672794.754 521.361 410501.642 10510.516 92802278109.558
6726.000 5168.000 1674397.000 1.000 1360.000 540.000 537.000 13222.944 2964830.859 294.694 362967.548 5747954.430 124022833647.883
6799.000 5202.000 1674407.000 1.000 1360.000 540.000 537.000 11012.423 3221552.649 2618.028 793321.134 21233757.939 6112867432.264
6862.000 5225.000 1674417.000 1.000 1360.000 540.000 535.000 6180.991 3451675.070 5500.694 39691.573 89103068.915 456225586448.698
6898.000 5214.000 1674427.000 1.000 1370.000 540.000 544.000 6422.718 3586737.596 3990.028 218364.654 84597964.771 246782073577.162
6919.000 5181.000 1674437.000 1.000 1390.000 550.000 553.000 5092.848 3666721.070 910.028 206819.752 110830049.996 258385718401.597
6930.000 5152.000 1674447.000 1.000 1390.000 550.000 585.000 3833.288 3708969.175 1.361 38110.984 138936791.800 458363285738.381
6946.000 5135.000 1674457.000 1.000 1400.000 550.000 641.000 3601.187 3770852.965 250.694 1809633.915 144462279.048 1197925017546.845
6966.000 5126.000 1674467.000 1.000 1400.000 550.000 691.000 14622.100 3848927.702 616.694 1913756.090 996669.164 1436689388173.338
7047.000 5163.000 1674477.000 1.000 1410.000 560.000 733.000 26277.131 4173311.386 148.028 2684788.224 113565208.150 3879528680672.726
7166.000 5270.000 1674487.000 1.000 1400.000 560.000 730.000 42627.851 4673675.070 14200.694 1869206.331 729400616.603 1331877624122.014
7375.000 5424.000 1674497.000 1.000 1420.000 570.000 730.000 54011.568 5621017.070 74620.028 8868699.466 1473879231.771 66480592214837.562
7649.000 5606.000 1674507.000 1.000 1420.000 570.000 512.000 0.000 6995328.965 207176.694 0.000 243997933.136 511419935218.357
