6961.000 4529.000 350493.000 0.000 1080.000 490.000 8.000 11253.791 217246.820 2682.709 849862.852 6704543.087 1010700229.377
6951.000 4482.000 350503.000 1.000 1070.000 490.000 32.000 7625.000 226668.768 9760.427 918526.077 38664820.416 10091154167.194
6945.000 4450.000 350513.000 1.000 1070.000 490.000 60.000 3703.027 232417.938 17107.298 593000.723 102821166.558 50656782678.312
6940.000 4435.000 350523.000 1.000 1070.000 490.000 106.000 1171.000 237263.912 21256.145 806164.411 160582226.025 141774960.409
6935.000 4435.000 350533.000 1.000 1070.000 490.000 98.000 4613.205 242159.886 21256.145 246223.125 85191040.094 327010381104.258
6927.000 4417.000 350543.000 1.000 1050.000 490.000 107.000 5664.542 250097.445 26828.760 12414.708 66888880.414 649082608834.320
6915.000 4396.000 350553.000 1.000 1050.000 490.000 113.000 5717.551 262243.784 34149.145 20375.634 66024615.556 636318439518.106
6901.000 4376.000 350563.000 1.000 1050.000 490.000 115.000 5630.550 276778.512 41940.940 461193.900 67446047.246 127361507246.839
6884.000 4359.000 350573.000 1.000 1050.000 490.000 125.000 7599.781 294954.825 49192.965 281193.635 38979085.156 288237670225.183
6857.000 4341.000 350583.000 1.000 1040.000 490.000 134.000 8800.437 325011.086 57501.581 94873.015 25428492.955 523015817416.319
6823.000 4325.000 350593.000 1.000 1050.000 500.000 137.000 8395.343 364933.712 65431.016 640178.674 29678102.595 31645800649.429
6790.000 4311.000 350603.000 1.000 1050.000 500.000 179.000 11128.813 405893.143 72789.273 496396.268 7367376.969 103474852005.591
6743.000 4318.000 350613.000 1.000 1050.000 500.000 202.000 13248.353 467989.302 69061.145 208178.741 353729.045 371968982427.571
6687.000 4326.000 350623.000 1.000 1050.000 510.000 211.000 12359.460 547744.215 64920.427 113973.898 2201200.249 495753207960.931
6635.000 4335.000 350633.000 1.000 1050.000 510.000 240.000 11872.808 627418.348 60415.119 263497.249 3882067.298 307552422510.859
6586.000 4348.000 350643.000 1.000 1040.000 510.000 247.000 10747.713 707444.897 54193.452 255605.880 9581446.967 316367393796.852
6541.000 4357.000 350653.000 1.000 1040.000 510.000 255.000 9656.313 785168.666 50084.145 784636.747 17529220.939 1117872015.248
6501.000 4367.000 350663.000 1.000 1040.000 510.000 267.000 6306.028 857656.461 45708.247 428970.791 56807518.340 151399237303.935
6478.000 4381.000 350673.000 1.000 1040.000 510.000 270.000 4474.385 900785.943 39917.991 49091.833 87772900.313 591329482327.929
6465.000 4395.000 350683.000 1.000 1040.000 510.000 264.000 4684.000 925631.476 34519.734 765473.566 83889190.592 2766525839.465
6465.000 4415.000 350693.000 1.000 1040.000 510.000 259.000 7952.461 925631.476 27487.940 673699.486 34699677.853 20843232254.051
6473.000 4448.000 350703.000 1.000 1040.000 510.000 254.000 10829.060 910301.917 17634.478 554941.116 9084462.718 69237514830.868
6490.000 4491.000 350713.000 1.000 1040.000 510.000 252.000 13198.578 878151.604 8063.119 167257.209 415414.082 423559033229.436
6516.000 4541.000 350723.000 1.000 1050.000 510.000 249.000 13912.742 830098.538 1583.632 606103.511 4849.417 44930360570.106
6551.000 4589.000 350733.000 1.000 1050.000 510.000 245.000 16500.716 767546.717 67.324 1140092.392 7062900.234 103697557871.737
6591.000 4647.000 350743.000 1.000 1060.000 510.000 245.000 21368.745 699058.922 4383.119 930617.120 56635268.756 12666552575.031
6654.000 4713.000 350753.000 1.000 1060.000 510.000 247.000 25342.345 597679.645 17478.196 1671540.437 132232537.915 728409499376.431
6732.000 4788.000 350763.000 1.000 1070.000 520.000 249.000 32479.580 483160.445 42933.965 276334.688 347318228.524 293478600220.182
6840.000 4875.000 350773.000 1.000 1080.000 520.000 244.000 31299.671 344683.399 86556.657 998871.665 304731722.831 32688757486.727
6935.000 4969.000 350783.000 1.000 1080.000 520.000 249.000 27034.634 242159.886 150703.222 431668.306 174016457.247 149307304755.741
7021.000 5046.000 350793.000 1.000 1100.000 510.000 250.000 25191.473 164915.127 216415.811 702712.884 128785473.373 13307573392.001
7100.000 5119.000 350803.000 1.000 1100.000 510.000 254.000 22190.991 106992.733 289664.760 1102465.820 69687213.255 80880220201.967
7167.000 5186.000 350813.000 1.000 1100.000 510.000 254.000 17483.622 67650.676 366273.247 1223559.398 13253369.516 164420565105.752
7225.000 5233.000 350823.000 1.000 1110.000 510.000 254.000 12259.201 40843.374 425371.529 1087015.412 2508749.493 72330913814.290
7263.000 5269.000 350833.000 1.000 1110.000 510.000 254.000 7617.803 26927.968 473626.298 489591.587 38754375.605 107898948191.584
7286.000 5292.000 350843.000 1.000 1110.000 510.000 252.000 5527.318 19908.486 505812.734 362053.996 69152300.892 207951818113.002
7300.000 5311.000 350853.000 1.000 1120.000 510.000 252.000 3981.400 16153.758 533199.529 932443.880 97253210.639 13081077884.937
7300.000 5328.000 350863.000 1.000 1120.000 510.000 252.000 0.000 16153.758 558315.504 329097.840 191631535.170 239095083792.522
7300.000 5328.000 350873.000 1.000 1120.000 510.000 249.000 1405.200 16153.758 558315.504 142736.703 154701462.036 456076872056.599
7306.000 5328.000 350883.000 1.000 1130.000 510.000 256.000 2014.665 14664.589 558315.504 954256.097 139911975.000 18546288014.007
7301.000 5321.000 350893.000 1.000 1130.000 510.000 254.000 6089.200 15900.563 547903.632 828756.748 60123031.059 114177942.154
7291.000 5297.000 350903.000 1.000 1130.000 510.000 253.000 9627.871 18522.512 512949.786 1286248.181 17768191.319 219189554362.306
7278.000 5258.000 350913.000 1.000 1130.000 510.000 254.000 15119.964 22230.045 458606.786 836579.262 1630370.831 342543173.341
7260.000 5196.000 350923.000 1.000 1130.000 510.000 241.000 18692.036 27921.553 378477.350 597643.973 23512139.153 48588224163.247
7239.000 5119.000 350933.000 1.000 1130.000 510.000 256.000 21243.889 35380.645 289664.760 844173.666 54771614.973 681331417.791
7217.000 5031.000 350943.000 1.000 1120.000 510.000 245.000 24848.388 44140.933 202684.657 862490.448 121116270.503 1973057147.315
7196.000 4927.000 350953.000 1.000 1120.000 510.000 242.000 28531.097 53406.025 119857.991 532360.957 215737131.137 81630423006.753
7175.000 4807.000 350963.000 1.000 1120.000 510.000 251.000 30804.201 63553.117 51168.760 955306.952 287678803.093 18833613175.679
7155.000 4677.000 350973.000 1.000 1110.000 510.000 239.000 34883.223 74037.015 9255.427 446167.160 442686597.176 138312719170.132
7131.000 4530.000 350983.000 1.000 1110.000 510.000 240.000 32978.154 87673.692 2580.119 300116.293 366150129.082 268277430808.395
7103.000 4392.000 350993.000 1.000 1100.000 510.000 244.000 31696.701 105039.148 35643.504 461783.382 318750917.049 126941109081.586
7069.000 4261.000 351003.000 1.000 1080.000 510.000 244.000 29724.953 128233.774 102268.760 31046.020 252233119.840 619408854466.400
7034.000 4139.000 351013.000 1.000 1060.000 510.000 247.000 29857.515 154525.594 195182.709 1163065.304 256461351.793 119020835132.742
6997.000 4017.000 351023.000 1.000 1050.000 510.000 246.000 24891.395 184983.804 317864.657 694454.758 122064728.582 15281059368.184
6961.000 3917.000 351033.000 1.000 1040.000 510.000 247.000 21926.174 217246.820 440623.632 138733.522 65336016.646 461499871090.418
6924.000 3831.000 351043.000 1.000 1040.000 510.000 251.000 22518.546 253107.030 562192.350 649202.400 75263289.624 28516718927.899
6881.000 3745.000 351053.000 1.000 1030.000 510.000 251.000 19746.546 298222.409 698553.068 598139.540 34850624.541 48369996691.843
6834.000 3675.000 351063.000 1.000 1010.000 510.000 251.000 17192.577 351764.568 820464.350 143007.672 11218967.729 455710955978.242
6789.000 3617.000 351073.000 1.000 1000.000 520.000 254.000 16581.955 407168.338 928900.555 66441.837 7501303.452 564946909918.790
6732.000 3575.000 351083.000 1.000 990.000 520.000 254.000 16865.652 483160.445 1011623.324 527652.132 9135794.924 84343316428.963
6667.000 3544.000 351093.000 1.000 990.000 520.000 254.000 14612.654 577748.112 1074943.606 109028.063 592206.824 502742368789.799
6609.000 3521.000 351103.000 1.000 980.000 520.000 247.000 15078.188 669283.415 1123165.170 176621.462 1525431.879 411457946104.637
6545.000 3514.000 351113.000 1.000 980.000 520.000 247.000 15832.336 778095.886 1138051.298 6485.232 3957042.971 658672010848.419
6478.000 3523.000 351123.000 1.000 960.000 520.000 237.000 15860.027 900785.943 1118929.991 159332.115 4067977.395 433937366675.214
6413.000 3542.000 351133.000 1.000 960.000 520.000 230.000 15179.702 1028393.609 1079094.786 373807.088 1786493.556 197370725687.138
6362.000 3582.000 351143.000 1.000 970.000 530.000 242.000 13583.600 1134432.548 997591.196 970298.797 67342.454 23173198636.583
6320.000 3622.000 351153.000 1.000 970.000 530.000 244.000 17726.635 1225664.733 919287.606 1168837.163 15081811.116 123036662520.110
6300.000 3695.000 351163.000 1.000 970.000 530.000 242.000 22717.400 1270348.630 784632.555 891158.167 78753125.127 5341684267.435
6300.000 3792.000 351173.000 1.000 980.000 530.000 225.000 18912.284 1270348.630 622197.350 51582.082 25696583.377 587505782770.896
6311.000 3872.000 351183.000 1.000 980.000 520.000 223.000 18692.036 1245673.486 502390.170 262489.486 23512139.153 308671196596.646
6332.000 3949.000 351193.000 1.000 990.000 520.000 216.000 17571.244 1199238.394 399164.760 1416204.355 13899026.024 357763103522.565
6359.000 4019.000 351203.000 1.000 990.000 520.000 211.000 23618.231 1140832.133 315613.478 1401613.461 95553103.054 340521406873.447
6398.000 4112.000 351213.000 1.000 1000.000 520.000 218.000 29602.917 1059041.533 219768.632 750842.155 248371698.036 4519763328.176
6462.000 4221.000 351223.000 1.000 1000.000 520.000 196.000 32808.904 931413.061 129452.350 590618.207 359701560.303 51734927753.507
6542.000 4336.000 351233.000 1.000 1010.000 510.000 188.000 30287.050 783397.471 59924.529 95424.556 270403351.955 522218374558.955
6642.000 4418.000 351243.000 1.000 1010.000 510.000 156.000 30694.499 616377.984 26502.170 6666754.062 283969505.150 34207089581541.582
6758.000 4479.000 351253.000 1.000 1030.000 510.000 49.000 2228.427 447691.379 10362.196 57740.708 134900727.532 578102670097.888
7146.000 4535.000 351665.000 0.000 1100.000 480.000 29.000 12386.058 79015.768 2097.170 1310175.224 2122983.763 242166232557.035
7095.000 4521.000 351675.000 1.000 1100.000 480.000 98.000 6791.800 110288.707 3575.427 1151842.440 49720891.572 111403147133.591
7066.000 4521.000 351685.000 1.000 1090.000 490.000 180.000 1873.600 130391.358 3575.427 438797.120 143269031.899 143848934026.628
7058.000 4521.000 351695.000 1.000 1090.000 490.000 200.000 0.000 136232.917 3575.427 0.000 191631535.170 669240717480.424
7058.000 4521.000 351705.000 1.000 1080.000 500.000 212.000 0.000 136232.917 3575.427 0.000 191631535.170 669240717480.424
7058.000 4521.000 351715.000 1.000 1080.000 500.000 218.000 0.000 136232.917 3575.427 625382.152 191631535.170 37129123207.673
7058.000 4521.000 351725.000 1.000 1080.000 500.000 206.000 2670.291 136232.917 3575.427 186585.032 124831755.833 398774957308.053
7067.000 4514.000 351735.000 1.000 1070.000 500.000 207.000 1873.600 129670.163 4461.555 230727.985 143269031.899 344972216771.089
7075.000 4514.000 351745.000 1.000 1070.000 500.000 209.000 2858.775 123972.604 4461.555 121028.705 120655488.988 485868435136.428
7085.000 4507.000 351755.000 1.000 1070.000 500.000 209.000 2342.000 117030.656 5445.683 31046.020 132275398.881 619408854466.400
7095.000 4507.000 351765.000 1.000 1070.000 500.000 211.000 2209.438 110288.707 5445.683 195594.940 135342190.327 387476868671.879
7103.000 4502.000 351775.000 1.000 1070.000 500.000 225.000 3044.600 105039.148 6208.632 548496.400 116607693.954 72670648325.771
7116.000 4502.000 351785.000 1.000 1070.000 500.000 230.000 5386.600 96781.615 6208.632 1269280.391 71512464.065 203589607621.020
7139.000 4502.000 351795.000 1.000 1070.000 500.000 235.000 10806.243 83000.133 6208.632 880895.992 9222526.228 3946936887.323
7179.000 4525.000 351805.000 1.000 1070.000 500.000 235.000 14567.541 61552.338 3113.068 768745.809 524808.610 2433008017.538
7229.000 4562.000 351815.000 1.000 1070.000 500.000 235.000 17849.974 39242.594 353.247 263032.128 16055005.224 308068526960.050
7289.000 4609.000 351825.000 1.000 1080.000 510.000 228.000 16726.865 19070.902 795.529 150335.556 8316076.085 445871077357.369
7340.000 4659.000 351835.000 1.000 1080.000 510.000 216.000 16084.954 7585.963 6116.042 374390.012 5025890.319 196853120897.754
7386.000 4710.000 351845.000 1.000 1080.000 510.000 220.000 14486.363 1688.999 16693.965 60844.457 413781.824 573392552477.692
7421.000 4761.000 351855.000 1.000 1100.000 510.000 213.000 14226.566 37.179 32473.888 151528.571 147042.917 444279263029.242
7454.000 4812.000 351865.000 1.000 1100.000 510.000 212.000 13579.561 723.748 53455.811 437851.186 69455.043 144567365577.978
7485.000 4861.000 351875.000 1.000 1100.000 510.000 213.000 11710.000 3352.707 78514.914 415408.971 4550133.725 162136983483.030
7515.000 4901.000 351885.000 1.000 1120.000 520.000 213.000 9936.264 7726.861 102531.324 547204.319 15263400.709 73368943115.421
7545.000 4931.000 351895.000 1.000 1120.000 520.000 215.000 7599.781 13901.015 122643.632 964470.262 38979085.156 21432644335.735
7563.000 4958.000 351905.000 1.000 1120.000 520.000 220.000 3481.633 18469.507 142283.709 815398.449 107360086.385 7144346.791
7573.000 4969.000 351915.000 1.000 1130.000 520.000 218.000 0.000 21287.558 150703.222 387845.505 191631535.170 185094269180.874
7573.000 4969.000 351925.000 1.000 1120.000 530.000 233.000 1656.044 21287.558 150703.222 434899.095 148524437.443 146820969409.080
7568.000 4964.000 351935.000 1.000 1120.000 530.000 240.000 3513.000 19853.533 146846.170 1858163.175 106711053.736 1081791025041.650
7559.000 4952.000 351945.000 1.000 1120.000 530.000 233.000 11447.087 17398.286 137793.247 1073388.719 5740898.644 65186963972.294
7534.000 4910.000 351955.000 1.000 1120.000 530.000 240.000 16030.301 11428.158 108376.016 696980.839 4783829.640 14662909454.786
7505.000 4848.000 351965.000 1.000 1120.000 530.000 240.000 19006.308 6068.809 71398.581 577271.149 26658673.004 57984732030.092
7474.000 4773.000 351975.000 1.000 1120.000 530.000 246.000 21471.172 2199.851 36942.811 415122.779 58187417.657 162367542886.361
7452.000 4684.000 351985.000 1.000 1120.000 530.000 242.000 23243.686 620.138 10651.298 968801.088 88370937.311 22719456904.316
7431.000 4587.000 351995.000 1.000 1120.000 520.000 242.000 19107.046 15.230 38.504 655428.607 27709082.788 26452658627.736
7415.000 4507.000 352005.000 1.000 1100.000 520.000 239.000 16308.461 146.348 5445.683 528463.166 6077983.924 83872894501.081
7400.000 4439.000 352015.000 1.000 1100.000 520.000 240.000 14052.000 734.271 20105.786 1180157.923 43637.436 131106693521.769
7400.000 4379.000 352025.000 1.000 1100.000 520.000 235.000 9012.897 734.271 40721.170 671082.769 23330902.041 21605640031.758
7416.000 4344.000 352035.000 1.000 1080.000 520.000 233.000 6147.471 123.153 56071.811 329117.044 59222771.059 239076303667.124
7433.000 4324.000 352045.000 1.000 1080.000 520.000 221.000 4742.189 34.840 65943.606 178176.784 82826658.318 409465042916.572
7450.000 4313.000 352055.000 1.000 1070.000 520.000 212.000 3981.400 524.527 71714.093 559627.692 97253210.639 66793119239.261
7467.000 4313.000 352065.000 1.000 1070.000 520.000 220.000 6370.929 1592.215 71714.093 1184343.545 55833402.909 134155328087.942
7489.000 4329.000 352075.000 1.000 1060.000 520.000 212.000 11427.904 3831.927 63400.657 2113123.834 5833192.229 1677160961976.534
7523.000 4364.000 352085.000 1.000 1060.000 520.000 190.000 20450.636 9197.302 47000.016 1109029.275 43659475.878 84656519885.749
7566.000 4440.000 352095.000 1.000 1060.000 520.000 190.000 25186.030 19293.922 19823.196 433893.440 128661964.657 147592658919.335
7620.000 4533.000 352105.000 1.000 1060.000 530.000 180.000 27038.692 37211.399 2284.350 66625.450 174123536.169 564670925736.621
7668.000 4638.000 352115.000 1.000 1080.000 530.000 178.000 26754.211 58034.045 3272.427 434207.737 166696677.609 147351265779.009
7713.000 4743.000 352125.000 1.000 1080.000 530.000 178.000 24900.207 81740.276 26310.504 3229881.709 122259521.309 5816829255570.657
7743.000 4845.000 352135.000 1.000 1090.000 520.000 178.000 11109.081 99794.430 69804.350 2053250.370 7474883.111 1525667235923.708
7758.000 4890.000 352145.000 1.000 1100.000 530.000 178.000 2342.000 109496.507 95607.811 274248.200 132275398.881 295743607699.858
7764.000 4898.000 352155.000 1.000 1110.000 530.000 180.000 1171.000 113503.338 100619.093 463678.294 160582226.025 125594431118.585
7764.000 4893.000 352165.000 1.000 1110.000 530.000 188.000 3150.839 113503.338 97472.042 1749733.025 114324536.094 867993495125.040
7754.000 4884.000 352175.000 1.000 1130.000 540.000 188.000 10621.945 106865.286 91933.350 1158913.406 10375866.889 116173313892.224
7743.000 4840.000 352185.000 1.000 1130.000 540.000 191.000 15570.337 99794.430 67187.298 678097.528 2983332.986 19592668071.653
7725.000 4776.000 352195.000 1.000 1130.000 540.000 191.000 12674.959 88745.938 38105.042 80000.378 1364563.316 544748745083.865
7710.000 4724.000 352205.000 1.000 1130.000 540.000 191.000 13016.549 80033.861 20507.709 297352.264 683193.575 271148356206.427
7702.000 4669.000 352215.000 1.000 1130.000 540.000 190.000 14286.200 75571.420 7780.145 274248.200 196333.847 295743607699.858
7702.000 4608.000 352225.000 1.000 1130.000 540.000 186.000 15457.200 75571.420 740.119 626873.538 2605305.103 36556599524.929
7702.000 4542.000 352235.000 1.000 1130.000 540.000 148.000 12780.541 75571.420 1505.042 339364.231 1129040.652 229160496295.515
7715.000 4489.000 352245.000 1.000 1120.000 530.000 142.000 11331.505 82887.886 8426.298 1025810.989 6308130.773 43155761728.291
7730.000 4443.000 352255.000 1.000 1120.000 530.000 125.000 6951.441 91749.963 18987.427 656089.285 47495022.298 26238186171.927
7746.000 4418.000 352265.000 1.000 1110.000 530.000 108.000 4150.035 101698.845 26502.170 9242.000 93955591.411 654204901394.158
7763.000 4413.000 352275.000 1.000 1110.000 530.000 103.000 4189.497 112830.533 28155.119 886931.326 93192132.863 4741697659.208
7779.000 4421.000 352285.000 1.000 1110.000 530.000 107.000 7976.565 123835.415 25534.401 2286363.916 34416282.727 2155883088465.645
7801.000 4447.000 352295.000 1.000 1110.000 530.000 137.000 17739.007 139803.127 17901.068 1480107.231 15178058.267 438291520849.941
7852.000 4503.000 352305.000 1.000 1110.000 530.000 144.000 24058.850 180542.189 6052.042 862958.614 104361461.307 2014867358.864
7920.000 4580.000 352315.000 1.000 1110.000 530.000 146.000 27743.558 242952.938 0.632 881141.667 193222614.563 3977866136.243
7988.000 4677.000 352325.000 1.000 1110.000 530.000 137.000 23981.211 314611.686 9255.427 533995.204 102781208.552 80699251097.135
8042.000 4764.000 352335.000 1.000 1110.000 530.000 137.000 21701.129 378105.163 33564.119 1711047.401 61748553.032 797406245354.218
8087.000 4845.000 352345.000 1.000 1120.000 520.000 136.000 14395.205 435471.394 69804.350 1780717.451 304815.242 926687534845.704
8110.000 4902.000 352355.000 1.000 1120.000 520.000 134.000 6791.800 466355.912 103172.734 775241.111 49720891.572 1834428524.100
8110.000 4931.000 352365.000 1.000 1120.000 520.000 134.000 3481.633 466355.912 122643.632 1034913.406 107360086.385 47020481547.116
8099.000 4941.000 352375.000 1.000 1120.000 510.000 137.000 7900.563 451453.056 129747.734 1036468.026 35313796.462 47697112415.463
8066.000 4934.000 352385.000 1.000 1120.000 510.000 142.000 12326.131 408196.486 124753.863 837345.096 2301207.830 371477666.789
8025.000 4901.000 352395.000 1.000 1120.000 510.000 148.000 15901.473 357487.476 102531.324 228856.259 4236881.927 347174411786.615
7978.000 4852.000 352405.000 1.000 1100.000 500.000 139.000 16878.656 303493.635 73552.222 123642.377 9214574.450 482231584781.458
7943.000 4789.000 352415.000 1.000 1100.000 500.000 139.000 17406.591 266155.456 43349.375 47325.262 12698437.845 594049516894.674
7913.000 4721.000 352425.000 1.000 1100.000 500.000 149.000 17608.663 236101.302 19657.478 1121212.827 14179432.729 91894761084.606
7895.000 4648.000 352435.000 1.000 1100.000 500.000 158.000 12821.247 218932.809 4516.529 775408.330 1044192.232 1820132430.136
7886.000 4594.000 352445.000 1.000 1100.000 500.000 160.000 9510.366 210591.563 174.375 523453.862 18772620.710 86799458397.472
7893.000 4554.000 352455.000 1.000 1100.000 500.000 161.000 7275.294 217065.199 717.965 795950.715 43136131.429 489322054.474
7910.000 4528.000 352465.000 1.000 1090.000 490.000 160.000 3876.700 233194.886 2787.298 11524.279 99329213.598 650518161756.639
7925.000 4521.000 352475.000 1.000 1090.000 490.000 165.000 3925.907 247906.963 3575.427 541036.896 98350801.219 76748083213.534
7941.000 4526.000 352485.000 1.000 1090.000 490.000 167.000 6236.056 264095.845 3002.478 1205230.672 57867183.019 149892348283.211
7963.000 4541.000 352495.000 1.000 1100.000 500.000 175.000 11382.216 287191.558 1583.632 927669.010 6055970.960 12011649249.195
7992.000 4580.000 352505.000 1.000 1100.000 500.000 177.000 15343.228 319114.907 0.632 413050.811 2250371.277 164041628986.213
8026.000 4636.000 352515.000 1.000 1100.000 500.000 175.000 13579.561 358684.281 3047.606 207300.491 69455.043 373041030100.939
8057.000 4685.000 352525.000 1.000 1100.000 500.000 179.000 12694.418 396777.240 10858.709 126658.639 1319480.092 478051523231.761
8084.000 4732.000 352535.000 1.000 1100.000 500.000 184.000 12153.604 431520.979 22862.991 516071.176 2854411.082 91204099111.781
8106.000 4779.000 352545.000 1.000 1100.000 500.000 187.000 9950.055 460908.692 39285.273 2056054.681 15155832.433 1532602752364.971
8125.000 4817.000 352555.000 1.000 1110.000 500.000 186.000 1171.000 487067.989 55792.863 541150.249 160582226.025 76685290691.754
8130.000 4817.000 352565.000 1.000 1110.000 500.000 200.000 3481.633 494072.015 55792.863 3133775.631 107360086.385 5362486362928.298
8135.000 4803.000 352575.000 1.000 1110.000 500.000 211.000 16862.400 501126.040 49375.119 349934.146 9116146.849 219152432492.619
8135.000 4731.000 352585.000 1.000 1110.000 500.000 223.000 15368.232 501126.040 22561.581 340414.150 2326014.666 228156391246.879
8144.000 4666.000 352595.000 1.000 1120.000 510.000 223.000 13914.713 513949.286 7259.914 1020718.544 5127.814 41065889251.606
8151.000 4607.000 352605.000 1.000 1120.000 510.000 226.000 9556.393 524034.922 686.709 798369.532 18375893.308 388161242.106
8163.000 4568.000 352615.000 1.000 1120.000 510.000 230.000 6147.471 541552.584 163.709 346866.360 59222771.059 222034133263.792
8180.000 4548.000 352625.000 1.000 1120.000 510.000 223.000 4666.402 566862.271 1075.504 139720.910 84211864.115 460159306006.419
8199.000 4542.000 352635.000 1.000 1120.000 510.000 221.000 5262.990 595833.568 1505.042 2014673.180 73618360.477 1431855963270.474
8220.000 4550.000 352645.000 1.000 1120.000 510.000 214.000 13865.352 628694.476 948.324 1381277.173 494.963 317200810221.247
8267.000 4586.000 352655.000 1.000 1130.000 520.000 181.000 19763.205 705436.317 27.093 1059975.851 35047592.936 58517792397.490
8331.000 4641.000 352665.000 1.000 1130.000 520.000 132.000 24289.148 817039.845 3624.657 693586.110 109119830.107 15496572511.135
8397.000 4721.000 352675.000 1.000 1130.000 520.000 103.000 21327.636 940710.984 19657.478 355677.198 56018215.574 213808342641.281
8444.000 4799.000 352685.000 1.000 1130.000 520.000 105.000 19808.946 1034090.825 47613.478 1670272.947 35591267.832 726247578816.052
8479.000 4876.000 352695.000 1.000 1130.000 520.000 130.000 12677.123 1106499.004 87146.068 1053166.720 1359512.266 55269837653.942
8502.000 4925.000 352705.000 1.000 1130.000 520.000 136.000 8180.254 1155415.522 118477.170 662648.290 32067872.910 24156324499.996
8516.000 4957.000 352715.000 1.000 1130.000 520.000 149.000 5350.842 1185708.794 141530.298 759520.436 72118518.057 3428208370.027
8525.000 4978.000 352725.000 1.000 1130.000 520.000 177.000 2107.800 1205390.040 157771.914 252388.909 137717365.750 319996612846.504
8534.000 4978.000 352735.000 1.000 1140.000 510.000 190.000 3185.464 1225233.286 157771.914 2706007.458 113585295.616 3564302785300.368
8545.000 4970.000 352745.000 1.000 1130.000 520.000 209.000 14739.723 1249706.143 151480.632 1875153.214 803925.190 1117422088144.198
8564.000 4910.000 352755.000 1.000 1130.000 520.000 228.000 22746.355 1292547.440 108376.016 315922.685 79267873.986 252153271811.014
8592.000 4817.000 352765.000 1.000 1130.000 520.000 239.000 24095.299 1356997.984 55792.863 872461.513 105107497.271 2958290908.929
8640.000 4726.000 352775.000 1.000 1140.000 530.000 251.000 20370.015 1471132.630 21084.529 356537.180 42600563.989 213013780932.112
8701.000 4664.000 352785.000 1.000 1140.000 530.000 245.000 21892.377 1622827.743 6923.093 193220.387 64790791.866 390438713580.366
8784.000 4621.000 352795.000 1.000 1140.000 530.000 262.000 22717.400 1841184.568 1616.452 1557694.880 78753125.127 547042980785.585
8881.000 4621.000 352805.000 1.000 1140.000 530.000 291.000 29368.531 2113832.666 1616.452 2322252.959 241038875.889 2262562342659.766
8987.000 4688.000 352815.000 1.000 1140.000 530.000 311.000 39284.214 2433296.009 11492.940 4465895.629 647250065.507 13306622042744.908
9117.000 4794.000 352825.000 1.000 1140.000 530.000 279.000 58352.940 2855770.676 45456.427 13666258.548 1981125478.834 165075914529442.844
9285.000 4978.000 352835.000 1.000 1160.000 530.000 1.000 0.000 3451801.938 157771.914 0.000 191631535.170 669240717480.424
