6654.000 5787.000 844604.000 0.000 1170.000 580.000 27.000 0.000 247764.635 65920.562 0.000 163442922.232 412432404645.770
6654.000 5787.000 844614.000 1.000 1170.000 580.000 63.000 0.000 247764.635 65920.562 888091.936 163442922.232 60458416315.116
6654.000 5787.000 844624.000 1.000 1170.000 580.000 83.000 6932.802 247764.635 65920.562 6043.630 34242132.377 404706382905.285
6629.000 5739.000 844634.000 1.000 1170.000 580.000 99.000 6979.981 273277.615 43576.562 152483.707 33692205.627 239830866389.889
6589.000 5702.000 844644.000 1.000 1160.000 580.000 124.000 8170.330 316698.385 29498.062 281677.937 21290377.827 129982650175.092
6541.000 5660.000 844654.000 1.000 1160.000 580.000 170.000 5971.439 373027.308 16835.062 92147.326 46417524.130 302567849456.082
6498.000 5642.000 844664.000 1.000 1160.000 580.000 170.000 5252.100 427401.635 12488.062 76377.447 56736744.553 320165350744.705
6457.000 5642.000 844674.000 1.000 1160.000 580.000 215.000 4655.867 482690.923 12488.062 101329.662 66074345.083 292550462456.732
6421.000 5647.000 844684.000 1.000 1160.000 580.000 220.000 5446.887 534009.615 13630.562 135920.121 53840267.224 256328432913.079
6389.000 5675.000 844694.000 1.000 1160.000 580.000 219.000 6507.934 581802.231 20952.562 380312.119 39395026.431 68589978302.193
6359.000 5716.000 844704.000 1.000 1160.000 580.000 233.000 9476.803 628467.808 34503.062 592942.363 10940725.419 2427201902.159
6347.000 5789.000 844714.000 1.000 1160.000 580.000 233.000 14105.549 647638.039 66951.562 505902.896 1745223.989 18579355041.410
6373.000 5896.000 844724.000 1.000 1160.000 580.000 233.000 18054.830 606466.539 133773.062 683626.786 27776591.859 1715432676.950
6425.000 6027.000 844734.000 1.000 1160.000 580.000 230.000 23391.495 528179.539 246760.562 713899.891 112508772.718 5139583298.148
6513.000 6187.000 844744.000 1.000 1160.000 580.000 225.000 28964.484 408013.846 431320.562 487848.738 261792537.841 23827091678.032
6643.000 6372.000 844754.000 1.000 1180.000 590.000 223.000 32772.827 258836.346 708543.062 1239141.019 399534026.171 356327830692.673
6800.000 6574.000 844764.000 1.000 1200.000 580.000 233.000 23099.595 123734.827 1089414.062 1551174.813 106401602.819 826218842175.746
6929.000 6700.000 844774.000 1.000 1210.000 580.000 230.000 10990.502 49621.846 1368315.062 1011327.211 3218356.133 136248250838.273
6994.000 6756.000 844784.000 1.000 1230.000 580.000 228.000 3095.676 24888.096 1502463.062 35544.676 93872917.920 368041606704.359
7016.000 6766.000 844794.000 1.000 1230.000 560.000 242.000 2818.200 18430.673 1527078.062 1388363.812 99326731.864 556746997702.405
7016.000 6744.000 844804.000 1.000 1250.000 560.000 269.000 13656.325 18430.673 1473189.062 897612.328 760114.157 65230857979.011
6985.000 6642.000 844814.000 1.000 1250.000 560.000 292.000 20663.447 27808.769 1235988.062 1452788.505 62078125.078 657039127659.642
6937.000 6488.000 844824.000 1.000 1260.000 560.000 330.000 32004.497 46121.692 917285.062 701962.892 369409063.460 3570527147.204
6855.000 6252.000 844834.000 1.000 1240.000 550.000 423.000 37484.301 88066.269 520923.062 458788.869 610081170.257 33642945874.036
6755.000 5977.000 844844.000 1.000 1240.000 550.000 445.000 41065.791 157418.192 199585.562 154394.831 799832566.563 237962667248.339
6642.000 5677.000 844854.000 1.000 1220.000 560.000 488.000 42271.059 259854.865 21535.562 525932.740 869458356.434 13520169538.493
6521.000 5370.000 844864.000 1.000 1210.000 560.000 517.000 38165.417 397857.692 25680.062 574510.566 644191976.177 4583078489.413
6404.000 5096.000 844874.000 1.000 1180.000 570.000 543.000 33680.557 559144.442 188573.062 2013561.755 436646044.840 1880608368044.478
6329.000 4844.000 844884.000 1.000 1160.000 570.000 562.000 17961.886 676933.385 470939.062 1587712.776 26805535.577 893977383120.786
6279.000 4713.000 844894.000 1.000 1150.000 580.000 570.000 5567.563 761709.346 667897.562 301981.147 52083887.238 115754994587.213
6262.000 4673.000 844904.000 1.000 1130.000 580.000 619.000 3210.177 791672.173 734877.562 201889.955 91667272.965 193880864793.717
6250.000 4695.000 844914.000 1.000 1120.000 580.000 636.000 4786.211 813170.404 697642.562 1817835.972 63972302.843 1382098768205.387
6240.000 4731.000 844924.000 1.000 1100.000 580.000 639.000 18976.968 831305.596 638800.562 1128271.750 38346910.845 236256993179.924
6179.000 4866.000 844934.000 1.000 1100.000 580.000 619.000 27784.710 946261.269 441228.062 341298.367 225006907.841 90547211378.731
6100.000 5068.000 844944.000 1.000 1090.000 570.000 563.000 30449.022 1106198.289 213675.062 3089979.522 312036053.242 5991580509449.004
6010.000 5288.000 844954.000 1.000 1090.000 570.000 386.000 6327.402 1303615.019 58685.062 51340.633 41693852.945 349125431689.114
6904.000 5280.000 845135.000 0.000 1170.000 520.000 10.000 13581.621 61384.827 62625.062 166253.688 635434.188 226533462700.518
6859.000 5376.000 845145.000 1.000 1160.000 530.000 113.000 14879.464 85708.192 23793.062 757386.638 4388959.048 13265887404.847
6853.000 5492.000 845155.000 1.000 1150.000 540.000 180.000 8967.000 89257.308 1463.062 427769.582 14573151.568 45984265649.960
6853.000 5562.000 845165.000 1.000 1150.000 550.000 228.000 5627.659 89257.308 1008.062 274513.432 51220083.110 135200033569.412
6862.000 5605.000 845175.000 1.000 1130.000 560.000 310.000 3484.697 83960.635 5587.562 446389.686 86485959.018 38345205249.265
6870.000 5631.000 845185.000 1.000 1140.000 570.000 362.000 0.000 79388.481 10150.562 740435.294 163442922.232 9648404073.610
6870.000 5631.000 845195.000 1.000 1140.000 570.000 391.000 5780.135 79388.481 10150.562 371187.044 49060845.242 73452902729.274
6860.000 5587.000 845205.000 1.000 1140.000 570.000 447.000 8677.770 85123.673 3220.562 918001.621 16865064.892 76061567665.961
6850.000 5520.000 845215.000 1.000 1140.000 570.000 473.000 15844.059 91058.865 105.062 421398.400 9361025.246 48757322779.396
6837.000 5397.000 845225.000 1.000 1150.000 550.000 481.000 12554.454 99073.615 17755.562 270968.137 52911.841 137819781230.962
6823.000 5300.000 845235.000 1.000 1150.000 550.000 493.000 10439.168 108082.885 53015.062 698124.760 5500487.160 3126571784.106
6843.000 5221.000 845245.000 1.000 1130.000 560.000 496.000 4989.326 95332.500 95635.562 81770.457 60764421.836 314091364812.584
6877.000 5202.000 845255.000 1.000 1130.000 560.000 488.000 5627.659 75492.846 107748.062 306501.027 51220083.110 112699845731.050
6920.000 5211.000 845265.000 1.000 1140.000 570.000 491.000 8020.329 53712.519 101920.562 1366599.879 22697132.277 524742139978.294
6976.000 5239.000 845275.000 1.000 1130.000 570.000 489.000 18688.556 30891.442 84826.562 395919.182 34858116.479 60658676354.483
7056.000 5361.000 845285.000 1.000 1130.000 570.000 470.000 21779.260 9169.904 28645.562 35438.096 80906071.919 368170934631.783
7151.000 5502.000 845295.000 1.000 1130.000 580.000 404.000 22055.904 0.577 798.062 1094555.830 85959307.802 204617651114.060
7228.000 5656.000 845305.000 1.000 1130.000 580.000 317.000 13511.362 5812.596 15813.062 961558.567 528357.819 101984143474.270
7267.000 5754.000 845315.000 1.000 1140.000 590.000 148.000 6005.050 13280.346 50064.062 143167.521 45960667.605 249042401620.482
7307.000 5334.000 845405.000 0.000 1170.000 580.000 141.000 16063.658 24099.577 38514.062 1756067.561 10753010.058 1240680885302.007
7413.000 5267.000 845415.000 1.000 1170.000 590.000 149.000 2355.090 68246.539 69300.562 382221.706 108772170.357 67593395051.344
7430.000 5274.000 845425.000 1.000 1170.000 590.000 219.000 5338.866 77417.712 65664.062 526070.576 55437163.971 13488134427.043
7466.000 5295.000 845435.000 1.000 1150.000 600.000 289.000 9445.584 98747.019 55342.562 31111.263 11148224.765 373440448890.777
7492.000 5364.000 845445.000 1.000 1140.000 610.000 371.000 9202.717 115763.519 27639.062 55318.960 12829024.328 344439923588.313
7512.000 5433.000 845455.000 1.000 1140.000 610.000 400.000 8770.875 129773.135 9457.562 70133.981 16109023.012 327269831786.430
7520.000 5501.000 845465.000 1.000 1150.000 620.000 412.000 8223.381 135600.981 855.562 388876.501 20803621.720 64177357008.040
7515.000 5565.000 845475.000 1.000 1150.000 620.000 420.000 5187.655 131943.577 1207.562 72881.726 57711746.136 324133549321.609
7501.000 5603.000 845485.000 1.000 1150.000 620.000 436.000 4618.711 121968.846 5292.562 64727.521 66679779.121 333484863052.404
7471.000 5623.000 845495.000 1.000 1150.000 620.000 435.000 5124.000 101914.423 8602.562 282268.222 58682949.853 129557366449.864
7431.000 5623.000 845505.000 1.000 1150.000 620.000 430.000 7327.499 77975.192 8602.562 407335.582 29778638.801 55165524298.755
7385.000 5589.000 845515.000 1.000 1170.000 610.000 427.000 10507.324 54401.077 3451.562 518940.658 5185438.266 15195085092.388
7327.000 5531.000 845525.000 1.000 1170.000 610.000 427.000 14558.383 30709.192 0.562 149123.900 3146732.774 243132919653.937
7273.000 5431.000 845535.000 1.000 1170.000 610.000 422.000 13394.262 14699.231 9850.562 695106.084 371834.404 2798101086.768
7250.000 5329.000 845545.000 1.000 1160.000 600.000 417.000 7967.985 9651.173 40501.562 324304.749 23198621.584 101063115261.515
7245.000 5267.000 845555.000 1.000 1160.000 600.000 415.000 5436.332 8693.769 69300.562 131437.774 53995275.215 260887249258.198
7269.000 5232.000 845565.000 1.000 1140.000 610.000 420.000 6462.388 13745.308 88953.062 330295.986 39968843.974 97289730713.892
7318.000 5220.000 845575.000 1.000 1140.000 610.000 404.000 9040.811 27635.865 96255.062 417878.213 14015055.638 50324303730.289
7384.000 5245.000 845585.000 1.000 1140.000 610.000 386.000 12302.936 53935.596 81367.562 280674.402 231884.374 130707268345.962
7466.000 5295.000 845595.000 1.000 1130.000 610.000 364.000 14493.993 98747.019 55342.562 58124.350 2922435.585 341154882881.046
7545.000 5376.000 845605.000 1.000 1130.000 610.000 371.000 14040.251 154638.000 23793.062 775090.955 1576961.456 17657612937.342
7622.000 5454.000 845615.000 1.000 1140.000 620.000 368.000 7989.580 221126.019 5814.062 538617.458 22991063.520 10731208374.780
7663.000 5501.000 845625.000 1.000 1140.000 620.000 367.000 3784.916 261366.731 855.562 343686.920 80992147.517 89115434555.332
7675.000 5528.000 845635.000 1.000 1140.000 620.000 402.000 1101.958 273780.500 5.062 189076.240 136481314.215 205329301688.282
7668.000 5533.000 845645.000 1.000 1140.000 620.000 427.000 2577.963 266504.135 7.562 311628.358 104172983.972 109283563420.775
7659.000 5515.000 845655.000 1.000 1150.000 620.000 449.000 5010.659 257292.808 232.562 946055.777 60432288.904 92322861544.318
7638.000 5482.000 845665.000 1.000 1150.000 620.000 443.000 12395.950 236429.712 2328.062 42008.345 150955.359 360240830902.442
7608.000 5390.000 845675.000 1.000 1150.000 620.000 447.000 12723.884 208155.289 19670.062 661762.550 3671.844 382341166.439
7579.000 5295.000 845685.000 1.000 1150.000 620.000 447.000 7557.900 182534.346 55342.562 245398.608 27317135.783 157458490266.843
7579.000 5236.000 845695.000 1.000 1160.000 630.000 446.000 5642.220 182534.346 86583.062 169202.422 51011874.199 223735226487.975
7607.000 5202.000 845705.000 1.000 1160.000 630.000 435.000 4321.358 207243.808 107748.062 451849.180 71624429.593 36236862542.060
7640.000 5195.000 845715.000 1.000 1150.000 630.000 412.000 7848.674 238378.673 112392.562 383307.225 24362178.307 67030131099.661
7695.000 5222.000 845725.000 1.000 1150.000 630.000 356.000 10840.924 295110.115 95018.062 1023267.027 3777408.916 145205216995.261
7764.000 5271.000 845735.000 1.000 1150.000 630.000 320.000 18828.957 374838.289 67210.562 286263.917 36535705.342 126696904863.606
7858.000 5384.000 845745.000 1.000 1150.000 630.000 310.000 16594.266 498775.481 21389.062 825943.453 14514471.344 33758347798.801
7928.000 5493.000 845755.000 1.000 1150.000 630.000 314.000 10146.620 602549.135 1387.562 869049.359 6958304.010 51456546717.598
7983.000 5550.000 845765.000 1.000 1150.000 630.000 344.000 3362.472 690960.577 390.062 79551.637 88774229.860 316583312487.888
7991.000 5575.000 845775.000 1.000 1150.000 630.000 410.000 2741.460 704324.423 2002.562 695952.697 100862245.506 2888384551.748
7974.000 5562.000 845785.000 1.000 1160.000 630.000 438.000 8174.346 676079.250 1008.062 451091.468 21253333.104 36525912515.257
7940.000 5508.000 845795.000 1.000 1150.000 620.000 455.000 11695.747 621322.904 495.062 472158.282 1185338.980 28917248006.938
7896.000 5428.000 845805.000 1.000 1150.000 620.000 472.000 15381.604 553893.750 10455.062 935536.717 6745054.420 86041147292.783
7869.000 5311.000 845815.000 1.000 1170.000 610.000 490.000 8078.429 514433.769 48070.562 146603.148 22146913.571 245625164368.060
7853.000 5250.000 845825.000 1.000 1160.000 600.000 535.000 6933.986 491738.077 78540.062 801946.223 34228277.006 25515979176.860
7902.000 5227.000 845835.000 1.000 1140.000 610.000 639.000 13194.300 562860.635 91960.562 728321.773 167952.645 7415409008.032
8005.000 5227.000 845845.000 1.000 1140.000 610.000 713.000 18879.872 728019.154 91960.562 1470704.443 37153806.799 686404692666.859
8144.000 5276.000 845855.000 1.000 1140.000 610.000 765.000 30360.781 984540.981 64643.062 2020180.426 308926365.969 1898805240219.695
8366.000 5359.000 845865.000 1.000 1140.000 620.000 780.000 46131.120 1474379.712 29326.562 1285614.034 1111998416.604 413970032802.525
8684.000 5528.000 845875.000 1.000 1140.000 620.000 734.000 56167.139 2347760.596 5.062 7195010.506 1882055124.436 42939207526377.672
9065.000 5745.000 845885.000 1.000 1150.000 630.000 362.000 0.000 3660488.769 46117.562 0.000 163442922.232 412432404645.770
