6039.000 3279.000 1351763.000 0.000 1100.000 580.000 146.000 0.000 607932.090 8737.576 0.000 127580335.586 275869024515.362
6039.000 3279.000 1351773.000 1.000 1100.000 580.000 167.000 0.000 607932.090 8737.576 0.000 127580335.586 275869024515.362
6039.000 3279.000 1351783.000 1.000 1090.000 570.000 170.000 0.000 607932.090 8737.576 1572788.672 127580335.586 1097374241721.259
6039.000 3279.000 1351793.000 1.000 1090.000 570.000 272.000 10914.564 607932.090 8737.576 344150.427 144843.077 32790663881.617
5983.000 3228.000 1351803.000 1.000 1090.000 570.000 338.000 8526.289 698394.490 1804.126 136480.280 7666572.132 151128174171.088
5932.000 3198.000 1351813.000 1.000 1090.000 570.000 368.000 9473.411 786236.890 155.626 85763.565 3318720.414 193132815523.646
5873.000 3169.000 1351823.000 1.000 1090.000 570.000 392.000 8878.244 894348.490 273.076 6588.973 5841417.936 268990955496.807
5813.000 3155.000 1351833.000 1.000 1090.000 570.000 414.000 8832.519 1011432.490 931.776 48874.685 6064534.450 226916627751.248
5752.000 3149.000 1351843.000 1.000 1090.000 570.000 418.000 8493.347 1137848.890 1334.076 65147.898 7850080.718 211677705625.294
5695.000 3164.000 1351853.000 1.000 1100.000 580.000 433.000 8041.245 1262701.690 463.326 221765.145 10587875.297 92092346260.506
5662.000 3209.000 1351863.000 1.000 1100.000 580.000 425.000 9580.212 1337954.890 551.076 1214095.817 2941000.511 474532872194.814
5644.000 3273.000 1351873.000 1.000 1100.000 580.000 389.000 18005.582 1379920.090 7651.876 1055870.559 45029943.929 281576905790.714
5666.000 3396.000 1351883.000 1.000 1100.000 580.000 353.000 25332.928 1328717.290 44299.726 776132.543 197059308.038 62950905400.580
5741.000 3555.000 1351893.000 1.000 1120.000 580.000 327.000 30718.997 1161437.290 136511.776 131918.651 377285966.304 154695668089.172
5852.000 3737.000 1351903.000 1.000 1120.000 580.000 309.000 31634.463 934508.890 304124.676 1018445.771 413687793.653 243259475810.326
5967.000 3924.000 1351913.000 1.000 1130.000 580.000 314.000 24566.831 725392.890 545345.326 1174987.653 176137608.140 422181950029.700
6084.000 4048.000 1351923.000 1.000 1150.000 580.000 306.000 16412.857 539784.090 743863.126 1326852.194 26190960.250 642594369671.910
6162.000 4131.000 1351933.000 1.000 1160.000 570.000 297.000 7205.000 431254.890 893922.976 71851.718 16729298.800 205554000087.214
6212.000 4131.000 1351943.000 1.000 1160.000 570.000 299.000 7703.624 368084.890 893922.976 978191.148 12899034.227 205171670073.542
6219.000 4078.000 1351953.000 1.000 1180.000 570.000 305.000 14491.904 359640.090 796511.626 1864782.393 10219258.194 1794394309976.564
6186.000 3983.000 1351963.000 1.000 1180.000 570.000 346.000 27432.795 400309.290 635966.376 1114271.262 260423697.496 346966836453.353
6127.000 3802.000 1351973.000 1.000 1180.000 570.000 382.000 35165.420 478448.890 380041.426 690247.214 569789954.578 27229904389.353
6040.000 3574.000 1351983.000 1.000 1180.000 570.000 443.000 39955.477 606373.690 150912.826 342889.408 821414541.503 33248949548.726
5941.000 3315.000 1351993.000 1.000 1180.000 570.000 491.000 42335.001 770357.290 16763.776 516322.404 963472564.277 79387189.104
5835.000 3041.000 1352003.000 1.000 1160.000 570.000 562.000 38751.917 967665.690 20887.476 532452.382 753874243.544 52128820.446
5699.000 2809.000 1352013.000 1.000 1150.000 580.000 627.000 35056.897 1253728.090 141771.076 1589949.109 564620784.448 1133621770755.598
5568.000 2604.000 1352023.000 1.000 1150.000 580.000 664.000 24023.246 1564250.490 338171.326 1047846.206 162004515.609 273125239469.449
5460.000 2477.000 1352033.000 1.000 1130.000 580.000 673.000 16751.586 1846065.690 502007.676 751551.100 29772731.472 51220175296.458
5365.000 2410.000 1352043.000 1.000 1130.000 580.000 675.000 11536.103 2113243.690 601439.026 208074.348 58060.011 100589200061.576
5290.000 2382.000 1352053.000 1.000 1120.000 580.000 669.000 10092.145 2336923.690 645652.426 73769.545 1447212.729 203818666901.903
5221.000 2394.000 1352063.000 1.000 1120.000 580.000 636.000 9580.212 2552645.290 626511.826 235548.742 2941000.511 83916594414.406
5173.000 2440.000 1352073.000 1.000 1110.000 570.000 527.000 11214.832 2708328.490 555807.526 585012.569 6450.427 3573674238.955
5137.000 2509.000 1352083.000 1.000 1110.000 570.000 353.000 15274.600 2828114.890 457686.076 246326.557 15836049.761 77788442977.316
5137.000 2615.000 1352093.000 1.000 1110.000 570.000 139.000 13565.186 2828114.890 325498.776 32601.204 5153079.105 242685448850.113
6326.000 3205.000 1352234.000 0.000 1130.000 560.000 170.000 10375.200 242753.290 379.276 603387.624 846301.655 6108246403.320
6398.000 3205.000 1352244.000 1.000 1130.000 560.000 206.000 6187.916 176988.490 379.276 434852.876 26083803.891 8168449841.705
6378.000 3243.000 1352254.000 1.000 1120.000 560.000 209.000 3170.200 194216.490 3303.376 189890.513 66014756.440 112454149576.339
6356.000 3243.000 1352264.000 1.000 1130.000 570.000 246.000 4487.969 214091.290 3303.376 335244.183 46337666.197 36095504695.618
6333.000 3222.000 1352274.000 1.000 1130.000 580.000 337.000 2161.500 235904.490 1330.426 16348.721 83423499.300 258962550798.772
6321.000 3213.000 1352284.000 1.000 1130.000 580.000 343.000 2048.046 247705.290 754.876 576998.591 85508868.582 2679743408.751
6312.000 3202.000 1352294.000 1.000 1140.000 590.000 384.000 6052.200 256744.890 271.426 394531.390 27488488.526 17082741698.630
6312.000 3160.000 1352304.000 1.000 1140.000 590.000 448.000 8790.100 256744.890 651.526 105867.532 6275258.218 175866852994.510
6312.000 3099.000 1352314.000 1.000 1140.000 590.000 458.000 9524.781 256744.890 7486.576 396353.967 3134194.181 16609638347.893
6324.000 3034.000 1352324.000 1.000 1140.000 590.000 468.000 6774.233 244728.090 22959.826 183288.283 20438659.327 116925746928.378
6343.000 2991.000 1352334.000 1.000 1130.000 590.000 491.000 5502.281 226290.490 37839.976 302944.744 33557291.280 49411781063.070
6370.000 2964.000 1352344.000 1.000 1130.000 590.000 496.000 7604.604 201331.690 49073.326 501448.114 13620104.313 565690019.259
6422.000 2955.000 1352354.000 1.000 1130.000 590.000 509.000 11084.466 157370.890 53141.776 537367.057 44386.294 147251043.999
6491.000 2989.000 1352364.000 1.000 1130.000 590.000 519.000 14813.592 107387.290 38622.076 793494.143 12379458.385 71964388036.599
6573.000 3051.000 1352374.000 1.000 1130.000 590.000 497.000 20320.144 60368.490 18096.976 222238.657 81450578.973 91805179745.042
6656.000 3165.000 1352384.000 1.000 1130.000 600.000 439.000 21862.397 26471.290 421.276 111890.047 111666782.073 170851861832.951
6739.000 3292.000 1352394.000 1.000 1130.000 600.000 334.000 21085.922 6352.090 11336.926 2411607.453 95859283.912 3558411018340.165
6793.000 3428.000 1352404.000 1.000 1130.000 600.000 168.000 4350.270 660.490 58794.126 47109.360 48231310.295 228601596323.716
7073.000 3153.000 1352534.000 0.000 1160.000 600.000 217.000 8600.247 64668.490 1057.876 1135471.543 7262483.585 372391869154.245
7132.000 3162.000 1352544.000 1.000 1160.000 600.000 221.000 720.500 98156.890 553.426 230998.496 111823149.657 86573562536.442
7127.000 3162.000 1352554.000 1.000 1160.000 600.000 272.000 2323.543 95048.890 553.426 118687.821 80489670.258 165278456404.239
7113.000 3170.000 1352564.000 1.000 1140.000 610.000 428.000 3147.192 86612.490 241.026 169433.933 66389163.349 126592515591.477
7107.000 3191.000 1352574.000 1.000 1140.000 610.000 470.000 4323.000 83116.890 29.976 154558.490 48610827.515 137399112624.852
7107.000 3221.000 1352584.000 1.000 1140.000 610.000 468.000 5395.578 83116.890 1258.476 17548.066 34804909.076 257743335148.239
7086.000 3252.000 1352594.000 1.000 1140.000 610.000 495.000 5517.355 71449.290 4418.926 34762.540 33382875.195 240560637349.812
7057.000 3277.000 1352604.000 1.000 1140.000 610.000 514.000 5758.594 56786.890 8367.676 104603.055 30653414.139 176929006237.826
7023.000 3298.000 1352614.000 1.000 1140.000 610.000 519.000 6484.500 41738.490 12650.626 402940.490 23142320.229 14955299727.476
6978.000 3298.000 1352624.000 1.000 1140.000 610.000 526.000 9280.756 25376.490 12650.626 178616.417 4057769.288 120142607008.279
6926.000 3260.000 1352634.000 1.000 1130.000 600.000 541.000 10520.287 11513.290 5546.526 249035.493 600407.322 76284705409.414
6883.000 3201.000 1352644.000 1.000 1130.000 600.000 546.000 12248.500 4134.490 239.476 131965.195 908882.801 154659057469.635
6843.000 3126.000 1352654.000 1.000 1130.000 600.000 543.000 11332.711 590.490 3543.226 636332.775 1411.088 12343303794.502
6827.000 3049.000 1352664.000 1.000 1130.000 600.000 544.000 6916.800 68.890 18639.076 40627.266 19169918.512 234842090233.203
6827.000 3001.000 1352674.000 1.000 1130.000 590.000 532.000 6634.862 68.890 34049.476 63196.784 21718252.087 213476866913.345
6865.000 2975.000 1352684.000 1.000 1110.000 590.000 524.000 6196.300 2143.690 44320.776 225332.340 25998236.140 89940017727.423
6908.000 2975.000 1352694.000 1.000 1110.000 590.000 502.000 7760.022 7974.490 44320.776 663324.146 12497105.584 19069343326.176
6954.000 3003.000 1352704.000 1.000 1110.000 590.000 491.000 12363.243 18306.090 33315.376 499657.960 1140830.027 654049571.351
7019.000 3059.000 1352714.000 1.000 1110.000 590.000 463.000 15830.682 40120.090 16008.576 192195.392 20571081.818 110913617314.407
7082.000 3149.000 1352724.000 1.000 1110.000 590.000 448.000 14496.918 69326.890 1334.076 406543.710 10251340.418 14086993949.487
7143.000 3229.000 1352734.000 1.000 1120.000 600.000 450.000 11675.657 105170.490 1890.076 1428995.317 144788.203 816787495308.943
7176.000 3303.000 1352744.000 1.000 1120.000 600.000 463.000 1758.965 127663.290 13800.376 128877.996 90938758.555 157096776220.401
7186.000 3310.000 1352754.000 1.000 1120.000 600.000 491.000 864.600 134909.290 15494.026 671275.152 108796301.332 21328499173.831
7180.000 3310.000 1352764.000 1.000 1120.000 600.000 522.000 5522.998 130537.690 15494.026 564032.906 33317698.883 1505482922.159
7175.000 3272.000 1352774.000 1.000 1130.000 600.000 536.000 9437.175 126949.690 7477.926 873647.751 3452058.281 121393289644.795
7167.000 3207.000 1352784.000 1.000 1130.000 600.000 542.000 15499.963 121312.890 461.176 543411.619 17680481.378 330485716.541
7156.000 3100.000 1352794.000 1.000 1130.000 600.000 545.000 11728.890 113771.290 7314.526 311187.120 188133.380 45815361720.080
7171.000 3020.000 1352804.000 1.000 1140.000 610.000 553.000 9569.368 124115.290 27398.526 584166.269 2978311.604 3473206468.846
7192.000 2957.000 1352814.000 1.000 1140.000 610.000 539.000 5515.473 139352.890 52223.676 388814.511 33404626.345 18609827584.106
7224.000 2936.000 1352824.000 1.000 1130.000 610.000 533.000 8213.700 164268.090 62262.726 357484.865 9495312.841 28139219691.169
7281.000 2936.000 1352834.000 1.000 1140.000 620.000 491.000 10694.511 213721.290 62262.726 882006.127 360763.064 127287525897.450
7353.000 2954.000 1352844.000 1.000 1140.000 620.000 371.000 16815.303 285476.490 53603.826 222452.646 30472127.232 91675550900.357
7437.000 3035.000 1352854.000 1.000 1140.000 620.000 198.000 18359.041 382294.890 22657.776 36019.957 49898604.801 239328768285.911
7523.000 3129.000 1352864.000 1.000 1150.000 630.000 104.000 18109.076 496038.490 3195.076 503962.083 46429634.550 452424380.910
7595.000 3232.000 1352874.000 1.000 1150.000 630.000 61.000 14611.768 602641.690 2159.926 1371408.922 10999977.843 716014786122.053
7656.000 3313.000 1352884.000 1.000 1150.000 630.000 48.000 5094.704 701071.290 16249.876 734146.846 38445487.816 43645265434.194
7673.000 3344.000 1352894.000 1.000 1160.000 640.000 146.000 0.000 729828.490 25114.326 652028.291 127580335.586 16077209922.886
7673.000 3344.000 1352904.000 1.000 1170.000 630.000 252.000 4524.832 729828.490 25114.326 166010.405 45837159.106 129040407841.096
7654.000 3319.000 1352914.000 1.000 1170.000 630.000 369.000 5676.882 697726.090 17815.576 174553.950 31564896.554 122975342248.805
7638.000 3283.000 1352924.000 1.000 1170.000 630.000 420.000 6888.221 671252.490 9501.376 5199.128 19420992.803 270434554982.559
7625.000 3237.000 1352934.000 1.000 1190.000 630.000 458.000 6924.301 650119.690 2649.676 65277.300 19104290.822 211558650672.910
7615.000 3190.000 1352944.000 1.000 1200.000 640.000 498.000 7377.301 634093.690 20.026 387015.855 15349513.754 19103800287.133
7604.000 3140.000 1352954.000 1.000 1200.000 640.000 516.000 4691.556 616696.090 2072.526 281521.830 43607408.152 59394818964.068
7598.000 3108.000 1352964.000 1.000 1200.000 640.000 526.000 2737.900 607308.490 6010.126 228412.910 73226468.517 88101781673.572
7598.000 3089.000 1352974.000 1.000 1200.000 640.000 524.000 1152.800 607308.490 9317.076 76038.688 102867193.540 201774948571.320
7598.000 3081.000 1352984.000 1.000 1190.000 640.000 518.000 1680.480 607308.490 10925.476 5401.877 92441812.868 270223723657.093
7604.000 3071.000 1352994.000 1.000 1190.000 640.000 520.000 1642.993 616696.090 13115.976 29107.191 93164068.153 246140176253.764
7611.000 3062.000 1353004.000 1.000 1190.000 640.000 488.000 1441.000 627739.290 15258.426 204521.562 97104204.229 102855411389.013
7621.000 3062.000 1353014.000 1.000 1190.000 640.000 480.000 2860.303 643685.290 15258.426 784467.287 71146585.713 67202751066.473
7634.000 3077.000 1353024.000 1.000 1190.000 640.000 440.000 8304.212 664714.090 11777.676 606556.960 8945689.482 6613691722.680
7670.000 3122.000 1353034.000 1.000 1190.000 640.000 413.000 12513.490 724711.690 4035.426 288287.469 1484360.762 56142877998.486
7720.000 3193.000 1353044.000 1.000 1190.000 640.000 417.000 14514.097 812341.690 55.876 633058.391 10361642.000 11626454495.937
7769.000 3281.000 1353054.000 1.000 1190.000 640.000 422.000 10120.909 903070.090 9115.476 811706.654 1378833.824 82067525200.283
7802.000 3343.000 1353064.000 1.000 1190.000 640.000 415.000 4487.969 966878.890 24798.376 501362.663 46337666.197 569762095.127
7825.000 3364.000 1353074.000 1.000 1190.000 640.000 435.000 1008.700 1012639.690 31853.326 62294.430 105810982.626 214311520443.535
7825.000 3357.000 1353084.000 1.000 1190.000 640.000 461.000 1441.000 1012639.690 29403.676 789062.780 97104204.229 69606494272.563
7825.000 3347.000 1353094.000 1.000 1190.000 640.000 499.000 6916.800 1012639.690 26074.176 519120.250 19169918.512 37357801.656
7825.000 3299.000 1353104.000 1.000 1190.000 640.000 543.000 10519.300 1012639.690 12876.576 357150.121 601937.869 28251636674.883
7825.000 3226.000 1353114.000 1.000 1200.000 640.000 567.000 12997.788 1012639.690 1638.226 315620.501 2898987.907 43937128449.960
7819.000 3136.000 1353124.000 1.000 1200.000 640.000 586.000 10807.500 1000600.090 2452.726 627570.198 237799.158 10473034543.123
7819.000 3061.000 1353134.000 1.000 1220.000 650.000 592.000 6452.398 1000600.090 15506.476 60144.026 23452213.519 216307151803.138
7837.000 3020.000 1353144.000 1.000 1220.000 650.000 606.000 6035.021 1036934.890 27398.526 193422.548 27668920.802 110097746616.716
7872.000 2997.000 1353154.000 1.000 1200.000 650.000 616.000 7377.301 1109440.890 35541.676 1822343.070 15349513.754 1682496212458.914
7922.000 2986.000 1353164.000 1.000 1190.000 640.000 649.000 20023.679 1217270.890 39810.226 1441348.434 76187278.731 839268674080.559
8037.000 3064.000 1353174.000 1.000 1190.000 640.000 667.000 30026.097 1484254.890 14768.326 1564190.802 350848504.760 1079434658990.909
8194.000 3201.000 1353184.000 1.000 1190.000 640.000 667.000 40880.995 1891450.090 239.476 368214.551 875322428.506 24654590108.274
8401.000 3395.000 1353194.000 1.000 1190.000 640.000 644.000 38325.724 2503673.290 43879.776 5522736.828 730652117.280 24975050978811.105
8608.000 3562.000 1353204.000 1.000 1190.000 640.000 180.000 0.000 3201594.490 141733.426 0.000 127580335.586 275869024515.362
