3994.000 6879.000 711443.000 0.000 1200.000 480.000 580.000 19076.080 3827459.773 1909691.249 1414224.058 804814237.162 2832148330120.425
3962.000 6814.000 711453.000 1.000 1200.000 480.000 586.000 24447.231 3953692.699 1734267.197 1412611.609 528912469.737 2837578107047.317
3927.000 6728.000 711463.000 1.000 1210.000 490.000 609.000 29812.258 4094104.962 1515153.681 9180734.921 310925160.780 37010335881006.961
3893.000 6620.000 711473.000 1.000 1200.000 500.000 662.000 64680.222 4232851.446 1260939.870 2409061.244 297041568.107 473428767929.523
3857.000 6377.000 711483.000 1.000 1210.000 510.000 724.000 73829.714 4382279.489 774251.797 1696243.635 696135819.876 1962462563369.598
3829.000 6098.000 711493.000 1.000 1210.000 510.000 763.000 80271.961 4500293.299 361099.786 2895636.747 1077587828.242 40596648026.610
3806.000 5794.000 711503.000 1.000 1210.000 520.000 779.000 91269.442 4598406.215 88158.986 5747136.779 1920552960.043 7022573845930.978
3827.000 5448.000 711513.000 1.000 1210.000 520.000 793.000 113096.775 4508782.857 2409.260 3798171.485 4310112481.446 491469194465.136
3882.000 5022.000 711523.000 1.000 1210.000 530.000 797.000 127522.037 4278235.015 225705.007 3055630.202 6412279309.941 1721639493.008
3960.000 4544.000 711533.000 1.000 1180.000 540.000 794.000 115916.909 3961650.257 908369.512 9900513.128 4688357392.387 46286119331360.469
4021.000 4108.000 711543.000 1.000 1170.000 550.000 790.000 78315.264 3722543.741 1929554.944 6663647.217 952952943.120 12720096090063.221
4059.000 3813.000 711553.000 1.000 1150.000 550.000 779.000 53007.071 3577354.141 2836139.628 6818784.893 30932984.203 13850768393255.488
4082.000 3613.000 711563.000 1.000 1120.000 560.000 748.000 27109.673 3490879.225 3549773.312 4503555.081 413538867.918 1978051632091.233
4102.000 3512.000 711573.000 1.000 1090.000 570.000 684.000 10005.400 3416543.646 3940559.323 2079806.700 1401748215.345 1034932140591.035
4102.000 3474.000 711583.000 1.000 1050.000 560.000 566.000 2106.400 3416543.646 4092869.723 4816317.566 2055618400.302 2955630485818.785
4094.000 3474.000 711593.000 1.000 1020.000 560.000 384.000 20398.529 3446181.878 4092869.723 9588478.932 731529340.986 42137703837299.156
4063.000 3545.000 711603.000 1.000 1010.000 570.000 10.000 56815.084 3562239.025 3810632.765 120330.319 87792325.823 8861293747863.002
3988.000 6565.000 711743.000 0.000 1130.000 510.000 358.000 50416.966 3850972.446 1140444.133 7293358.920 8830631.871 17608397190064.066
3935.000 6749.000 711753.000 1.000 1150.000 510.000 398.000 22717.160 4061794.731 1567293.144 183610.939 611482297.061 8488551631310.720
3873.000 6809.000 711763.000 1.000 1170.000 520.000 427.000 22019.815 4315547.025 1721123.039 2681961.162 646456715.863 172359223730.612
3798.000 6846.000 711773.000 1.000 1170.000 520.000 496.000 11833.863 4632780.446 1819573.807 1446243.445 1268176445.819 2725402796124.787
3756.000 6830.000 711783.000 1.000 1200.000 520.000 527.000 6341.104 4815345.162 1776664.502 1045670.673 1689557237.998 4208456017458.594
3738.000 6814.000 711793.000 1.000 1200.000 520.000 543.000 2369.700 4894667.183 1734267.197 3119710.050 2031812247.661 510181791.670
3738.000 6805.000 711803.000 1.000 1220.000 530.000 600.000 14218.200 4894667.183 1710643.712 5433719.994 1104042041.074 5459686232779.608
3792.000 6805.000 711813.000 1.000 1220.000 530.000 636.000 34855.192 4658645.120 1710643.712 3771733.005 158511526.751 455098866839.040
3924.000 6815.000 711823.000 1.000 1230.000 520.000 663.000 49180.042 4106254.299 1736902.028 4974946.337 3009232.351 3526221063944.427
4106.000 6857.000 711833.000 1.000 1250.000 530.000 679.000 68074.635 3401772.531 1849370.954 1609679.811 425568303.609 2212486781900.291
4357.000 6919.000 711843.000 1.000 1250.000 530.000 682.000 61961.153 2538890.015 2021844.512 810392.639 210709172.833 5229135038884.136
4590.000 6952.000 711853.000 1.000 1270.000 520.000 687.000 58883.323 1850659.520 2116779.954 7159083.029 130827727.573 16499520529560.121
4812.000 6925.000 711863.000 1.000 1290.000 520.000 679.000 31693.490 1295930.594 2038943.502 1492396.512 248120403.197 2575146606526.323
4912.000 6858.000 711873.000 1.000 1300.000 530.000 667.000 26025.444 1078252.699 1852091.786 2432387.517 458811434.406 441873057410.821
4931.000 6761.000 711883.000 1.000 1310.000 540.000 662.000 35263.528 1039154.899 1597483.123 4613209.526 148396253.420 2298518821752.189
4895.000 6632.000 711893.000 1.000 1330.000 540.000 671.000 52784.263 1113846.941 1288033.849 2931639.863 28504225.979 27384617610.320
4762.000 6482.000 711903.000 1.000 1330.000 540.000 664.000 63918.482 1412269.541 970059.112 1123920.537 271364799.760 3893527351619.813
4576.000 6326.000 711913.000 1.000 1320.000 550.000 673.000 68187.075 1888946.425 687101.386 1748209.050 430220064.900 1819568428613.156
4355.000 6191.000 711923.000 1.000 1320.000 550.000 702.000 61547.466 2545267.573 481519.123 4971068.718 198870293.648 3511673131777.616
4155.000 6070.000 711933.000 1.000 1310.000 560.000 724.000 42667.600 3223423.362 328232.502 3965627.388 22826685.697 754300139748.896
4023.000 5976.000 711943.000 1.000 1310.000 560.000 748.000 27606.349 3714830.183 229360.333 5010567.141 393585091.313 3661269070672.293
3935.000 5919.000 711953.000 1.000 1310.000 560.000 736.000 8576.470 4061794.731 178012.933 2829672.462 1510788129.180 71529707817.289
3925.000 5888.000 711963.000 1.000 1310.000 560.000 757.000 19323.422 4102202.520 152815.154 3335288.768 790841602.105 56723006477.321
3994.000 5863.000 711973.000 1.000 1310.000 560.000 760.000 31990.679 3827459.773 133894.365 5927520.449 238846178.479 8011150591961.958
4115.000 5852.000 711983.000 1.000 1310.000 550.000 776.000 54503.100 3368654.520 125965.218 872388.467 49812144.341 4949443056401.966
4322.000 5852.000 711993.000 1.000 1310.000 550.000 785.000 57816.387 2651652.278 125965.218 457241.251 107558862.926 6968974834786.095
4541.000 5868.000 712003.000 1.000 1320.000 550.000 787.000 59552.966 1986378.689 137578.523 6625238.066 146594895.772 12447597006709.797
4767.000 5859.000 712013.000 1.000 1320.000 550.000 787.000 34390.649 1400410.646 130983.039 3999896.147 170424646.129 814999633283.523
4895.000 5833.000 712023.000 1.000 1310.000 560.000 796.000 19199.247 1113846.941 112839.418 1808200.375 797841096.913 1661321135841.717
4944.000 5779.000 712033.000 1.000 1320.000 570.000 803.000 26066.700 1012819.773 79476.512 4146306.745 457045738.988 1100786854252.165
4944.000 5680.000 712043.000 1.000 1310.000 570.000 824.000 41814.162 1012819.773 33458.186 5297925.652 31710031.527 4843532991592.465
4850.000 5552.000 712053.000 1.000 1300.000 580.000 840.000 61935.414 1210856.994 3015.744 1686573.416 209962589.694 1989649694027.887
4706.000 5366.000 712063.000 1.000 1280.000 580.000 858.000 68340.934 1548505.162 17183.070 3875631.448 436626346.368 606075643633.840
4526.000 5179.000 712073.000 1.000 1280.000 590.000 869.000 53621.483 2028885.373 101177.565 4070202.249 38144889.479 946883524850.125
4381.000 5036.000 712083.000 1.000 1280.000 590.000 870.000 38163.062 2462983.320 212598.649 4828981.506 86160463.756 2999334418763.900
4289.000 4924.000 712093.000 1.000 1260.000 600.000 861.000 19822.836 2760214.983 328425.512 4428904.528 763002069.233 1773642448931.313
4231.000 4876.000 712103.000 1.000 1250.000 600.000 805.000 3002.082 2956300.162 385745.597 1600073.310 1975202122.970 2241157312765.062
4224.000 4867.000 712113.000 1.000 1250.000 600.000 667.000 9079.079 2980420.615 397006.112 3595824.908 1471969069.196 248703746800.537
4254.000 4884.000 712123.000 1.000 1250.000 600.000 324.000 22735.839 2877737.246 375872.249 92783.762 610558851.063 9026053330701.217
5969.000 6837.000 712424.000 0.000 1220.000 530.000 566.000 12128.960 346.352 1795374.323 406106.284 1247245855.031 7241570136108.503
5990.000 6796.000 712434.000 1.000 1230.000 520.000 580.000 13671.331 1568.994 1687182.228 2809213.262 1140682879.400 82891928468.134
5940.000 6810.000 712444.000 1.000 1230.000 520.000 589.000 3002.082 107.941 1723747.870 449709.028 1975202122.970 7008799922901.310
5933.000 6819.000 712454.000 1.000 1240.000 520.000 630.000 4710.054 302.394 1747461.354 632952.136 1826303651.502 6072137287243.743
5941.000 6835.000 712464.000 1.000 1270.000 520.000 667.000 7113.974 88.162 1790018.660 3285575.358 1626618122.691 35514349338.622
5958.000 6856.000 712474.000 1.000 1270.000 520.000 721.000 19592.422 57.920 1846652.123 5780035.324 775784377.629 7198019365455.338
6007.000 6912.000 712484.000 1.000 1280.000 520.000 754.000 41544.702 3204.752 2001986.691 4098983.836 34817388.248 1003725443600.158
6143.000 6992.000 712494.000 1.000 1280.000 520.000 784.000 57112.434 37098.815 2234773.218 1838257.386 93452936.685 1584742245983.474
6338.000 7087.000 712504.000 1.000 1300.000 520.000 788.000 50130.826 150241.920 2527832.218 1802418.307 7211899.027 1676259842898.348
6503.000 7182.000 712514.000 1.000 1320.000 510.000 797.000 56976.319 305378.394 2838941.218 636535.912 90839787.737 6054488058994.491
6702.000 7267.000 712524.000 1.000 1330.000 510.000 797.000 59393.850 564918.383 3132601.902 9107675.227 142767175.846 36126739926642.852
6924.000 7307.000 712534.000 1.000 1340.000 510.000 724.000 24803.363 947917.457 3275795.165 4445149.612 512658583.113 1817176162278.112
7017.000 7322.000 712544.000 1.000 1350.000 520.000 595.000 7920.911 1137658.015 3330317.639 9264169.688 1562179546.263 38032466753369.664
7045.000 7311.000 712554.000 1.000 1360.000 510.000 384.000 43105.756 1198172.204 3290290.491 100516.065 18831885.920 8979652198988.883
5542.000 6662.000 712654.000 0.000 1320.000 510.000 644.000 39288.207 166781.962 1357028.797 6572794.235 66538624.468 12080291605410.775
5459.000 6538.000 712664.000 1.000 1300.000 510.000 671.000 14325.069 241463.615 1083505.681 2280331.767 1096951562.154 667147666476.050
5415.000 6570.000 712674.000 1.000 1300.000 510.000 630.000 22985.653 286641.889 1151148.291 311240.084 598275705.483 7761142762728.995
5329.000 6555.000 712684.000 1.000 1300.000 510.000 633.000 24167.727 386124.878 1119185.818 6559177.149 541846712.481 11985819998014.100
5409.000 6510.000 712694.000 1.000 1290.000 500.000 646.000 49079.148 293102.562 1025998.397 2163507.664 2669367.500 871637307766.067
5521.000 6361.000 712704.000 1.000 1300.000 510.000 676.000 57296.040 184375.320 746350.491 1939033.355 97036525.144 1341171268798.926
5653.000 6188.000 712714.000 1.000 1300.000 510.000 696.000 64660.390 88440.499 477364.628 142879.745 296358356.583 8727552298873.175
5811.000 6000.000 712724.000 1.000 1300.000 510.000 710.000 64117.740 19429.425 252924.291 4673383.318 277969318.914 2484597076087.430
5947.000 5798.000 712734.000 1.000 1290.000 510.000 724.000 46368.468 11.489 90550.312 3579638.541 1159627.652 232821396073.707
6069.000 5671.000 712744.000 1.000 1290.000 520.000 720.000 32773.183 14068.457 30246.702 2743330.336 215271841.527 125169140020.376
6166.000 5593.000 712754.000 1.000 1280.000 530.000 724.000 22354.154 46487.899 9199.839 2989842.854 629567017.188 11508996649.642
6224.000 5531.000 712764.000 1.000 1270.000 530.000 733.000 10998.883 74862.720 1150.281 2480044.554 1328343359.660 380785618262.770
6255.000 5503.000 712774.000 1.000 1250.000 540.000 725.000 1579.800 92787.573 34.997 1141966.856 2103646666.926 3822634944615.461
6255.000 5497.000 712784.000 1.000 1230.000 550.000 690.000 5916.932 92787.573 0.007 1468728.475 1724607681.764 2651668226990.254
6234.000 5505.000 712794.000 1.000 1210.000 550.000 670.000 11495.088 80434.931 62.660 1357960.798 1292419762.491 3024684628654.343
6193.000 5520.000 712804.000 1.000 1200.000 550.000 653.000 16652.554 58859.867 525.133 65713.624 948194936.125 9189441870269.357
6133.000 5540.000 712814.000 1.000 1200.000 550.000 652.000 16402.977 33346.604 1841.765 366663.154 963627561.162 7455410128774.481
6074.000 5560.000 712824.000 1.000 1200.000 550.000 661.000 15010.409 15279.562 3958.397 10959.862 1052023976.341 9524401962837.203
6029.000 5595.000 712834.000 1.000 1200.000 550.000 668.000 14968.784 6179.615 9587.502 1429204.512 1054725915.996 2781951568366.624
5993.000 5639.000 712844.000 1.000 1200.000 550.000 671.000 20396.830 1815.657 20140.091 3536063.970 731621248.896 192669310476.997
5978.000 5715.000 712854.000 1.000 1200.000 550.000 673.000 33826.621 762.341 47487.291 2496196.166 185469182.789 361112874546.056
5967.000 5843.000 712864.000 1.000 1200.000 550.000 694.000 43307.047 275.910 119657.733 2547299.536 17125370.375 302305672045.727
5989.000 6006.000 712874.000 1.000 1210.000 550.000 703.000 52981.561 1490.773 258995.281 1023228.824 30649874.840 4301036413832.421
6030.000 6203.000 712884.000 1.000 1230.000 550.000 722.000 49095.390 6337.836 498317.102 921392.810 2722704.309 4733801188865.486
6102.000 6375.000 712894.000 1.000 1240.000 540.000 727.000 52594.793 22985.752 770736.133 1000456.797 26516988.865 4396008520367.164
6228.000 6530.000 712904.000 1.000 1250.000 540.000 733.000 48795.109 77067.604 1066915.028 2369144.700 1821908.506 529952180823.709
6390.000 6620.000 712914.000 1.000 1280.000 540.000 731.000 57793.000 193257.415 1260939.870 733712.570 107074313.968 5585708131956.055
6607.000 6653.000 712924.000 1.000 1290.000 530.000 733.000 60579.603 431137.383 1336141.312 872414.271 172509177.425 4949328242975.988
6837.000 6647.000 712934.000 1.000 1290.000 530.000 724.000 63892.988 786078.225 1322306.323 2967008.162 270525516.532 16929830951.331
7076.000 6605.000 712944.000 1.000 1310.000 540.000 728.000 52624.442 1266999.057 1227477.397 3625658.904 26823220.898 279350364773.086
7265.000 6540.000 712954.000 1.000 1330.000 540.000 728.000 38854.374 1728200.836 1087673.344 1406211.839 73804492.167 2859180033059.780
7389.000 6460.000 712964.000 1.000 1330.000 540.000 731.000 33513.653 2069600.246 927206.818 49697.085 194091570.799 9286803767844.082
7469.000 6361.000 712974.000 1.000 1340.000 550.000 743.000 33702.400 2306177.931 746350.491 2133425.639 188868072.472 928712306475.275
7469.000 6233.000 712984.000 1.000 1350.000 550.000 754.000 41805.042 2306177.931 541572.049 4215787.139 31812827.171 1251409800786.452
7409.000 6086.000 712994.000 1.000 1360.000 560.000 761.000 57816.387 2127544.667 346821.807 95012.332 107558862.926 9012667537321.307
7310.000 5890.000 713004.000 1.000 1350.000 570.000 763.000 57455.535 1848540.783 154382.818 321759.709 100204242.392 7702640541342.049
7181.000 5714.000 713014.000 1.000 1350.000 570.000 757.000 56233.508 1514402.267 47052.460 1586642.640 77232106.140 2281550452240.808
7043.000 5551.000 713024.000 1.000 1340.000 570.000 757.000 50207.520 1193797.762 2906.912 1809591.915 7629704.151 1657735897875.137
6899.000 5426.000 713034.000 1.000 1320.000 580.000 759.000 57080.258 899861.931 5052.965 864474.196 92831874.381 4984719993641.773
6700.000 5340.000 713044.000 1.000 1310.000 580.000 771.000 53797.029 561915.941 24675.449 3061844.609 40344104.457 1244553994.688
6505.000 5279.000 713054.000 1.000 1310.000 580.000 785.000 42168.299 307592.836 47560.723 1122489.238 27847036.011 3899177885219.528
6345.000 5286.000 713064.000 1.000 1280.000 580.000 799.000 37905.142 155717.467 44556.544 4136779.761 91015150.622 1080886501235.632
6207.000 5327.000 713074.000 1.000 1280.000 580.000 818.000 22193.863 65848.962 28928.639 667549.756 637636489.165 5902825398884.912
6151.000 5390.000 713084.000 1.000 1260.000 580.000 825.000 24729.183 40244.583 11467.028 4739857.615 516023247.726 2698577521800.244
6181.000 5479.000 713094.000 1.000 1260.000 580.000 828.000 42730.921 53181.215 327.039 5818574.808 22225634.205 7406300782333.054
6268.000 5616.000 713104.000 1.000 1260.000 580.000 836.000 64829.572 100876.446 14140.965 5467691.486 302211936.341 5619595677700.055
6448.000 5784.000 713114.000 1.000 1260.000 570.000 840.000 85595.586 247616.236 82320.670 956316.395 1455442178.640 4583052259967.170
6697.000 5993.000 713124.000 1.000 1270.000 570.000 845.000 89227.627 557427.278 245932.470 3245196.987 1745760502.249 21925951279.648
6993.000 6158.000 713134.000 1.000 1280.000 570.000 821.000 76902.534 1087036.710 436809.681 6993759.592 867726980.055 15183777931507.990
7252.000 6293.000 713144.000 1.000 1300.000 560.000 763.000 50340.591 1694189.962 633481.944 4588816.360 8382547.321 2225149540180.731
7427.000 6370.000 713154.000 1.000 1310.000 570.000 613.000 32912.500 2180378.646 761981.976 2066231.479 211203092.278 1062737010229.583
7547.000 6405.000 713164.000 1.000 1320.000 570.000 310.000 25065.058 2549165.173 824311.081 437061.574 500876489.278 7075925969954.236
6478.000 7366.000 713315.000 0.000 1340.000 520.000 537.000 0.000 278372.867 3492846.228 0.000 2251059157.518 9592169922237.098
6478.000 7366.000 713325.000 1.000 1340.000 520.000 527.000 0.000 278372.867 3492846.228 0.000 2251059157.518 9592169922237.098
6478.000 7366.000 713335.000 1.000 1350.000 520.000 520.000 0.000 278372.867 3492846.228 0.000 2251059157.518 9592169922237.098
6478.000 7366.000 713345.000 1.000 1350.000 520.000 533.000 0.000 278372.867 3492846.228 3535671.390 2251059157.518 192324825583.009
6478.000 7366.000 713355.000 1.000 1350.000 510.000 586.000 13428.300 278372.867 3492846.228 2968136.929 1157158200.040 16637366743.599
6529.000 7366.000 713365.000 1.000 1360.000 510.000 656.000 24701.133 334790.141 3492846.228 10981142.406 517298410.268 62157764424952.289
6578.000 7286.000 713375.000 1.000 1360.000 510.000 722.000 66406.953 393894.973 3200219.702 7496790.029 359543219.247 19357071322556.523
6629.000 7039.000 713385.000 1.000 1350.000 520.000 761.000 94879.380 460512.246 2377504.302 12878612.540 2249989280.651 95677540636917.109
6678.000 6682.000 713395.000 1.000 1350.000 520.000 782.000 143791.695 529417.078 1404025.428 6761020.296 9282622416.858 13424144525273.525
6726.000 6138.000 713405.000 1.000 1340.000 520.000 793.000 169469.706 601571.689 410773.049 4051633.280 14889948804.451 911090168916.293
6811.000 5500.000 713415.000 1.000 1340.000 540.000 777.000 184857.603 740650.478 8.502 6940925.551 18882133296.086 14774819236179.152
6865.000 4800.000 713425.000 1.000 1330.000 540.000 785.000 158496.321 836512.415 485926.397 10948990.580 12332323026.414 61651826914709.844
6899.000 4199.000 713435.000 1.000 1310.000 560.000 790.000 116912.612 899861.931 1685022.618 7270336.494 4825703533.906 17415712153171.328
6894.000 3755.000 713445.000 1.000 1280.000 570.000 790.000 89300.244 890400.825 3034857.397 2286382.138 1751833985.877 657300495352.317
6866.000 3417.000 713455.000 1.000 1240.000 580.000 799.000 80616.681 838342.636 4326750.323 3173005.656 1100338653.915 5758200877.459
6822.000 3114.000 713465.000 1.000 1190.000 600.000 802.000 68565.767 759704.910 5679090.354 2363418.452 446072939.773 538322137543.210
6780.000 2857.000 713475.000 1.000 1150.000 620.000 806.000 59589.624 688253.625 6970044.639 5622260.961 147483923.162 6376322500623.168
6768.000 2631.000 713485.000 1.000 1100.000 630.000 803.000 38236.563 668486.973 8214438.702 4736724.082 84801354.473 2688292213610.496
6776.000 2486.000 713495.000 1.000 1060.000 630.000 774.000 20246.726 681632.741 9066628.123 2862302.704 739763955.622 55140499014.746
6803.000 2414.000 713505.000 1.000 1020.000 630.000 720.000 9375.846 726944.710 9505408.249 457065.893 1449285466.561 6969900714249.939
6831.000 2392.000 713515.000 1.000 1000.000 640.000 691.000 11111.759 775474.899 9641547.954 5362244.839 1320128242.780 5130777643887.594
6865.000 2417.000 713525.000 1.000 980.000 640.000 620.000 31477.292 836512.415 9486918.744 3803560.709 254978176.555 499054454503.093
6901.000 2531.000 713535.000 1.000 960.000 640.000 483.000 45923.022 903660.373 8797655.544 4765749.747 2317415.830 2784315735267.798
6913.000 2705.000 713545.000 1.000 940.000 640.000 254.000 64023.097 926619.025 7795734.239 665383.371 274822422.051 5913356873505.356
6775.000 5157.000 713646.000 0.000 1140.000 610.000 470.000 38499.466 679982.520 115657.270 6124924.358 80028448.524 9167581997025.631
6783.000 5303.000 713656.000 1.000 1160.000 600.000 643.000 15237.315 693240.289 37668.681 789621.692 1037356107.172 5324561574982.645
6726.000 5313.000 713666.000 1.000 1180.000 600.000 650.000 18236.258 601571.689 33886.997 1185042.209 853169775.492 3656052361786.509
6657.000 5319.000 713676.000 1.000 1190.000 600.000 652.000 22736.988 499298.436 31713.986 1480729.162 610502069.977 2612728541164.651
6581.000 5278.000 713686.000 1.000 1210.000 590.000 659.000 28360.722 397669.636 47997.891 5033204.095 364222189.590 3748410603340.794
6500.000 5207.000 713696.000 1.000 1210.000 590.000 664.000 47476.575 302071.731 84148.849 5544129.846 976.369 5987843258821.740
6397.000 5059.000 713706.000 1.000 1210.000 590.000 684.000 68532.898 199460.962 191917.776 3622797.097 444685604.731 276333418330.414
6279.000 4827.000 713716.000 1.000 1210.000 590.000 707.000 82292.097 107984.878 449012.849 2326606.742 1214297303.504 593695066280.017
6160.000 4538.000 713726.000 1.000 1200.000 580.000 721.000 91128.431 43936.573 919842.523 3700274.702 1908213479.892 363792161586.714
6041.000 4213.000 713736.000 1.000 1200.000 580.000 737.000 77074.976 8210.267 1648872.260 2267649.923 877916035.302 688025329728.224
5921.000 3946.000 713746.000 1.000 1180.000 590.000 749.000 68462.557 863.741 2405862.228 4506025.625 441723911.077 1985007041118.841
5796.000 3718.000 713756.000 1.000 1180.000 590.000 761.000 51348.901 23836.110 3165140.628 3461791.780 15237881.468 132983431539.855
5669.000 3570.000 713766.000 1.000 1180.000 590.000 755.000 38201.192 79180.036 3713653.554 1718086.740 85454052.041 1901740581216.157
5556.000 3479.000 713776.000 1.000 1170.000 590.000 727.000 31675.986 155543.057 4072663.881 3807983.622 248672149.935 505323043079.805
5448.000 3426.000 713786.000 1.000 1150.000 600.000 731.000 17213.458 252395.183 4289389.807 456141.710 913965969.107 6974781359873.854
5383.000 3419.000 713796.000 1.000 1130.000 600.000 731.000 15481.055 321930.815 4318433.986 1384843.728 1021714754.138 2931899777398.136
5344.000 3463.000 713806.000 1.000 1130.000 600.000 716.000 20740.621 367708.194 4137498.576 6029704.283 713141380.735 8600033885563.064
5355.000 3541.000 713816.000 1.000 1130.000 610.000 708.000 43641.131 354488.625 3826265.439 3884394.072 14471915.496 619795983536.155
5411.000 3697.000 713826.000 1.000 1130.000 610.000 710.000 58393.862 290941.004 3240303.165 3577909.449 119870394.790 231155757776.107
5498.000 3901.000 713836.000 1.000 1130.000 610.000 707.000 71982.580 204656.236 2547484.807 3034105.691 602076731.321 3971161804.394
5636.000 4137.000 713846.000 1.000 1130.000 610.000 705.000 83505.959 98840.741 1849829.060 353141.909 1300369101.665 7529431381752.876
5804.000 4406.000 713856.000 1.000 1140.000 620.000 716.000 84847.174 21429.878 1190464.754 212725.863 1398898077.515 8319745954628.639
5993.000 4667.000 713866.000 1.000 1150.000 620.000 724.000 85655.096 1815.657 689039.797 1666139.756 1459986363.776 2047712603414.057
6195.000 4922.000 713876.000 1.000 1150.000 620.000 754.000 79327.182 59834.310 330721.849 1721880.103 1016452608.772 1891292601739.875
6404.000 5139.000 713886.000 1.000 1180.000 620.000 777.000 72787.569 205762.510 128224.302 1433538.956 642229174.367 2767511358542.188
6618.000 5314.000 713896.000 1.000 1200.000 620.000 817.000 67343.061 445703.815 33519.828 3611870.147 395919774.979 264964784049.337
6828.000 5460.000 713906.000 1.000 1220.000 610.000 845.000 53625.362 770200.236 1375.239 1280599.572 38192819.135 3299756804410.039
7022.000 5522.000 713916.000 1.000 1220.000 610.000 863.000 48761.710 1148349.120 620.797 1799525.693 1732861.334 1683758371063.936
7206.000 5501.000 713926.000 1.000 1230.000 610.000 899.000 55596.217 1576557.794 15.333 2165673.569 66436990.032 867597755329.680
7403.000 5425.000 713936.000 1.000 1240.000 620.000 894.000 63821.335 2110077.341 5196.133 503839.032 268173602.334 6725120939135.452
7591.000 5272.000 713946.000 1.000 1260.000 610.000 905.000 65734.890 2691602.899 50662.902 638163.106 334508074.879 6046483002164.352
7771.000 5099.000 713956.000 1.000 1270.000 620.000 939.000 68158.601 3314622.689 158471.039 2200310.948 429039674.666 804271580111.157
7950.000 4912.000 713966.000 1.000 1270.000 620.000 961.000 76515.270 3998442.257 342323.533 1572771.206 845061522.681 2323647921889.314
8125.000 4680.000 713976.000 1.000 1270.000 630.000 979.000 82488.575 4728930.941 667626.607 1206585.152 1228029154.032 3574132771837.824
8343.000 4455.000 713986.000 1.000 1290.000 640.000 1000.000 87071.124 5724585.131 1085939.502 1541851.361 1570203701.543 2418869391562.965
8589.000 4234.000 713996.000 1.000 1290.000 640.000 1018.000 92926.997 6962265.510 1595381.723 1317479.213 2068582206.887 3167131459915.445
8844.000 3990.000 714006.000 1.000 1300.000 650.000 1023.000 87923.278 8372981.878 2271302.818 503957.517 1638464428.959 6724506422708.782
9102.000 3778.000 714016.000 1.000 1300.000 660.000 1023.000 86009.273 9932648.910 2955250.523 2178365.156 1487177847.062 844115692644.001
9367.000 3587.000 714026.000 1.000 1300.000 660.000 1023.000 77735.953 11673227.489 3648421.691 2909549.783 917521957.470 35183653903.968
9634.000 3461.000 714036.000 1.000 1280.000 660.000 1023.000 66685.631 13568986.510 4145638.912 1390291.141 370189256.089 2913274468654.207
9881.000 3405.000 714046.000 1.000 1300.000 670.000 1023.000 61405.376 15449699.110 4376816.344 2674201.447 194882937.664 178862509598.563
10114.000 3395.000 714056.000 1.000 1280.000 680.000 982.000 51248.895 17335652.615 4418758.028 1769388.112 14467121.243 1762879523450.765
10301.000 3449.000 714066.000 1.000 1280.000 680.000 878.000 44528.849 18927811.952 4194648.933 11724445.942 8505850.279 74430703805499.453
10450.000 3529.000 714076.000 1.000 1280.000 680.000 636.000 0.000 20246494.889 3873355.460 0.000 2251059157.518 9592169922237.098
