3395.000 6924.000 63669832.000 0.000 1400.000 580.000 180.000 12406.042 2806056.456 2105049.257 1260720.183 200534829.236 78052530563.276
3400.000 6989.000 63669842.000 1.000 1410.000 560.000 217.000 19030.951 2789330.168 2297888.500 1715613.874 56793150.899 539156134862.064
3335.000 7065.000 63669852.000 1.000 1420.000 530.000 255.000 10015.639 3010671.911 2534078.075 120071.878 273950002.816 741785108840.816
3322.000 7116.000 63669862.000 1.000 1430.000 500.000 274.000 10646.600 3055954.259 2699050.712 2122164.894 253461494.556 1301478351336.790
3345.000 7167.000 63669872.000 1.000 1440.000 480.000 276.000 21798.281 2976069.335 2869225.348 2570940.440 22741387.327 2526825256885.453
3440.000 7231.000 63669882.000 1.000 1430.000 480.000 287.000 35308.215 2657319.865 3090137.833 1486435.203 76407544.790 255119797147.111
3611.000 7303.000 63669892.000 1.000 1440.000 470.000 287.000 43119.225 2129056.820 3348456.378 475004.214 273973700.470 256377298491.812
3832.000 7353.000 63669902.000 1.000 1440.000 470.000 291.000 40623.144 1532962.895 3533944.257 386543.640 197573101.928 353784319579.284
4044.000 7378.000 63669912.000 1.000 1440.000 470.000 291.000 42654.377 1052940.289 3628563.197 1025358.665 258801315.620 1937523741.700
4268.000 7386.000 63669922.000 1.000 1440.000 470.000 292.000 37266.260 643410.592 3659105.257 669509.083 114472579.604 97239364712.572
4463.000 7368.000 63669932.000 1.000 1440.000 470.000 291.000 33748.083 368605.365 3590565.621 1126328.800 51566889.279 21021359741.446
4634.000 7321.000 63669942.000 1.000 1450.000 470.000 296.000 27829.382 190208.320 3414656.015 1268996.139 1593421.315 82745275817.179
4765.000 7256.000 63669952.000 1.000 1450.000 470.000 306.000 21160.984 93103.577 3178656.772 7171.265 29225809.825 949007360663.891
4839.000 7173.000 63669962.000 1.000 1450.000 470.000 324.000 21123.300 53420.517 2889587.893 333314.256 29634676.105 419939118652.438
4875.000 7068.000 63669972.000 1.000 1450.000 470.000 358.000 22874.820 38075.244 2543638.348 671292.384 13632740.104 96130363276.615
4882.000 6948.000 63669982.000 1.000 1440.000 480.000 409.000 26402.368 35392.441 2175267.439 296636.405 27128.089 468820866033.543
4850.000 6813.000 63669992.000 1.000 1440.000 480.000 440.000 27961.151 48456.683 1795275.166 1903136.635 1943450.492 849706541624.161
4792.000 6678.000 63670002.000 1.000 1450.000 480.000 467.000 37961.869 77355.623 1451732.893 804039.004 129841351.538 31436123017.332
4677.000 6515.000 63670012.000 1.000 1450.000 480.000 491.000 42186.982 154550.244 1085511.409 233735.975 243981523.798 558913801452.397
4549.000 6334.000 63670022.000 1.000 1450.000 480.000 496.000 40958.732 271575.214 741112.287 146325.857 207119818.026 697250878825.812
4412.000 6168.000 63670032.000 1.000 1440.000 490.000 490.000 40189.810 433133.501 482856.530 183712.575 185578934.268 636211667747.564
4273.000 6009.000 63670042.000 1.000 1440.000 490.000 485.000 39224.426 635414.304 287166.075 823786.816 160208557.926 24823432179.415
4136.000 5855.000 63670052.000 1.000 1440.000 490.000 467.000 34895.541 872596.592 145831.409 1932789.752 69363361.434 905254055656.930
4000.000 5732.000 63670062.000 1.000 1430.000 500.000 392.000 24739.000 1145175.623 67018.227 1956506.651 3341854.799 950947358113.149
3896.000 5654.000 63670072.000 1.000 1430.000 500.000 223.000 14457.830 1378578.411 32717.136 614187.041 146633791.903 134802288937.015
3793.000 6253.000 63670152.000 0.000 1360.000 510.000 222.000 40277.569 1631057.941 608210.924 4731480.091 187977671.275 14063540553055.010
3894.000 6439.000 63670162.000 1.000 1360.000 510.000 255.000 15414.300 1383278.926 932921.833 2025818.859 124384369.416 1090933260207.647
3894.000 6520.000 63670172.000 1.000 1360.000 510.000 309.000 4768.904 1383278.926 1095955.197 174243.057 475160218.321 651407659662.907
3882.000 6542.000 63670182.000 1.000 1350.000 510.000 329.000 3853.281 1411650.017 1142501.863 310954.196 515916395.544 449418940483.847
3871.000 6525.000 63670192.000 1.000 1350.000 510.000 325.000 2219.260 1437909.850 1106448.984 2852397.946 592816049.899 3500852773613.434
3865.000 6515.000 63670202.000 1.000 1350.000 510.000 329.000 17208.214 1452335.395 1085511.409 1877995.912 87588261.776 803989397890.185
3816.000 6439.000 63670212.000 1.000 1350.000 510.000 329.000 27076.821 1572839.017 932921.833 1364408.753 259841.934 146740632820.875
3738.000 6320.000 63670222.000 1.000 1360.000 500.000 327.000 34246.599 1774567.107 717203.681 129368.795 58975103.178 725857239856.145
3619.000 6185.000 63670232.000 1.000 1360.000 500.000 330.000 33566.784 2105774.759 506771.409 354335.175 48995939.130 393136747449.669
3502.000 6053.000 63670242.000 1.000 1370.000 510.000 334.000 31704.802 2459027.895 336259.409 49435.753 26396248.301 868448047607.875
3393.000 5927.000 63670252.000 1.000 1380.000 500.000 332.000 31445.024 2812760.971 206005.954 1513931.079 23794395.537 283651816071.295
3291.000 5797.000 63670262.000 1.000 1380.000 500.000 335.000 23489.527 3165299.244 104897.469 934775.294 9471295.957 2168397865.608
3211.000 5703.000 63670272.000 1.000 1380.000 500.000 332.000 18577.413 3456359.850 52844.257 1138302.857 63834683.984 24636913688.000
3144.000 5632.000 63670282.000 1.000 1370.000 510.000 325.000 12595.790 3709972.107 25242.469 917510.327 195196778.514 4074399900.523
3114.000 5573.000 63670292.000 1.000 1370.000 510.000 312.000 7774.401 3826439.835 9975.772 350687.124 353164561.048 397724756756.247
3129.000 5535.000 63670302.000 1.000 1370.000 510.000 317.000 9617.213 3767980.971 3828.984 1561231.476 287297790.231 336272554568.445
3174.000 5512.000 63670312.000 1.000 1370.000 520.000 317.000 17821.267 3595304.380 1511.560 1834621.023 76489141.274 728086194963.811
3267.000 5523.000 63670322.000 1.000 1370.000 520.000 316.000 27461.945 3251273.426 2487.893 1281251.650 800793.985 89946186151.202
3407.000 5558.000 63670332.000 1.000 1360.000 520.000 314.000 34194.744 2765997.365 7204.409 1136573.030 58181348.589 24096873494.840
3579.000 5610.000 63670342.000 1.000 1360.000 520.000 312.000 40167.277 2223465.062 18735.803 561686.245 184965519.787 176110409804.018
3785.000 5656.000 63670352.000 1.000 1340.000 520.000 316.000 37215.694 1651556.001 33444.651 455363.922 113393106.452 276652258088.716
3976.000 5698.000 63670362.000 1.000 1340.000 520.000 316.000 34822.820 1197117.804 50570.469 257324.421 68157340.891 524200518053.061
4158.000 5717.000 63670372.000 1.000 1330.000 530.000 317.000 36175.024 831978.926 59476.863 1471584.572 92312701.892 240338413619.496
4348.000 5723.000 63670382.000 1.000 1330.000 530.000 305.000 28442.052 521469.986 62439.409 745960.776 3515542.245 55404016103.747
4495.000 5696.000 63670392.000 1.000 1330.000 530.000 314.000 24522.132 330773.123 49674.954 145163.314 4181788.062 699193713171.942
4612.000 5642.000 63670402.000 1.000 1310.000 540.000 339.000 23759.319 209881.986 28520.045 50764.999 7883488.523 865972350920.026
4714.000 5570.000 63670412.000 1.000 1310.000 540.000 358.000 24026.082 126827.714 9385.500 472135.632 6456640.691 259290466461.150
4796.000 5474.000 63670422.000 1.000 1310.000 540.000 371.000 26507.089 75146.592 0.772 237125.979 3598.208 553856523134.755
4865.000 5353.000 63670432.000 1.000 1310.000 540.000 391.000 27753.153 42077.820 14429.106 394803.611 1406783.233 344026522977.084
4915.000 5216.000 63670442.000 1.000 1310.000 540.000 394.000 25678.515 24064.941 66111.318 21556.994 789537.218 921186016086.427
4943.000 5084.000 63670452.000 1.000 1330.000 540.000 407.000 25791.794 16161.729 151415.318 156007.369 601059.184 681176185407.918
4955.000 4949.000 63670462.000 1.000 1340.000 540.000 418.000 24971.997 13254.638 274703.045 710328.139 2544270.853 73448162248.841
4945.000 4805.000 63670473.000 1.000 1340.000 540.000 444.000 29077.940 15657.214 446385.954 59451.623 6304447.728 849880674572.801
4907.000 4657.000 63670483.000 1.000 1340.000 540.000 460.000 28765.530 26611.001 666053.833 733230.087 4833208.484 61559200395.067
4850.000 4517.000 63670493.000 1.000 1340.000 540.000 473.000 32618.552 48456.683 914167.772 562787.511 36620385.159 175187318786.137
4754.000 4375.000 63670503.000 1.000 1350.000 540.000 499.000 35575.922 99937.411 1205870.197 161646.719 81159341.059 671899293269.206
4636.000 4230.000 63670513.000 1.000 1350.000 540.000 526.000 34726.491 188467.804 1545350.348 452268.883 66576084.667 279917678680.242
4504.000 4104.000 63670523.000 1.000 1350.000 540.000 548.000 32349.881 320501.804 1874492.893 681982.106 33440856.011 89615958859.658
4377.000 3991.000 63670533.000 1.000 1350.000 540.000 566.000 28766.160 480427.517 2196683.287 695861.256 4835978.936 81498885873.964
4252.000 3906.000 63670543.000 1.000 1360.000 550.000 591.000 25109.506 669334.714 2455868.893 916993.091 2124504.673 4140698842.895
4133.000 3849.000 63670553.000 1.000 1360.000 550.000 603.000 20290.835 878210.365 2637769.712 657882.705 39391176.841 104625497068.906
4033.000 3812.000 63670563.000 1.000 1360.000 550.000 617.000 16833.753 1075636.123 2759323.681 518242.848 94737539.016 214460225480.584
3945.000 3803.000 63670573.000 1.000 1360.000 550.000 613.000 14110.459 1265914.789 2789304.863 78700.087 155167258.957 814761255373.286
3872.000 3816.000 63670583.000 1.000 1360.000 550.000 613.000 14524.017 1435512.592 2746050.712 169197.252 145035223.547 659578041047.507
3801.000 3844.000 63670593.000 1.000 1360.000 550.000 613.000 15413.125 1610687.880 2654035.924 480432.522 124410579.816 250909657133.166
3733.000 3888.000 63670603.000 1.000 1360.000 550.000 585.000 17937.731 1787913.395 2512609.257 325456.008 74465561.788 430185585994.460
3662.000 3950.000 63670613.000 1.000 1360.000 550.000 510.000 19647.957 1982826.683 2319898.227 172283.157 47874181.003 654575164772.202
3590.000 4024.000 63670623.000 1.000 1360.000 550.000 361.000 20553.281 2190781.229 2099952.287 4009.050 36165707.067 955178430798.253
3526.000 4111.000 63670633.000 1.000 1350.000 540.000 95.000 20532.214 2384333.714 1855374.197 6127.068 36419536.043 951042901978.356
2826.000 4784.000 63670723.000 0.000 1330.000 530.000 247.000 20821.986 5036114.017 474888.045 545034.043 33006036.911 190364068898.261
2722.000 4750.000 63670733.000 1.000 1310.000 540.000 282.000 17957.908 5513708.804 522904.287 1324165.441 74117740.390 117528355203.951
2630.000 4771.000 63670743.000 1.000 1310.000 540.000 358.000 10999.603 5954228.501 492974.197 2093224.451 242346155.459 1236284023264.297
2595.000 4817.000 63670753.000 1.000 1310.000 540.000 374.000 0.000 6126262.517 430495.045 1593419.960 705809424.544 374640220952.308
2595.000 4817.000 63670763.000 1.000 1310.000 540.000 381.000 8373.200 6126262.517 430495.045 1797967.150 331017053.609 666877692066.050
2639.000 4817.000 63670773.000 1.000 1310.000 540.000 386.000 17821.267 5910387.183 430495.045 1275736.756 76489141.274 86668653213.861
2732.000 4828.000 63670783.000 1.000 1330.000 530.000 384.000 24525.086 5466846.229 416181.378 1919063.223 4169715.271 879322305177.932
2860.000 4843.000 63670793.000 1.000 1330.000 530.000 384.000 34609.496 4884669.259 397052.742 1649155.024 64680550.529 445975098962.010
3040.000 4869.000 63670803.000 1.000 1330.000 530.000 382.000 43275.576 4121422.895 364962.439 1060117.150 279174036.806 6205626167.920
3265.000 4902.000 63670813.000 1.000 1330.000 530.000 362.000 48846.344 3258489.941 326179.439 1408546.174 496365868.695 182503958949.713
3519.000 4939.000 63670823.000 1.000 1340.000 520.000 312.000 56248.058 2406000.517 285285.469 6185.321 880960807.161 950929287056.262
3808.000 5001.000 63670833.000 1.000 1340.000 520.000 225.000 56280.561 1592969.077 222898.439 3016557.958 882891305.647 4142106628620.158
4093.000 5080.000 63670843.000 1.000 1340.000 520.000 101.000 40428.969 954780.668 154544.287 149048.622 192152131.101 692711190340.259
7224.000 6457.000 63671004.000 0.000 1410.000 520.000 436.000 27818.970 4639161.198 968017.469 1247683.681 1567243.424 70938235599.714
7361.000 6406.000 63671014.000 1.000 1430.000 520.000 449.000 21262.566 5248090.911 870262.833 1806548.538 28137805.845 680966897913.059
7283.000 6486.000 63671024.000 1.000 1430.000 520.000 448.000 11769.405 4896799.001 1025923.439 2050085.344 218971009.851 1142213717958.554
7259.000 6429.000 63671034.000 1.000 1460.000 520.000 461.000 22542.318 4791157.183 913704.257 1429386.688 16198661.408 200744622072.703
7235.000 6313.000 63671044.000 1.000 1460.000 520.000 474.000 30053.546 4686667.365 705396.378 1575320.337 12155486.531 352811033244.679
7200.000 6159.000 63671054.000 1.000 1460.000 520.000 473.000 38331.635 4536351.380 470429.712 42282.567 138404893.918 881831403862.585
7158.000 5962.000 63671064.000 1.000 1480.000 510.000 498.000 38109.446 4359206.198 239002.469 71511.315 133226349.812 827790698336.573
7128.000 5764.000 63671074.000 1.000 1470.000 520.000 510.000 37733.664 4234833.926 84610.469 17238.325 124692730.705 929494648905.529
7087.000 5570.000 63671084.000 1.000 1470.000 520.000 521.000 37824.249 4067769.486 9385.500 292448.853 126723987.446 474572876775.443
7032.000 5379.000 63671094.000 1.000 1470.000 520.000 526.000 36287.471 3848938.653 8858.803 1580063.945 94486116.512 358468741980.696
6972.000 5198.000 63671104.000 1.000 1470.000 520.000 537.000 27984.455 3617114.107 75691.681 1091489.628 2008968.706 12132642450.428
6927.000 5058.000 63671114.000 1.000 1470.000 530.000 533.000 22248.829 3447970.698 172325.621 710561.360 18647240.469 73321804695.237
6897.000 4945.000 63671124.000 1.000 1470.000 530.000 529.000 18514.928 3337458.426 278912.015 837437.796 64837056.303 20708233763.040
6876.000 4850.000 63671134.000 1.000 1470.000 530.000 513.000 14114.309 3261170.835 388280.045 549321.693 155071357.843 186640986763.976
6871.000 4776.000 63671144.000 1.000 1470.000 550.000 490.000 11227.700 3243137.123 485977.984 1013994.520 235296396.804 1066229304.740
6871.000 4717.000 63671154.000 1.000 1460.000 550.000 393.000 5899.300 3243137.123 571719.287 1235035.392 427156884.933 64360665343.413
6871.000 4686.000 63671164.000 1.000 1450.000 560.000 146.000 12389.239 3243137.123 619559.803 354829.044 201011007.221 392517673527.856
7063.000 5577.000 63671304.000 0.000 1350.000 540.000 478.000 38493.320 3971535.668 10790.803 4150602.091 142235342.026 10044213624419.906
7259.000 5527.000 63671314.000 1.000 1350.000 540.000 473.000 16682.484 4791157.183 2902.924 28216.162 97705120.816 908447630022.053
7341.000 5558.000 63671324.000 1.000 1350.000 540.000 478.000 16534.212 5156856.062 7204.409 1020906.406 100658321.279 1565393406.304
7323.000 5643.000 63671334.000 1.000 1360.000 540.000 483.000 11169.491 5075428.698 28858.803 1681234.085 237085564.342 489849836083.731
7377.000 5620.000 63671344.000 1.000 1350.000 530.000 483.000 20004.142 5321654.789 21573.378 706045.351 43072077.332 75787888804.778
7480.000 5599.000 63671354.000 1.000 1350.000 530.000 477.000 23714.312 5807479.259 15845.469 122711.339 8138251.418 737245501214.840
7603.000 5579.000 63671364.000 1.000 1360.000 520.000 466.000 24359.143 6415436.577 11210.318 251613.328 4874959.602 532502990702.587
7730.000 5563.000 63671374.000 1.000 1360.000 520.000 396.000 25681.336 7074914.865 8078.197 681106.155 784531.925 90141174213.628
7864.000 5547.000 63671384.000 1.000 1370.000 530.000 257.000 22102.218 7805716.350 5458.075 142425.020 19934939.710 703780614041.094
6099.000 4662.000 63671554.000 0.000 1410.000 560.000 455.000 34825.420 1058575.971 657917.621 4128505.216 68200277.530 9904640379571.715
5990.000 4515.000 63671564.000 1.000 1400.000 550.000 443.000 13130.700 846163.047 917996.257 318395.307 180536148.100 439497460117.971
5990.000 4584.000 63671574.000 1.000 1390.000 560.000 453.000 11457.577 846163.047 790536.530 3650091.587 228296901.653 7122227810625.905
6030.000 4539.000 63671584.000 1.000 1380.000 550.000 458.000 30638.300 921352.744 872582.439 2907939.665 16574880.588 3711781055188.242
6191.000 4539.000 63671594.000 1.000 1380.000 550.000 461.000 45919.118 1256352.274 872582.439 1890165.026 374501604.339 825960468316.040
6431.000 4564.000 63671604.000 1.000 1380.000 550.000 463.000 55851.672 1851970.456 826501.378 755618.501 857587676.028 50950805986.835
6724.000 4581.000 63671614.000 1.000 1350.000 550.000 461.000 59822.342 2735289.986 795880.257 614898.312 1105912845.217 134280502413.923
7038.000 4596.000 63671624.000 1.000 1350.000 550.000 466.000 56591.137 3872517.107 769341.621 432025.911 901444354.934 301747454994.437
7335.000 4611.000 63671634.000 1.000 1350.000 550.000 464.000 54320.901 5129641.607 743252.984 865361.657 770274909.361 13451289921.155
7620.000 4627.000 63671644.000 1.000 1340.000 560.000 485.000 49773.546 6501843.198 715921.106 1939375.084 538540339.522 917828629428.952
7881.000 4644.000 63671654.000 1.000 1340.000 560.000 501.000 39582.400 7900996.971 687441.984 1827535.013 169398709.111 716043709954.953
8089.000 4644.000 63671664.000 1.000 1350.000 570.000 519.000 29978.958 9113583.395 687441.984 449442.582 11640951.964 282916302760.551
8262.000 4634.000 63671675.000 1.000 1350.000 570.000 540.000 32576.892 10188041.835 704124.409 1123076.383 36117911.574 20088818684.003
8433.000 4626.000 63671685.000 1.000 1350.000 570.000 536.000 26675.282 11308902.789 717614.348 723227.919 11708.957 66622544893.399
8573.000 4619.000 63671695.000 1.000 1360.000 570.000 544.000 22874.820 12270106.729 729523.045 767883.336 13632740.104 45564325089.491
8693.000 4612.000 63671705.000 1.000 1350.000 580.000 540.000 18839.700 13125195.820 741529.742 1086422.700 59712309.990 11042089453.899
8792.000 4612.000 63671715.000 1.000 1360.000 580.000 529.000 13130.700 13852325.320 741529.742 736518.471 180536148.100 59938243628.684
8861.000 4612.000 63671725.000 1.000 1360.000 580.000 473.000 9260.398 14370704.547 741529.742 1762253.739 299521036.529 609824154359.741
8909.000 4620.000 63671735.000 1.000 1360.000 580.000 196.000 0.000 14736932.183 727815.803 0.000 705809424.544 963030851420.115
