3038.000 4981.000 1474740.000 0.000 1170.000 520.000 481.000 19966.893 10898595.738 8140.647 2555031.735 459959425.203 138989050308.259
2990.000 4918.000 1474750.000 1.000 1170.000 520.000 564.000 9831.900 11217824.742 741.230 704813.365 997401100.795 2182728540023.402
2951.000 4918.000 1474760.000 1.000 1180.000 530.000 602.000 12627.669 11480591.308 741.230 372205.230 828627386.166 3276151231611.010
2906.000 4940.000 1474770.000 1.000 1180.000 530.000 659.000 14104.088 11787563.500 2423.153 1476408.020 745807133.320 498169679184.819
2857.000 4967.000 1474780.000 1.000 1190.000 530.000 705.000 19960.526 12126428.108 5810.332 1944477.300 460232567.569 56521297707.468
2787.000 5004.000 1474790.000 1.000 1200.000 540.000 727.000 27673.645 12618850.406 12820.021 1332590.516 188785200.010 721869210489.993
2686.000 5047.000 1474800.000 1.000 1220.000 540.000 727.000 32959.605 13346616.436 24406.417 319784.564 71469315.642 3468663452503.330
2564.000 5094.000 1474810.000 1.000 1230.000 550.000 734.000 34228.088 14252906.155 41300.617 128275.791 51630974.290 4218684276338.482
2439.000 5147.000 1474820.000 1.000 1230.000 550.000 736.000 33719.259 15212356.687 65651.523 49037.484 59202231.928 4550465011334.640
2318.000 5204.000 1474830.000 1.000 1250.000 550.000 734.000 33913.775 16170870.802 98110.234 53689.233 56246740.005 4530640596578.712
2207.000 5280.000 1474840.000 1.000 1250.000 550.000 736.000 34126.743 17075920.874 151496.515 785901.078 53097667.945 1949704806988.586
2105.000 5369.000 1474850.000 1.000 1250.000 550.000 736.000 31009.325 17929314.508 228699.659 2495551.513 108248057.323 98177024114.336
2032.000 5468.000 1474860.000 1.000 1260.000 540.000 731.000 21110.271 18552851.619 333189.315 1740226.384 412223449.354 195357810566.912
1978.000 5532.000 1474870.000 1.000 1250.000 550.000 731.000 14207.350 19020956.249 411170.183 883789.995 740177735.447 1685918873865.030
1952.000 5582.000 1474880.000 1.000 1260.000 560.000 725.000 10701.638 19248419.959 477792.736 2735554.495 943222009.438 306179746920.821
1963.000 5623.000 1474890.000 1.000 1260.000 560.000 731.000 21552.707 19152020.313 536154.230 7977898.365 394453389.091 33589894870239.227
1998.000 5701.000 1474900.000 1.000 1260.000 560.000 721.000 53198.476 18846904.164 656465.413 6105767.210 138884300.190 15394227556065.736
2139.000 5858.000 1474910.000 1.000 1260.000 560.000 734.000 77418.100 17642537.964 935525.230 4900117.616 1296327068.837 7386970808622.363
2364.000 6067.000 1474920.000 1.000 1260.000 560.000 736.000 96855.298 15803027.006 1383506.502 1468233.929 3073786571.503 509775227557.426
2645.000 6329.000 1474930.000 1.000 1290.000 560.000 737.000 102679.312 13647868.210 2068492.681 324942.026 3753492654.380 3449479178311.652
2956.000 6592.000 1474940.000 1.000 1290.000 560.000 736.000 103968.253 11446733.287 2894168.310 1773333.417 3913089908.601 167187732638.452
3272.000 6857.000 1474950.000 1.000 1300.000 550.000 734.000 96934.007 9408342.342 3866042.842 3502178.746 3082520294.490 1742292721757.525
3558.000 7114.000 1474960.000 1.000 1310.000 560.000 730.000 83041.985 7735641.525 4942731.766 5844626.148 1732925962.483 13413223317273.699
3822.000 7311.000 1474970.000 1.000 1320.000 550.000 727.000 59858.224 6336810.002 5857491.625 4897549.473 340205716.253 7373017501333.773
4001.000 7467.000 1474980.000 1.000 1320.000 550.000 727.000 40431.213 5467656.840 6636937.991 3033875.013 965001.039 725317313263.151
4140.000 7547.000 1474990.000 1.000 1340.000 550.000 720.000 28396.802 4836929.849 7055534.076 3545163.309 169435928.012 1857616147264.618
4252.000 7559.000 1475000.000 1.000 1320.000 550.000 731.000 14334.274 4356830.172 7119427.489 2932433.755 733287603.746 562821604970.539
4299.000 7527.000 1475010.000 1.000 1310.000 550.000 727.000 25966.300 4162832.772 6949685.055 4419564.092 238617769.333 5005711349917.854
4299.000 7424.000 1475020.000 1.000 1310.000 550.000 745.000 43497.296 4162832.772 6417231.596 3291074.744 4341965.454 1229560213118.935
4276.000 7253.000 1475030.000 1.000 1310.000 550.000 755.000 56551.936 4257215.670 5580109.464 5382392.227 229170498.649 10241106235805.504
4212.000 7038.000 1475040.000 1.000 1310.000 550.000 765.000 77902.163 4525414.342 4610577.485 2689456.497 1331418319.379 257289490505.438
4120.000 6743.000 1475050.000 1.000 1310.000 550.000 784.000 88570.376 4925301.934 3430739.421 1294848.373 2223765515.591 787427308187.637
4008.000 6410.000 1475060.000 1.000 1310.000 550.000 785.000 93706.625 5434969.610 2308046.217 5368797.230 2734564891.425 10154278379303.211
3908.000 6052.000 1475070.000 1.000 1300.000 540.000 793.000 115002.925 5911230.036 1348444.736 33695.434 5415394984.938 4616155156519.189
3822.000 5604.000 1475080.000 1.000 1290.000 550.000 796.000 115136.584 6336810.002 508690.659 1934916.155 5435084612.164 61158886244.571
3744.000 5154.000 1475090.000 1.000 1290.000 550.000 784.000 122811.777 6735593.134 69287.681 833955.624 6625670111.099 1817815162008.350
3650.000 4676.000 1475100.000 1.000 1270.000 550.000 787.000 126119.812 7232345.934 46128.072 3175130.929 7175149523.664 985873339523.709
3571.000 4182.000 1475110.000 1.000 1260.000 560.000 788.000 113525.084 7663496.670 502361.247 2874175.209 5200072230.532 478802866071.691
3502.000 3737.000 1475120.000 1.000 1250.000 560.000 794.000 102124.151 8050283.364 1331195.523 1744976.704 3685776143.230 191181159747.423
3432.000 3338.000 1475130.000 1.000 1230.000 560.000 797.000 95202.387 8452405.661 2411108.549 2916448.094 2893238161.356 539091801050.274
3343.000 2971.000 1475140.000 1.000 1200.000 570.000 803.000 83633.771 8977826.440 3685534.008 3064072.812 1782546414.152 777665471432.375
3242.000 2655.000 1475150.000 1.000 1200.000 580.000 808.000 71479.575 9593280.470 4998687.472 2065818.324 903965398.459 13549206378.808
3114.000 2402.000 1475160.000 1.000 1180.000 590.000 812.000 63285.135 10402573.815 6193998.353 2547365.122 478365895.172 133331411203.969
2978.000 2191.000 1475170.000 1.000 1170.000 590.000 820.000 53180.553 11298351.993 7288782.179 4065183.844 138462179.241 3545555163937.032
2836.000 2035.000 1475180.000 1.000 1150.000 600.000 822.000 37055.270 12273125.798 8155447.813 1441178.809 18994671.361 549141131311.479
2709.000 1961.000 1475190.000 1.000 1150.000 600.000 869.000 31338.575 13179093.538 8583578.434 1970790.742 101505275.676 44702069949.003
2586.000 1943.000 1475200.000 1.000 1150.000 600.000 870.000 23521.079 14087276.861 8689374.315 86804.585 320140792.736 4390763172841.882
2498.000 1974.000 1475210.000 1.000 1150.000 600.000 870.000 23176.753 14755602.036 8507573.298 70593.294 332581044.347 4458964736887.999
2432.000 2038.000 1475220.000 1.000 1150.000 600.000 870.000 22896.732 15267009.917 8138322.166 2168983.946 342872832.665 175176774.671
2400.000 2123.000 1475230.000 1.000 1170.000 590.000 858.000 31500.397 15518101.253 7660575.506 723153.136 98270754.347 2128874311160.268
2373.000 2245.000 1475240.000 1.000 1170.000 590.000 845.000 34368.914 15731552.568 7000122.536 587948.881 49627004.350 2541698431389.977
2354.000 2380.000 1475250.000 1.000 1160.000 580.000 817.000 36701.119 15882633.049 6303988.430 1820898.132 22207078.160 130553045935.268
2341.000 2525.000 1475260.000 1.000 1160.000 580.000 820.000 43924.039 15986419.904 5596888.834 2605719.970 6302516.539 179352747762.422
2350.000 2699.000 1475270.000 1.000 1170.000 580.000 815.000 54260.096 15914531.466 4803875.319 1928005.338 165033547.223 64624780331.261
2373.000 2913.000 1475280.000 1.000 1170.000 580.000 817.000 61907.876 15731552.568 3911591.847 4452471.713 420017084.064 5154045644942.519
2425.000 3153.000 1475290.000 1.000 1170.000 580.000 812.000 79569.406 15321761.147 3019860.102 985125.120 1455868762.253 1433034672887.614
2529.000 3451.000 1475300.000 1.000 1160.000 570.000 812.000 83477.082 14518402.304 2072950.519 762093.258 1769340079.580 2016758208985.812
2667.000 3752.000 1475310.000 1.000 1160.000 570.000 824.000 86500.062 13485802.917 1296807.289 1554835.826 2032792873.255 393610126745.002
2828.000 4055.000 1475320.000 1.000 1180.000 570.000 824.000 80332.526 12329242.632 698518.962 2593079.424 1514686096.352 168805973846.494
2994.000 4327.000 1475330.000 1.000 1180.000 570.000 820.000 70046.610 11191046.325 317841.651 1819287.969 819851686.086 131719210776.923
3165.000 4546.000 1475340.000 1.000 1180.000 570.000 817.000 62830.077 10076193.998 118869.434 1495160.226 458667300.477 472050284287.827
3332.000 4731.000 1475350.000 1.000 1190.000 560.000 776.000 56899.255 9043866.087 25527.881 2087689.512 239806821.987 8935896383.360
3486.000 4896.000 1475360.000 1.000 1190.000 560.000 681.000 48618.059 8141333.032 27.306 1359115.974 51904839.503 677499220793.604
3632.000 5022.000 1475370.000 1.000 1210.000 560.000 540.000 43226.881 7329484.810 17220.140 6327262.775 3288141.521 17181384727171.910
3772.000 5121.000 1475380.000 1.000 1210.000 560.000 322.000 18128.655 6591040.215 53003.796 157372.475 542186692.064 4100004998097.153
5144.000 5057.000 1475571.000 0.000 1200.000 480.000 364.000 30051.758 1428747.176 27630.927 5907820.559 129090491.601 13880104127654.033
5053.000 4980.000 1475581.000 1.000 1190.000 480.000 371.000 6617.325 1654573.164 7961.196 1668227.632 1210777807.595 264187519400.516
5033.000 4997.000 1475591.000 1.000 1190.000 490.000 391.000 0.000 1706425.249 11283.864 2275567.289 1715082758.375 8713831680.902
5033.000 4997.000 1475601.000 1.000 1200.000 500.000 468.000 9026.447 1706425.249 11283.864 830806.895 1048924937.151 1826315710893.629
5054.000 5026.000 1475611.000 1.000 1210.000 520.000 519.000 12321.992 1652001.559 18285.944 1717066.461 846319192.773 216367240215.697
5079.000 5068.000 1475621.000 1.000 1220.000 530.000 546.000 19133.045 1588361.453 31408.889 695190.456 496421244.563 2211255027722.536
5103.000 5140.000 1475631.000 1.000 1210.000 530.000 569.000 21890.643 1528442.951 62113.366 376875.382 381144196.971 3259266959503.710
5125.000 5224.000 1475641.000 1.000 1220.000 540.000 586.000 23385.587 1474529.657 111039.255 105928.134 325007726.256 4310985347864.358
5143.000 5315.000 1475651.000 1.000 1230.000 550.000 595.000 23805.770 1431138.781 179967.302 345092.127 310034186.415 3375036552252.103
5152.000 5409.000 1475661.000 1.000 1230.000 550.000 600.000 22436.900 1409686.342 268557.702 562069.051 360113536.090 2624887096087.335
5152.000 5498.000 1475671.000 1.000 1230.000 550.000 605.000 20207.352 1409686.342 368722.847 1381368.337 449703158.657 641362396795.589
5147.000 5578.000 1475681.000 1.000 1230.000 550.000 608.000 14727.906 1421584.364 472278.932 655680.335 712124004.723 2330321463003.045
5140.000 5636.000 1475691.000 1.000 1230.000 550.000 620.000 12127.032 1438325.593 555361.093 1150592.467 857700585.458 1064254092419.682
5123.000 5681.000 1475701.000 1.000 1230.000 550.000 620.000 7563.000 1479390.866 624456.391 88931.804 1145860254.152 4381852885563.061
5099.000 5699.000 1475711.000 1.000 1230.000 550.000 620.000 7210.236 1538349.368 653228.510 2153306.100 1169867212.839 835977894.713
5076.000 5682.000 1475721.000 1.000 1230.000 550.000 617.000 15751.712 1595932.266 626037.842 5380134.419 658530322.874 10226660581802.273
5028.000 5642.000 1475731.000 1.000 1230.000 550.000 619.000 37092.983 1719513.270 564339.800 3785572.423 18667365.426 2570740973046.886
4963.000 5510.000 1475741.000 1.000 1230.000 550.000 619.000 52109.137 1894207.547 383440.259 2520002.944 114395417.336 114097734538.927
4889.000 5317.000 1475751.000 1.000 1240.000 540.000 617.000 62105.182 2103376.261 181668.204 56730.063 428143317.669 4517704846557.866
4809.000 5084.000 1475761.000 1.000 1240.000 540.000 617.000 61880.152 2341824.602 37336.106 3580975.374 418881483.721 1956518324251.177
4726.000 4853.000 1475771.000 1.000 1240.000 540.000 645.000 47675.569 2602743.755 1426.910 2650392.342 39212785.974 219185920172.343
4668.000 4673.000 1475781.000 1.000 1240.000 540.000 662.000 37162.311 2793250.802 47425.719 3680587.647 18073098.197 2245107456589.954
4657.000 4526.000 1475791.000 1.000 1230.000 530.000 673.000 22562.598 2830140.449 133060.413 1668497.127 355358680.247 263910555614.565
4678.000 4439.000 1475801.000 1.000 1230.000 530.000 681.000 15944.204 2759924.759 204100.170 1319036.612 648687976.053 745084494983.186
4730.000 4403.000 1475811.000 1.000 1230.000 530.000 699.000 21176.400 2589853.338 237923.932 2489723.213 409542550.311 94558605880.781
4814.000 4403.000 1475821.000 1.000 1220.000 540.000 694.000 31052.335 2326546.581 237923.932 2734938.867 107354935.089 305498828741.162
4918.000 4469.000 1475831.000 1.000 1220.000 540.000 699.000 41900.962 2020099.738 177893.702 1898780.898 237562.987 80337374395.548
5038.000 4584.000 1475841.000 1.000 1220.000 540.000 702.000 49432.818 1693387.227 94110.574 1526022.056 64308536.339 430594931073.984
5170.000 4729.000 1475851.000 1.000 1220.000 540.000 702.000 55486.059 1367267.466 26170.979 3612887.453 198035293.857 2046811128453.495
5311.000 4898.000 1475861.000 1.000 1220.000 540.000 707.000 41154.891 1057405.266 52.208 2912983.231 66908.443 534015802532.631
5416.000 5023.000 1475871.000 1.000 1230.000 550.000 707.000 29600.019 852486.819 17483.591 3186979.125 139559695.762 1009542140503.540
5485.000 5118.000 1475881.000 1.000 1230.000 550.000 705.000 16958.293 729832.125 51631.442 3054345.281 598059969.778 760603583142.461
5530.000 5168.000 1475891.000 1.000 1230.000 550.000 708.000 4842.683 654969.934 76853.996 566507.776 1337428873.678 2610523994808.154
5542.000 5183.000 1475901.000 1.000 1230.000 550.000 716.000 2595.528 635690.683 85395.762 1648583.244 1506839426.982 284767528124.715
5537.000 5174.000 1475911.000 1.000 1250.000 550.000 728.000 9134.930 643688.704 80216.702 3055290.152 1041909803.860 762252568863.684
5520.000 5142.000 1475921.000 1.000 1250.000 550.000 727.000 21254.288 671255.976 63114.268 2043086.467 406396153.379 19357968126.389
5488.000 5064.000 1475931.000 1.000 1250.000 550.000 743.000 29358.558 724715.313 30007.085 1563709.746 145323016.895 382554170224.909
5447.000 4955.000 1475941.000 1.000 1250.000 550.000 755.000 35561.294 796203.087 4124.919 1657350.526 34248989.991 275487316338.238
5400.000 4822.000 1475951.000 1.000 1250.000 550.000 765.000 28987.115 882288.487 4729.927 1206428.332 154416477.277 952168173891.252
5370.000 4711.000 1475961.000 1.000 1250.000 550.000 779.000 24201.600 939546.615 32318.859 1151318.011 296251486.621 1062757637396.475
5370.000 4615.000 1475971.000 1.000 1250.000 550.000 787.000 19634.690 939546.615 76051.557 1264845.448 474319076.719 841574935376.001
5391.000 4540.000 1475981.000 1.000 1250.000 560.000 788.000 14617.453 899276.925 123042.727 1512820.587 718031225.155 448094747180.425
5432.000 4499.000 1475991.000 1.000 1250.000 560.000 796.000 20618.328 823197.151 153487.234 2048437.037 432441576.771 17897715920.231
5512.000 4482.000 1476001.000 1.000 1250.000 560.000 796.000 28743.822 684428.810 167096.566 2566614.974 160522201.791 147759970900.400
5618.000 4524.000 1476011.000 1.000 1230.000 560.000 794.000 38924.762 520276.759 134523.510 1969856.207 6194103.856 45098118233.439
5742.000 4616.000 1476021.000 1.000 1230.000 560.000 793.000 46738.551 356769.832 75501.008 2580226.861 28355554.030 158409953082.501
5878.000 4742.000 1476031.000 1.000 1230.000 560.000 788.000 56973.485 212799.653 22133.842 147724.297 242111338.707 4139170252205.084
6021.000 4917.000 1476041.000 1.000 1230.000 560.000 790.000 57559.460 101316.244 687.779 3719208.611 260690162.249 2362335889067.878
6170.000 5090.000 1476051.000 1.000 1240.000 570.000 785.000 42806.550 28663.210 39690.813 2427423.253 1940427.649 60124938194.785
6294.000 5206.000 1476061.000 1.000 1240.000 570.000 784.000 33177.739 2052.283 99367.136 5660243.233 67828709.063 12096649905875.252
6400.000 5284.000 1476071.000 1.000 1240.000 570.000 779.000 10725.366 3684.232 154626.319 1393656.951 941765107.596 621830708094.678
6437.000 5305.000 1476081.000 1.000 1260.000 580.000 774.000 5197.175 9544.874 171582.791 259470.396 1311626373.253 3696963664407.677
6457.000 5300.000 1476091.000 1.000 1270.000 570.000 784.000 6226.411 13852.789 167465.536 2474899.734 1238135290.342 85661788257.536
6466.000 5277.000 1476101.000 1.000 1270.000 570.000 782.000 16043.546 16052.351 149170.162 1827588.110 643637491.823 125763339309.716
6475.000 5214.000 1476111.000 1.000 1280.000 580.000 787.000 23293.003 18413.913 104474.744 1365785.531 328354501.325 666564233586.766
6459.000 5123.000 1476121.000 1.000 1280.000 580.000 788.000 28710.637 14327.581 53928.698 706603.779 161364193.392 2177441408771.493
6426.000 5014.000 1476131.000 1.000 1300.000 580.000 788.000 31513.508 7516.521 15184.532 1175190.116 98010983.346 1014107943231.853
6377.000 4899.000 1476141.000 1.000 1300.000 580.000 794.000 26851.905 1421.130 67.659 686706.787 212041728.302 2236557922770.943
6333.000 4802.000 1476151.000 1.000 1300.000 580.000 797.000 24127.959 39.717 7880.906 3970012.061 298791921.167 3196202661929.640
6291.000 4716.000 1476161.000 1.000 1280.000 580.000 796.000 8380.192 2333.096 30546.115 1540656.713 1091203247.080 411602658669.371
6279.000 4685.000 1476171.000 1.000 1280.000 580.000 785.000 2268.900 3636.347 42343.132 1193862.407 1532304223.618 976849510670.427
6288.000 4685.000 1476181.000 1.000 1280.000 580.000 794.000 7004.570 2631.908 42343.132 3719744.071 1183978432.050 2363982168290.065
6312.000 4699.000 1476191.000 1.000 1270.000 590.000 799.000 21759.604 745.406 36777.447 3197201.528 386277894.620 1030188756042.267
6375.000 4758.000 1476201.000 1.000 1270.000 590.000 802.000 34441.879 1274.338 17629.059 2091690.087 48604303.392 8195553311.752
6467.000 4859.000 1476211.000 1.000 1270.000 590.000 802.000 42738.944 16306.747 1009.617 463686.017 1756648.940 2953356927729.784
6577.000 4988.000 1476221.000 1.000 1270.000 590.000 802.000 44578.238 56500.279 9452.804 802470.098 10015201.630 1903708087590.945
6705.000 5110.000 1476231.000 1.000 1270.000 590.000 802.000 41395.096 133734.934 48059.834 491926.259 340.833 2857090842754.387
6836.000 5209.000 1476241.000 1.000 1270.000 590.000 803.000 39443.782 246708.776 101267.489 2977970.578 3880016.166 633219965420.733
6968.000 5293.000 1476251.000 1.000 1270.000 590.000 802.000 27631.126 395261.015 161785.379 3283488.299 189955422.568 1212793226838.043
7061.000 5351.000 1476261.000 1.000 1280.000 580.000 799.000 14606.579 520847.819 211807.540 1966349.496 718614105.083 46599807821.279
7115.000 5372.000 1476271.000 1.000 1290.000 590.000 794.000 6806.700 601707.189 231578.013 953316.150 1197634597.365 1510203154414.910
7142.000 5372.000 1476281.000 1.000 1290.000 590.000 797.000 10588.200 644323.874 231578.013 2547211.845 950202675.103 133219497810.727
7142.000 5330.000 1476291.000 1.000 1310.000 580.000 799.000 20692.174 644323.874 192919.068 1843479.737 429375740.944 114744547313.825
7111.000 5254.000 1476301.000 1.000 1320.000 590.000 797.000 28004.668 595517.606 131932.787 351749.332 179798322.017 3350620605130.965
7067.000 5152.000 1476311.000 1.000 1320.000 590.000 799.000 26609.391 529544.193 68238.779 1748947.027 219163350.610 187724933887.490
7021.000 5057.000 1476321.000 1.000 1320.000 590.000 797.000 19671.878 464711.989 27630.927 1743653.431 472700634.605 192340093660.202
6981.000 4990.000 1476331.000 1.000 1320.000 590.000 803.000 12755.363 411776.159 9845.706 2325865.272 821292121.390 20634141620.981
6965.000 4942.000 1476341.000 1.000 1310.000 600.000 799.000 3529.400 391497.827 2624.055 152607.979 1435209401.898 4119322448500.396
6965.000 4928.000 1476351.000 1.000 1310.000 600.000 799.000 4134.747 391497.827 1385.740 2289845.728 1389709724.510 11583430283.698
6975.000 4941.000 1476361.000 1.000 1310.000 600.000 802.000 13217.832 404111.785 2522.604 2796090.764 794998945.710 376838073241.533
7018.000 4971.000 1476371.000 1.000 1310.000 600.000 805.000 24309.029 460630.802 6436.136 1704114.067 292564900.812 228584692540.492
7081.000 5044.000 1476381.000 1.000 1310.000 600.000 808.000 31068.704 550115.734 23478.064 1788466.475 107015997.326 155041352025.633
7163.000 5136.000 1476391.000 1.000 1310.000 600.000 809.000 38162.978 678478.185 60135.562 950181.539 10566268.151 1517917247380.984
7273.000 5240.000 1476401.000 1.000 1310.000 600.000 815.000 41932.044 871791.717 121958.472 1280378.589 268828.081 813316816502.186
7402.000 5345.000 1476411.000 1.000 1310.000 600.000 820.000 36853.192 1129326.768 206320.834 1866783.861 20796934.988 99499568112.568
7525.000 5424.000 1476421.000 1.000 1310.000 600.000 815.000 29448.258 1405879.444 284329.468 1977103.830 143168396.045 42072389804.935
7624.000 5486.000 1476431.000 1.000 1310.000 600.000 815.000 21605.720 1650448.623 354293.434 1622959.800 392350432.917 312771280420.548
7708.000 5503.000 1476441.000 1.000 1310.000 600.000 812.000 15167.958 1873333.866 374820.102 3167.637 688831501.714 4748266508796.972
7764.000 5481.000 1476451.000 1.000 1340.000 600.000 814.000 15180.523 2029764.027 348366.179 2916050.280 688172107.674 538507786384.839
7799.000 5432.000 1476461.000 1.000 1340.000 600.000 815.000 26747.561 2130717.879 292925.076 1455458.762 215091458.143 528180999252.859
7820.000 5328.000 1476471.000 1.000 1340.000 600.000 817.000 32520.900 2192466.189 191166.166 1080424.970 79079360.326 1213950927027.075
7820.000 5199.000 1476481.000 1.000 1350.000 600.000 820.000 36806.600 2192466.189 95002.979 762652.920 21224058.916 2015168940953.384
7820.000 5053.000 1476491.000 1.000 1350.000 600.000 827.000 33781.400 2192466.189 26317.123 1024414.653 58249830.606 1340511791243.641
7820.000 4919.000 1476501.000 1.000 1350.000 600.000 830.000 29717.875 2192466.189 796.681 384856.364 136788992.973 3230513819636.616
7850.000 4805.000 1476511.000 1.000 1340.000 610.000 824.000 28191.273 2282208.061 7357.259 1531591.701 174828811.731 423316379704.269
7898.000 4704.000 1476521.000 1.000 1340.000 610.000 827.000 22115.939 2429539.057 34884.702 98026.564 372398086.095 4343859703950.853
7958.000 4640.000 1476531.000 1.000 1340.000 610.000 840.000 22504.779 2620182.802 62887.834 3052267.221 357541910.558 756983241585.817
8045.000 4620.000 1476541.000 1.000 1320.000 610.000 846.000 34612.146 2909405.232 73318.813 2864204.906 46259200.621 465104254504.442
8182.000 4629.000 1476551.000 1.000 1320.000 610.000 852.000 45973.530 3395535.449 68525.872 4570898.713 20793347.707 5705788944801.594
8352.000 4695.000 1476561.000 1.000 1320.000 610.000 854.000 64104.822 4050952.725 38327.642 3127178.736 514893477.174 892948180100.890
8574.000 4819.000 1476571.000 1.000 1320.000 610.000 854.000 76509.339 4993874.581 5151.574 1322936.851 1231713867.596 738366468637.557
8830.000 4982.000 1476581.000 1.000 1320.000 610.000 854.000 81757.006 6203575.891 8322.098 2361859.354 1627593823.653 32270519423.968
9108.000 5149.000 1476591.000 1.000 1320.000 610.000 839.000 72388.266 7665687.908 66680.425 4300372.724 959432556.511 4486573578855.729
9357.000 5292.000 1476601.000 1.000 1320.000 610.000 817.000 55330.064 9106500.449 160981.927 3664278.038 193669148.605 2196497858865.920
9536.000 5419.000 1476611.000 1.000 1320.000 610.000 832.000 40795.046 10218877.287 279022.213 4978494.245 382556.678 7819153107637.018
9667.000 5514.000 1476621.000 1.000 1320.000 610.000 832.000 21046.953 11073573.130 388410.064 2827314.861 414798585.533 416148176608.987
9724.000 5575.000 1476631.000 1.000 1320.000 610.000 817.000 9831.900 11456179.687 468164.579 77814.194 997401100.795 4428521196642.460
9724.000 5614.000 1476641.000 1.000 1320.000 610.000 821.000 10140.564 11456179.687 523055.170 2420730.250 978000132.698 56887433999.843
9691.000 5637.000 1476651.000 1.000 1320.000 610.000 840.000 19742.826 11233878.627 556852.544 2578060.314 469620610.846 156690043190.596
9613.000 5630.000 1476661.000 1.000 1340.000 610.000 845.000 29969.166 10717097.759 546454.387 2393626.979 130974100.555 44693171932.574
9497.000 5604.000 1476671.000 1.000 1340.000 610.000 851.000 39463.918 9971055.853 508690.659 1174802.134 3801094.819 1014889512219.499
9356.000 5536.000 1476681.000 1.000 1340.000 610.000 851.000 44123.982 9100466.053 416315.987 409850.062 7346400.082 3141293007623.645
9209.000 5441.000 1476691.000 1.000 1340.000 610.000 851.000 45749.726 8235165.879 302748.136 933044.285 18802355.840 1560438423772.935
9067.000 5328.000 1476701.000 1.000 1340.000 610.000 845.000 49450.814 7440335.683 191166.166 444383.981 64597489.413 3020071882092.875
8921.000 5197.000 1476711.000 1.000 1340.000 610.000 851.000 51213.543 6665163.904 93774.076 523039.937 96039712.589 2752876431783.678
8771.000 5060.000 1476721.000 1.000 1340.000 610.000 846.000 49138.811 5913154.542 28637.281 2665523.384 59679539.108 233582758036.611
8643.000 4913.000 1476731.000 1.000 1340.000 610.000 854.000 38565.533 5307023.887 493.974 1495326.864 8111244.486 471821331728.668
8564.000 4782.000 1476741.000 1.000 1340.000 610.000 863.000 32634.050 4949280.623 11831.885 2715004.059 77079754.819 283859511701.385
8518.000 4661.000 1476751.000 1.000 1340.000 610.000 854.000 21864.498 4746724.419 52796.306 2894937.913 382165733.740 507967703969.806
8549.000 4580.000 1476761.000 1.000 1340.000 610.000 864.000 33347.790 4882764.687 96580.770 3679059.165 65056608.007 2240529335003.320
8676.000 4543.000 1476771.000 1.000 1340.000 610.000 872.000 47941.440 5460156.947 120947.081 4368787.622 42613247.795 4781080666762.406
8866.000 4535.000 1476781.000 1.000 1340.000 610.000 878.000 65271.022 6384202.138 126575.472 2820610.766 569178604.552 407543558752.519
9119.000 4590.000 1476791.000 1.000 1320.000 610.000 876.000 76459.482 7726720.261 90465.281 2043256.382 1228216812.577 19310715458.882
9408.000 4682.000 1476801.000 1.000 1320.000 610.000 858.000 84564.426 9416906.632 43586.779 706280.839 1861997438.165 2178394583667.611
9722.000 4800.000 1476811.000 1.000 1330.000 620.000 802.000 81762.836 11442644.896 8240.004 2790752.546 1628064262.250 370312611294.247
10020.000 4928.000 1476821.000 1.000 1330.000 620.000 737.000 70692.814 13547536.827 1385.740 1931911.880 857274851.599 62653845719.381
10272.000 5051.000 1476831.000 1.000 1330.000 620.000 664.000 63029.538 15466112.555 25672.221 958787.981 467250605.894 1496784393744.148
10494.000 5166.000 1476841.000 1.000 1330.000 620.000 586.000 59226.333 17261514.410 75749.093 794994.829 317294965.177 1924391961343.318
10691.000 5294.000 1476851.000 1.000 1350.000 630.000 545.000 56072.843 18937274.372 162590.830 885364.612 214894646.567 1681832295310.568
10867.000 5430.000 1476861.000 1.000 1330.000 630.000 546.000 52560.885 20500048.023 290764.174 2330701.055 124262906.740 22046807120.840
11030.000 5560.000 1476871.000 1.000 1330.000 630.000 569.000 43315.740 22002646.530 447862.813 3138958.864 3618297.640 915350435798.801
11169.000 5661.000 1476881.000 1.000 1350.000 640.000 627.000 30864.495 23325981.538 593247.370 3626502.617 111282723.085 2085954061967.892
11259.000 5744.000 1476891.000 1.000 1350.000 640.000 690.000 16479.320 24203427.155 727993.808 3658060.748 621716207.876 2178107736642.161
11316.000 5776.000 1476901.000 1.000 1350.000 640.000 754.000 1968.964 24767521.713 783624.242 3892101.060 1555875969.305 2923695351654.131
11311.000 5782.000 1476911.000 1.000 1350.000 640.000 756.000 17407.683 24717779.734 794282.949 2989585.329 576282018.376 651839771852.996
11243.000 5770.000 1476921.000 1.000 1350.000 640.000 760.000 29266.411 24046252.823 773037.536 5082492.554 147553172.073 8411584470347.020
11132.000 5736.000 1476931.000 1.000 1350.000 640.000 760.000 49427.032 22969952.896 714406.200 1076683.806 64215770.936 1222208910516.721
10946.000 5674.000 1476941.000 1.000 1350.000 640.000 765.000 53697.892 21221665.287 613442.234 298368.165 150904870.083 3548895409010.871
10749.000 5593.000 1476951.000 1.000 1370.000 650.000 771.000 54881.423 19445435.325 493120.698 1205057.160 181383396.713 954846008736.013
10545.000 5517.000 1476961.000 1.000 1370.000 650.000 788.000 50101.347 17687894.593 392158.417 4012890.237 75477683.550 3351355778162.338
10359.000 5447.000 1476971.000 1.000 1370.000 650.000 814.000 34183.496 16157970.985 309386.842 2941713.303 52273791.663 576831015544.708
10240.000 5382.000 1476981.000 1.000 1370.000 650.000 831.000 22514.661 15215443.891 241302.523 3117140.870 357168295.110 874078188119.420
10166.000 5332.000 1476991.000 1.000 1370.000 650.000 836.000 10149.961 14643616.606 194679.970 508970.993 977412476.359 2799760172373.365
10156.000 5293.000 1477001.000 1.000 1380.000 640.000 842.000 12168.886 14567182.649 161785.379 2170356.631 855250820.725 140724868.961
10193.000 5262.000 1477011.000 1.000 1380.000 640.000 849.000 20777.996 14850987.291 137808.396 2740667.083 425826405.182 311863834390.977
10260.000 5214.000 1477021.000 1.000 1380.000 640.000 854.000 31649.345 15371871.806 104474.744 2242203.618 95339848.944 3598108529.705
10379.000 5174.000 1477031.000 1.000 1400.000 630.000 857.000 40543.449 16319158.900 80216.702 1517480.656 757089.087 441877574274.061
10537.000 5144.000 1477041.000 1.000 1400.000 630.000 860.000 46562.809 17620667.427 64123.170 494920.451 26514789.323 2846977683645.101
10720.000 5119.000 1477051.000 1.000 1400.000 630.000 860.000 44599.618 19190513.849 52086.893 2094156.381 10150980.466 7755092202.086
10893.000 5082.000 1477061.000 1.000 1400.000 630.000 863.000 36292.770 20736164.313 36567.204 593133.065 26222466.298 2525195323904.458
11031.000 5041.000 1477071.000 1.000 1410.000 640.000 860.000 33940.001 22012028.925 22567.710 2881751.571 55854049.207 489345282994.670
11146.000 4971.000 1477081.000 1.000 1410.000 640.000 861.000 22509.015 23104344.436 6436.136 3509474.520 357381733.329 1761606200488.920
11170.000 4885.000 1477091.000 1.000 1430.000 640.000 860.000 36429.977 23335641.934 33.344 2253324.758 24836076.233 5055974450.110
11109.000 4754.000 1477101.000 1.000 1450.000 650.000 860.000 45368.195 22750017.793 18707.255 4341844.183 15639156.461 4663979279697.429
10990.000 4619.000 1477111.000 1.000 1450.000 650.000 867.000 62590.901 21628990.700 73861.362 4000963.386 448479870.778 3307829750909.576
10801.000 4458.000 1477121.000 1.000 1470.000 650.000 861.000 78461.442 19906747.904 187293.740 3047938.664 1372545733.786 749469874666.641
10545.000 4281.000 1477131.000 1.000 1470.000 650.000 885.000 90551.639 17687894.593 371824.902 2925979.238 2414551037.400 553178722916.071
10244.000 4085.000 1477141.000 1.000 1490.000 660.000 905.000 102158.062 15246665.474 649272.493 3977735.396 3689894807.047 3223877755369.095
9891.000 3886.000 1477151.000 1.000 1490.000 660.000 897.000 117936.465 12614557.776 1009571.732 2643123.038 5855755347.180 212432179816.050
9475.000 3672.000 1477161.000 1.000 1500.000 650.000 906.000 128420.888 9832601.147 1485411.204 884155.792 7570275532.227 1684969084523.286
9017.000 3449.000 1477171.000 1.000 1500.000 650.000 912.000 131928.051 7170065.896 2078713.617 774363.973 8192873503.904 1982056853561.169
8545.000 3223.000 1477181.000 1.000 1500.000 650.000 920.000 128856.397 4865103.104 2781471.676 3605179.243 7646250151.171 2024814765096.759
8079.000 3013.000 1477191.000 1.000 1500.000 650.000 927.000 114555.805 3026548.687 3526036.953 2587265.745 5349788345.385 164062555917.541
7670.000 2815.000 1477201.000 1.000 1510.000 640.000 935.000 104292.950 1770756.827 4308839.642 7215340.234 3953817980.566 25332305507581.746
7298.000 2634.000 1477211.000 1.000 1510.000 640.000 938.000 75672.005 919101.610 5093031.000 6130362.843 1173641213.885 15587836786083.365
7022.000 2516.000 1477221.000 1.000 1510.000 640.000 939.000 51354.818 466076.385 5639553.774 4263984.358 98828657.072 4333745413953.779
6833.000 2440.000 1477231.000 1.000 1510.000 630.000 929.000 34440.957 243737.589 6006295.493 6350889.082 48617160.017 17377807065001.766
6703.000 2398.000 1477241.000 1.000 1510.000 630.000 870.000 9249.013 132276.142 6213924.549 227128.991 1034557933.432 3822378438245.101
6668.000 2387.000 1477251.000 1.000 1510.000 630.000 713.000 10149.961 108042.291 6268886.587 2558805.168 977412476.359 141816853973.659
6707.000 2397.000 1477261.000 1.000 1490.000 630.000 103.000 0.000 135201.725 6218911.098 0.000 1715082758.375 4762081432587.938
