4483.000 6753.000 63731230.000 0.000 1250.000 430.000 578.000 11990.179 1659143.339 992110.859 2728229.964 128753630.111 1617387495877.469
4539.000 6779.000 63731240.000 1.000 1260.000 430.000 568.000 26038.737 1518014.673 1044581.336 2841869.007 7298601.071 1919345757446.378
4522.000 6912.000 63731250.000 1.000 1290.000 430.000 578.000 11405.014 1560194.304 1334135.002 258827.818 142375742.531 1434333527472.929
4482.000 6955.000 63731260.000 1.000 1310.000 420.000 588.000 10072.224 1661720.494 1435318.098 2170473.775 175958120.609 509809301184.260
4433.000 6938.000 63731270.000 1.000 1340.000 420.000 592.000 21248.711 1790451.077 1394873.478 2727844.088 4361555.230 1616406157206.905
4377.000 6844.000 63731280.000 1.000 1350.000 420.000 595.000 35295.282 1943451.744 1181672.526 2270954.409 142997048.198 663393876197.837
4303.000 6678.000 63731290.000 1.000 1350.000 420.000 611.000 46989.177 2155251.196 848328.717 1974115.048 559418632.934 267962130732.933
4192.000 6463.000 63731300.000 1.000 1360.000 430.000 616.000 57154.548 2493485.375 498503.240 270420.587 1143616767.404 1406700069881.002
4056.000 6202.000 63731310.000 1.000 1370.000 430.000 625.000 58547.033 2941490.423 198067.383 404193.121 1239736235.607 1107274971945.650
3916.000 5935.000 63731320.000 1.000 1360.000 440.000 628.000 60628.357 3441312.089 31700.955 1395098.815 1390634516.402 3765742448.362
3761.000 5664.000 63731330.000 1.000 1370.000 440.000 633.000 53444.532 4040411.077 8640.145 1284934.593 906454771.323 29422495446.609
3597.000 5443.000 63731340.000 1.000 1360.000 450.000 642.000 46827.979 4726612.458 98566.098 1552302.744 551819297.117 9184976583.086
3446.000 5255.000 63731350.000 1.000 1360.000 460.000 645.000 38834.659 5405984.827 251956.193 2780203.710 240172950.143 1752285600651.066
3336.000 5088.000 63731360.000 1.000 1350.000 460.000 630.000 24518.471 5929601.851 447497.288 2723554.210 1395531.878 1605516433272.889
3254.000 4992.000 63731370.000 1.000 1350.000 470.000 548.000 10493.990 6335678.542 585152.145 1690230.187 164946622.098 54646414883.290
3220.000 4950.000 63731380.000 1.000 1340.000 480.000 389.000 1790.436 6507995.804 651172.145 6399553.193 464260654.879 24434126217309.613
3227.000 4944.000 63731390.000 1.000 1340.000 490.000 187.000 34743.851 6472329.720 660891.574 673971.523 130112949.103 612295197246.694
4169.000 6486.000 63731491.000 0.000 1300.000 520.000 376.000 69795.923 2566651.935 531510.431 10231071.031 2158418083.120 76993720466957.328
4446.000 6715.000 63731501.000 1.000 1300.000 520.000 402.000 17112.756 1755830.066 917855.240 2967507.473 38743014.422 2283250985607.089
4487.000 6793.000 63731511.000 1.000 1300.000 510.000 491.000 1832.079 1648854.720 1073394.669 2231102.044 462467849.840 600063385761.499
4492.000 6785.000 63731521.000 1.000 1300.000 510.000 567.000 13320.761 1636038.946 1056881.907 1532363.259 100327941.996 5760627612.840
4501.000 6717.000 63731531.000 1.000 1320.000 500.000 595.000 21211.406 1613096.554 921691.431 2436629.730 4518764.930 960723955522.340
4494.000 6608.000 63731541.000 1.000 1320.000 500.000 613.000 33758.418 1630926.637 724282.050 289010.965 108602937.640 1362947664169.065
4477.000 6435.000 63731551.000 1.000 1320.000 500.000 634.000 35246.631 1674636.268 459748.574 236135.160 141835864.440 1489203601673.346
4447.000 6256.000 63731561.000 1.000 1330.000 500.000 642.000 36462.569 1753180.911 249048.526 289538.412 172276763.618 1361716402681.715
4405.000 6073.000 63731571.000 1.000 1330.000 500.000 645.000 34971.640 1866167.411 99886.098 1113867.114 135361481.384 117372941832.919
4355.000 5900.000 63731581.000 1.000 1330.000 500.000 641.000 29235.970 2005275.149 20462.621 740018.326 34796140.173 513295063648.521
4305.000 5758.000 63731591.000 1.000 1340.000 490.000 624.000 25425.371 2149382.887 1.098 955468.078 4360689.170 250997375284.050
4255.000 5637.000 63731601.000 1.000 1340.000 490.000 589.000 20505.350 2298490.625 14388.574 1000613.946 8019061.102 207799691575.341
4205.000 5544.000 63731611.000 1.000 1340.000 490.000 522.000 15352.858 2452598.363 45348.717 1204175.940 63748833.766 63649497579.082
4160.000 5479.000 63731621.000 1.000 1330.000 500.000 399.000 9152.158 2595570.327 77257.526 1513353.604 201213847.071 3236374647.486
4146.000 5434.000 63731631.000 1.000 1330.000 500.000 292.000 1359.400 2640876.494 104298.240 2460798.697 483021261.156 1008687258594.082
4153.000 5434.000 63731641.000 1.000 1320.000 500.000 183.000 14030.866 2618174.411 104298.240 2558018.907 86606822.843 1213422198590.808
4201.000 5488.000 63731651.000 1.000 1320.000 500.000 95.000 27202.951 2465142.982 72335.383 4121376.292 14944458.515 7101755069636.963
4573.000 5907.000 63731691.000 0.000 1300.000 510.000 60.000 112092.267 1435389.411 22514.288 14065405.352 7877471738.292 158985390405190.750
4919.000 6369.000 63731701.000 1.000 1300.000 510.000 225.000 39664.845 726035.863 374602.288 2435409.572 266593797.786 958333531318.094
5038.000 6535.000 63731711.000 1.000 1320.000 510.000 338.000 27124.116 537402.446 605358.098 3635325.929 14341151.789 4747437298888.037
5106.000 6657.000 63731721.000 1.000 1320.000 510.000 417.000 8404.621 442327.923 810085.717 1104186.438 222980263.411 124099805140.704
5139.000 6685.000 63731731.000 1.000 1320.000 510.000 468.000 2718.800 399521.816 861272.383 1580265.602 425116137.284 15326722635.229
5139.000 6671.000 63731741.000 1.000 1320.000 510.000 522.000 10856.110 399521.816 835483.050 3070060.998 155776226.648 2603693785812.781
5101.000 6630.000 63731751.000 1.000 1320.000 510.000 538.000 26664.869 449003.696 762212.145 2154536.947 11073749.159 487305196399.983
5038.000 6508.000 63731761.000 1.000 1320.000 510.000 539.000 37759.292 537402.446 564072.526 1703950.611 207998333.361 61249394686.363
4932.000 6345.000 63731771.000 1.000 1330.000 510.000 556.000 46533.497 704050.851 345800.002 515547.012 538070761.020 885325644902.950
4786.000 6155.000 63731781.000 1.000 1340.000 510.000 561.000 49188.219 970377.446 158441.907 138585.781 668278043.572 1736804213896.352
4613.000 5970.000 63731791.000 1.000 1340.000 510.000 570.000 49901.843 1341143.220 45389.288 1209979.607 705683196.909 60754783007.851
4440.000 5780.000 63731801.000 1.000 1350.000 510.000 578.000 43671.258 1771766.994 531.193 825089.384 413476164.569 398634487232.896
4283.000 5619.000 63731811.000 1.000 1350.000 510.000 572.000 39422.600 2214374.292 19030.859 930351.998 258741872.898 276794323204.077
4136.000 5479.000 63731821.000 1.000 1350.000 510.000 543.000 34631.910 2673478.042 77257.526 2712601.330 127571723.666 1577879834902.307
4015.000 5348.000 63731831.000 1.000 1350.000 510.000 478.000 20663.829 3083807.768 167242.050 1825199.381 7146616.717 135965441591.752
3946.000 5267.000 63731841.000 1.000 1350.000 510.000 329.000 11265.274 3330907.446 240053.336 3598357.434 145730061.680 4587705509903.176
3912.000 5220.000 63731851.000 1.000 1340.000 510.000 122.000 29794.406 3456168.708 288317.859 1472619.304 41696223.773 260978968.317
4678.000 6179.000 63731931.000 0.000 1300.000 510.000 312.000 90458.435 1194818.161 178124.193 13599918.828 4505267614.413 147463483975410.281
5051.000 6458.000 63731941.000 1.000 1290.000 510.000 407.000 20427.957 518511.435 491467.764 1581889.308 8463372.949 15731392368.905
5147.000 6501.000 63731951.000 1.000 1290.000 510.000 519.000 12282.286 389472.577 553606.859 305430.963 122209900.403 1324878112380.784
5207.000 6481.000 63731961.000 1.000 1290.000 510.000 606.000 13855.051 318183.292 524244.955 1609365.695 89910100.529 23378787509.804
5244.000 6420.000 63731971.000 1.000 1320.000 510.000 649.000 22142.207 277810.566 439632.145 84183.952 1427876.056 1883153794025.354
5274.000 6310.000 63731981.000 1.000 1320.000 510.000 670.000 22575.698 247085.923 305861.669 73832.510 579801.044 1911671110559.893
5291.000 6195.000 63731991.000 1.000 1330.000 510.000 670.000 22955.886 230474.292 191885.717 29890.099 145358.180 2035114408906.115
5298.000 6077.000 63732001.000 1.000 1330.000 510.000 675.000 23109.800 223802.208 102430.478 180806.220 51685.603 1627303946570.741
5298.000 5958.000 63732011.000 1.000 1330.000 510.000 675.000 24040.831 223802.208 40420.145 897931.085 495174.439 311959531554.073
5284.000 5835.000 63732021.000 1.000 1340.000 500.000 666.000 19417.087 237244.375 6091.431 541929.277 15366852.203 836374601870.265
5270.000 5736.000 63732031.000 1.000 1350.000 510.000 638.000 16626.514 251078.542 439.002 201189.452 45032564.104 1575715346979.617
5249.000 5653.000 63732041.000 1.000 1350.000 510.000 584.000 15590.523 272564.792 10806.098 423526.119 60010147.431 1066961617353.067
5230.000 5575.000 63732051.000 1.000 1350.000 510.000 475.000 13409.647 292764.732 33106.669 303621.407 98555210.158 1329047106016.927
5218.000 5507.000 63732061.000 1.000 1340.000 510.000 361.000 11846.200 305894.589 62476.193 327131.842 132041809.606 1275392163221.510
5218.000 5446.000 63732071.000 1.000 1340.000 510.000 267.000 10161.690 305894.589 96691.383 165897.486 173592605.987 1665563115685.446
5241.000 5399.000 63732081.000 1.000 1340.000 510.000 208.000 9307.429 280982.030 128129.907 1134161.208 196832922.022 103879386575.915
5285.000 5380.000 63732091.000 1.000 1330.000 520.000 148.000 15147.600 236271.220 142093.098 1054024.578 67068642.042 161957859031.404
5363.000 5380.000 63732101.000 1.000 1330.000 520.000 132.000 20575.121 166527.149 142093.098 912593.573 7628774.801 295795542276.512
5464.000 5412.000 63732111.000 1.000 1310.000 520.000 132.000 25274.367 94296.518 118992.145 505300.438 3752830.323 904712997709.703
5581.000 5469.000 63732121.000 1.000 1310.000 520.000 137.000 27876.326 36129.411 82916.574 320875.301 20604167.069 1289562739187.434
5704.000 5543.000 63732131.000 1.000 1310.000 520.000 184.000 29528.619 4499.375 45775.621 607344.187 38334354.273 721005238878.823
5828.000 5631.000 63732141.000 1.000 1310.000 540.000 226.000 26401.203 3240.185 15864.002 217817.439 9388453.397 1534246443885.566
5919.000 5732.000 63732151.000 1.000 1310.000 540.000 289.000 25279.589 21881.101 622.621 383030.953 3773089.942 1152259495036.531
5987.000 5843.000 63732161.000 1.000 1310.000 540.000 369.000 23307.236 46622.577 7404.193 2713039.057 894.529 1578979716554.180
6035.000 5953.000 63732171.000 1.000 1310.000 540.000 481.000 9336.901 69655.149 38434.669 1648387.431 196006823.059 36834426603.259
6049.000 6004.000 63732182.000 1.000 1310.000 540.000 537.000 0.000 77240.982 61032.526 1443501.611 544622321.749 168035467.314
6049.000 6004.000 63732192.000 1.000 1330.000 530.000 545.000 7433.067 77240.982 61032.526 1113527.652 252939686.806 117605654628.248
6013.000 6017.000 63732202.000 1.000 1340.000 540.000 545.000 13166.989 58526.554 67624.764 1256526.628 103432066.526 39975136867.178
5959.000 5976.000 63732212.000 1.000 1340.000 540.000 546.000 19637.260 35314.911 47981.859 1521024.892 13689146.635 4168049314.698
5887.000 5905.000 63732222.000 1.000 1350.000 530.000 551.000 27469.520 13438.054 21918.098 473762.164 17076525.797 965703803558.072
5789.000 5803.000 63732232.000 1.000 1350.000 530.000 557.000 25029.962 321.220 2120.383 325606.401 2865630.484 1278839950749.567
5693.000 5717.000 63732242.000 1.000 1350.000 530.000 567.000 23353.307 6096.077 1596.193 730057.419 261.221 527667189949.430
5599.000 5642.000 63732252.000 1.000 1360.000 520.000 570.000 19594.000 29610.625 13214.050 848780.618 14011132.085 369279652442.799
5535.000 5564.000 63732262.000 1.000 1360.000 520.000 560.000 15223.348 55732.530 37230.621 497745.669 65833696.541 919141721186.633
5496.000 5496.000 63732272.000 1.000 1360.000 520.000 568.000 12660.291 75667.566 68096.145 1370147.222 113995204.474 7450665663.293
5473.000 5435.000 63732282.000 1.000 1360.000 520.000 561.000 5604.950 88850.125 103653.336 82464.894 314430728.119 1887874808758.543
5480.000 5407.000 63732292.000 1.000 1360.000 520.000 548.000 6029.589 84726.042 122466.669 503811.312 299551483.567 907548021358.303
5510.000 5399.000 63732302.000 1.000 1360.000 520.000 536.000 8623.880 68161.399 128129.907 1613906.480 216480157.502 24787989502.364
5554.000 5405.000 63732312.000 1.000 1360.000 520.000 521.000 16934.418 47122.589 123870.478 1471179.966 40994908.920 216546101.945
5624.000 5457.000 63732322.000 1.000 1360.000 520.000 504.000 24510.010 21631.756 89971.431 959339.649 1375613.062 247133078214.828
5724.000 5534.000 63732332.000 1.000 1360.000 520.000 488.000 29449.967 2216.280 49707.764 305075.577 37366596.733 1325696361061.082
5843.000 5628.000 63732342.000 1.000 1340.000 520.000 472.000 27879.032 5172.863 16628.717 109234.587 20628740.441 1815028332066.863
5946.000 5728.000 63732352.000 1.000 1330.000 530.000 468.000 28441.517 30597.923 838.240 60951.029 26054616.796 1947457737513.517
6046.000 5835.000 63732362.000 1.000 1330.000 530.000 467.000 28755.374 75582.446 6091.431 2004476.470 29357208.980 300317162549.705
6144.000 5946.000 63732372.000 1.000 1330.000 530.000 483.000 18433.662 139071.280 35739.002 1923849.097 24044142.379 218448398430.673
6215.000 6009.000 63732382.000 1.000 1330.000 530.000 488.000 8527.127 197067.292 63528.002 1090263.463 219336623.640 134103170574.354
6253.000 6031.000 63732392.000 1.000 1330.000 530.000 512.000 2913.000 232249.411 75102.098 829700.080 417145685.851 392833588671.010
6268.000 6031.000 63732402.000 1.000 1340.000 540.000 543.000 7185.400 246932.089 75102.098 1222910.802 260878856.162 54547311401.515
6268.000 5994.000 63732412.000 1.000 1340.000 540.000 557.000 13482.572 246932.089 56191.574 930976.934 97112602.677 276137140513.344
6254.000 5926.000 63732422.000 1.000 1350.000 530.000 562.000 18276.480 233214.256 28577.098 207855.367 25610326.989 1559024668385.755
6230.000 5835.000 63732432.000 1.000 1350.000 530.000 565.000 17206.164 210609.970 6091.431 483897.656 37588924.081 945886189226.919
6199.000 5752.000 63732442.000 1.000 1350.000 530.000 562.000 14714.415 183117.768 24.526 420409.403 74351467.110 1073410082183.661
6170.000 5682.000 63732452.000 1.000 1360.000 540.000 535.000 12549.588 159139.256 5617.859 695756.068 116371379.093 578677258428.989
6146.000 5622.000 63732462.000 1.000 1360.000 540.000 477.000 8966.910 140566.970 18212.145 616267.871 206503644.717 705930309017.433
6132.000 5578.000 63732472.000 1.000 1360.000 540.000 389.000 5793.543 130265.137 32023.955 446260.531 307777959.856 1020511979189.266
6125.000 5549.000 63732482.000 1.000 1360.000 540.000 292.000 3495.600 125261.220 43244.193 150854.560 393686895.232 1704617212299.161
6125.000 5531.000 63732492.000 1.000 1360.000 540.000 230.000 4272.400 125261.220 51054.478 553419.120 363464489.659 815490887009.511
6147.000 5531.000 63732502.000 1.000 1360.000 540.000 153.000 7122.138 141317.816 51054.478 2456228.977 262926441.586 999529088440.578
6180.000 5547.000 63732512.000 1.000 1360.000 540.000 101.000 19770.073 167217.708 44080.002 2193718.803 12724000.360 543543965526.332
6437.000 5712.000 63732542.000 0.000 1350.000 540.000 91.000 53658.623 443452.935 2020.717 6470462.022 919392047.597 25140171546668.266
6650.000 5888.000 63732552.000 1.000 1340.000 550.000 226.000 20340.075 772504.970 17173.478 1636256.181 8982426.658 32325062758.210
6727.000 5959.000 63732562.000 1.000 1340.000 550.000 310.000 11914.451 913788.054 40823.240 1261852.952 130477930.874 37873639242.962
6785.000 5979.000 63732572.000 1.000 1340.000 550.000 393.000 5416.753 1028039.077 49305.145 324485.284 321140437.913 1281376856043.093
6812.000 5972.000 63732582.000 1.000 1350.000 540.000 448.000 7087.635 1083519.899 46245.478 1280720.647 264046564.794 30885887985.615
6818.000 5936.000 63732592.000 1.000 1350.000 540.000 475.000 13682.489 1096046.970 32058.050 1041874.649 93212376.272 171884711804.541
6810.000 5866.000 63732602.000 1.000 1350.000 540.000 498.000 19047.446 1079360.208 11891.383 162722.705 18401514.753 1673767729939.622
6776.000 5774.000 63732612.000 1.000 1360.000 540.000 515.000 19885.359 1009869.470 290.621 339569.575 11914824.371 1247454185269.354
6722.000 5687.000 63732622.000 1.000 1360.000 540.000 532.000 21633.915 904253.827 4893.336 542888.819 2900991.338 834620452753.011
6655.000 5598.000 63732632.000 1.000 1360.000 540.000 544.000 18838.401 781319.196 25265.859 287737.789 20238694.685 1365922032689.381
6596.000 5521.000 63732642.000 1.000 1360.000 540.000 543.000 17356.744 680497.327 55673.526 961135.223 35765192.276 245351053528.228
6538.000 5453.000 63732652.000 1.000 1360.000 540.000 546.000 12407.541 588170.304 92387.050 989887.698 119456236.571 217693875310.535
6497.000 5404.000 63732662.000 1.000 1360.000 540.000 548.000 7310.282 526963.649 124575.383 1046310.760 256860327.318 168226058038.726
6468.000 5380.000 63732672.000 1.000 1360.000 540.000 551.000 1922.482 485701.137 142093.098 33923.244 458587777.637 2023623512658.234
6461.000 5373.000 63732682.000 1.000 1360.000 540.000 527.000 1747.800 475993.220 147419.431 1235996.581 466099803.650 48606085893.851
6461.000 5382.000 63732692.000 1.000 1360.000 540.000 512.000 8112.355 475993.220 140589.288 1336112.701 231794220.757 14484546016.179
6469.000 5423.000 63732702.000 1.000 1360.000 540.000 494.000 14992.441 487095.982 111524.193 1448269.221 69634079.483 67161950.560
6515.000 5485.000 63732712.000 1.000 1360.000 540.000 477.000 22450.058 553420.863 73958.098 1183590.740 786922.775 74460067342.760
6585.000 5577.000 63732722.000 1.000 1360.000 540.000 473.000 28544.758 662470.030 32382.859 77332.382 27119236.506 1902005289964.147
6698.000 5671.000 63732732.000 1.000 1350.000 540.000 467.000 28942.968 859185.542 7387.812 562876.660 31425255.111 798499157213.065
6812.000 5767.000 63732742.000 1.000 1350.000 540.000 467.000 26044.530 1083519.899 100.955 1043160.253 7329935.279 170820367942.123
6927.000 5836.000 63732752.000 1.000 1340.000 550.000 470.000 20672.953 1336157.101 6248.526 637894.760 7097917.300 670056354586.404
7023.000 5882.000 63732762.000 1.000 1340.000 550.000 467.000 17388.222 1567310.244 15636.907 111566.735 35389681.036 1808749892071.083
7107.000 5913.000 63732772.000 1.000 1340.000 550.000 405.000 16813.728 1784689.244 24350.859 1223806.453 42554965.162 54129748456.640
7193.000 5923.000 63732782.000 1.000 1340.000 550.000 235.000 10511.944 2021863.935 27571.812 57736.881 164485772.446 1956438841670.579
7564.000 6000.000 63732852.000 0.000 1400.000 540.000 287.000 12593.088 3214571.518 59072.145 498662.488 115434753.912 917384618536.292
7586.000 5939.000 63732862.000 1.000 1400.000 540.000 440.000 10025.310 3293944.113 33141.336 1594955.861 177204942.510 19179868010.803
7559.000 5895.000 63732872.000 1.000 1420.000 540.000 543.000 18238.265 3196667.292 19057.145 742405.044 25998573.977 509880850300.820
7517.000 5811.000 63732882.000 1.000 1420.000 540.000 603.000 22061.154 3048245.792 2921.145 10470.293 1628152.212 2090899132461.231
7485.000 5702.000 63732892.000 1.000 1420.000 540.000 627.000 22007.239 2937530.744 3019.764 99187.844 1768649.114 1842199813713.845
7454.000 5593.000 63732902.000 1.000 1430.000 530.000 641.000 22517.990 2832228.542 26880.383 400868.223 671014.387 1114283416636.722
7428.000 5480.000 63732912.000 1.000 1420.000 540.000 641.000 20453.787 2745392.566 76702.621 369535.024 8313751.503 1181415599943.146
7406.000 5377.000 63732922.000 1.000 1440.000 540.000 627.000 18550.929 2672971.970 144363.812 1333495.079 22907860.522 15121468787.956
7389.000 5283.000 63732932.000 1.000 1440.000 540.000 617.000 11684.322 2617673.601 224630.859 1123941.239 135788276.378 110571692840.696
7373.000 5225.000 63732942.000 1.000 1430.000 550.000 581.000 5896.777 2566156.077 282973.336 805731.333 304166424.764 423453603233.677
7364.000 5196.000 63732952.000 1.000 1430.000 550.000 527.000 1747.800 2537402.470 314667.574 339422.760 466099803.650 1247782160669.229
7364.000 5187.000 63732962.000 1.000 1430.000 550.000 490.000 0.000 2537402.470 324845.717 1226708.189 544622321.749 52787944296.317
7364.000 5187.000 63732972.000 1.000 1410.000 560.000 461.000 6316.726 2537402.470 324845.717 774958.984 289694651.994 464449714507.604
7387.000 5210.000 63732982.000 1.000 1410.000 560.000 389.000 10307.246 2611205.911 299156.907 2273469.687 169778259.574 667497540118.591
7423.000 5249.000 63732992.000 1.000 1400.000 560.000 257.000 22014.093 2728848.339 258015.621 1489007.721 1750465.744 1059063803.583
7498.000 5334.000 63733002.000 1.000 1400.000 560.000 88.000 29681.486 2982261.732 178888.717 987018.393 40250666.803 220379610296.803
7602.000 5446.000 63733012.000 1.000 1400.000 560.000 47.000 34763.970 3352277.637 96691.383 77609.894 130572336.926 1901239915574.316
7724.000 5577.000 63733022.000 1.000 1390.000 570.000 180.000 35163.609 3813906.756 32382.859 2680786.709 139865258.346 1498964968157.522
7855.000 5702.000 63733032.000 1.000 1390.000 570.000 346.000 21359.352 4342733.482 3019.764 1752650.339 3911663.879 87726074619.291
7939.000 5773.000 63733042.000 1.000 1380.000 580.000 420.000 12334.376 4699888.482 257.526 1715443.561 121060918.594 67070174492.706
7992.000 5808.000 63733052.000 1.000 1380.000 580.000 494.000 3500.990 4932497.280 2605.859 1808064.921 393473032.432 123622883819.627
8007.000 5798.000 63733062.000 1.000 1380.000 580.000 565.000 12811.314 4999349.958 1684.907 1568670.308 110793111.474 12590152211.858
7991.000 5734.000 63733072.000 1.000 1380.000 580.000 595.000 20888.916 4928056.435 526.812 2732351.470 5993823.663 1627887660995.666
7954.000 5633.000 63733082.000 1.000 1390.000 580.000 617.000 34958.697 4765151.161 15364.193 2075732.334 135060478.360 383492699141.840
7856.000 5482.000 63733092.000 1.000 1390.000 580.000 646.000 45647.329 4346902.327 75598.812 1406839.370 497744324.456 2462649607.724
7711.000 5297.000 63733102.000 1.000 1390.000 580.000 696.000 52891.610 3763299.768 211556.193 1649121.931 873466420.436 37116900937.165
7534.000 5090.000 63733112.000 1.000 1390.000 580.000 720.000 61383.484 3107896.161 444825.478 534481.901 1447523935.761 850051840033.146
7312.000 4865.000 63733122.000 1.000 1380.000 580.000 734.000 64135.708 2374442.518 795579.050 350722.870 1664522769.093 1222664464974.633
7075.000 4635.000 63733132.000 1.000 1380.000 580.000 742.000 65941.696 1700214.196 1258777.145 208880.743 1815147793.300 1556465132185.971
6828.000 4402.000 63733142.000 1.000 1380.000 580.000 721.000 67017.292 1117085.423 1835895.955 522943.896 1907955270.022 871460644355.511
6581.000 4161.000 63733152.000 1.000 1380.000 580.000 661.000 64324.481 655974.649 2547064.002 276727.815 1679961738.726 1391778552749.636
6337.000 3937.000 63733162.000 1.000 1360.000 580.000 498.000 62899.518 320268.411 3312226.669 12215086.396 1565181382.824 115747945950893.703
6093.000 3724.000 63733172.000 1.000 1360.000 580.000 91.000 0.000 103634.173 4132895.383 0.000 544622321.749 2121288724716.894
