3899.000 6899.000 63703110.000 0.000 1710.000 410.000 226.000 24817.044 2986418.603 881855.951 3332517.293 18071323.619 3946603923057.625
4019.000 6957.000 63703120.000 1.000 1690.000 390.000 334.000 6919.529 2586068.423 994152.287 1388177.605 186226335.982 1786452274.738
4004.000 6991.000 63703130.000 1.000 1660.000 380.000 349.000 14374.833 2634537.195 1063109.173 20801.892 38330623.783 1755914575218.193
3942.000 7037.000 63703140.000 1.000 1640.000 380.000 372.000 14486.551 2839648.788 1160083.784 1901243.140 36959773.752 308393606720.488
3880.000 6990.000 63703150.000 1.000 1600.000 370.000 389.000 24697.309 3052448.381 1061048.029 1523896.737 17067664.033 31678865206.500
3803.000 6882.000 63703160.000 1.000 1600.000 380.000 427.000 16513.116 3327434.746 850216.508 2348387.171 16425917.789 1004958150301.366
3715.000 6728.000 63703180.000 1.000 1580.000 390.000 455.000 41737.468 3656224.878 589934.376 725783.208 448230800.935 384558678292.491
3601.000 6535.000 63703190.000 1.000 1560.000 400.000 475.000 45635.337 4105185.549 330707.640 17029.107 628471354.085 1765927513872.957
3489.000 6317.000 63703200.000 1.000 1550.000 410.000 486.000 45726.793 4571581.716 127500.311 1056315.021 633065199.747 83865924396.542
3384.000 6095.000 63703210.000 1.000 1530.000 420.000 486.000 40053.780 5031613.124 18244.406 678812.396 379773333.375 445020762480.234
3287.000 5903.000 63703220.000 1.000 1520.000 420.000 490.000 36408.171 5476188.519 3240.814 1673221.316 250974190.180 107131937460.287
3194.000 5731.000 63703230.000 1.000 1490.000 440.000 498.000 27422.020 5920100.908 52408.095 288660.088 47004927.229 1117779831701.517
3102.000 5616.000 63703240.000 1.000 1490.000 440.000 491.000 25871.751 6376260.046 118286.568 796744.773 28150929.433 301583721886.542
3011.000 5511.000 63703250.000 1.000 1450.000 460.000 483.000 21592.778 6844113.932 201536.478 1116524.839 1054260.629 52618084794.860
2949.000 5413.000 63703260.000 1.000 1440.000 470.000 474.000 15596.404 7172357.525 299130.394 1674348.943 24696944.574 107871376538.878
2903.000 5343.000 63703270.000 1.000 1400.000 480.000 404.000 6604.197 7420861.094 380600.335 4800471.729 194932112.057 11933988716863.432
2890.000 5310.000 63703280.000 1.000 1380.000 490.000 241.000 32385.463 7491857.363 422406.592 758378.565 139699562.501 345194551552.480
3577.000 6520.000 63703360.000 0.000 1330.000 510.000 280.000 64968.860 4203015.585 313680.484 8546400.131 1971613438.559 51847041404763.367
3813.000 6777.000 63703370.000 1.000 1330.000 510.000 286.000 19069.826 3291052.231 667606.418 1990631.801 2238554.754 415664703433.537
3873.000 6860.000 63703380.000 1.000 1330.000 510.000 317.000 8379.000 3076957.142 810129.346 918948.577 148523116.558 182297048274.017
3918.000 6860.000 63703390.000 1.000 1330.000 510.000 361.000 13314.277 2921110.824 810129.346 1665413.392 52587574.271 102081675510.665
3966.000 6807.000 63703400.000 1.000 1340.000 500.000 404.000 22258.495 2759338.752 717530.730 1357154.823 2864518.833 126419931.535
4005.000 6694.000 63703410.000 1.000 1340.000 500.000 444.000 29547.189 2631291.944 538861.490 858520.347 80661647.111 237549805729.182
4039.000 6539.000 63703420.000 1.000 1350.000 500.000 453.000 34157.932 2522143.393 335324.215 119527.738 184740450.924 1504016300605.752
4062.000 6357.000 63703430.000 1.000 1350.000 500.000 465.000 33516.000 2449618.609 157666.059 645725.214 167702343.204 490260360602.694
4062.000 6177.000 63703440.000 1.000 1360.000 490.000 471.000 30048.088 2449618.609 47120.191 425918.163 89909878.033 846387116666.511
4051.000 6016.000 63703450.000 1.000 1360.000 490.000 469.000 27760.665 2484172.375 3144.053 592406.472 51763117.351 567769316588.635
4033.000 5868.000 63703460.000 1.000 1360.000 490.000 466.000 24579.105 2541236.902 8450.784 1273462.392 16104963.151 5248824153.042
4005.000 5739.000 63703470.000 1.000 1370.000 480.000 463.000 17739.887 2631291.944 48809.245 944557.594 7986948.907 161084685873.403
3971.000 5650.000 63703480.000 1.000 1360.000 490.000 448.000 12667.075 2742752.495 96055.454 1248613.629 62393111.794 9466809764.753
3943.000 5588.000 63703490.000 1.000 1360.000 490.000 440.000 5961.309 2836279.537 138330.544 936643.536 213297176.036 167499989005.479
3935.000 5557.000 63703500.000 1.000 1360.000 490.000 396.000 931.000 2863289.549 162351.089 734059.984 385533462.736 374361862994.129
3940.000 5557.000 63703510.000 1.000 1340.000 490.000 312.000 4873.320 2846393.291 162351.089 4306957.381 246260395.586 8767794716018.822
3959.000 5575.000 63703520.000 1.000 1340.000 490.000 122.000 28004.133 2782643.513 148169.676 2599766.928 55325732.466 1572154284033.720
4386.000 6194.000 63703570.000 0.000 1330.000 500.000 22.000 97815.275 1540393.124 54789.634 13005477.884 5967449552.708 135945496164318.844
4692.000 6621.000 63703580.000 1.000 1330.000 500.000 144.000 27968.455 874460.166 437015.999 2755665.783 54796250.400 1987408093794.515
4781.000 6742.000 63703590.000 1.000 1330.000 500.000 212.000 13168.961 715928.782 611636.388 2209367.458 54716275.529 745556776549.751
4830.000 6793.000 63703600.000 1.000 1330.000 500.000 254.000 1303.400 635409.459 694008.718 299985.144 371047991.987 1093961233375.688
4837.000 6793.000 63703610.000 1.000 1330.000 500.000 340.000 2914.491 624298.698 694008.718 2089765.054 311575983.698 553318613890.728
4830.000 6779.000 63703620.000 1.000 1330.000 500.000 372.000 14137.719 635409.459 670878.706 1708982.516 41322874.447 131820808704.136
4813.000 6705.000 63703630.000 1.000 1330.000 500.000 393.000 23315.928 662800.734 555132.071 1476807.129 7562070.710 17133754396.331
4757.000 6593.000 63703640.000 1.000 1330.000 500.000 392.000 31247.223 757118.818 400779.975 679954.733 114088395.450 443497964209.859
4666.000 6452.000 63703650.000 1.000 1340.000 490.000 407.000 34898.967 923762.704 242134.712 462631.775 205433769.483 780182474018.148
4551.000 6304.000 63703660.000 1.000 1340.000 490.000 414.000 37383.563 1158046.627 118385.442 366049.649 282830221.636 960128583015.768
4421.000 6151.000 63703670.000 1.000 1360.000 490.000 420.000 35417.668 1454739.321 36508.454 141502.690 220571862.561 1450599765406.008
4287.000 6016.000 63703680.000 1.000 1360.000 490.000 417.000 34657.718 1795937.022 3144.053 690772.953 198576345.572 429206071793.293
4150.000 5890.000 63703690.000 1.000 1360.000 490.000 420.000 30947.874 2181900.477 4889.945 2303607.375 107783182.050 917182038000.259
4035.000 5770.000 63703700.000 1.000 1370.000 480.000 405.000 18576.191 2534864.399 36072.700 534789.675 3959363.949 657918065313.127
3962.000 5702.000 63703710.000 1.000 1360.000 490.000 344.000 21448.316 2772643.758 66526.927 666234.293 778470.841 461960645114.065
4642.000 6646.000 63703811.000 0.000 1350.000 490.000 490.000 57586.696 970472.740 470694.592 9751870.475 1370531484.086 70660151985905.266
4951.000 6659.000 63703821.000 1.000 1350.000 490.000 517.000 5213.600 457146.028 488701.460 1192451.985 235696371.644 23549718748.221
4979.000 6659.000 63703831.000 1.000 1350.000 490.000 543.000 11617.746 420066.986 488701.460 1420599.307 80071357.992 5578319128.767
4972.000 6597.000 63703841.000 1.000 1350.000 490.000 561.000 19247.173 429189.746 405860.550 956018.577 1739320.624 152016227184.270
4994.000 6496.000 63703851.000 1.000 1350.000 490.000 559.000 24381.537 400848.213 287373.035 160374.060 14558276.401 1405498218230.832
5033.000 6371.000 63703861.000 1.000 1350.000 490.000 551.000 23520.237 352985.405 168980.071 394629.301 8727480.483 904937177472.660
5083.000 6255.000 63703871.000 1.000 1350.000 490.000 544.000 21400.853 296072.830 87067.400 498088.724 696969.423 718802884954.765
5134.000 6152.000 63703881.000 1.000 1370.000 480.000 529.000 18725.833 243173.004 36891.598 222569.143 3386236.868 1261897289767.549
5167.000 6057.000 63703891.000 1.000 1370.000 480.000 512.000 17530.510 211715.704 9422.945 247852.682 9214236.293 1205732423658.854
5187.000 5965.000 63703901.000 1.000 1370.000 480.000 491.000 16199.400 193710.674 25.724 128465.897 19067248.430 1482172971229.695
5187.000 5878.000 63703911.000 1.000 1390.000 480.000 450.000 15509.465 193710.674 6712.221 1234914.895 25568607.430 12320171101.834
5194.000 5795.000 63703921.000 1.000 1380.000 490.000 439.000 8877.269 187597.914 27201.293 47318.634 136626573.915 1686342551600.150
5202.000 5748.000 63703931.000 1.000 1380.000 490.000 443.000 9131.397 180731.902 44913.538 536447.600 130750284.215 655231256848.544
5240.000 5717.000 63703941.000 1.000 1370.000 500.000 442.000 12012.426 149866.345 59014.083 398239.719 73163731.738 898081162288.792
5301.000 5696.000 63703951.000 1.000 1370.000 500.000 449.000 14151.200 106358.004 69658.065 1228273.327 41149736.709 13838660026.250
5377.000 5696.000 63703961.000 1.000 1360.000 500.000 420.000 20747.727 62562.890 69658.065 979229.710 33022.502 134455286626.033
5481.000 5736.000 63703971.000 1.000 1360.000 500.000 348.000 26006.748 21352.734 50143.814 1325082.431 29601672.924 433836000.148
5603.000 5804.000 63703981.000 1.000 1350.000 510.000 292.000 33123.195 582.052 24313.586 430026.293 157682994.228 838845091727.532
5737.000 5921.000 63703991.000 1.000 1360.000 510.000 284.000 30813.709 12072.351 1515.400 1022332.776 105015415.672 104702971343.838
5852.000 6040.000 63704001.000 1.000 1360.000 510.000 292.000 25323.200 50568.429 6411.502 1524557.374 22630894.241 31914469361.476
5916.000 6160.000 63704011.000 1.000 1360.000 510.000 322.000 17135.459 83448.333 40028.748 1526441.346 11768653.089 32591147637.759
5946.000 6247.000 63704021.000 1.000 1360.000 510.000 392.000 8937.600 101680.788 82410.251 906967.352 135219827.354 192671667601.362
5946.000 6295.000 63704031.000 1.000 1360.000 510.000 446.000 4066.669 101680.788 112273.149 28309.476 272228123.218 1736074200740.890
5940.000 6316.000 63704041.000 1.000 1370.000 520.000 455.000 3914.631 97890.297 126787.167 6109175.264 277268291.185 22688684913388.168
5921.000 6325.000 63704051.000 1.000 1370.000 520.000 461.000 36724.380 86362.076 133277.460 33656893.816 261093048.582 1043999600121263.000
5904.000 6315.000 63704052.000 1.000 1370.000 520.000 461.000 18648.712 76659.351 126076.023 15003.789 3676016.489 1771314433274.300
5829.000 6265.000 63704061.000 1.000 1370.000 520.000 463.000 18576.191 40753.213 93068.837 51056.599 3959363.949 1676648337150.908
5756.000 6197.000 63704071.000 1.000 1370.000 520.000 464.000 18850.394 16608.573 56203.065 77744.831 2943324.719 1608245840955.735
5681.000 6129.000 63704081.000 1.000 1380.000 510.000 477.000 18432.860 2902.435 28585.293 491744.518 4550312.087 729600654290.087
5611.000 6059.000 63704091.000 1.000 1380.000 510.000 481.000 15791.912 260.040 9815.233 169420.401 22791974.035 1384130508745.800
5559.000 5992.000 63704101.000 1.000 1400.000 510.000 483.000 14882.028 4641.118 1028.604 871738.871 32307606.517 224839360757.169
5517.000 5924.000 63704111.000 1.000 1400.000 510.000 480.000 10200.294 12127.680 1290.832 547147.583 107447986.384 638023253797.645
5497.000 5873.000 63704121.000 1.000 1400.000 510.000 472.000 7261.800 16932.710 7556.502 560020.520 177001898.724 617624099865.511
5497.000 5834.000 63704131.000 1.000 1410.000 500.000 467.000 4254.171 16932.710 15857.897 109304.800 266075962.825 1529195292465.523
5506.000 5813.000 63704141.000 1.000 1410.000 500.000 474.000 4841.200 14671.447 21587.879 1062580.837 247269525.433 80276072589.561
5532.000 5813.000 63704151.000 1.000 1410.000 500.000 469.000 10547.864 9048.908 21587.879 1255115.175 100363170.212 8243911103.071
5585.000 5833.000 63704161.000 1.000 1410.000 500.000 465.000 17288.547 1774.579 16110.754 1109543.270 10741737.850 55869779972.218
5655.000 5894.000 63704171.000 1.000 1410.000 500.000 465.000 23247.426 776.974 4346.520 199373.650 7190012.927 1314548264500.812
5757.000 5966.000 63704181.000 1.000 1410.000 500.000 463.000 24318.176 16867.321 36.867 650841.059 14078779.304 483122446919.044
5861.000 6045.000 63704191.000 1.000 1400.000 500.000 466.000 20822.789 54697.166 7237.221 729631.403 65937.481 379800740319.815
5952.000 6110.000 63704201.000 1.000 1400.000 500.000 464.000 16904.253 105543.279 22521.562 848579.315 13408435.428 247338965206.582
6033.000 6151.000 63704211.000 1.000 1400.000 500.000 468.000 12346.899 164733.908 36508.454 912174.994 67553720.763 188127062704.102
6094.000 6177.000 63704221.000 1.000 1400.000 500.000 475.000 7448.000 217971.567 47120.191 87254.065 172082082.830 1584217685718.145
6134.000 6177.000 63704231.000 1.000 1410.000 500.000 485.000 6979.396 256921.507 47120.191 138737.434 184595972.757 1457268407549.414
6160.000 6150.000 63704241.000 1.000 1410.000 500.000 488.000 7724.495 283954.968 36127.311 295221.031 164904406.147 1103949749619.161
6171.000 6110.000 63704251.000 1.000 1410.000 500.000 488.000 9310.000 295799.201 22521.562 69340.880 126697672.285 1629631682745.202
6171.000 6060.000 63704261.000 1.000 1410.000 500.000 488.000 9682.400 295799.201 10014.376 346704.400 118452880.736 998414151551.208
6171.000 6008.000 63704271.000 1.000 1410.000 500.000 480.000 7820.400 295799.201 2310.903 277363.520 162450473.681 1141794061432.183
6171.000 5966.000 63704281.000 1.000 1410.000 500.000 470.000 6330.800 295799.201 36.867 693408.800 202641091.397 425759331321.563
6171.000 5932.000 63704291.000 1.000 1420.000 500.000 460.000 2606.800 295799.201 779.981 0.000 322533082.086 1811476853739.573
6171.000 5918.000 63704301.000 1.000 1420.000 500.000 423.000 2606.800 295799.201 1757.969 306740.480 322533082.086 1079875704586.023
6185.000 5918.000 63704311.000 1.000 1420.000 500.000 356.000 4254.171 311223.680 1757.969 1087126.279 266075962.825 66969615235.433
6206.000 5927.000 63704321.000 1.000 1420.000 500.000 277.000 10092.658 335095.399 1084.263 644793.283 109691019.458 491566279077.932
6249.000 5960.000 63704331.000 1.000 1430.000 500.000 206.000 13555.565 386727.585 0.005 668647.738 49146283.770 458685744352.672
6307.000 6004.000 63704341.000 1.000 1430.000 500.000 161.000 17146.584 462228.998 1942.329 240612.295 11692447.183 1221685583538.288
6383.000 6056.000 63704351.000 1.000 1430.000 500.000 151.000 15854.359 571345.884 9229.802 181048.032 22199617.960 1356906109680.333
6454.000 6103.000 63704361.000 1.000 1430.000 500.000 158.000 14882.028 683721.028 20469.556 1159324.212 32307606.517 34814689597.462
6522.000 6145.000 63704371.000 1.000 1430.000 500.000 179.000 8655.797 800799.926 34251.592 918300.601 141853079.707 182850791161.783
6566.000 6160.000 63704381.000 1.000 1430.000 500.000 203.000 3724.000 881484.860 40028.748 34670.440 283653167.919 1719352228832.594
6586.000 6160.000 63704391.000 1.000 1430.000 500.000 260.000 3910.200 919439.830 40028.748 953705.228 277415875.305 153825494007.222
6586.000 6139.000 63704401.000 1.000 1430.000 500.000 320.000 9032.140 919439.830 32066.730 809908.368 133030066.149 287298994277.119
6579.000 6091.000 63704411.000 1.000 1430.000 500.000 351.000 13381.809 906064.591 17179.832 423924.147 51612687.309 850060054282.764
6553.000 6024.000 63704421.000 1.000 1430.000 500.000 372.000 15658.523 857243.130 4105.203 186370.373 24083389.924 1344534839410.603
6517.000 5948.000 63704431.000 1.000 1430.000 500.000 392.000 16659.438 791876.183 142.281 803779.036 15261273.960 293907241132.316
6475.000 5869.000 63704441.000 1.000 1420.000 500.000 420.000 12342.687 718890.746 8267.927 682030.304 67622976.262 440737792505.723
6438.000 5814.000 63704451.000 1.000 1420.000 500.000 415.000 8679.796 657517.052 21295.023 880707.008 141281989.445 216414904118.873
6411.000 5776.000 63704461.000 1.000 1420.000 500.000 418.000 3949.898 614458.842 33829.562 735471.008 276095046.859 372637180592.051
6396.000 5761.000 63704471.000 1.000 1410.000 510.000 415.000 0.000 591167.615 39572.406 173352.200 422960605.009 1374894517400.551
6396.000 5761.000 63704481.000 1.000 1400.000 520.000 418.000 931.000 591167.615 39572.406 679427.787 385533462.736 444200088033.934
6396.000 5766.000 63704491.000 1.000 1400.000 520.000 415.000 4579.914 591167.615 37608.125 1099261.306 255555139.156 60836151051.276
6407.000 5788.000 63704501.000 1.000 1400.000 520.000 414.000 10483.573 608203.848 29559.287 788897.746 101655456.286 310263944670.075
6438.000 5835.000 63704511.000 1.000 1390.000 520.000 414.000 14720.403 657517.052 15607.041 34645.675 34171075.064 1719417175198.818
6483.000 5900.000 63704521.000 1.000 1390.000 520.000 418.000 14906.470 732520.734 3591.382 322525.213 32030348.345 1047318798894.774
6543.000 5953.000 63704531.000 1.000 1390.000 520.000 425.000 16638.614 838825.645 47.999 83269.012 15424408.345 1594265196839.618
6619.000 6000.000 63704541.000 1.000 1390.000 520.000 425.000 17085.816 983814.531 1605.754 409983.353 12111722.811 875960862090.321
6705.000 6032.000 63704551.000 1.000 1390.000 520.000 422.000 19287.660 1161812.902 5194.352 62293.024 1634168.634 1647675522050.413
6806.000 6055.000 63704561.000 1.000 1400.000 530.000 417.000 18953.111 1389744.501 9038.658 34055.049 2601430.455 1720966459015.950
6906.000 6074.000 63704571.000 1.000 1400.000 530.000 422.000 18770.216 1635519.351 13012.388 207166.865 3224861.918 1296738572040.753
7005.000 6093.000 63704581.000 1.000 1400.000 530.000 399.000 17657.612 1898537.453 17708.119 272316.197 8458755.973 1152606147073.312
7097.000 6116.000 63704591.000 1.000 1400.000 530.000 363.000 16195.119 2160530.315 24358.424 252316.641 19104653.638 1195948974527.648
7180.000 6142.000 63704601.000 1.000 1410.000 530.000 341.000 14840.035 2411418.441 33150.161 1187915.967 32786744.510 24962481378.186
7256.000 6166.000 63704611.000 1.000 1410.000 530.000 341.000 8460.250 2653231.327 42465.610 1432089.591 146549329.636 7426721769.399
7303.000 6183.000 63704622.000 1.000 1410.000 530.000 349.000 0.000 2808554.507 49761.053 0.000 422960605.009 1811476853739.573
7303.000 6183.000 63704632.000 1.000 1420.000 530.000 371.000 0.000 2808554.507 49761.053 986128.793 422960605.009 129443352440.024
7303.000 6183.000 63704642.000 1.000 1420.000 530.000 389.000 5296.073 2808554.507 49761.053 1200309.067 233170855.470 21199969824.266
7298.000 6155.000 63704652.000 1.000 1450.000 530.000 428.000 11742.416 2791820.764 38053.029 1105063.484 77855741.439 58007603594.175
7269.000 6099.000 63704662.000 1.000 1450.000 530.000 458.000 17677.236 2695751.058 19340.981 492503.655 8344992.424 728304371573.092
7231.000 6012.000 63704672.000 1.000 1450.000 530.000 478.000 20322.261 2572412.615 2711.478 424849.375 59411.651 848354813927.338
7205.000 5906.000 63704682.000 1.000 1460.000 520.000 492.000 22603.944 2489687.154 2908.245 1169500.415 4153191.072 31120751361.320
7181.000 5787.000 63704692.000 1.000 1460.000 530.000 499.000 16323.061 2414525.189 29904.143 366130.460 18002582.730 959970222368.867
7164.000 5701.000 63704702.000 1.000 1460.000 530.000 501.000 14356.732 2361982.465 67043.784 279205.224 38555084.276 1137861556375.971
7151.000 5625.000 63704712.000 1.000 1460.000 530.000 499.000 12857.241 2322192.734 112176.861 746533.894 59425058.656 359253108390.200
7139.000 5557.000 63704722.000 1.000 1450.000 540.000 492.000 8847.929 2285763.752 162351.089 593024.097 137313329.841 566838931381.989
7132.000 5510.000 63704732.000 1.000 1450.000 540.000 498.000 5663.052 2264646.513 202435.335 395721.922 222098039.532 902859590218.646
7127.000 5480.000 63704742.000 1.000 1440.000 540.000 477.000 3537.800 2249622.770 230331.023 242693.080 289959801.414 1217090134602.052
7127.000 5461.000 63704752.000 1.000 1440.000 540.000 458.000 4841.200 2249622.770 248929.293 1088120.215 247269525.433 66456171922.932
7153.000 5461.000 63704762.000 1.000 1440.000 540.000 420.000 10685.025 2328292.231 248929.293 1936177.239 97633786.587 348414042646.638
7191.000 5504.000 63704772.000 1.000 1430.000 550.000 374.000 21083.399 2445702.674 207870.472 1410478.779 267695.461 4168977273.316
7280.000 5574.000 63704782.000 1.000 1430.000 550.000 373.000 28658.473 2731993.291 148940.532 642005.683 65488021.274 495482922186.019
7397.000 5674.000 63704792.000 1.000 1410.000 560.000 371.000 32106.409 3132454.866 81754.903 306125.089 133180900.159 1081155075861.408
7533.000 5780.000 63704802.000 1.000 1410.000 560.000 367.000 30462.343 3632356.663 32374.137 1919663.719 97937484.951 329191997626.018
7655.000 5889.000 63704812.000 1.000 1410.000 560.000 393.000 20152.656 4112273.980 5030.802 1515710.826 170858.267 28831926179.207
7740.000 5956.000 63704822.000 1.000 1410.000 560.000 400.000 12012.426 4464237.603 15.430 1522805.605 73163731.738 31291644260.870
7801.000 5977.000 63704832.000 1.000 1410.000 560.000 427.000 3834.093 4725729.261 291.448 1010227.541 279956914.443 112683492844.849
7819.000 5967.000 63704842.000 1.000 1410.000 560.000 483.000 9259.590 4804312.734 50.011 2344141.625 127835043.984 996464058934.874
7806.000 5919.000 63704852.000 1.000 1410.000 560.000 527.000 21848.965 4747493.004 1675.113 2027610.376 1645983.657 464713819511.186
7771.000 5807.000 63704862.000 1.000 1410.000 560.000 570.000 32738.387 4596196.806 23387.017 1999047.483 148166857.897 426587054904.494
7688.000 5652.000 63704872.000 1.000 1410.000 560.000 636.000 43474.410 4247202.680 94819.742 2924484.944 524794971.358 2491895187864.493
7543.000 5469.000 63704882.000 1.000 1410.000 560.000 687.000 59180.559 3670574.148 241010.442 2729059.665 1491083699.228 1913099783670.192
7356.000 5212.000 63704892.000 1.000 1410.000 560.000 710.000 73837.163 2989006.177 559396.508 790014.387 2837816162.377 309021223523.358
7105.000 4905.000 63704902.000 1.000 1410.000 560.000 719.000 78079.990 2184112.303 1112873.388 64177.182 3307858349.353 1642841993337.625
6834.000 4585.000 63704912.000 1.000 1410.000 560.000 721.000 77735.322 1456545.459 1890427.400 34380.527 3268330685.746 1720112604344.530
6550.000 4279.000 63704922.000 1.000 1410.000 560.000 721.000 77550.679 851696.884 2825519.424 75430.365 3247252950.775 1614121453415.608
6257.000 3983.000 63704932.000 1.000 1410.000 560.000 710.000 77955.783 396741.573 3908244.885 1654829.784 3293586497.924 95430715536.326
5966.000 3682.000 63704942.000 1.000 1400.000 560.000 697.000 69068.405 114835.758 5188956.628 2361288.224 2352482703.527 1030990579738.180
5679.000 3447.000 63704952.000 1.000 1400.000 560.000 684.000 56386.943 2690.938 6314807.855 2006689.317 1283139523.697 436627771233.095
5444.000 3256.000 63704962.000 1.000 1400.000 560.000 620.000 45609.879 33535.040 7311227.406 8492559.470 627195572.141 51074582050221.672
5243.000 3116.000 63704972.000 1.000 1380.000 570.000 335.000 0.000 147552.591 8087927.287 0.000 422960605.009 1811476853739.573
