3376.000 6545.000 63792338.000 0.000 1360.000 480.000 47.000 13297.629 7233744.624 4341434.011 2008321.170 307245735.282 424210174250.264
3366.000 6610.000 63792348.000 1.000 1360.000 480.000 122.000 3365.279 7287635.867 4616528.416 353380.694 754094245.538 1007265721711.452
3357.000 6624.000 63792358.000 1.000 1360.000 480.000 158.000 1617.600 7336308.986 4676885.519 569595.782 853133872.222 620016394548.518
3349.000 6624.000 63792368.000 1.000 1360.000 480.000 172.000 4434.592 7379709.981 4676885.519 2416763.755 696509345.244 1123084422410.452
3333.000 6609.000 63792378.000 1.000 1360.000 480.000 218.000 16386.935 7466895.970 4612232.195 1703583.124 208488200.579 120115023672.338
3311.000 6531.000 63792388.000 1.000 1360.000 480.000 255.000 24812.173 7587612.705 4283288.908 3719141.840 36166782.626 5579681097389.027
3274.000 6414.000 63792398.000 1.000 1360.000 480.000 281.000 43205.555 7792819.305 3812688.978 2856761.873 153252008.071 2249264739434.143
3221.000 6207.000 63792408.000 1.000 1360.000 480.000 312.000 57333.952 8091533.894 3047157.103 1888227.109 702668577.285 282194825581.122
3156.000 5931.000 63792418.000 1.000 1350.000 490.000 310.000 66672.365 8465551.975 2159755.935 1153621.770 1284957905.351 41365543598.371
3085.000 5609.000 63792428.000 1.000 1350.000 490.000 332.000 72377.715 8883750.803 1317010.573 1218564.568 1726540407.878 19166301407.451
3020.000 5257.000 63792438.000 1.000 1350.000 490.000 353.000 66351.184 9275448.884 632996.562 901106.726 1262034755.518 207845041488.834
2968.000 4933.000 63792448.000 1.000 1340.000 490.000 392.000 61894.672 9594891.348 222416.757 4493230.369 965258931.728 9835897146456.562
2942.000 4628.000 63792458.000 1.000 1340.000 490.000 431.000 39672.959 9756640.581 27759.162 869946.291 78267701.682 237228114653.313
2933.000 4432.000 63792468.000 1.000 1330.000 500.000 463.000 35370.554 9812945.700 863.724 363934.321 20652466.690 986193305817.139
2951.000 4258.000 63792478.000 1.000 1320.000 500.000 478.000 33570.681 9700497.462 41367.162 1412917.995 7532969.180 3126041611.628
3002.000 4100.000 63792488.000 1.000 1320.000 500.000 498.000 26582.956 9385413.121 130602.146 182055.218 18003893.298 1380511642747.455
3074.000 3990.000 63792498.000 1.000 1300.000 510.000 494.000 25682.584 8949444.170 222207.768 395360.649 26455298.988 924763665697.044
3171.000 3908.000 63792508.000 1.000 1300.000 510.000 501.000 23727.289 8378490.111 306239.595 12352.802 50392485.706 1808094858093.044
3270.000 3845.000 63792518.000 1.000 1290.000 510.000 501.000 23788.381 7815167.803 379935.633 346816.473 49528862.254 1020484860192.654
3374.000 3790.000 63792528.000 1.000 1280.000 520.000 502.000 22073.166 7244506.873 450763.443 211170.805 76613074.457 1312940539666.106
3473.000 3744.000 63792538.000 1.000 1270.000 520.000 497.000 21028.800 6721378.565 514647.249 571252.205 95986215.173 617410566248.417
3569.000 3704.000 63792548.000 1.000 1250.000 530.000 491.000 18203.616 6232822.630 573638.384 1268565.595 159325978.726 7821878559.683
3657.000 3685.000 63792558.000 1.000 1240.000 530.000 464.000 11929.800 5801171.689 602780.173 776811.960 357068471.615 336626261094.807
3716.000 3685.000 63792568.000 1.000 1230.000 530.000 448.000 8088.000 5520442.354 602780.173 466103.150 517019167.552 793709634096.777
3756.000 3685.000 63792578.000 1.000 1220.000 540.000 364.000 10393.159 5334077.381 602780.173 2341427.068 417503259.048 969082909892.062
3797.000 3716.000 63792588.000 1.000 1220.000 540.000 246.000 21972.917 5146374.284 555605.043 1987314.005 78378061.157 397286945914.262
3825.000 3821.000 63792598.000 1.000 1200.000 540.000 98.000 31801.374 5020118.803 410098.314 331616.088 951246.192 1051426481152.677
3845.000 3977.000 63792608.000 1.000 1200.000 540.000 10.000 33441.414 4930896.316 234632.887 2307584.753 6840100.126 903598102747.724
3872.000 4638.000 63792648.000 0.000 1200.000 540.000 58.000 79090.964 4811714.959 31191.378 12187485.702 2329501393.296 117299269350270.672
3842.000 5028.000 63792658.000 1.000 1200.000 540.000 215.000 18816.554 4944228.689 321047.811 3314089.139 144228126.084 3830170577541.572
3828.000 5120.000 63792668.000 1.000 1220.000 540.000 260.000 2426.400 5006684.430 433768.200 1544198.771 806540432.058 35040766662.309
3816.000 5120.000 63792678.000 1.000 1230.000 550.000 272.000 10063.387 5060529.921 433768.200 1236225.929 431088402.904 14588062251.938
3797.000 5074.000 63792688.000 1.000 1240.000 540.000 304.000 16177.264 5146374.284 375292.006 3869187.586 214587092.173 6311051397760.023
3772.000 4998.000 63792698.000 1.000 1240.000 540.000 335.000 35312.712 5260427.392 287951.162 992153.747 20130086.622 133117881543.776
3732.000 4828.000 63792708.000 1.000 1250.000 540.000 334.000 40219.506 5445512.365 134403.487 145406.266 88236912.448 1467976289877.143
3670.000 4639.000 63792718.000 1.000 1260.000 540.000 348.000 39500.385 5738718.073 31545.600 1627324.533 75243992.415 73071579524.200
3594.000 4438.000 63792729.000 1.000 1280.000 540.000 351.000 48353.288 6108619.521 547.054 1015078.778 307203879.393 116914895241.629
3513.000 4213.000 63792739.000 1.000 1280.000 540.000 348.000 43333.116 6515573.592 61697.189 657986.704 156426562.553 488629346092.862
3431.000 4015.000 63792749.000 1.000 1290.000 530.000 348.000 40078.978 6940917.786 199263.308 1410707.747 85616574.941 2883772389.160
3348.000 3835.000 63792759.000 1.000 1290.000 530.000 338.000 33102.184 7385144.105 392363.416 2731649.208 5180760.985 1889641255327.748
3272.000 3690.000 63792769.000 1.000 1290.000 530.000 343.000 19592.544 7803989.554 595041.281 1776280.494 126191780.438 175790279641.628
3202.000 3623.000 63792779.000 1.000 1290.000 530.000 349.000 10807.774 8199988.257 702896.433 65225.272 400731593.889 1668699980816.160
3151.000 3607.000 63792789.000 1.000 1290.000 550.000 348.000 10485.196 8494672.597 729980.887 2378340.700 413750564.869 1043122567851.952
3111.000 3640.000 63792799.000 1.000 1290.000 550.000 348.000 22247.514 8729437.570 674680.200 2175932.434 73591374.128 670638899403.879
3096.000 3749.000 63792809.000 1.000 1290.000 550.000 344.000 33008.802 8818299.435 507498.357 3043577.689 4764382.319 2844520756857.895
3123.000 3910.000 63792819.000 1.000 1270.000 550.000 351.000 48061.115 8658672.078 304030.038 2126233.291 297047276.248 591709117717.621
3179.000 4141.000 63792829.000 1.000 1260.000 540.000 356.000 58576.611 8332241.116 102649.233 1990661.629 770093331.009 401518214350.021
3289.000 4409.000 63792839.000 1.000 1260.000 540.000 356.000 68421.624 7709297.440 2744.627 49323.455 1413426771.448 1710036201245.407
3460.000 4701.000 63792849.000 1.000 1250.000 550.000 358.000 68177.690 6788954.181 57413.341 854991.377 1395144600.427 252019665536.055
3671.000 4964.000 63792859.000 1.000 1250.000 550.000 363.000 63949.246 5733927.948 252617.627 942631.125 1097145749.436 171707349108.426
3916.000 5164.000 63792869.000 1.000 1240.000 550.000 362.000 59287.371 4620617.489 493661.951 787848.036 810046480.452 323941903399.827
4163.000 5322.000 63792879.000 1.000 1240.000 550.000 372.000 55390.991 3619742.781 740650.968 2851438.150 603436056.518 2233324522223.003
4413.000 5434.000 63792889.000 1.000 1230.000 550.000 372.000 41288.923 2730961.700 945971.789 1456158.869 109471596.492 9831097115.851
4614.000 5470.000 63792899.000 1.000 1230.000 550.000 372.000 34087.346 2107032.711 1017295.768 2230693.046 10636015.778 763327342130.353
4782.000 5456.000 63792909.000 1.000 1240.000 540.000 386.000 23055.234 1647531.824 989250.665 801829.357 60385666.659 308222192947.887
4858.000 5371.000 63792919.000 1.000 1250.000 550.000 417.000 27020.760 1458206.375 827391.827 1419156.067 14480273.781 3862509029.715
4871.000 5238.000 63792929.000 1.000 1250.000 550.000 460.000 34039.336 1426978.759 603124.351 1075099.826 10325171.624 79471643409.331
4843.000 5072.000 63792939.000 1.000 1260.000 540.000 498.000 39356.348 1494658.240 372845.562 137757.647 72765890.274 1486568935730.960
4774.000 4890.000 63792949.000 1.000 1280.000 540.000 516.000 40037.642 1668132.819 183707.227 1279727.035 84853325.996 5972189880.823
4696.000 4708.000 63792959.000 1.000 1280.000 540.000 548.000 33708.626 1875700.516 60816.892 1766978.890 8309212.734 168076967086.555
4612.000 4564.000 63792969.000 1.000 1290.000 530.000 568.000 24969.858 2112842.959 10528.978 573742.500 34295049.064 613503245443.379
4579.000 4445.000 63792979.000 1.000 1290.000 530.000 566.000 22132.358 2209867.062 268.606 539797.771 75580376.081 667830891080.041
4589.000 4336.000 63792989.000 1.000 1300.000 530.000 572.000 19462.735 2180235.819 15722.449 580513.167 129125052.601 602942641442.598
4628.000 4248.000 63792999.000 1.000 1300.000 530.000 575.000 22333.720 2066584.970 45534.946 281779.652 72119762.107 1156113806622.288
4710.000 4174.000 63793009.000 1.000 1300.000 530.000 578.000 23727.289 1837548.775 82592.546 489623.054 50392485.706 752354874876.875
4809.000 4111.000 63793019.000 1.000 1310.000 540.000 581.000 26148.768 1578948.467 122772.584 495549.738 21877018.282 742108579589.358
4919.000 4043.000 63793029.000 1.000 1310.000 540.000 581.000 23697.978 1314604.792 175049.514 521568.025 50809488.730 697958247332.792
5013.000 3973.000 63793039.000 1.000 1310.000 540.000 580.000 26277.444 1107887.105 238524.000 37728.700 20689866.504 1740495179765.982
5096.000 3873.000 63793049.000 1.000 1300.000 540.000 578.000 26090.853 940050.786 346201.838 580929.699 22422142.639 602295945899.771
5171.000 3768.000 63793059.000 1.000 1300.000 540.000 583.000 23217.808 800241.462 480788.568 1137659.698 57885429.898 48113230068.618
5210.000 3660.000 63793069.000 1.000 1300.000 540.000 583.000 17591.400 731986.613 642224.633 374771.836 175156105.989 964785877875.087
5210.000 3573.000 63793079.000 1.000 1290.000 550.000 584.000 19444.871 731986.613 789235.351 597800.256 129531360.438 576394849586.243
5182.000 3481.000 63793089.000 1.000 1270.000 550.000 591.000 22401.351 780682.094 961162.962 103969.825 70975645.776 1570102111512.473
5125.000 3386.000 63793099.000 1.000 1270.000 550.000 591.000 21887.158 884657.181 1156461.908 351639.347 79903888.371 1010764077244.907
5051.000 3307.000 63793109.000 1.000 1260.000 560.000 591.000 20148.091 1029336.381 1332614.400 541247.747 114018925.690 665463126030.729
4966.000 3255.000 63793119.000 1.000 1260.000 560.000 594.000 17471.297 1209036.948 1455374.876 541110.251 178349574.377 665687472198.847
4887.000 3220.000 63793129.000 1.000 1250.000 560.000 594.000 14795.183 1389008.770 1541047.119 31455.850 256988872.851 1757085797929.009
4814.000 3225.000 63793139.000 1.000 1250.000 560.000 594.000 14639.615 1566407.846 1528658.227 124596.247 262000855.798 1518836214520.482
4753.000 3264.000 63793149.000 1.000 1230.000 560.000 614.000 14023.412 1722819.430 1433740.870 1636079.058 282328828.316 77881224785.613
4724.000 3327.000 63793159.000 1.000 1230.000 560.000 617.000 22114.802 1799789.035 1286838.833 2141754.770 75885937.400 615829094096.528
4715.000 3436.000 63793169.000 1.000 1230.000 560.000 619.000 32707.061 1824018.154 1051422.989 1578713.705 3538181.722 49153871962.956
4773.000 3587.000 63793179.000 1.000 1220.000 570.000 611.000 40514.745 1670716.943 764556.454 1275738.842 93870704.385 6604510234.658
4865.000 3765.000 63793189.000 1.000 1220.000 570.000 616.000 46824.037 1441349.505 484957.903 525910.068 255935412.334 690722076938.268
4980.000 3966.000 63793199.000 1.000 1220.000 570.000 617.000 49424.977 1178445.208 245410.449 237042.295 345919881.265 1254320895380.778
5130.000 4159.000 63793209.000 1.000 1220.000 570.000 614.000 50597.293 875276.559 91439.222 140828.256 390901832.602 1479090688421.013
5294.000 4348.000 63793219.000 1.000 1220.000 570.000 614.000 49900.813 595308.170 12857.108 804403.970 363846373.993 305370086529.629
5467.000 4524.000 63793229.000 1.000 1220.000 570.000 554.000 45922.554 358276.662 3920.114 218318.980 227904267.205 1296610361073.175
5633.000 4679.000 63793239.000 1.000 1230.000 560.000 443.000 44842.836 187110.024 47354.465 4284539.546 196470135.812 8570446925686.827
5805.000 4819.000 63793249.000 1.000 1230.000 560.000 235.000 23653.224 67892.640 127885.492 19390.716 51449511.611 1789217269399.180
7078.000 6207.000 63793410.000 0.000 1370.000 520.000 249.000 22109.255 1025030.375 3047157.103 2344086.604 75982610.815 974326184350.748
7162.000 6137.000 63793420.000 1.000 1370.000 520.000 244.000 10516.344 1202175.932 2807671.589 629215.463 412484380.884 529680492044.064
7121.000 6105.000 63793430.000 1.000 1380.000 510.000 245.000 7404.497 1113949.030 2701456.497 5949353.246 548569402.189 21089644227936.383
7100.000 6075.000 63793440.000 1.000 1380.000 510.000 250.000 36827.609 1070061.640 2603739.849 875204.906 36018644.511 232133238396.110
7093.000 5893.000 63793450.000 1.000 1410.000 510.000 265.000 41156.021 1055628.511 2049509.514 571715.647 106708187.399 616682477498.144
7068.000 5691.000 63793460.000 1.000 1410.000 510.000 301.000 43983.497 1004881.619 1511942.746 1554593.671 173118267.039 39040500507.323
7029.000 5477.000 63793470.000 1.000 1410.000 510.000 346.000 51671.893 928212.467 1031465.319 280455.646 434548941.414 1158962774481.133
6981.000 5226.000 63793480.000 1.000 1410.000 510.000 384.000 53058.914 838026.435 584629.692 120154.924 494299997.442 1529803008137.255
6928.000 4969.000 63793490.000 1.000 1410.000 510.000 410.000 53653.152 743799.024 257668.735 2092722.887 521076334.990 541277895987.815
6875.000 4709.000 63793500.000 1.000 1400.000 520.000 425.000 43303.385 655189.613 61311.114 515239.974 155683751.654 708571692189.999
6824.000 4501.000 63793510.000 1.000 1410.000 520.000 440.000 40755.215 575227.954 1569.016 447020.120 98588208.537 828076085156.229
6773.000 4306.000 63793520.000 1.000 1400.000 530.000 439.000 38544.433 500468.294 24145.800 2490462.015 59573351.358 1284720316636.432
6736.000 4119.000 63793530.000 1.000 1400.000 530.000 450.000 26227.608 449486.894 117230.357 2452695.706 21145719.336 1200533784544.100
6715.000 3991.000 63793540.000 1.000 1390.000 540.000 456.000 14097.560 421769.505 221265.989 1664866.272 279842561.422 94777343743.962
6705.000 3922.000 63793550.000 1.000 1370.000 540.000 466.000 5863.800 408880.748 290940.697 981236.160 623114199.242 141203709074.099
6705.000 3893.000 63793560.000 1.000 1360.000 550.000 481.000 1011.000 408880.748 323066.270 2571533.094 888937533.985 1475073681876.803
6710.000 3893.000 63793570.000 1.000 1360.000 550.000 489.000 13728.770 415300.127 323066.270 1481762.444 292317171.191 15563925827.527
6721.000 3960.000 63793580.000 1.000 1350.000 550.000 495.000 21056.972 429598.759 251391.119 2613974.672 95434992.272 1579967779030.763
6742.000 4062.000 63793590.000 1.000 1340.000 560.000 496.000 33984.641 457568.148 159511.724 1501716.551 9976662.412 20940859973.422
6774.000 4227.000 63793600.000 1.000 1310.000 560.000 495.000 41411.528 501884.170 54938.292 1013021.798 112052228.220 118325805353.760
6830.000 4424.000 63793610.000 1.000 1310.000 560.000 498.000 46421.527 584365.208 1397.951 127180.565 243218731.560 1512473010739.251
6902.000 4642.000 63793620.000 1.000 1300.000 560.000 496.000 47050.511 699628.257 32620.265 2045999.725 263232956.535 474711002826.505
6991.000 4857.000 63793630.000 1.000 1300.000 560.000 489.000 36931.818 856435.192 156507.914 1036855.921 37280335.805 102496700502.677
7086.000 5013.000 63793640.000 1.000 1300.000 560.000 492.000 31803.945 1041293.381 304274.487 1327353.425 956267.890 879333317.085
7190.000 5131.000 63793650.000 1.000 1300.000 560.000 492.000 25239.388 1264360.451 448378.638 1293209.125 31210853.665 4070166287.427
7300.000 5190.000 63793660.000 1.000 1300.000 560.000 492.000 18843.695 1523836.775 530873.714 201890.836 143576962.958 1334293305854.696
7393.000 5196.000 63793670.000 1.000 1300.000 560.000 491.000 17845.224 1762091.213 539653.043 64283.222 168501986.221 1671134714190.182
7476.000 5166.000 63793680.000 1.000 1300.000 560.000 497.000 18163.143 1989334.894 496476.395 644394.617 160349352.777 507816379730.956
7538.000 5101.000 63793690.000 1.000 1300.000 560.000 501.000 21350.060 2168073.186 409101.989 520922.805 89794490.562 699036747486.577
7588.000 5008.000 63793700.000 1.000 1300.000 560.000 512.000 23926.335 2317816.970 298783.378 1055896.892 47606142.866 90667285023.752
7629.000 4897.000 63793710.000 1.000 1310.000 560.000 522.000 29148.377 2444337.873 189756.778 385413.622 2814605.122 943993653078.633
7659.000 4756.000 63793720.000 1.000 1320.000 570.000 524.000 27242.276 2539044.143 86795.530 234243.847 12843475.447 1260597052556.938
7673.000 4622.000 63793730.000 1.000 1320.000 570.000 529.000 26083.800 2583856.403 25795.833 555781.478 22488987.150 641962304864.589
7673.000 4493.000 63793740.000 1.000 1320.000 570.000 535.000 28832.472 2583856.403 999.243 9182.306 3974375.139 1816631351522.640
7660.000 4351.000 63793750.000 1.000 1320.000 570.000 538.000 28787.060 2542232.019 12185.773 1042636.616 4157502.616 98828725686.723
7625.000 4213.000 63793760.000 1.000 1320.000 570.000 541.000 23630.598 2431846.370 61697.189 503147.605 51774608.518 729075832072.309
7578.000 4106.000 63793770.000 1.000 1320.000 570.000 544.000 21142.232 2287468.213 126301.476 572679.535 93776437.422 615169540793.684
7520.000 4019.000 63793780.000 1.000 1340.000 560.000 536.000 18309.989 2115389.424 195708.195 685377.524 156651920.429 451086126007.116
7458.000 3953.000 63793790.000 1.000 1320.000 570.000 539.000 14920.387 1938883.132 258459.568 394848.072 252990290.174 925749764014.913
7392.000 3920.000 63793800.000 1.000 1320.000 570.000 540.000 12967.627 1759437.338 293102.254 41429.162 318923468.200 1730744994900.745
7329.000 3908.000 63793810.000 1.000 1320.000 570.000 543.000 13172.519 1596275.170 306239.595 80678.407 311647350.671 1629014625952.655
7267.000 3928.000 63793820.000 1.000 1320.000 570.000 545.000 13571.522 1443452.878 284504.027 687486.875 297718926.023 448257170839.973
7230.000 3984.000 63793830.000 1.000 1310.000 570.000 543.000 16971.556 1355915.478 227900.438 104594.623 191947156.171 1568536711668.423
7208.000 4065.000 63793840.000 1.000 1310.000 570.000 545.000 17488.839 1305164.213 157124.389 1358573.712 177881343.752 2454649.532
7224.000 4150.000 63793850.000 1.000 1310.000 570.000 543.000 10769.879 1341978.224 96963.227 193651.186 402250215.474 1353396703156.679
7265.000 4184.000 63793860.000 1.000 1310.000 570.000 543.000 11727.600 1438651.127 76944.762 395589.337 364751002.176 924323884043.012
7323.000 4184.000 63793870.000 1.000 1310.000 570.000 548.000 13684.026 1581149.916 76944.762 528570.413 293849175.101 686307145345.711
7379.000 4146.000 63793880.000 1.000 1310.000 570.000 545.000 16298.123 1725118.954 99470.341 564620.045 211060822.489 627877054570.233
7428.000 4082.000 63793890.000 1.000 1310.000 570.000 546.000 19090.507 1856236.862 143936.157 523536.847 137723098.406 694672462404.806
7473.000 3999.000 63793900.000 1.000 1310.000 570.000 548.000 16501.304 1980881.267 213803.762 918820.660 205198505.304 192007250930.924
7497.000 3921.000 63793910.000 1.000 1310.000 570.000 548.000 11957.186 2049014.284 292020.476 632802.491 356034235.902 524472141715.507
7516.000 3865.000 63793920.000 1.000 1310.000 570.000 550.000 8827.599 2103769.921 355680.065 1033281.833 483932088.026 104797970723.177
7531.000 3824.000 63793930.000 1.000 1310.000 570.000 553.000 3717.402 2147508.057 406264.978 987749.831 734879094.143 136350841999.784
7548.000 3817.000 63793940.000 1.000 1310.000 570.000 567.000 8602.416 2197621.943 415237.427 1645895.666 493890152.266 83456672967.516
7569.000 3854.000 63793950.000 1.000 1310.000 570.000 567.000 16742.355 2260325.332 368921.627 3406134.218 198350619.545 4198922438000.873
7619.000 3920.000 63793960.000 1.000 1310.000 570.000 568.000 33587.727 2413169.116 293102.254 3192837.078 7626829.519 3370272149159.323
7686.000 4072.000 63793970.000 1.000 1310.000 570.000 570.000 49378.217 2625818.786 151623.941 2363013.940 344182696.623 1012050003807.709
7792.000 4292.000 63793980.000 1.000 1310.000 570.000 568.000 61064.735 2980587.608 28692.697 1334723.211 914377738.394 496566355.545
7935.000 4558.000 63793990.000 1.000 1310.000 570.000 568.000 67665.740 3494797.830 9333.649 481029.352 1357162354.657 767336804548.165
8102.000 4848.000 63794000.000 1.000 1310.000 570.000 561.000 70044.718 4147079.067 149467.919 2446485.335 1538103488.925 1186963086272.627
8293.000 5137.000 63794010.000 1.000 1310.000 570.000 561.000 57945.384 4961479.321 456449.968 1359852.829 735457978.731 8098857.208
8488.000 5347.000 63794020.000 1.000 1320.000 570.000 560.000 51220.098 5868205.078 784306.508 3140906.052 415916969.823 3182295899506.741
8686.000 5505.000 63794030.000 1.000 1320.000 570.000 561.000 35686.438 6866694.462 1089123.524 3337121.336 23623318.125 3920852863308.244
8836.000 5598.000 63794040.000 1.000 1320.000 570.000 568.000 19182.376 7675325.813 1291884.135 1785548.331 135575272.110 183647689618.829
8926.000 5628.000 63794050.000 1.000 1350.000 570.000 567.000 10351.771 8182104.624 1360980.784 1055004.584 419196325.455 91205447117.913
8976.000 5617.000 63794060.000 1.000 1350.000 570.000 567.000 15569.400 8470648.408 1335436.346 3557105.635 232765536.798 4840434092256.078
8976.000 5540.000 63794070.000 1.000 1350.000 570.000 591.000 33161.416 8470648.408 1163401.281 2547480.595 5453908.703 1417227428294.310
8912.000 5389.000 63794080.000 1.000 1350.000 570.000 595.000 45760.232 8102208.365 860461.816 717965.694 223029627.975 408373765060.545
8808.000 5188.000 63794090.000 1.000 1360.000 560.000 633.000 42209.462 7520965.294 527963.270 2081161.900 129581943.729 524400348332.439
8704.000 5007.000 63794100.000 1.000 1360.000 560.000 670.000 31916.871 6961354.224 297691.157 1267497.979 1189878.473 8011861238.729
8644.000 4861.000 63794110.000 1.000 1380.000 570.000 679.000 25648.335 6648341.684 159688.800 1818611.873 26808789.492 213079077351.329
8613.000 4738.000 63794120.000 1.000 1380.000 570.000 700.000 16654.211 6489439.538 76513.541 2017068.949 200841176.302 435681803077.146
8653.000 4666.000 63794130.000 1.000 1380.000 570.000 699.000 26629.824 6694834.565 41865.584 1937032.931 17608358.734 336430103971.407
8774.000 4614.000 63794140.000 1.000 1390.000 570.000 708.000 36209.611 7335635.521 23290.060 665100.302 28982669.909 478734850896.433
8949.000 4576.000 63794150.000 1.000 1390.000 570.000 714.000 39498.930 8314213.765 13135.638 939798.101 75218752.233 174063248617.208
9141.000 4540.000 63794160.000 1.000 1390.000 570.000 717.000 44146.794 9458317.894 6179.660 805999.530 177442074.401 303609209824.451
9356.000 4502.000 63794170.000 1.000 1390.000 570.000 717.000 48132.944 10826981.165 1649.238 1736907.503 299528389.832 144324407466.029
9585.000 4437.000 63794180.000 1.000 1390.000 570.000 721.000 39542.897 12386442.694 594.833 837923.877 75983325.877 269447267696.650
9763.000 4356.000 63794190.000 1.000 1380.000 580.000 717.000 35398.862 13671046.565 11106.881 739771.751 20910559.361 380979327771.880
9895.000 4241.000 63794200.000 1.000 1390.000 580.000 721.000 31740.248 14664594.154 48571.395 892371.080 835747.942 215886519458.301
9995.000 4120.000 63794210.000 1.000 1390.000 580.000 717.000 27326.939 15440481.721 116546.578 877246.924 12243816.224 230169711219.017
10019.000 3987.000 63794220.000 1.000 1390.000 580.000 719.000 31665.450 15629670.738 225045.103 1174079.355 704583.140 33462515944.633
9974.000 3837.000 63794230.000 1.000 1390.000 600.000 713.000 37471.975 15275886.332 389861.860 874568.381 44168246.108 232747001690.340
9884.000 3675.000 63794240.000 1.000 1390.000 600.000 724.000 41797.239 14580467.521 618407.957 1462982.311 120366867.569 11230770805.765
9731.000 3536.000 63794250.000 1.000 1380.000 600.000 722.000 49032.562 13435434.543 856345.151 677315.002 331476879.230 461981184795.895
9533.000 3396.000 63794260.000 1.000 1380.000 600.000 730.000 52382.290 12023125.159 1135054.124 95755.450 464671246.169 1590755421627.366
9305.000 3273.000 63794270.000 1.000 1360.000 610.000 721.000 51908.722 10493957.505 1412268.865 867151.483 444478827.092 239958407824.610
9074.000 3161.000 63794280.000 1.000 1380.000 610.000 754.000 47620.139 9050698.224 1691012.043 2678369.306 282041240.877 1745998396886.402
8846.000 3102.000 63794290.000 1.000 1370.000 620.000 770.000 34374.000 7730834.570 1847938.968 1415998.512 12587910.233 3480000861.738
8676.000 3102.000 63794300.000 1.000 1370.000 620.000 790.000 27371.040 6814385.705 1847938.968 1157454.471 11937132.049 39821203800.734
8544.000 3132.000 63794310.000 1.000 1370.000 620.000 791.000 21646.735 6142654.116 1767275.616 860280.929 84259924.693 246736769623.914
8474.000 3213.000 63794320.000 1.000 1350.000 630.000 791.000 25901.339 5800572.819 1558475.568 1666841.766 24252832.526 95997594689.357
8479.000 3341.000 63794330.000 1.000 1350.000 630.000 787.000 34144.869 5824682.197 1255271.935 2810424.306 11014523.102 2112421923862.671
8533.000 3501.000 63794340.000 1.000 1330.000 630.000 761.000 48044.099 6088249.484 922347.395 2931065.723 296461022.247 2477660926789.114
8677.000 3690.000 63794350.000 1.000 1320.000 630.000 662.000 62539.973 6819607.581 595041.281 12645582.541 1005772563.711 127431938199091.328
8905.000 3899.000 63794360.000 1.000 1320.000 630.000 371.000 0.000 8062407.235 316281.600 0.000 950245697.189 1841467943445.971
