3391.000 6307.000 63848369.000 0.000 1370.000 470.000 185.000 21179.380 8417863.283 2391159.198 2742081.003 189370712.484 2425078181.877
3378.000 6420.000 63848379.000 1.000 1380.000 470.000 196.000 6452.844 8493467.524 2753400.439 183997.254 811551282.599 6798163637236.077
3354.000 6445.000 63848389.000 1.000 1380.000 470.000 202.000 7441.014 8633932.584 2836992.307 1179392.848 756226304.131 2598328763186.539
3333.000 6411.000 63848399.000 1.000 1380.000 460.000 208.000 13775.025 8757784.512 2723613.367 2094493.044 447980852.337 485576288171.107
3316.000 6339.000 63848409.000 1.000 1380.000 460.000 217.000 25023.645 8858691.596 2491148.789 2276071.932 98345662.522 265486843028.020
3286.000 6208.000 63848419.000 1.000 1390.000 460.000 217.000 37247.447 9038172.922 2094785.403 1530149.519 5321620.764 1590566332694.059
3246.000 6012.000 63848429.000 1.000 1400.000 460.000 206.000 45465.221 9280281.355 1565845.162 441643.125 110768001.607 5521010016364.446
3196.000 5773.000 63848439.000 1.000 1400.000 460.000 218.000 47837.096 9587416.897 1024826.909 1170148.018 166320043.364 2628218327578.246
3146.000 5521.000 63848449.000 1.000 1400.000 460.000 240.000 54121.457 9899552.440 578112.885 705314.428 367905921.164 4351444636557.931
3100.000 5234.000 63848459.000 1.000 1400.000 460.000 249.000 57909.397 10191133.138 224048.246 1239285.754 527566409.095 2408829191593.693
3075.000 4924.000 63848469.000 1.000 1390.000 460.000 281.000 51253.727 10351375.909 26679.090 1552302.478 266118661.858 1535179500733.498
3063.000 4649.000 63848479.000 1.000 1390.000 460.000 307.000 42916.979 10428736.440 12468.548 905806.395 63622890.554 3555184504467.224
3078.000 4419.000 63848489.000 1.000 1380.000 470.000 343.000 38052.283 10332080.777 116733.367 921207.742 9682675.878 3497342619889.357
3120.000 4219.000 63848499.000 1.000 1380.000 470.000 374.000 33104.873 10063838.922 293398.427 441718.908 3369831.801 5520653890059.870
3181.000 4052.000 63848509.000 1.000 1370.000 470.000 407.000 30732.591 9680532.560 502202.752 31384.755 17707198.041 7617276149564.485
3270.000 3913.000 63848519.000 1.000 1370.000 470.000 420.000 30564.037 9134632.295 718531.969 253951.477 19154156.314 6438269905480.781
3382.000 3793.000 63848529.000 1.000 1360.000 480.000 428.000 29200.173 8470168.681 936371.005 472890.464 32952308.835 5375143732520.539
3509.000 3701.000 63848539.000 1.000 1350.000 490.000 440.000 31739.864 7747067.403 1122884.933 821787.742 10244603.158 3879081287774.382
3670.000 3645.000 63848549.000 1.000 1350.000 490.000 446.000 27326.396 6876747.958 1244703.150 558537.995 57975846.148 4985342658504.394
3813.000 3612.000 63848559.000 1.000 1340.000 490.000 446.000 24326.729 6147203.307 1319425.885 89215.309 112653900.186 7301402650202.880
3943.000 3599.000 63848569.000 1.000 1330.000 500.000 449.000 24805.866 5519470.897 1349460.114 362603.459 102712491.967 5898693598023.933
4075.000 3617.000 63848579.000 1.000 1320.000 500.000 444.000 26753.253 4916665.066 1307964.258 191415.834 67032375.192 6759533317514.979
4213.000 3657.000 63848589.000 1.000 1320.000 500.000 444.000 27781.265 4323718.970 1218071.246 1153225.045 51255836.554 2683375019933.200
4319.000 3762.000 63848599.000 1.000 1300.000 510.000 433.000 33974.740 3894131.620 997327.090 1201302.257 932853.015 2528175776213.115
4401.000 3925.000 63848609.000 1.000 1290.000 510.000 420.000 40426.417 3577225.331 698332.066 881808.939 30094372.891 3646255733996.834
4478.000 4128.000 63848619.000 1.000 1290.000 510.000 422.000 45162.233 3291885.596 400262.029 243969.481 104482125.397 6489025672116.396
4555.000 4358.000 63848629.000 1.000 1290.000 510.000 414.000 43851.978 3018403.861 162137.210 948704.641 79412957.947 3395253788907.882
4614.000 4586.000 63848639.000 1.000 1290.000 510.000 404.000 38756.894 2816876.922 30507.042 685226.427 14564228.407 4435655772878.676
4660.000 4789.000 63848649.000 1.000 1290.000 510.000 402.000 35076.838 2664584.223 803.005 2518512.711 18565.381 74427137480.283
4672.000 4977.000 63848659.000 1.000 1290.000 510.000 413.000 21550.991 2625551.693 46801.849 1578445.702 179281178.282 1471078825453.598
4636.000 5087.000 63848669.000 1.000 1300.000 520.000 417.000 13073.839 2743513.283 106496.066 1952523.737 478154500.275 703589380384.737
4569.000 5108.000 63848679.000 1.000 1300.000 520.000 420.000 23560.003 2969953.909 120643.234 2825662.273 129517604.839 1178973750.110
4448.000 5071.000 63848689.000 1.000 1300.000 520.000 420.000 38735.418 3401646.922 96309.270 2029917.767 14400771.443 579742627967.198
4269.000 4965.000 63848699.000 1.000 1300.000 520.000 425.000 49637.232 4093967.162 41753.752 710319.112 215991487.048 4330590025084.466
4050.000 4813.000 63848709.000 1.000 1320.000 510.000 423.000 53452.050 5028157.837 2739.198 96693.288 342674404.470 7261045915083.346
3828.000 4631.000 63848719.000 1.000 1330.000 520.000 433.000 53971.348 6073047.644 16812.403 46817.756 362170010.294 7532325972447.399
3589.000 4467.000 63848729.000 1.000 1330.000 520.000 441.000 53719.910 7308130.536 86237.752 1303406.145 352663116.464 2213905750287.642
3339.000 4323.000 63848739.000 1.000 1340.000 510.000 456.000 46719.877 8722308.247 191548.596 3484249.066 138751763.307 480142256462.534
3125.000 4192.000 63848749.000 1.000 1340.000 510.000 501.000 28007.476 10032140.367 323377.210 2025876.854 48067974.929 585912526492.722
2985.000 4137.000 63848759.000 1.000 1350.000 520.000 551.000 17127.364 10938599.885 388955.102 796854.817 317310776.937 3977915642145.578
2895.000 4156.000 63848769.000 1.000 1360.000 510.000 557.000 12847.800 11542023.861 365616.921 4987332.739 488091067.872 4822445220813.998
2895.000 4225.000 63848779.000 1.000 1360.000 510.000 559.000 39632.616 11542023.861 286934.475 3479507.483 22015172.147 473593635425.611
3002.000 4409.000 63848789.000 1.000 1360.000 510.000 565.000 58319.552 10826438.801 123666.620 3103792.378 546576183.898 97635183749.169
3188.000 4661.000 63848799.000 1.000 1360.000 510.000 562.000 74988.684 9637022.584 9932.644 1905604.875 1603850380.679 784502063295.167
3460.000 4958.000 63848809.000 1.000 1360.000 510.000 562.000 85222.867 8022237.235 38942.029 951382.942 2528308067.900 3385390772487.566
3793.000 5272.000 63848819.000 1.000 1360.000 510.000 567.000 90332.335 6246777.524 261465.885 1913002.601 3068246171.611 771452143985.079
4167.000 5581.000 63848829.000 1.000 1360.000 510.000 570.000 80058.422 4517135.668 672953.367 3549993.493 2035619381.353 575576234718.321
4534.000 5805.000 63848839.000 1.000 1350.000 510.000 560.000 60992.936 3091813.789 1090640.499 3469302.420 678725088.362 459651909709.131
4814.000 5975.000 63848849.000 1.000 1350.000 510.000 563.000 42360.807 2185534.753 1474615.198 3622554.516 55059721.796 690940703140.709
5035.000 6029.000 63848859.000 1.000 1360.000 500.000 567.000 22905.627 1580942.656 1608679.632 517892.584 144840169.837 5168499887194.264
5152.000 5991.000 63848869.000 1.000 1370.000 510.000 570.000 20124.249 1300410.488 1513729.993 2572402.529 219523758.019 47927523730.403
5193.000 5891.000 63848879.000 1.000 1370.000 510.000 584.000 33939.515 1208582.343 1277662.523 2177549.788 1002137.466 376721343764.738
5183.000 5709.000 63848889.000 1.000 1380.000 500.000 595.000 45634.197 1230669.452 899343.728 1295762.262 114353376.902 2236711151116.938
5107.000 5476.000 63848899.000 1.000 1380.000 500.000 597.000 52593.178 1405067.476 511707.523 619061.747 311614104.492 4718732357705.953
5012.000 5210.000 63848909.000 1.000 1380.000 500.000 619.000 49268.464 1639310.006 201904.054 2230605.058 205288169.289 314408071038.707
4905.000 4968.000 63848919.000 1.000 1380.000 500.000 636.000 37288.845 1924755.066 42988.776 1622315.167 5514333.657 1366586528318.691
4836.000 4780.000 63848929.000 1.000 1380.000 500.000 637.000 28576.089 2120971.114 373.933 1805620.316 40506785.946 971615864655.015
4824.000 4627.000 63848939.000 1.000 1400.000 510.000 655.000 18878.880 2156067.644 17865.704 737926.799 257978308.485 4216448631109.917
4850.000 4529.000 63848949.000 1.000 1400.000 510.000 664.000 22841.967 2080389.162 53667.584 1010570.522 146376513.051 3171090378073.313
4930.000 4436.000 63848959.000 1.000 1400.000 510.000 684.000 28269.306 1856012.295 105405.837 830861.081 44505938.981 3843423035121.050
5053.000 4347.000 63848969.000 1.000 1400.000 510.000 702.000 32731.503 1536001.861 171116.789 309297.565 4880035.165 6160465578160.331
5204.000 4257.000 63848979.000 1.000 1410.000 510.000 690.000 34392.607 1184517.524 253676.066 584947.486 300277.875 4868106525740.476
5363.000 4163.000 63848989.000 1.000 1400.000 520.000 696.000 31251.106 863701.500 357200.644 327766.743 13612241.734 6069124635592.149
5488.000 4051.000 63848999.000 1.000 1400.000 520.000 696.000 29490.812 646987.644 503621.078 688863.844 29700005.725 4420347478275.742
5589.000 3929.000 63849009.000 1.000 1400.000 520.000 696.000 25791.221 494708.849 691662.764 552543.845 83710827.983 5012145921807.784
5620.000 3794.000 63849019.000 1.000 1390.000 520.000 697.000 22823.746 452061.813 934436.680 145166.920 146817742.826 7002158330849.375
5595.000 3674.000 63849029.000 1.000 1360.000 520.000 700.000 23603.375 486304.584 1180835.716 661233.440 128532288.923 4537294679773.370
5532.000 3564.000 63849039.000 1.000 1360.000 520.000 707.000 27154.575 578140.367 1432001.499 207647.633 60621923.109 6675394347562.615
5424.000 3466.000 63849049.000 1.000 1350.000 530.000 717.000 26039.389 754041.138 1676151.379 212875.012 79231257.521 6648409940079.784
5295.000 3412.000 63849059.000 1.000 1340.000 540.000 740.000 27182.649 994717.837 1818890.945 906015.684 60185542.472 3554395311207.966
5151.000 3388.000 63849069.000 1.000 1340.000 540.000 770.000 22316.829 1302692.199 1884202.752 635191.322 159359169.159 4648917119750.011
5034.000 3414.000 63849079.000 1.000 1330.000 540.000 793.000 18905.490 1583458.367 1813500.295 66303.586 257124212.735 7425747624521.304
4956.000 3479.000 63849089.000 1.000 1330.000 540.000 817.000 19261.578 1785845.813 1642659.150 931439.618 245831202.890 3459177673177.268
4905.000 3569.000 63849099.000 1.000 1310.000 550.000 824.000 24263.939 1924755.066 1420059.873 2152218.396 113990730.576 408458639186.134
4914.000 3699.000 63849109.000 1.000 1310.000 550.000 823.000 35822.577 1899863.668 1127127.584 1600462.177 777913.129 1418156849328.329
4987.000 3877.000 63849119.000 1.000 1300.000 540.000 829.000 44417.970 1703952.777 780859.680 2312209.815 89820861.265 229552400963.771
5102.000 4086.000 63849129.000 1.000 1300.000 540.000 821.000 56835.853 1416946.030 455169.692 1920172.790 479402841.250 758908064816.789
5298.000 4320.000 63849139.000 1.000 1300.000 540.000 793.000 67148.274 988742.705 194183.572 1336360.938 1037335349.074 2116923581368.772
5553.000 4575.000 63849149.000 1.000 1290.000 550.000 669.000 74325.293 546646.440 34470.620 9767526.730 1551155368.972 48667375427867.531
5847.000 4845.000 63849159.000 1.000 1290.000 550.000 415.000 21868.114 198341.452 7112.789 93024.625 170889450.008 7280830773459.446
8035.000 6449.000 63849390.000 0.000 1510.000 500.000 250.000 33408.763 3036810.126 2850483.005 3669900.149 2346473.011 771892384493.884
8098.000 6617.000 63849400.000 1.000 1510.000 500.000 274.000 13699.310 3260352.343 3445988.355 190928.363 451191685.570 6762068316843.685
8060.000 6680.000 63849410.000 1.000 1520.000 490.000 275.000 12673.916 3124567.355 3683855.861 292989.796 495804466.532 6241684217027.952
7993.000 6692.000 63849420.000 1.000 1510.000 490.000 279.000 11100.394 2892191.982 3730063.957 1328863.409 568354619.311 2138797081089.406
7938.000 6669.000 63849430.000 1.000 1510.000 490.000 277.000 18237.147 2708146.078 3641751.439 1147261.618 279004779.640 2702947974345.884
7855.000 6617.000 63849440.000 1.000 1510.000 490.000 280.000 24398.595 2441858.078 3445988.355 485629.896 111133514.421 5316234919747.133
7752.000 6536.000 63849450.000 1.000 1510.000 490.000 284.000 27006.704 2130562.295 3151822.704 144687.827 62946438.568 7004694073045.937
7646.000 6437.000 63849460.000 1.000 1500.000 480.000 285.000 27783.760 1832353.644 2810106.909 140386.980 51220117.781 7027478142761.910
7542.000 6330.000 63849470.000 1.000 1500.000 480.000 279.000 27029.802 1561611.572 2462819.716 73136.939 62580458.603 7388552237886.112
7445.000 6222.000 63849480.000 1.000 1500.000 480.000 282.000 26637.015 1328589.524 2135506.849 981086.869 68949244.232 3276966022110.471
7356.000 6110.000 63849490.000 1.000 1490.000 480.000 297.000 31906.010 1131339.789 1820711.282 441852.600 9208634.279 5520025660567.786
7275.000 5959.000 63849500.000 1.000 1480.000 480.000 327.000 34279.010 965590.367 1436012.403 600825.133 437679.050 4798294424302.163
7221.000 5783.000 63849510.000 1.000 1480.000 480.000 373.000 37505.783 862380.753 1045173.656 2431283.225 6580250.206 129630861626.930
7184.000 5585.000 63849520.000 1.000 1470.000 480.000 412.000 50563.158 795030.054 679532.066 1647129.483 244064844.549 1309185865903.175
7155.000 5315.000 63849530.000 1.000 1470.000 480.000 443.000 59409.181 744155.668 307289.897 254929.213 598712280.126 6433309096447.410
7129.000 4997.000 63849540.000 1.000 1460.000 490.000 473.000 58040.066 699974.150 55855.343 2125870.165 533586107.353 442831582553.432
7108.000 4686.000 63849550.000 1.000 1460.000 490.000 490.000 46622.933 665276.078 5574.511 1400397.725 136477297.722 1934681704931.402
7094.000 4436.000 63849560.000 1.000 1450.000 500.000 509.000 39102.000 642634.030 105405.837 22189081.600 17317390.094 376272918987928.688
7094.000 4226.000 63849570.000 1.000 1440.000 500.000 513.000 158270.000 642634.030 285864.150 216223902.790 15210145057.441 45553464798585984.000
7094.000 4141.000 63849571.000 1.000 1440.000 500.000 517.000 42145.455 642634.030 383981.801 5368836.181 51910178.193 6643558290758.537
7111.000 3938.000 63849580.000 1.000 1430.000 510.000 526.000 16195.119 670178.946 676773.837 1399353.143 351392426.673 1937588673540.959
7137.000 3855.000 63849590.000 1.000 1410.000 510.000 527.000 8679.796 713424.464 820224.837 749417.015 689628942.402 4169392653494.044
7164.000 3817.000 63849600.000 1.000 1410.000 510.000 538.000 4655.000 759764.271 890499.198 385701.197 917216547.502 5787031105706.760
7189.000 3817.000 63849610.000 1.000 1400.000 520.000 544.000 6726.435 803971.500 890499.198 1884398.370 796038156.544 822517881721.172
7213.000 3844.000 63849620.000 1.000 1400.000 520.000 544.000 16846.727 847586.440 840270.415 2026591.118 327387630.835 584819571005.551
7244.000 3929.000 63849630.000 1.000 1390.000 520.000 546.000 27730.675 905627.403 691662.764 1403920.442 51982775.714 1924894420501.584
7282.000 4073.000 63849640.000 1.000 1370.000 530.000 536.000 35270.527 979396.391 472879.921 1236558.110 108862.936 2417303458633.173
7327.000 4257.000 63849650.000 1.000 1370.000 530.000 536.000 41911.548 1070489.403 253676.066 268710.620 48594350.764 6363588788390.609
7379.000 4476.000 63849660.000 1.000 1360.000 540.000 546.000 40468.419 1180796.440 81032.825 109834.353 30556969.045 7190397913178.131
7435.000 4686.000 63849670.000 1.000 1360.000 540.000 546.000 39878.546 1305636.632 5574.511 1025612.689 24383476.983 3117743799707.071
7497.000 4891.000 63849680.000 1.000 1360.000 540.000 537.000 34370.422 1451168.560 16987.825 1470591.773 325083.751 1744339125058.209
7564.000 5063.000 63849690.000 1.000 1350.000 530.000 537.000 26472.507 1617079.934 91407.873 938313.377 71708313.896 3433656099045.757
7637.000 5185.000 63849700.000 1.000 1350.000 530.000 536.000 21433.230 1808069.042 180062.186 1617777.659 182448589.461 1377215910090.001
7710.000 5274.000 63849710.000 1.000 1350.000 530.000 546.000 12744.843 2009716.150 263515.234 196846.357 492650881.368 6731325063254.152
7772.000 5303.000 63849720.000 1.000 1350.000 530.000 546.000 11687.666 2189348.078 294129.801 843271.311 540698156.573 3794917405696.186
7826.000 5271.000 63849730.000 1.000 1350.000 530.000 540.000 16216.513 2352065.693 260444.210 1449207.820 350590803.456 1801281439445.744
7875.000 5199.000 63849740.000 1.000 1350.000 530.000 543.000 23999.584 2504763.861 192139.632 870525.219 119705462.677 3689475969973.688
7897.000 5072.000 63849750.000 1.000 1350.000 530.000 546.000 28674.800 2574884.223 96930.945 694803.438 39260038.641 4395407212819.154
7897.000 4918.000 63849760.000 1.000 1350.000 530.000 556.000 32406.290 2574884.223 24755.042 819059.167 6422641.834 3889836799068.887
7878.000 4745.000 63849770.000 1.000 1360.000 520.000 561.000 28007.476 2514268.729 245.319 158367.010 48067974.929 6932473494939.103
7838.000 4600.000 63849780.000 1.000 1360.000 520.000 578.000 28857.997 2389017.162 25812.487 73321.836 36997854.426 7387547102035.652
7786.000 4454.000 63849790.000 1.000 1360.000 520.000 591.000 29251.777 2230974.126 94041.981 454017.046 32362515.556 5463013547620.912
7728.000 4308.000 63849800.000 1.000 1360.000 520.000 605.000 26813.447 2061075.355 204903.475 253454.323 66050342.206 6440793084515.428
7664.000 4179.000 63849810.000 1.000 1360.000 520.000 611.000 25452.253 1881408.849 338331.439 1695113.223 90028409.275 1201682640610.436
7595.000 4061.000 63849820.000 1.000 1360.000 520.000 644.000 16348.530 1696882.897 489527.825 1938440.872 345664440.803 727413187951.555
7542.000 3991.000 63849830.000 1.000 1360.000 520.000 675.000 5937.999 1561611.572 592380.596 686730.923 841149888.112 4429320799362.301
7518.000 3970.000 63849840.000 1.000 1360.000 520.000 694.000 2249.863 1502204.632 625147.427 1600312.472 1068683184.753 1418513428302.855
7513.000 3981.000 63849850.000 1.000 1350.000 530.000 700.000 10844.452 1489973.187 607873.849 3955356.107 580623537.008 1354965890209.993
7529.000 4037.000 63849860.000 1.000 1350.000 530.000 702.000 32086.966 1529289.813 523687.632 2666348.994 8143130.911 15619273479.604
7593.000 4197.000 63849870.000 1.000 1350.000 530.000 705.000 46406.778 1691676.319 317715.584 1746601.805 131473624.048 1091448822933.357
7689.000 4427.000 63849880.000 1.000 1350.000 530.000 700.000 55787.024 1950616.078 111330.764 2109454.586 434574095.585 464948742265.791
7843.000 4684.000 63849890.000 1.000 1340.000 540.000 696.000 67115.996 2404498.608 5877.162 1357389.249 1035257191.254 2056174851987.275
8020.000 4998.000 63849900.000 1.000 1340.000 540.000 705.000 74405.949 2984755.789 56329.017 1178900.908 1557515100.676 2599914954065.528
8211.000 5349.000 63849910.000 1.000 1340.000 540.000 708.000 68074.580 3681197.018 346140.837 594627.161 1097861746.417 4825486166302.170
8435.000 5683.000 63849921.000 1.000 1340.000 540.000 705.000 64561.745 4590925.789 850706.186 1184457.674 877413228.594 2582026092902.606
8655.000 5951.000 63849931.000 1.000 1340.000 540.000 713.000 58200.533 5582089.403 1416903.005 3790987.871 541025266.436 999323684750.710
8873.000 6175.000 63849941.000 1.000 1340.000 540.000 713.000 37840.770 6659726.440 2000350.138 3186927.327 8411083.692 156500342023.728
9047.000 6280.000 63849951.000 1.000 1350.000 540.000 719.000 20725.156 7588066.753 2308385.981 1087990.434 202078369.417 2901352342758.603
9157.000 6297.000 63849961.000 1.000 1350.000 540.000 721.000 14882.028 8206188.560 2360332.451 1872346.762 402345635.213 844522997607.337
9225.000 6255.000 63849971.000 1.000 1350.000 540.000 727.000 24937.596 8600404.223 2233044.114 2437881.967 100059752.176 124922745127.936
9261.000 6126.000 63849981.000 1.000 1370.000 540.000 731.000 38030.410 8812850.632 1864146.078 1804792.471 9547029.885 973248573168.391
9251.000 5922.000 63849991.000 1.000 1370.000 540.000 721.000 47723.173 8753577.741 1348704.439 1146854.584 163394602.950 2704286520295.750
9210.000 5669.000 63850001.000 1.000 1370.000 540.000 751.000 41563.911 8512649.885 825076.740 5356.602 43868471.641 7761625964772.252
9162.000 5451.000 63850011.000 1.000 1370.000 540.000 771.000 41592.679 8234860.006 476565.656 1776304.615 44250379.029 1030268586224.129
9118.000 5232.000 63850021.000 1.000 1400.000 540.000 787.000 32052.912 7984267.283 222158.897 920159.995 8338644.744 3501262539431.896
9125.000 5060.000 63850031.000 1.000 1400.000 540.000 808.000 27111.129 8023875.307 89602.849 921670.263 61300352.485 3495612895802.030
9165.000 4920.000 63850041.000 1.000 1400.000 540.000 827.000 32061.023 8252086.873 25388.391 45034.332 8291866.730 7542118397095.763
9253.000 4772.000 63850051.000 1.000 1410.000 550.000 817.000 32302.883 8765416.319 128.535 107359.010 6957462.148 7203679264081.884
9369.000 4643.000 63850061.000 1.000 1410.000 550.000 843.000 32879.462 9465741.861 13844.499 14609.997 4248220.447 7710152237907.825
9503.000 4528.000 63850071.000 1.000 1410.000 550.000 846.000 32957.926 10308238.608 54131.909 259333.774 3930929.425 6410985067111.931
9610.000 4387.000 63850081.000 1.000 1400.000 550.000 846.000 31565.156 11006765.548 139623.776 22129.498 11393508.530 7668449741989.929
9683.000 4234.000 63850091.000 1.000 1400.000 550.000 845.000 31446.308 11496470.656 277373.548 897429.630 12209958.912 3586843785364.821
9734.000 4073.000 63850101.000 1.000 1390.000 560.000 840.000 26626.600 11844917.403 472879.921 102705.127 69122316.029 7228682660202.292
9734.000 3930.000 63850111.000 1.000 1390.000 560.000 836.000 27178.185 11844917.403 690000.439 517808.421 60254825.236 5168882572245.300
9681.000 3794.000 63850121.000 1.000 1380.000 570.000 836.000 29959.111 11482912.078 934436.680 391376.014 24815064.907 5759760347225.355
9589.000 3662.000 63850131.000 1.000 1360.000 570.000 839.000 32061.023 10867865.476 1207059.620 413554.296 8291866.730 5653798684460.370
9441.000 3574.000 63850141.000 1.000 1360.000 580.000 840.000 34282.045 9913962.681 1408168.246 352570.631 433672.512 5947528168410.780
9268.000 3511.000 63850151.000 1.000 1350.000 590.000 840.000 36175.550 8854460.656 1561656.740 876583.050 1525143.089 3666240893218.423
9079.000 3466.000 63850161.000 1.000 1340.000 600.000 845.000 31467.800 7765388.006 1676151.379 1393407.218 12060222.895 1954177161005.130
8910.000 3466.000 63850171.000 1.000 1340.000 600.000 861.000 23984.410 6852063.138 1676151.379 369940.112 120037730.370 5863110034208.729
8794.000 3522.000 63850181.000 1.000 1320.000 600.000 873.000 21997.621 6258225.596 1534285.162 1121224.154 167520269.544 2789240462666.482
8713.000 3608.000 63850191.000 1.000 1320.000 600.000 884.000 28019.233 5859520.175 1328631.186 3190668.643 47905088.074 159474477975.639
8725.000 3758.000 63850201.000 1.000 1310.000 610.000 884.000 45154.940 5917759.644 1005332.391 2578741.522 104333085.601 45192196774.232
8848.000 3967.000 63850211.000 1.000 1310.000 610.000 876.000 59004.250 6531319.211 629900.403 3061099.139 579060061.659 72777500222.449
9044.000 4216.000 63850221.000 1.000 1310.000 610.000 833.000 75444.095 7571547.885 296657.403 14047690.489 1640534471.158 126705739577194.094
9332.000 4501.000 63850231.000 1.000 1310.000 610.000 448.000 0.000 9239439.162 67424.692 0.000 1220844351.746 7791501317375.168
