3501.000 6375.000 63801772.000 0.000 1350.000 790.000 301.000 9126.763 7462299.909 2212797.173 207078.769 592162202.651 1773216268663.511
3520.000 6415.000 63801782.000 1.000 1350.000 770.000 291.000 8122.014 7358855.509 2333400.963 662299.465 642071617.448 768078665023.309
3488.000 6392.000 63801792.000 1.000 1350.000 760.000 291.000 11335.500 7533493.657 2263662.784 3346975.583 489544216.973 3269859000957.459
3455.000 6348.000 63801802.000 1.000 1350.000 730.000 286.000 27575.071 7715734.246 2133198.615 2766219.996 34645880.517 1506804265905.657
3410.000 6222.000 63801812.000 1.000 1330.000 710.000 281.000 40996.808 7967754.141 1781016.679 1915345.214 56786199.716 141861287482.359
3358.000 6030.000 63801822.000 1.000 1330.000 690.000 276.000 50290.089 8264021.130 1305414.489 493770.052 283213317.891 1091879511047.146
3296.000 5794.000 63801832.000 1.000 1330.000 670.000 279.000 52685.868 8624330.541 821828.131 402710.950 369589930.716 1290472116260.572
3234.000 5546.000 63801842.000 1.000 1330.000 650.000 287.000 54639.827 8992327.951 433684.636 257811.727 448536523.103 1640675889306.574
3173.000 5288.000 63801852.000 1.000 1320.000 630.000 312.000 55890.733 9361892.920 160438.194 2766609.937 503086366.852 1507761738367.772
3111.000 5024.000 63801862.000 1.000 1320.000 610.000 348.000 42467.104 9745142.330 18645.184 1650641.297 81107277.033 12530755971.396
3082.000 4820.000 63801872.000 1.000 1320.000 590.000 387.000 34458.170 9927043.151 4549.858 1004462.356 994056.584 285410327983.485
3074.000 4653.000 63801882.000 1.000 1310.000 570.000 420.000 29584.505 9977518.688 54968.036 184331.306 15028346.504 1834315745015.865
3095.000 4511.000 63801892.000 1.000 1310.000 560.000 450.000 28690.127 9845293.404 141716.584 51951.009 22762623.604 2210423863864.978
3152.000 4384.000 63801902.000 1.000 1300.000 540.000 478.000 28942.194 9490842.204 253464.552 554539.049 20420928.415 968573639090.790
3234.000 4270.000 63801912.000 1.000 1290.000 520.000 495.000 31632.825 8992327.951 381247.752 408949.185 3342758.179 1276337893072.357
3345.000 4164.000 63801922.000 1.000 1290.000 510.000 499.000 33617.052 8338932.878 523383.710 672454.012 24306.638 750382870110.973
3486.000 4082.000 63801932.000 1.000 1280.000 500.000 499.000 36879.808 7544476.541 648753.942 359093.595 11687248.935 1391472303443.999
3648.000 4006.000 63801942.000 1.000 1270.000 500.000 499.000 35137.481 6680782.920 776958.742 1254958.770 2810098.573 80509334013.071
3803.000 3935.000 63801952.000 1.000 1260.000 500.000 493.000 29048.404 5903544.394 907166.015 854335.201 19472293.166 468355777261.078
3931.000 3876.000 63801962.000 1.000 1250.000 510.000 470.000 24903.158 5297919.804 1023036.426 335812.333 73239160.950 1446939792530.055
4041.000 3826.000 63801972.000 1.000 1230.000 510.000 405.000 23273.792 4803641.173 1126681.689 2396108.501 103782184.309 735148586939.654
4145.000 3782.000 63801982.000 1.000 1220.000 510.000 339.000 11647.841 4358579.194 1222025.521 1193190.806 475820280.993 119376905626.566
4200.000 3769.000 63801992.000 1.000 1220.000 510.000 333.000 5858.463 4131954.878 1250936.289 579140.176 761908116.353 920755895914.578
4222.000 3787.000 63802002.000 1.000 1220.000 530.000 294.000 8668.459 4042999.151 1210995.994 4729218.621 614677335.465 10179406277699.256
4235.000 3827.000 63802012.000 1.000 1220.000 530.000 228.000 31614.692 3990889.404 1124559.784 2966149.156 3409392.879 2037609843256.106
4246.000 3980.000 63802022.000 1.000 1220.000 530.000 170.000 46006.488 3947060.541 823470.279 1684800.724 157385602.464 21345293644.639
4256.000 4203.000 63802032.000 1.000 1220.000 530.000 61.000 37831.812 3907426.120 468475.405 6384067.107 19102720.087 23477578159555.348
4299.000 4752.000 63802062.000 0.000 1220.000 530.000 18.000 130758.553 3739277.109 18347.415 17042035.135 9466785382.295 240353386735200.562
4365.000 5383.000 63802072.000 1.000 1220.000 530.000 129.000 48070.367 3488381.930 245567.194 5404718.379 213429334.229 14946094722127.926
4389.000 5615.000 63802082.000 1.000 1220.000 530.000 250.000 21846.600 3399307.320 529325.173 2817892.975 134897681.965 1636333547376.290
4389.000 5721.000 63802092.000 1.000 1220.000 530.000 309.000 8174.145 3399307.320 694801.215 654642.437 639432426.495 781558548676.129
4356.000 5743.000 63802102.000 1.000 1230.000 520.000 322.000 11350.479 3522081.909 731961.300 3174528.828 488881601.236 2675934522373.734
4308.000 5716.000 63802112.000 1.000 1230.000 520.000 343.000 26753.336 3704551.130 686490.742 2475918.871 44994716.832 878378391638.382
4229.000 5613.000 63802122.000 1.000 1240.000 520.000 374.000 38766.528 4014898.057 526418.984 3244858.392 28147076.714 2910974964877.483
4121.000 5459.000 63802132.000 1.000 1240.000 520.000 388.000 54510.625 4459365.804 326666.394 120130.538 443080560.411 2012340560454.328
3994.000 5227.000 63802142.000 1.000 1240.000 520.000 402.000 53927.750 5011871.951 115292.415 321330.716 418881873.691 1481989039414.452
3873.000 4995.000 63802152.000 1.000 1260.000 510.000 413.000 55486.851 5568283.446 11566.436 343451.017 485131674.719 1428621177784.339
3753.000 4754.000 63802162.000 1.000 1260.000 510.000 413.000 57153.280 6149016.499 17809.605 1174866.043 561317206.990 132375466797.354
3625.000 4508.000 63802172.000 1.000 1280.000 520.000 413.000 51452.814 6800209.088 143984.300 2792081.836 323700112.498 1570964929498.915
3490.000 4298.000 63802182.000 1.000 1280.000 520.000 402.000 37905.595 7522518.773 347454.405 1463740.749 19753125.697 5618954936.313
3391.000 4143.000 63802192.000 1.000 1280.000 520.000 397.000 30803.505 8075378.541 554209.721 2852802.812 7063056.412 1726865050030.235
3298.000 4026.000 63802202.000 1.000 1290.000 510.000 402.000 16961.667 8612587.657 742100.636 632129.928 272232811.787 821870089134.061
3225.000 3988.000 63802212.000 1.000 1290.000 510.000 399.000 13894.564 9046385.930 809015.036 645780.962 382851136.518 797305190159.557
3162.000 4012.000 63802222.000 1.000 1280.000 520.000 399.000 17027.902 9429327.783 766417.310 2251499.054 270051512.861 508081867339.169
3111.000 4077.000 63802232.000 1.000 1280.000 520.000 393.000 27952.206 9745142.330 656833.468 2620095.508 30348421.431 1169415297978.076
3098.000 4212.000 63802242.000 1.000 1280.000 520.000 387.000 40664.945 9826476.078 456236.258 2096456.207 51894718.061 311091498140.465
3109.000 4409.000 63802252.000 1.000 1270.000 520.000 389.000 50836.979 9757633.215 228916.921 2224036.848 301919567.688 469685995225.177
3170.000 4648.000 63802262.000 1.000 1270.000 520.000 387.000 61628.036 9380260.246 57337.563 768024.643 793373684.563 593941180601.376
3292.000 4921.000 63802272.000 1.000 1270.000 520.000 394.000 65354.502 8647840.309 1125.426 1935206.041 1017186148.214 157216693414.907
3455.000 5193.000 63802282.000 1.000 1270.000 520.000 391.000 74744.148 7715734.246 93359.194 758506.120 1704286242.833 608703173437.070
3696.000 5464.000 63802292.000 1.000 1270.000 520.000 407.000 71063.866 6434953.699 332406.868 296130.869 1413964541.107 1543979133163.943
3971.000 5672.000 63802302.000 1.000 1270.000 520.000 425.000 69627.035 5115382.120 615514.573 1160017.774 1307971517.262 143400559818.817
4268.000 5833.000 63802312.000 1.000 1270.000 520.000 430.000 63998.613 3860128.815 894059.826 2466153.853 932536882.418 860169837473.532
4550.000 5963.000 63802322.000 1.000 1270.000 520.000 440.000 52032.801 2831550.141 1156802.142 1809006.889 344906364.356 73065577591.636
4787.000 6050.000 63802332.000 1.000 1270.000 520.000 447.000 43255.475 2090109.362 1351516.384 3538606.951 95928877.880 3999626061771.350
4995.000 6078.000 63802342.000 1.000 1280.000 520.000 466.000 26086.106 1531953.404 1417403.036 840026.914 54391217.020 488144692778.211
5121.000 6066.000 63802352.000 1.000 1290.000 510.000 480.000 22010.284 1235923.699 1388973.900 1830871.213 131122243.677 85363761914.799
5195.000 5989.000 63802362.000 1.000 1300.000 510.000 520.000 30893.696 1076864.983 1213406.605 1773043.263 6591800.205 54916559749.852
5233.000 5844.000 63802372.000 1.000 1300.000 510.000 538.000 39496.526 999442.183 914982.868 1296974.728 36425810.093 58431318750.325
5208.000 5654.000 63802382.000 1.000 1300.000 510.000 543.000 45789.465 1050053.236 587594.868 302139.302 151987445.992 1529083442427.807
5156.000 5438.000 63802392.000 1.000 1330.000 510.000 556.000 44323.481 1159328.225 303102.405 521826.651 117990318.679 1034032298163.229
5085.000 5235.000 63802402.000 1.000 1330.000 510.000 568.000 41791.571 1317263.615 120789.173 3369242.421 69395978.401 3350883952469.745
5026.000 5041.000 63802412.000 1.000 1330.000 510.000 570.000 25443.961 1456175.699 23576.794 1101873.460 64275257.518 190817808483.302
4997.000 4921.000 63802422.000 1.000 1340.000 500.000 580.000 20097.656 1527006.520 1125.426 868667.807 178582868.637 448943726259.187
4987.000 4824.000 63802432.000 1.000 1350.000 510.000 591.000 15882.868 1551820.941 4026.236 765065.496 308995862.256 598511023084.311
5012.000 4743.000 63802443.000 1.000 1350.000 510.000 585.000 19966.187 1490159.888 20866.563 833700.469 182113922.105 497024955926.370
5081.000 4675.000 63802453.000 1.000 1340.000 510.000 595.000 24011.313 1326461.383 45136.121 1231665.966 89299346.314 94270166837.954
5179.000 4612.000 63802463.000 1.000 1350.000 520.000 599.000 29987.373 1110328.057 75874.152 45810.877 12067099.806 2228719240572.757
5312.000 4553.000 63802473.000 1.000 1350.000 520.000 605.000 30209.648 847727.257 111858.563 230467.203 10572240.134 1711474196483.793
5421.000 4455.000 63802483.000 1.000 1340.000 520.000 606.000 31327.878 658891.067 187015.279 51484.192 4550832.944 2211812161599.243
5513.000 4334.000 63802493.000 1.000 1340.000 520.000 608.000 31078.076 517998.394 306309.815 1356832.763 5679023.277 33075851116.100
5576.000 4197.000 63802503.000 1.000 1330.000 530.000 611.000 24494.705 431282.541 476724.836 994955.582 80397066.660 295658468146.003
5606.000 4082.000 63802513.000 1.000 1310.000 540.000 614.000 19667.167 392779.278 648753.942 305285.831 190273860.428 1521311592124.783
5615.000 3987.000 63802523.000 1.000 1310.000 540.000 616.000 18185.916 381579.299 810814.942 1035239.063 233332655.733 253473355857.211
5580.000 3906.000 63802533.000 1.000 1310.000 540.000 619.000 23208.910 426044.773 963249.268 916350.897 105108345.806 387318950861.910
5505.000 3822.000 63802543.000 1.000 1300.000 540.000 611.000 27655.057 529577.930 1135189.310 153677.022 33710671.065 1918289862153.930
5402.000 3736.000 63802553.000 1.000 1290.000 530.000 619.000 28400.700 690097.467 1325843.163 100269.917 25608115.104 2069082363002.406
5277.000 3678.000 63802563.000 1.000 1280.000 540.000 628.000 27914.189 913402.730 1462775.668 25617.406 30768733.478 2289420260945.882
5147.000 3640.000 63802573.000 1.000 1260.000 540.000 644.000 27789.893 1178790.204 1556138.068 1836946.217 32163112.142 88950544845.149
5013.000 3625.000 63802583.000 1.000 1260.000 540.000 667.000 18877.005 1487719.446 1593786.647 1484675.150 212697172.699 2918731715.617
4923.000 3642.000 63802593.000 1.000 1250.000 550.000 693.000 11673.341 1715369.236 1551152.258 844949.407 474708452.681 481290492655.734
4881.000 3680.000 63802603.000 1.000 1250.000 550.000 699.000 15773.047 1827149.804 1457941.858 2887829.919 312868851.075 1820150357199.194
4872.000 3756.000 63802613.000 1.000 1250.000 550.000 690.000 29784.837 1851561.783 1280185.058 2581596.646 13515248.870 1087632501198.693
4918.000 3893.000 63802623.000 1.000 1250.000 550.000 694.000 42310.779 1728491.446 988936.036 1907543.093 78316001.813 136044904337.694
5022.000 4070.000 63802633.000 1.000 1250.000 550.000 694.000 51566.204 1465845.467 668228.805 2043307.345 327793120.228 254628130852.377
5164.000 4276.000 63802643.000 1.000 1240.000 550.000 690.000 61480.359 1142164.688 373874.321 807633.559 785076289.471 534458781193.725
5361.000 4500.000 63802653.000 1.000 1240.000 550.000 681.000 65399.008 759897.594 150119.542 193186.392 1020027020.390 1810408047289.289
5572.000 4737.000 63802663.000 1.000 1240.000 550.000 616.000 66336.351 436552.309 22635.994 2161538.465 1080779094.795 387927208198.505
5793.000 4971.000 63802673.000 1.000 1240.000 550.000 504.000 55848.537 193354.604 6980.163 6093362.164 501195269.660 20744943440638.539
5978.000 5169.000 63802683.000 1.000 1240.000 550.000 317.000 26283.461 64882.815 79268.921 9714.485 51519163.924 2337798043682.684
7481.000 6549.000 63802843.000 0.000 1350.000 520.000 275.000 27037.618 1558200.330 2760739.658 2430000.616 41261713.725 794416007762.554
7554.000 6658.000 63802853.000 1.000 1360.000 510.000 289.000 15247.222 1745778.057 3134837.984 2340994.063 331747032.463 643675061129.455
7537.000 6730.000 63802863.000 1.000 1360.000 510.000 312.000 3888.687 1701143.573 3394980.805 848058.013 874530339.400 476986958853.655
7527.000 6746.000 63802873.000 1.000 1380.000 510.000 307.000 8003.476 1675157.994 3454198.321 1327829.959 648092968.796 44466358804.925
7495.000 6724.000 63802883.000 1.000 1380.000 510.000 311.000 14446.125 1593348.141 3372906.236 3192239.825 361571028.835 2734192505213.213
7448.000 6672.000 63802893.000 1.000 1400.000 510.000 312.000 29934.916 1476902.920 3184609.310 1994551.299 12434298.978 207800007709.564
7358.000 6558.000 63802903.000 1.000 1400.000 510.000 317.000 39612.506 1266252.709 2790728.510 871135.442 37839228.166 445643023540.158
7243.000 6404.000 63802913.000 1.000 1420.000 500.000 316.000 43839.267 1020663.551 2299915.921 457295.092 107705392.650 1169437521799.603
7110.000 6238.000 63802923.000 1.000 1420.000 500.000 317.000 41620.465 769618.351 1823978.194 400701.269 66574484.311 1295042108057.724
6995.000 6072.000 63802933.000 1.000 1420.000 500.000 305.000 39676.257 581069.194 1403152.468 2390078.221 38627603.041 724844129825.126
6901.000 5904.000 63802943.000 1.000 1420.000 500.000 310.000 28079.565 446596.751 1033368.552 2461474.147 28961415.532 851511318497.573
6822.000 5793.000 63802953.000 1.000 1420.000 500.000 312.000 16136.459 347249.678 820016.036 947000.440 300144784.389 350108887328.008
6789.000 5722.000 63802963.000 1.000 1420.000 500.000 314.000 11541.600 309446.267 696469.310 137132.139 480466502.845 1964393696038.841
6789.000 5666.000 63802973.000 1.000 1410.000 510.000 339.000 12206.967 309446.267 606136.005 4218222.113 451740130.781 7179836408176.872
6801.000 5608.000 63802983.000 1.000 1410.000 510.000 372.000 32673.838 322940.962 519188.510 2836877.259 619854.102 1685263059251.250
6814.000 5450.000 63802993.000 1.000 1400.000 520.000 415.000 46438.405 337885.215 316459.542 3265668.927 168409247.601 2982420162889.693
6826.000 5225.000 63803003.000 1.000 1400.000 520.000 446.000 62283.475 351979.909 113938.226 384931.527 830726641.096 1331182699395.025
6837.000 4923.000 63803013.000 1.000 1390.000 520.000 447.000 60415.782 365153.046 1263.615 218256.190 726552394.515 1743573011395.216
6846.000 4630.000 63803023.000 1.000 1390.000 520.000 461.000 59356.800 376111.067 66281.858 2118150.912 670584889.000 335762852117.699
6846.000 4342.000 63803033.000 1.000 1370.000 530.000 469.000 49079.503 376111.067 297518.573 3308188.388 243933071.105 3131087606107.885
6854.000 4104.000 63803043.000 1.000 1360.000 540.000 465.000 33028.128 385987.530 613798.026 2107266.977 187504.707 323267909563.699
6863.000 3944.000 63803053.000 1.000 1350.000 540.000 464.000 22803.640 397251.551 890102.868 3271938.695 113582437.057 3004114856422.382
6882.000 3835.000 63803063.000 1.000 1340.000 550.000 467.000 6928.149 421563.151 1107656.542 850139.005 703999937.064 474116846659.861
6899.000 3806.000 63803073.000 1.000 1320.000 550.000 481.000 2803.263 443927.636 1169539.794 823351.775 939905798.432 511723709286.919
6910.000 3814.000 63803083.000 1.000 1310.000 560.000 486.000 6798.177 458706.773 1152300.552 3410834.432 710913923.192 3504885692456.018
6918.000 3846.000 63803093.000 1.000 1300.000 560.000 486.000 23347.592 469607.236 1084623.584 2469403.432 102283977.279 866208063520.610
6935.000 3958.000 63803103.000 1.000 1300.000 560.000 488.000 35329.171 493195.720 863882.194 1706377.745 3489516.889 28115679369.258
6957.000 4128.000 63803113.000 1.000 1280.000 570.000 490.000 43608.539 524579.994 576768.300 90391.956 102969581.919 2097597458286.123
6990.000 4337.000 63803123.000 1.000 1270.000 570.000 491.000 43169.956 573471.404 302998.100 1010065.803 94260988.959 279454577048.920
7033.000 4542.000 63803133.000 1.000 1270.000 570.000 491.000 48070.809 640446.394 119337.521 663971.142 213442248.975 765151340829.480
7098.000 4766.000 63803143.000 1.000 1260.000 580.000 488.000 51292.406 748707.657 14750.742 129744.278 317953828.307 1985157460075.222
7177.000 5002.000 63803153.000 1.000 1260.000 580.000 491.000 50662.885 891662.730 13121.100 2593445.954 295899819.916 1112488104066.132
7276.000 5227.000 63803163.000 1.000 1260.000 580.000 490.000 38079.450 1088430.962 115292.415 1558534.795 21328730.572 393401727.834
7375.000 5383.000 63803173.000 1.000 1260.000 580.000 490.000 30517.418 1304801.194 245567.194 2881654.339 8665535.344 1803525180903.797
7473.000 5494.000 63803183.000 1.000 1260.000 580.000 490.000 16535.592 1538291.867 367899.710 815483.290 286474382.839 523043042788.227
7547.000 5525.000 63803193.000 1.000 1260.000 580.000 491.000 12578.856 1727329.151 406466.647 442463.930 436070041.359 1201734480906.608
7605.000 5506.000 63803203.000 1.000 1270.000 570.000 492.000 14725.697 1883149.509 382600.847 2056809.369 351017054.359 268436864649.197
7654.000 5454.000 63803213.000 1.000 1270.000 570.000 517.000 24705.364 2020033.846 320975.921 533849.495 76663720.828 1009725417129.699
7694.000 5341.000 63803223.000 1.000 1260.000 570.000 524.000 27295.609 2135336.162 205705.215 373444.544 38013848.186 1357821297900.714
7728.000 5213.000 63803233.000 1.000 1270.000 560.000 539.000 29107.567 2235859.130 105981.089 165250.362 18953651.301 1886365110555.996
7753.000 5074.000 63803243.000 1.000 1270.000 560.000 561.000 29909.364 2311248.078 34799.921 696768.659 12615156.348 708849120055.846
7771.000 4930.000 63803253.000 1.000 1270.000 560.000 591.000 33290.095 2366302.120 1810.279 402514.330 29258.491 1290918871426.156
7784.000 4769.000 63803263.000 1.000 1290.000 560.000 595.000 35243.100 2406466.373 14031.026 386753.863 3175359.570 1326980911060.070
7784.000 4598.000 63803273.000 1.000 1290.000 560.000 603.000 33366.565 2406466.373 83782.826 808403.136 8945.591 533334148931.800
7767.000 4437.000 63803283.000 1.000 1290.000 560.000 611.000 29444.182 2354011.888 202907.573 472728.478 16136000.877 1136296218956.426
7744.000 4296.000 63803293.000 1.000 1270.000 550.000 613.000 27150.497 2283964.057 349816.215 1886554.487 39824292.528 121002439585.114
7709.000 4169.000 63803303.000 1.000 1270.000 550.000 616.000 17996.909 2179399.530 516174.184 1456268.387 239142630.224 6795042989.549
7674.000 4089.000 63803313.000 1.000 1260.000 560.000 619.000 10931.075 2077285.004 637526.605 552744.536 507604105.431 972109040180.089
7636.000 4052.000 63803323.000 1.000 1260.000 560.000 616.000 8249.151 1969191.804 697981.100 326329.053 635644698.780 1469844374541.491
7597.000 4043.000 63803333.000 1.000 1270.000 560.000 613.000 9832.504 1861257.046 713100.247 1414437.095 558312729.231 15441378349.442
7557.000 4069.000 63803343.000 1.000 1260.000 570.000 608.000 16695.372 1753714.730 669864.710 1073674.034 281091182.408 216249556177.316
7518.000 4140.000 63803353.000 1.000 1260.000 570.000 609.000 21904.853 1651941.973 558685.436 636899.082 133547911.065 813245685218.300
7482.000 4240.000 63803363.000 1.000 1260.000 570.000 611.000 24995.096 1560697.888 419194.910 342363.633 71674004.920 1431221750380.551
7454.000 4358.000 63803373.000 1.000 1240.000 570.000 611.000 23333.943 1491522.267 280320.089 935306.532 102560243.375 364084205486.713
7447.000 4471.000 63803383.000 1.000 1240.000 570.000 613.000 18795.823 1474473.362 173432.794 269007.697 215071702.708 1612119655893.200
7453.000 4562.000 63803393.000 1.000 1240.000 570.000 611.000 17490.594 1489080.709 105919.415 1210875.422 255058535.556 107469240946.312
7484.000 4641.000 63803403.000 1.000 1240.000 570.000 611.000 23365.778 1565699.004 60738.900 1612281.347 101916457.818 5414150207.218
7541.000 4739.000 63803413.000 1.000 1230.000 580.000 606.000 31188.589 1711593.804 22038.184 1453700.794 5164515.940 7224939436.285
7615.000 4871.000 63803423.000 1.000 1230.000 580.000 613.000 38241.965 1910695.088 270.689 1115681.954 22856229.002 178944637587.470
7717.000 5026.000 63803433.000 1.000 1230.000 580.000 611.000 43655.269 2203083.994 19195.373 1877644.372 103920140.949 114882990570.220
7842.000 5197.000 63803443.000 1.000 1230.000 580.000 609.000 52765.625 2589778.730 95819.573 1053237.570 372662904.178 235674195956.389
7981.000 5412.000 63803453.000 1.000 1240.000 570.000 609.000 57875.948 3056479.278 275149.942 253472.703 596082550.017 1651810330150.324
8120.000 5656.000 63803463.000 1.000 1240.000 570.000 609.000 59105.801 3561821.825 590665.058 1608889.972 657648323.050 4926570719.340
8280.000 5894.000 63803473.000 1.000 1240.000 570.000 617.000 51299.445 4191351.088 1013137.605 1849150.634 318204906.331 96379324356.565
8455.000 6071.000 63803483.000 1.000 1270.000 570.000 613.000 42327.341 4938523.720 1400784.373 2568718.694 78609411.351 1060937608224.553
8608.000 6208.000 63803493.000 1.000 1280.000 570.000 614.000 29863.883 5641950.078 1743845.352 1307888.960 12940302.076 53273938257.495
8738.000 6272.000 63803503.000 1.000 1280.000 570.000 617.000 23517.988 6276422.604 1916971.415 466752.815 98866393.734 1149071705902.452
8852.000 6277.000 63803513.000 1.000 1300.000 560.000 624.000 21253.297 6860622.204 1930841.889 500694.806 149031580.548 1077455691528.328
8949.000 6242.000 63803523.000 1.000 1320.000 570.000 634.000 23682.675 7378171.320 1834798.573 1942512.079 95618497.774 163063841615.394
9009.000 6144.000 63803533.000 1.000 1320.000 570.000 644.000 33107.770 7707724.794 1578911.289 1515123.128 124874.694 555889534.675
9043.000 5987.000 63803543.000 1.000 1340.000 560.000 642.000 40459.168 7897667.762 1209004.415 1538963.127 48972309.997 69005.646
9054.000 5791.000 63803553.000 1.000 1350.000 570.000 636.000 32992.098 7959614.899 816397.847 724836.388 220006.155 662374691462.621
9049.000 5631.000 63803563.000 1.000 1360.000 560.000 641.000 29475.182 7931427.109 552862.689 567521.082 15887910.100 943189341019.651
9032.000 5489.000 63803573.000 1.000 1380.000 570.000 665.000 26721.562 7835962.625 361859.236 1118984.295 45421994.338 176161640478.312
9019.000 5360.000 63803583.000 1.000 1380.000 570.000 690.000 21292.235 7763350.373 223301.015 905716.549 148082398.256 400668603407.078
9011.000 5257.000 63803593.000 1.000 1380.000 570.000 717.000 16897.686 7718833.909 136565.258 206062.490 274348211.705 1775923899762.291
9052.000 5186.000 63803603.000 1.000 1390.000 570.000 728.000 17897.504 7948333.783 89130.531 2292169.798 242226956.564 567716076847.440
9123.000 5136.000 63803613.000 1.000 1390.000 570.000 742.000 29019.143 8353712.394 61775.794 1452666.378 19731391.868 7401859435.708
9255.000 5087.000 63803623.000 1.000 1390.000 570.000 749.000 36067.500 9134170.036 39819.152 1035233.911 6793080.460 253478543549.759
9423.000 5038.000 63803633.000 1.000 1390.000 570.000 751.000 41090.469 10177879.762 22664.510 1050419.771 58206567.350 238418009514.115
9616.000 4988.000 63803643.000 1.000 1390.000 570.000 754.000 35993.818 11446576.436 10109.773 869392.454 6414426.766 447973177100.923
9768.000 4902.000 63803653.000 1.000 1380.000 580.000 749.000 31775.514 12498197.236 211.626 316207.894 2841355.701 1494488019505.044
9879.000 4795.000 63803663.000 1.000 1390.000 580.000 749.000 30241.269 13295350.162 8547.489 824591.055 10367608.776 509952210520.311
9962.000 4674.000 63803673.000 1.000 1380.000 590.000 754.000 26240.342 13907521.467 45562.026 626918.896 52140012.383 831345579861.611
9971.000 4547.000 63803683.000 1.000 1380.000 590.000 752.000 29282.161 13974729.488 115907.994 1119929.675 17463916.774 175368951727.605
9916.000 4416.000 63803693.000 1.000 1360.000 600.000 754.000 34716.075 13566543.804 222267.584 1529607.011 1574846.452 82690409.914
9818.000 4279.000 63803703.000 1.000 1350.000 600.000 754.000 42137.749 12854225.130 370214.605 1154180.816 75283437.245 147855339504.692
9669.000 4139.000 63803713.000 1.000 1350.000 600.000 755.000 47737.850 11808013.004 560181.342 932447.925 203824273.196 367542109206.117
9474.000 4014.000 63803723.000 1.000 1350.000 600.000 755.000 52262.100 10505889.215 762919.500 89826.212 353475866.165 2099236522019.786
9248.000 3899.000 63803733.000 1.000 1350.000 600.000 754.000 51826.262 9091907.130 977038.605 863274.582 337277480.667 456200086604.956
9016.000 3802.000 63803743.000 1.000 1340.000 610.000 760.000 47637.642 7746641.699 1178207.415 392291.977 200973034.958 1314252358861.084
8792.000 3745.000 63803753.000 1.000 1340.000 610.000 773.000 45734.236 6549908.730 1305198.015 2834737.116 150628734.789 1679711071389.758
8572.000 3716.000 63803763.000 1.000 1340.000 610.000 790.000 31980.053 5472225.994 1372301.268 1957761.831 2193636.880 175612451319.248
8418.000 3735.000 63803773.000 1.000 1320.000 610.000 796.000 22480.966 4775444.078 1328147.068 485976.174 120564355.838 1108228375471.358
8325.000 3792.000 63803783.000 1.000 1320.000 610.000 785.000 20123.003 4377631.194 1200016.468 659335.334 177906062.339 773282985679.364
8272.000 3874.000 63803793.000 1.000 1300.000 620.000 785.000 23322.107 4158658.625 1027086.236 3221618.762 102800114.618 2832214086123.000
8294.000 3985.000 63803803.000 1.000 1290.000 630.000 784.000 38953.445 4248870.899 814420.752 2388229.298 30165346.802 721699284411.077
8393.000 4146.000 63803813.000 1.000 1270.000 620.000 760.000 50541.166 4666805.130 549752.005 2353008.045 291727078.526 663096879238.077
8543.000 4340.000 63803823.000 1.000 1260.000 620.000 679.000 61957.993 5337388.815 299704.384 12769542.357 812070281.142 126131810215360.344
8761.000 4547.000 63803833.000 1.000 1260.000 620.000 414.000 0.000 6392194.436 115907.994 0.000 1119648300.791 2367599037107.748
