2976.000 5696.000 32326065.000 0.000 1390.000 790.000 42.000 49476.809 7288056.130 1210100.574 7831047.224 337627397.230 33050042979850.504
2946.000 5949.000 32326075.000 1.000 1380.000 780.000 50.000 9152.158 7450934.530 1830732.705 1128499.113 481802980.392 909412908468.928
2932.000 5994.000 32326085.000 1.000 1410.000 760.000 89.000 3341.143 7527560.450 1954531.819 233999.931 770674561.400 3415586767122.153
2918.000 6004.000 32326095.000 1.000 1430.000 740.000 109.000 2136.200 7604578.370 1982592.734 484760.681 839027356.799 2551590483036.076
2907.000 6004.000 32326105.000 1.000 1440.000 720.000 103.000 4632.393 7665367.450 1982592.734 837674.515 700649038.465 1548670811086.925
2894.000 5984.000 32326115.000 1.000 1450.000 700.000 136.000 8945.856 7737521.090 1926670.905 1940906.654 490902203.222 19944187444.056
2873.000 5943.000 32326125.000 1.000 1460.000 670.000 187.000 18940.226 7854790.970 1814532.156 1296150.031 147912856.145 617765368693.116
2847.000 5849.000 32326135.000 1.000 1450.000 650.000 193.000 25614.531 8001204.250 1570123.562 834660.531 30114170.192 1556181436313.896
2808.000 5723.000 32326145.000 1.000 1460.000 630.000 200.000 29912.474 8223359.170 1270232.042 1210396.554 1415374.057 759920151403.522
2762.000 5576.000 32326155.000 1.000 1460.000 620.000 213.000 36145.206 8489298.050 960489.602 446091.965 25432222.760 2676622235884.139
2711.000 5397.000 32326165.000 1.000 1460.000 600.000 221.000 38442.281 8789090.330 641674.236 192235.473 53877245.011 3571703383904.250
2659.000 5206.000 32326175.000 1.000 1460.000 580.000 254.000 39432.165 9100116.890 372155.774 1208909.953 69388834.312 762514202632.142
2614.000 5008.000 32326185.000 1.000 1450.000 560.000 289.000 45657.242 9373639.490 169781.671 362231.550 211850151.699 2958052553670.319
2607.000 4773.000 32326195.000 1.000 1450.000 550.000 337.000 43791.992 9416551.450 31345.185 6692.326 161031609.222 4307443801692.355
2622.000 4548.000 32326205.000 1.000 1460.000 530.000 354.000 43757.531 9324717.250 2299.614 106533.653 160158188.797 3902983080447.727
2675.000 4329.000 32326215.000 1.000 1460.000 520.000 371.000 43208.954 9003840.410 71264.591 881522.738 146574244.420 1441459106695.875
2754.000 4121.000 32326225.000 1.000 1440.000 510.000 398.000 38669.702 8535980.290 225581.574 298555.700 57267556.571 3181139228409.826
2849.000 3946.000 32326235.000 1.000 1430.000 510.000 388.000 37132.340 7989893.690 422440.574 435647.889 36362962.978 2710905137148.596
2965.000 3794.000 32326245.000 1.000 1430.000 510.000 391.000 34889.045 7347569.210 643130.676 740680.936 14340430.272 1799487054007.506
3095.000 3670.000 32326255.000 1.000 1420.000 520.000 394.000 31075.034 6659702.810 857391.339 1052858.213 736.305 1059401533820.667
3233.000 3589.000 32326265.000 1.000 1410.000 520.000 377.000 25653.519 5966490.170 1013956.934 855413.714 29687786.200 1504834183935.353
3354.000 3536.000 32326275.000 1.000 1400.000 530.000 367.000 21248.711 5390012.290 1123503.088 567602.711 97090633.432 2293794560549.238
3458.000 3502.000 32326285.000 1.000 1370.000 540.000 361.000 18325.937 4917927.170 1196735.979 805801.245 163232102.658 1629016482534.439
3551.000 3486.000 32326295.000 1.000 1360.000 550.000 334.000 14176.600 4514095.130 1231998.516 315673.848 286474884.039 3120369263062.550
3624.000 3486.000 32326305.000 1.000 1360.000 550.000 274.000 12551.091 4209226.690 1231998.516 3901622.485 344142492.842 3310550919017.955
3688.000 3495.000 32326315.000 1.000 1350.000 550.000 149.000 32641.835 3950712.770 1212100.339 534532.983 2370571.568 2395058214509.701
3810.000 4851.000 32326396.000 0.000 1310.000 570.000 348.000 54936.980 3480612.610 65048.316 7671298.110 568098218.130 31238794067476.219
3711.000 5116.000 32326406.000 1.000 1320.000 580.000 392.000 15434.930 3859810.330 270447.545 132768.714 245462376.093 3800011548917.146
3637.000 5145.000 32326416.000 1.000 1340.000 570.000 409.000 16118.600 4156053.050 301451.196 1590003.178 224507338.265 242189345541.581
3554.000 5145.000 32326426.000 1.000 1340.000 570.000 407.000 24306.052 4501356.290 301451.196 1865412.958 46187205.501 46966512599.313
3465.000 5057.000 32326436.000 1.000 1350.000 570.000 407.000 33911.680 4886929.210 212563.151 1628396.324 7893352.380 205874743482.786
3358.000 4919.000 32326446.000 1.000 1360.000 560.000 404.000 42296.831 5371455.170 104358.534 4267154.075 125320458.574 4774327825804.617
3227.000 4745.000 32326456.000 1.000 1360.000 560.000 391.000 20323.844 5995837.850 22214.625 2026779.272 116172288.574 3063763444.229
3080.000 4596.000 32326476.000 1.000 1380.000 550.000 387.000 41196.957 6737347.010 0.002 80924.888 101904745.919 4004824082386.419
2931.000 4445.000 32326486.000 1.000 1380.000 550.000 374.000 41613.666 7533048.730 22787.196 945917.322 110491570.382 1290980488561.551
2782.000 4291.000 32326496.000 1.000 1380.000 550.000 367.000 36742.825 8373152.450 92997.116 1413289.335 31817000.755 447348564454.159
2631.000 4177.000 32326506.000 1.000 1390.000 550.000 374.000 29465.331 9269832.730 175522.694 1535953.240 2679238.451 298309648709.294
2506.000 4091.000 32326516.000 1.000 1390.000 550.000 399.000 21556.200 10046617.730 254978.831 2786738.151 91125523.058 496471878159.259
2401.000 4055.000 32326526.000 1.000 1390.000 550.000 428.000 7206.364 10723267.130 292631.539 165072.136 571009493.867 3675112944262.532
2365.000 4064.000 32326536.000 1.000 1400.000 540.000 431.000 8056.375 10960337.210 282975.362 3101133.775 531108618.457 1038367582354.474
2376.000 4104.000 32326546.000 1.000 1400.000 540.000 433.000 24025.138 10887624.130 242019.019 3631319.000 50084366.966 2399984868503.312
2419.000 4220.000 32326556.000 1.000 1400.000 540.000 431.000 42724.000 10605704.090 141341.625 2779322.624 135066957.121 486076794749.431
2551.000 4396.000 32326566.000 1.000 1400.000 540.000 431.000 57035.651 9763375.130 39981.716 1011471.863 672545491.608 1146310013758.008
2750.000 4612.000 32326576.000 1.000 1400.000 540.000 436.000 62244.054 8559369.410 257.465 814734.834 969817004.912 1606291888753.673
2993.000 4821.000 32326586.000 1.000 1400.000 540.000 438.000 66439.393 7196557.370 50645.574 358619.624 1248719404.065 2970489895475.980
3272.000 5019.000 32326596.000 1.000 1390.000 540.000 443.000 64592.742 5777485.250 178967.676 1072204.805 1121618483.696 1019950000706.979
3545.000 5209.000 32326606.000 1.000 1390.000 540.000 448.000 59071.605 4539626.810 375825.048 2334958.651 782289353.355 63922051085.305
3814.000 5351.000 32326616.000 1.000 1390.000 540.000 440.000 47048.131 3465703.490 570094.031 1538688.741 254273705.928 295328994545.942
4036.000 5448.000 32326626.000 1.000 1390.000 540.000 440.000 39124.914 2688419.330 725981.899 1243226.064 64364438.252 703760728567.856
4226.000 5515.000 32326636.000 1.000 1390.000 540.000 440.000 32723.132 2101456.130 844645.025 2296276.730 2627521.233 45858588466.842
4394.000 5502.000 32326646.000 1.000 1390.000 540.000 442.000 20898.844 1642601.090 820918.836 95571.452 104107839.890 3946417030752.909
4479.000 5436.000 32326656.000 1.000 1370.000 530.000 448.000 20406.715 1431947.290 705676.802 1664441.980 114392735.044 174463737494.062
4508.000 5335.000 32326666.000 1.000 1370.000 530.000 465.000 28977.477 1363383.170 546188.568 1719090.443 4514315.852 131798115801.238
4500.000 5186.000 32326676.000 1.000 1370.000 530.000 485.000 37829.642 1382129.410 348153.945 965983.814 45258893.735 1245783525555.693
4439.000 5001.000 32326686.000 1.000 1370.000 530.000 501.000 42803.812 1529278.490 164062.031 1529809.335 136928450.237 305058719230.482
4369.000 4792.000 32326696.000 1.000 1370.000 530.000 533.000 34926.318 1707308.090 38433.922 1638545.022 14624116.011 196768116387.550
4293.000 4629.000 32326706.000 1.000 1370.000 530.000 557.000 26488.908 1911693.370 1092.019 15816632.400 21282176.527 188636541199661.594
4255.000 4498.000 32326716.000 1.000 1370.000 530.000 560.000 107933.977 2018218.010 9595.042 141206570.002 5903126729.330 19355609654170396.000
4263.000 4443.000 32326717.000 1.000 1370.000 530.000 563.000 35222.046 1995551.770 23395.014 2109265.755 16973386.966 736319611.200
4325.000 4292.000 32326726.000 1.000 1360.000 540.000 570.000 25446.870 1824228.410 92388.208 284245.297 31982406.133 3232391365674.634
4428.000 4211.000 32326736.000 1.000 1360.000 540.000 569.000 26910.543 1556605.570 148189.802 306963.201 17569728.045 3151219099893.800
4547.000 4140.000 32326746.000 1.000 1360.000 540.000 567.000 28491.198 1273828.250 207894.311 606341.921 6817169.264 2177952063301.267
4677.000 4072.000 32326756.000 1.000 1370.000 540.000 570.000 25368.943 997281.850 274528.094 1063991.311 32869879.712 1036607500205.730
4786.000 4000.000 32326766.000 1.000 1360.000 550.000 567.000 19890.100 791459.330 355161.511 11247.093 125710489.979 4288558272572.128
4833.000 3909.000 32326776.000 1.000 1360.000 550.000 567.000 19832.185 710042.170 471906.191 396692.728 127012538.072 2840700635628.644
4838.000 3807.000 32326786.000 1.000 1360.000 550.000 562.000 21874.887 701640.770 622448.865 806791.083 85142732.053 1626490743830.014
4806.000 3699.000 32326796.000 1.000 1360.000 560.000 568.000 26029.321 756273.730 804526.991 175349.977 25733786.251 3635812135243.330
4728.000 3590.000 32326806.000 1.000 1360.000 560.000 560.000 26932.256 898021.570 1011944.025 113266.179 17388173.951 3876426892469.633
4620.000 3503.000 32326816.000 1.000 1360.000 560.000 561.000 26349.011 1114375.810 1194549.071 543664.454 22592510.430 2366877913754.629
4505.000 3431.000 32326826.000 1.000 1350.000 570.000 574.000 23549.503 1370398.010 1357118.488 1240827.306 57042762.844 707791140278.800
4392.000 3387.000 32326836.000 1.000 1350.000 570.000 589.000 17160.073 1647731.650 1461570.465 156245.358 194382039.280 3709033754254.375
4304.000 3395.000 32326846.000 1.000 1340.000 570.000 611.000 16355.514 1881396.290 1442291.196 627044.612 217463832.004 2117275072979.889
4231.000 3437.000 32326856.000 1.000 1340.000 570.000 614.000 19584.374 2086984.730 1343175.036 1957033.216 132659600.346 15649341771.544
4192.000 3530.000 32326866.000 1.000 1340.000 570.000 617.000 29661.785 2201187.650 1136258.539 1695354.154 2074705.903 149595976785.276
4207.000 3682.000 32326876.000 1.000 1320.000 580.000 622.000 38391.724 2156903.450 835312.436 1273466.694 53137612.931 653937224228.376
4258.000 3873.000 32326886.000 1.000 1320.000 580.000 624.000 44949.225 2009703.170 522662.899 1083656.779 191740961.450 996949861778.204
4371.000 4075.000 32326896.000 1.000 1310.000 570.000 627.000 50529.332 1702085.530 271393.368 908761.036 377414664.449 1376796005106.843
4535.000 4277.000 32326906.000 1.000 1310.000 570.000 625.000 55208.843 1301059.610 101731.836 700135.472 581131734.097 1909910382333.283
4733.000 4481.000 32326916.000 1.000 1310.000 570.000 611.000 58814.072 888570.170 13214.488 329906.766 767949571.048 3070288172373.910
4955.000 4687.000 32326926.000 1.000 1310.000 570.000 591.000 57115.273 519322.010 8289.322 24133.817 676681582.688 4235350533258.391
5182.000 4874.000 32326936.000 1.000 1310.000 570.000 535.000 56991.000 243680.450 77309.419 402224.127 670231573.505 2822085573890.359
5413.000 5055.000 32326946.000 1.000 1300.000 560.000 444.000 54919.815 68979.770 210722.968 7907193.821 567280263.703 33931362167140.391
5639.000 5225.000 32326956.000 1.000 1300.000 560.000 272.000 14203.060 1342.490 395698.511 115377.663 285579883.063 3868116899619.537
6263.000 6046.000 32327097.000 0.000 1450.000 540.000 207.000 5826.000 344991.770 2102632.574 905127.360 638884716.428 1385336497957.498
6233.000 6046.000 32327107.000 1.000 1460.000 540.000 226.000 1165.200 310650.170 2102632.574 1581220.872 896222109.486 250910500699.608
6227.000 6046.000 32327117.000 1.000 1470.000 530.000 239.000 9307.429 303997.850 2102632.574 1145260.903 475010689.177 877724726465.252
6246.000 6002.000 32327127.000 1.000 1470.000 530.000 282.000 15204.756 325310.530 1976964.551 2473939.629 252727738.276 153514358152.672
6279.000 5931.000 32327137.000 1.000 1480.000 530.000 302.000 27943.889 364043.290 1782347.059 769412.244 9974732.197 1723229338290.416
6323.000 5794.000 32327147.000 1.000 1470.000 520.000 310.000 23981.931 419074.970 1435313.534 556030.139 50697788.363 2328982449786.369
6368.000 5679.000 32327157.000 1.000 1470.000 520.000 327.000 21118.748 479362.370 1172988.019 551447.019 99668693.722 2342992057362.578
6413.000 5580.000 32327167.000 1.000 1470.000 520.000 341.000 23958.331 543699.770 968345.968 1938553.144 51034420.554 20614470133.705
6449.000 5462.000 32327177.000 1.000 1470.000 520.000 393.000 33940.582 598085.690 750035.179 1363456.644 8056588.683 516492176257.816
6480.000 5290.000 32327187.000 1.000 1470.000 520.000 443.000 40961.471 646995.010 481699.454 3276921.090 97205837.054 1427524445957.131
6515.000 5082.000 32327197.000 1.000 1460.000 530.000 467.000 57835.421 704525.210 236240.436 246023.824 714666765.551 3371287891614.836
6537.000 4785.000 32327207.000 1.000 1460.000 530.000 485.000 56568.563 741941.050 35738.282 196283.572 648537226.274 3556418806306.055
6550.000 4494.000 32327217.000 1.000 1460.000 530.000 491.000 55557.834 764505.410 10394.676 842005.757 598079553.387 1537909490293.926
6543.000 4208.000 32327227.000 1.000 1450.000 540.000 517.000 51222.068 752313.370 150508.528 2218973.478 404810338.070 18725988258.869
6523.000 3945.000 32327237.000 1.000 1440.000 540.000 512.000 39795.840 718018.970 423741.482 1471864.910 75579916.450 372424145499.087
6495.000 3742.000 32327247.000 1.000 1430.000 550.000 535.000 32216.721 671350.810 729237.922 3417173.495 1242226.288 1782339677825.939
6470.000 3578.000 32327257.000 1.000 1410.000 560.000 536.000 14620.565 631007.810 1036230.928 1951640.088 271643268.529 17027759418.774
6448.000 3506.000 32327267.000 1.000 1400.000 560.000 546.000 4570.925 596539.970 1188000.345 499388.019 703906905.155 2505073904223.875
6443.000 3483.000 32327277.000 1.000 1390.000 570.000 557.000 1999.411 588841.370 1238667.242 969405.424 846970519.881 1238157195336.841
6448.000 3492.000 32327287.000 1.000 1380.000 580.000 551.000 6991.200 596539.970 1218715.065 3125634.435 581338823.363 1088900368039.653
6448.000 3528.000 32327297.000 1.000 1360.000 580.000 543.000 23086.125 596539.970 1140526.356 2025528.721 64256960.494 3203766502.121
6474.000 3644.000 32327307.000 1.000 1360.000 580.000 542.000 33516.242 637378.690 906216.962 1220234.144 5827748.725 742865406391.664
6509.000 3813.000 32327317.000 1.000 1350.000 590.000 545.000 39799.631 694488.890 613017.414 905605.869 75645846.235 1384210313694.073
6549.000 4014.000 32327327.000 1.000 1350.000 590.000 543.000 44462.895 762757.690 338670.791 653739.732 178509000.774 2040300315217.837
6605.000 4236.000 32327337.000 1.000 1350.000 590.000 539.000 47829.217 863710.010 129567.088 295173.902 279794136.706 3193214044656.195
6672.000 4473.000 32327347.000 1.000 1350.000 590.000 537.000 46309.269 992733.250 15117.756 148700.494 231255892.148 3738151762861.145
6764.000 4693.000 32327357.000 1.000 1350.000 590.000 537.000 47074.977 1184527.490 9417.871 1885538.680 255130597.230 38648361460.569
6870.000 4911.000 32327367.000 1.000 1350.000 590.000 539.000 37365.715 1426495.810 99253.802 1359933.079 39232009.210 521569180177.449
6984.000 5066.000 32327377.000 1.000 1350.000 590.000 543.000 30362.970 1711805.890 220942.974 1610221.146 546415.077 222698481047.913
7091.000 5180.000 32327387.000 1.000 1350.000 590.000 545.000 22071.409 2003243.930 341109.396 231393.572 81554625.146 3425227343948.353
7197.000 5221.000 32327397.000 1.000 1350.000 590.000 545.000 20879.887 2314536.250 390682.145 201925.082 104495048.119 3535172583825.645
7303.000 5203.000 32327407.000 1.000 1350.000 590.000 548.000 21919.666 2648300.570 368504.499 1189133.985 84318360.296 797442856518.829
7401.000 5147.000 32327417.000 1.000 1360.000 580.000 562.000 28042.910 2976867.130 303651.379 1662062.642 9359065.279 176457043294.045
7475.000 5023.000 32327427.000 1.000 1360.000 580.000 567.000 36601.420 3237696.410 182368.042 1035443.716 30241762.189 1095553318408.791
7534.000 4844.000 32327437.000 1.000 1390.000 580.000 569.000 41933.262 3453501.890 61526.676 1201568.028 117312576.812 775390346687.540
7554.000 4629.000 32327447.000 1.000 1390.000 580.000 580.000 35745.991 3528236.290 1092.019 51441.444 21565083.298 4123698225709.263
7549.000 4445.000 32327457.000 1.000 1390.000 580.000 584.000 36010.880 3509477.690 22787.196 1089592.114 24095444.243 985132537397.617
7526.000 4261.000 32327467.000 1.000 1400.000 580.000 588.000 30400.210 3423832.130 112194.374 675244.469 492746.357 1979328431389.358
7475.000 4113.000 32327477.000 1.000 1420.000 580.000 591.000 26923.153 3237696.410 233244.842 951510.088 17464174.251 1278302618226.219
7413.000 3989.000 32327487.000 1.000 1420.000 580.000 591.000 22023.513 3018419.770 368393.505 950460.631 82421993.729 1280676794692.506
7344.000 3899.000 32327497.000 1.000 1420.000 580.000 592.000 17129.277 2783425.090 485745.276 461758.079 195241709.247 2625606929200.557
7270.000 3851.000 32327507.000 1.000 1430.000 590.000 594.000 14751.532 2541983.810 554956.888 29193.309 267343328.437 4214551295753.040
7197.000 3830.000 32327517.000 1.000 1430.000 590.000 594.000 14601.206 2314536.250 586685.968 144778.042 272281778.042 3753334721633.171
7124.000 3848.000 32327527.000 1.000 1430.000 590.000 589.000 15346.716 2097746.690 559435.614 419129.237 248234297.435 2765573351055.911
7062.000 3897.000 32327537.000 1.000 1430.000 590.000 588.000 17504.951 1921994.050 488537.094 812495.319 184884335.786 1611973607593.419
7004.000 3966.000 32327547.000 1.000 1430.000 590.000 586.000 21688.758 1764540.290 396842.402 540710.089 88612305.579 2375977022774.205
6972.000 4073.000 32327557.000 1.000 1420.000 590.000 584.000 24473.053 1680549.250 273481.185 453728.103 43945178.184 2651694513744.320
6956.000 4198.000 32327567.000 1.000 1420.000 590.000 586.000 26809.449 1639321.730 158367.614 76785.321 18427444.508 4021409468198.836
6973.000 4335.000 32327577.000 1.000 1420.000 590.000 583.000 26414.056 1683142.970 68097.139 233821.461 21978402.965 3416246470715.125
7019.000 4463.000 32327587.000 1.000 1420.000 590.000 578.000 27618.080 1804616.090 17676.842 432702.652 12138875.762 2720612374847.345
7083.000 4590.000 32327597.000 1.000 1420.000 590.000 574.000 29846.209 1980662.170 35.454 1166298.589 1577435.378 838748171986.655
7171.000 4716.000 32327607.000 1.000 1420.000 590.000 575.000 35851.866 2236101.530 14410.974 738726.119 22559622.135 1804735452318.403
7280.000 4865.000 32327617.000 1.000 1420.000 590.000 574.000 39655.811 2573971.010 72385.596 685509.105 73164792.442 1950551447210.365
7403.000 5028.000 32327627.000 1.000 1410.000 590.000 577.000 36125.898 2983772.570 186663.499 350008.990 25237853.640 3000245081968.677
7517.000 5175.000 32327637.000 1.000 1410.000 590.000 574.000 37928.210 3390606.650 335293.939 270771.701 46594836.514 3281020862440.865
7629.000 5335.000 32327647.000 1.000 1410.000 590.000 575.000 39322.503 3815615.290 546188.568 41700.178 67573892.011 4163356083368.614
7739.000 5505.000 32327657.000 1.000 1420.000 580.000 575.000 39537.231 4257454.490 826364.111 1014331.846 71150271.908 1140194062001.012
7871.000 5660.000 32327667.000 1.000 1400.000 580.000 574.000 34314.101 4819605.530 1132193.282 795720.906 10316507.540 1654849759811.977
8006.000 5774.000 32327677.000 1.000 1400.000 580.000 574.000 30216.671 5430577.730 1387791.705 1074734.649 784106.607 1014846491669.091
8135.000 5861.000 32327687.000 1.000 1400.000 580.000 580.000 24682.507 6048451.610 1600340.659 217038.697 41212059.461 3478567602200.783
8260.000 5884.000 32327697.000 1.000 1420.000 570.000 580.000 25800.111 6678916.610 1659061.762 233684.356 28111818.429 3416753314346.882
8387.000 5845.000 32327707.000 1.000 1420.000 570.000 588.000 24596.793 7351473.050 1560115.196 662441.252 42319916.158 2015517689210.496
8486.000 5766.000 32327717.000 1.000 1420.000 570.000 591.000 28007.922 7898123.330 1369006.974 456264.744 9574364.143 2643439603493.142
8566.000 5646.000 32327727.000 1.000 1430.000 560.000 592.000 30357.380 8354180.930 1102596.002 514251.504 554710.569 2458244687816.318
8610.000 5496.000 32327737.000 1.000 1430.000 560.000 594.000 33005.431 8610468.610 810082.288 262331.380 3622406.458 3311669001641.825
8628.000 5327.000 32327747.000 1.000 1430.000 560.000 595.000 31654.600 8716429.570 534427.836 791986.440 305180.073 1664471812167.568
8628.000 5164.000 32327757.000 1.000 1440.000 570.000 595.000 27576.400 8716429.570 322675.934 480931.057 12431046.638 2563839800993.647
8628.000 5022.000 32327767.000 1.000 1440.000 570.000 595.000 25099.927 8716429.570 181514.951 406850.554 36026908.341 2806563048895.931
8636.000 4893.000 32327777.000 1.000 1440.000 570.000 644.000 27194.935 8763731.330 88236.156 567051.377 15266477.084 2295464885896.294
8665.000 4756.000 32327787.000 1.000 1460.000 570.000 671.000 24275.000 8936273.210 25614.631 298305.182 46610235.774 3182032926375.231
8709.000 4639.000 32327797.000 1.000 1460.000 570.000 678.000 25811.072 9201272.890 1852.934 265378.572 27995706.859 3300587732105.337
8793.000 4536.000 32327807.000 1.000 1460.000 570.000 687.000 27177.594 9717933.370 3594.516 236562.400 15402288.482 3406121778555.882
8882.000 4428.000 32327817.000 1.000 1460.000 580.000 687.000 28395.732 10280744.450 28208.642 689168.221 7324800.926 1940344036624.751
8976.000 4316.000 32327827.000 1.000 1460.000 580.000 678.000 24846.977 10892376.130 78374.402 899802.008 39127426.242 1397900769863.983
9023.000 4197.000 32327837.000 1.000 1470.000 590.000 664.000 20213.599 11204818.970 159164.522 385618.279 118560955.400 2878153869347.676
9038.000 4094.000 32327847.000 1.000 1480.000 600.000 673.000 18227.923 11305464.770 251958.105 1733173.244 165746208.597 121771198056.801
9015.000 4003.000 32327857.000 1.000 1480.000 600.000 647.000 27152.605 11151325.210 351594.785 983451.327 15599055.339 1207096024492.010
8925.000 3896.000 32327867.000 1.000 1500.000 600.000 642.000 32216.721 10558340.410 489936.002 597130.238 1242226.288 2205225912367.128
8789.000 3801.000 32327877.000 1.000 1480.000 610.000 645.000 35291.542 9693010.490 631952.316 57414.453 17550846.612 4099475253990.506
8630.000 3713.000 32327887.000 1.000 1480.000 610.000 637.000 34995.896 8728243.010 779608.271 239286.443 15161110.396 3396074384992.269
8455.000 3670.000 32327897.000 1.000 1490.000 630.000 659.000 36228.061 7724842.010 857391.339 1285179.479 26274769.381 635131001908.211
8270.000 3646.000 32327907.000 1.000 1490.000 630.000 688.000 29610.247 6730703.810 902413.145 1822836.744 2225831.084 67233275337.783
8118.000 3634.000 32327917.000 1.000 1480.000 630.000 716.000 20223.858 5965122.370 925356.048 768519.700 118337648.969 1725573452612.050
8016.000 3655.000 32327927.000 1.000 1460.000 640.000 737.000 16266.496 5477284.930 885394.968 630170.261 220097191.667 2108188666877.556
7946.000 3701.000 32327937.000 1.000 1460.000 640.000 739.000 13021.541 5154534.530 800943.174 2066248.772 326909106.808 252230719.795
7926.000 3765.000 32327947.000 1.000 1450.000 650.000 739.000 23661.339 5064120.130 690485.025 1527716.636 55365950.239 307374782708.092
7960.000 3882.000 32327957.000 1.000 1450.000 650.000 742.000 31528.057 5218300.610 509730.722 1852326.402 181380.637 52809944229.261
8031.000 4028.000 32327967.000 1.000 1450.000 650.000 739.000 41066.298 5547720.730 322572.071 2826114.143 99283867.867 553511593803.933
8162.000 4194.000 32327977.000 1.000 1450.000 650.000 727.000 55618.894 6181986.050 161567.248 1256446.035 601069807.528 681754910374.780
8362.000 4399.000 32327987.000 1.000 1430.000 640.000 694.000 62088.750 7216530.050 38790.991 2218110.841 960168205.611 18490640847.409
8609.000 4602.000 32327997.000 1.000 1430.000 640.000 585.000 73510.536 8604600.890 36.551 14275746.091 1798469596.453 148684260078914.719
8931.000 4801.000 32328007.000 1.000 1420.000 650.000 170.000 0.000 10597368.730 42043.745 0.000 967344912.950 4335267607231.060
