2742.000 6354.000 32353194.000 0.000 1270.000 560.000 330.000 17561.804 8998275.945 3283406.483 2236707.996 281449490.575 226202929647.328
2826.000 6398.000 32353204.000 1.000 1300.000 550.000 373.000 5484.547 8501380.221 3444800.000 1223965.502 832536779.092 288513509838.023
2820.000 6427.000 32353214.000 1.000 1330.000 530.000 348.000 12093.432 8536404.772 3553290.000 714198.613 494832392.182 1096002593811.432
2778.000 6477.000 32353224.000 1.000 1350.000 510.000 348.000 15949.796 8783592.634 3744291.724 2245995.221 338135624.343 235123338429.721
2759.000 6393.000 32353234.000 1.000 1360.000 490.000 336.000 28077.200 8896574.715 3426264.828 1533992.154 39200877.793 51577991006.283
2737.000 6243.000 32353244.000 1.000 1370.000 480.000 325.000 36360.095 9028298.071 2893459.655 2316443.634 4087815.001 308406509541.612
2701.000 6050.000 32353254.000 1.000 1390.000 480.000 320.000 48867.890 9245933.381 2274116.000 10392.868 211110135.244 3064975595330.887
2656.000 5790.000 32353264.000 1.000 1400.000 480.000 319.000 48924.007 9521622.519 1557547.035 42745.642 212744002.806 2952741830489.541
2604.000 5531.000 32353274.000 1.000 1400.000 480.000 322.000 49154.815 9845240.634 978155.104 967429.610 219530289.125 629912748391.176
2546.000 5272.000 32353284.000 1.000 1420.000 480.000 330.000 54378.517 10212579.301 532925.173 13074.750 401611883.120 3055592407728.592
2484.000 4985.000 32353294.000 1.000 1410.000 490.000 342.000 54449.115 10612691.669 196264.276 30085.555 404446471.263 2996411140594.520
2430.000 4696.000 32353304.000 1.000 1420.000 490.000 348.000 54286.666 10967440.634 23721.311 347827.083 397938884.515 1997340445529.367
2381.000 4407.000 32353314.000 1.000 1420.000 490.000 363.000 56164.782 11294389.473 18220.345 1275014.400 476397043.550 236279247536.914
2344.000 4106.000 32353324.000 1.000 1420.000 500.000 366.000 49280.255 11544451.209 190080.966 816137.138 223263201.527 892954882506.751
2337.000 3840.000 32353334.000 1.000 1420.000 500.000 379.000 44873.467 11592068.186 492779.793 2437512.763 110990577.330 457534174448.627
2349.000 3598.000 32353344.000 1.000 1420.000 520.000 398.000 31711.951 11510499.083 891103.449 299591.188 6897501.258 2136008118829.911
2391.000 3432.000 32353354.000 1.000 1410.000 520.000 415.000 30094.288 11227275.221 1232061.724 35033.914 18011302.044 2979304264658.463
2470.000 3290.000 32353364.000 1.000 1410.000 530.000 427.000 30283.456 10704103.623 1567460.828 603419.010 16441439.021 1340225362750.818
2573.000 3163.000 32353374.000 1.000 1410.000 530.000 444.000 33541.658 10040739.818 1901593.449 213406.145 634575.442 2395356386642.972
2724.000 3063.000 32353384.000 1.000 1400.000 540.000 450.000 32389.357 9106589.600 2187390.000 143712.052 3798224.606 2615943897480.226
2879.000 2982.000 32353394.000 1.000 1390.000 550.000 442.000 31613.374 8195123.680 2433546.207 312357.394 7425006.093 2098855248743.939
3036.000 2915.000 32353404.000 1.000 1380.000 550.000 428.000 33299.969 7320880.910 2647072.897 1215722.250 1078049.108 297436931718.998
3209.000 2866.000 32353414.000 1.000 1390.000 560.000 405.000 26735.594 6414633.335 2808918.207 818291.014 57800536.949 888888855865.876
3351.000 2840.000 32353424.000 1.000 1380.000 570.000 359.000 22317.176 5715506.945 2896745.311 675566.448 144506471.036 1178383175168.018
3471.000 2829.000 32353434.000 1.000 1380.000 570.000 264.000 18669.409 5156135.910 2934309.931 1846382.699 245512905.348 7273132255.478
3570.000 2848.000 32353444.000 1.000 1360.000 570.000 91.000 28639.078 4716335.807 2869577.587 2018443.309 32480680.448 66225559093.484
3684.000 3940.000 32353515.000 0.000 1340.000 600.000 99.000 106020.004 4234181.324 362383.242 11716356.493 5138272360.263 99107131083445.984
3661.000 4512.000 32353525.000 1.000 1340.000 600.000 216.000 42756.740 4329365.106 898.966 2888269.191 70870798.156 1270510299319.265
3641.000 4742.000 32353535.000 1.000 1340.000 600.000 320.000 27161.334 4412993.611 40006.897 1711060.392 51508273.079 2503966178.707
3619.000 4887.000 32353545.000 1.000 1340.000 600.000 387.000 17922.347 4505908.968 119036.897 1638565.704 269482213.964 15014663025.725
3581.000 4976.000 32353555.000 1.000 1340.000 600.000 393.000 9074.800 4668679.129 188370.966 2516882.631 638242433.241 571207327777.557
3532.000 4976.000 32353565.000 1.000 1350.000 590.000 374.000 22664.879 4882829.968 188370.966 2068965.689 136267834.169 94781259023.189
3443.000 4892.000 32353575.000 1.000 1350.000 590.000 373.000 33836.400 5284079.818 122512.069 1753462.118 251863.898 58337822.980
3321.000 4756.000 32353585.000 1.000 1350.000 590.000 359.000 43304.338 5859849.703 45803.380 820210.797 80390546.870 885272563959.335
3178.000 4571.000 32353595.000 1.000 1360.000 580.000 358.000 47733.122 6572622.519 842.000 133401.227 179422316.298 2649403419555.326
3013.000 4373.000 32353605.000 1.000 1380.000 580.000 348.000 48453.431 7445872.692 28555.173 1000690.049 199238040.029 578223351475.865
2853.000 4166.000 32353615.000 1.000 1380.000 580.000 344.000 43050.137 8344660.738 141363.035 617440.502 75896793.253 1307957134441.483
2700.000 3991.000 32353625.000 1.000 1380.000 580.000 344.000 39716.225 9252015.807 303582.000 1621654.722 28922502.843 19444996173.574
2542.000 3846.000 32353635.000 1.000 1390.000 570.000 359.000 30959.990 10238161.002 484392.000 2835369.034 11412711.144 1154053875618.672
2431.000 3721.000 32353645.000 1.000 1390.000 570.000 396.000 15650.222 10960818.209 674012.690 1853003.414 349242780.615 8446230507.521
2352.000 3691.000 32353655.000 1.000 1390.000 570.000 417.000 5644.804 11490151.807 724171.655 1307506.444 823314442.289 205747148580.402
2332.000 3714.000 32353665.000 1.000 1400.000 560.000 417.000 12704.774 11626140.312 685555.449 4680302.913 468007735.410 8521745425005.612
2367.000 3773.000 32353675.000 1.000 1400.000 560.000 417.000 37976.388 11388685.427 591334.483 3779405.847 13235972.166 4073558338364.756
2439.000 3965.000 32353685.000 1.000 1400.000 560.000 444.000 58383.547 10907910.807 332909.104 2886431.081 578175805.907 1266369956184.249
2605.000 4233.000 32353695.000 1.000 1400.000 560.000 466.000 73969.028 9838966.209 95470.345 1169480.773 1570597737.650 350013354800.743
2844.000 4553.000 32353705.000 1.000 1400.000 560.000 488.000 80283.719 8396738.565 121.380 243481.514 2110985162.584 2303165984597.267
3132.000 4877.000 32353715.000 1.000 1400.000 560.000 492.000 81598.414 6810600.083 112236.552 381596.822 2233522114.819 1903029123144.620
3449.000 5183.000 32353725.000 1.000 1400.000 560.000 505.000 79537.956 5256531.266 410903.104 1667132.249 2043012479.008 8829945382.510
3763.000 5476.000 32353735.000 1.000 1400.000 560.000 520.000 70536.162 3915303.726 872388.207 2398556.869 1310288077.580 406351211300.637
4076.000 5693.000 32353745.000 1.000 1400.000 560.000 519.000 57584.991 2774598.611 1324840.690 2909515.706 540410481.879 1318858546349.483
4362.000 5815.000 32353755.000 1.000 1390.000 560.000 517.000 41874.863 1903606.979 1620572.897 1624037.320 56800378.196 18786188684.453
4580.000 5875.000 32353765.000 1.000 1390.000 560.000 510.000 33105.763 1349576.266 1776934.966 1146013.340 1519049.932 378331646141.383
4753.000 5830.000 32353775.000 1.000 1390.000 560.000 504.000 26917.786 977552.692 1658988.414 356013.664 55063440.867 1974267718594.275
4848.000 5720.000 32353785.000 1.000 1380.000 550.000 504.000 28840.106 798722.289 1387724.621 2395584.039 30229702.211 402569947437.452
4877.000 5567.000 32353795.000 1.000 1380.000 550.000 510.000 41775.225 747727.956 1050660.345 498784.159 55308441.915 1593441378549.656
4861.000 5342.000 32353805.000 1.000 1380.000 550.000 522.000 44468.444 775654.761 640027.587 287255.201 102620619.025 2172218603754.847
4803.000 5109.000 32353815.000 1.000 1380.000 550.000 539.000 46019.498 881181.427 321508.552 885900.496 136451311.008 765974238437.728
4735.000 4870.000 32353825.000 1.000 1380.000 550.000 564.000 41236.018 1013470.347 107595.311 2080677.737 47579059.401 102129905654.055
4661.000 4660.000 32353835.000 1.000 1390.000 550.000 595.000 30001.257 1167939.818 13928.069 1169172.415 18809598.811 350378310952.076
4630.000 4501.000 32353845.000 1.000 1390.000 550.000 611.000 23688.231 1235905.002 1679.587 418845.912 113423127.004 1801646138949.164
4652.000 4375.000 32353855.000 1.000 1380.000 550.000 619.000 25949.818 1187473.646 27883.242 605195.264 70365966.515 1336115846715.427
4709.000 4247.000 32353865.000 1.000 1380.000 550.000 616.000 29217.611 1066495.404 87014.828 263388.106 26221050.654 2243141031461.754
4824.000 4139.000 32353875.000 1.000 1380.000 550.000 625.000 27795.429 842196.496 162395.104 96451.604 42808643.210 2771054409048.261
4941.000 4045.000 32353885.000 1.000 1390.000 560.000 628.000 28316.226 641140.738 246991.862 157688.725 36264898.758 2570927838877.545
5060.000 3949.000 32353895.000 1.000 1390.000 560.000 628.000 29167.677 464732.129 351628.552 229877.278 26734933.077 2344643140953.223
5162.000 3829.000 32353905.000 1.000 1380.000 570.000 622.000 30408.915 336066.749 508344.414 1464715.316 15439755.562 87843903475.898
5254.000 3693.000 32353915.000 1.000 1380.000 570.000 616.000 22500.085 237863.623 720771.724 527275.142 140142397.672 1522323874159.595
5296.000 3579.000 32353925.000 1.000 1360.000 570.000 611.000 19653.027 198659.761 927335.793 141911.167 215656081.093 2621772600193.593
5301.000 3473.000 32353935.000 1.000 1350.000 580.000 614.000 18886.768 194227.634 1142724.138 814175.129 238748618.524 896666783415.269
5281.000 3373.000 32353945.000 1.000 1350.000 580.000 617.000 23282.962 212256.140 1366520.690 110547.176 122219623.526 2724324750484.055
5215.000 3266.000 32353955.000 1.000 1340.000 580.000 627.000 22686.055 277426.209 1628132.000 110547.176 135773891.541 2724324750484.055
5124.000 3184.000 32353965.000 1.000 1340.000 580.000 634.000 23282.962 381568.910 1844117.173 535214.480 122219623.526 1502795401482.060
5017.000 3118.000 32353975.000 1.000 1320.000 590.000 650.000 20393.035 525208.416 2027726.897 224230.715 194469312.483 2361967316190.461
4910.000 3092.000 32353985.000 1.000 1320.000 590.000 697.000 19182.286 691745.922 2102450.000 11003332.604 229703561.128 85418862802756.125
4808.000 3110.000 32353995.000 1.000 1310.000 600.000 716.000 78595.529 871819.301 2050574.621 92646311.112 1958705820.677 8260121591952997.000
4773.000 3134.000 32353996.000 1.000 1310.000 600.000 721.000 28570.523 938404.186 1982415.449 300904.317 33266795.140 2132171543828.117
4687.000 3243.000 32354005.000 1.000 1310.000 600.000 727.000 27108.245 1112418.761 1687356.207 1847673.543 52273123.216 7494971756.044
4707.000 3388.000 32354015.000 1.000 1310.000 600.000 728.000 37084.884 1070630.255 1331676.207 2535698.025 7543940.998 600002041357.610
4786.000 3572.000 32354025.000 1.000 1290.000 600.000 728.000 50776.558 913386.657 940866.552 1412349.831 270217626.777 121626706930.647
4905.000 3819.000 32354035.000 1.000 1290.000 600.000 730.000 58402.637 700088.048 522704.069 1366124.466 579094219.376 156005702531.207
5079.000 4082.000 32354045.000 1.000 1280.000 590.000 722.000 65779.119 439188.048 211584.138 772123.617 988527587.192 978074361430.381
5305.000 4356.000 32354055.000 1.000 1280.000 590.000 658.000 69948.253 190717.933 34589.587 142608.074 1268071570.352 2619516237755.819
5566.000 4629.000 32354065.000 1.000 1280.000 590.000 540.000 70718.275 30874.933 7572.000 1745907.624 1323505459.620 230809445.243
5834.000 4901.000 32354075.000 1.000 1280.000 590.000 420.000 61291.128 8516.956 128893.380 6777223.801 726457069.880 25161497605041.395
6052.000 5150.000 32354085.000 1.000 1280.000 590.000 235.000 24697.047 96278.243 369684.966 571736.638 92952996.534 1414585297423.612
6658.000 6028.000 32354165.000 0.000 1360.000 570.000 144.000 0.000 839582.519 2208247.242 1455589.216 1179116129.824 93336862401.255
6658.000 6028.000 32354175.000 1.000 1380.000 580.000 193.000 7859.553 839582.519 2208247.242 913273.797 701121947.523 718809335045.132
6623.000 6004.000 32354185.000 1.000 1390.000 570.000 207.000 2928.269 776667.404 2137494.414 82145.460 986587562.059 2818888475218.740
6614.000 5991.000 32354195.000 1.000 1400.000 560.000 218.000 2484.719 760885.232 2099650.966 843193.561 1014648102.065 842552300645.160
6608.000 5979.000 32354205.000 1.000 1420.000 570.000 242.000 7037.600 750453.784 2065018.552 568999.590 745326060.284 1421103478286.230
6608.000 5941.000 32354215.000 1.000 1420.000 570.000 285.000 10109.952 750453.784 1957249.242 1608778.322 587010929.708 23201905186.195
6616.000 5887.000 32354225.000 1.000 1430.000 560.000 315.000 18796.660 764378.381 1809071.380 1546330.363 241541344.137 46126013329.229
6626.000 5786.000 32354235.000 1.000 1430.000 560.000 363.000 27146.176 781964.129 1547578.897 999895.356 51726078.546 579432568003.716
6639.000 5640.000 32354245.000 1.000 1430.000 560.000 396.000 32545.179 805124.600 1205641.862 2633395.099 3215141.039 760898673324.676
6655.000 5465.000 32354255.000 1.000 1440.000 560.000 425.000 46764.375 834093.795 851960.828 1265003.044 154408323.138 246112227524.264
6671.000 5213.000 32354265.000 1.000 1430.000 550.000 456.000 53594.845 863574.991 450264.138 856414.989 370816049.040 818455038008.917
6686.000 4924.000 32354275.000 1.000 1430.000 550.000 477.000 58219.116 891678.611 145937.173 2353572.160 570295262.431 351023215265.462
6701.000 4610.000 32354285.000 1.000 1430.000 550.000 515.000 45510.843 920232.232 4626.345 113426.077 124826601.132 2714829481984.696
6714.000 4340.000 32354296.000 1.000 1410.000 560.000 521.000 44837.146 945342.703 40797.035 689452.559 110226598.070 1148428319394.870
6721.000 4098.000 32354306.000 1.000 1410.000 560.000 546.000 41114.400 959003.726 197120.690 2222451.300 45916067.380 212844986885.357
6721.000 3876.000 32354316.000 1.000 1400.000 560.000 581.000 29114.123 959003.726 443533.035 1916882.598 27291611.958 24268205978.666
6713.000 3719.000 32354326.000 1.000 1390.000 570.000 586.000 18763.785 943399.129 677300.621 1314213.462 242564285.131 199707611870.644
6705.000 3618.000 32354336.000 1.000 1380.000 580.000 585.000 11667.600 927922.531 853744.138 1485226.772 513958844.640 76106058931.559
6705.000 3555.000 32354346.000 1.000 1360.000 580.000 586.000 3648.017 927922.531 974134.966 401220.428 941891042.209 1849272553881.323
6697.000 3537.000 32354356.000 1.000 1340.000 580.000 591.000 1481.600 912573.933 1009990.345 636955.767 1079560135.058 1263700342177.177
6697.000 3545.000 32354366.000 1.000 1320.000 590.000 578.000 4920.886 912573.933 993974.621 2467412.007 865381918.754 498876597455.234
6706.000 3570.000 32354376.000 1.000 1310.000 600.000 572.000 18243.845 929850.106 944750.483 2756838.678 259030208.252 991495439051.706
6716.000 3668.000 32354386.000 1.000 1310.000 600.000 570.000 33129.583 949235.853 763845.862 1882604.300 1460901.146 14763285667.405
6748.000 3844.000 32354396.000 1.000 1290.000 600.000 569.000 43294.833 1012614.243 487179.931 1365264.583 80220192.080 156685707489.655
6795.000 4073.000 32354406.000 1.000 1310.000 610.000 567.000 50666.672 1109414.255 219944.828 109715.073 266617024.178 2727072302855.830
6877.000 4334.000 32354416.000 1.000 1310.000 610.000 570.000 50074.258 1288877.381 43256.828 1005976.212 247621619.310 570211992697.034
6964.000 4590.000 32354426.000 1.000 1290.000 610.000 570.000 44642.421 1493986.381 2305.655 585250.705 106175724.913 1382621654078.732
7071.000 4806.000 32354436.000 1.000 1290.000 610.000 574.000 41482.320 1767004.876 69705.104 1782991.146 51037587.043 479220606.448
7188.000 4997.000 32354446.000 1.000 1290.000 610.000 578.000 31854.938 2091747.117 207040.690 1481477.398 6166890.325 78188820839.138
7315.000 5113.000 32354456.000 1.000 1290.000 610.000 578.000 23855.600 2475233.106 326060.690 644227.460 109886169.833 1247404355642.419
7431.000 5169.000 32354466.000 1.000 1290.000 610.000 583.000 20377.050 2853691.772 393150.621 597323.708 194915396.860 1354375346428.791
7540.000 5184.000 32354476.000 1.000 1310.000 610.000 584.000 17151.760 3233837.416 412186.138 639329.661 295375797.263 1258368778869.450
7624.000 5145.000 32354486.000 1.000 1320.000 610.000 585.000 20603.864 3543005.692 363629.793 801813.955 188633645.483 920229789169.799
7688.000 5054.000 32354496.000 1.000 1320.000 610.000 594.000 24933.313 3788034.473 262161.655 1253901.230 88453036.289 257250630906.580
7738.000 4929.000 32354506.000 1.000 1340.000 610.000 585.000 31703.838 3985163.209 149782.345 133761.256 6940181.575 2648231511625.706
7746.000 4758.000 32354516.000 1.000 1340.000 610.000 589.000 30981.585 4017167.807 46663.449 135363.976 11267269.988 2643017743511.509
7713.000 4594.000 32354526.000 1.000 1340.000 610.000 594.000 31712.492 3885973.841 2705.793 833427.224 6894659.884 860576849962.634
7652.000 4434.000 32354536.000 1.000 1350.000 600.000 600.000 36212.639 3649197.784 11660.276 123666.374 3513294.998 2681189004226.319
7559.000 4262.000 32354546.000 1.000 1360.000 610.000 602.000 36880.384 3302533.335 78390.345 460960.578 6462392.211 1690362615628.423
7449.000 4096.000 32354556.000 1.000 1360.000 610.000 605.000 34391.396 2914830.117 198900.621 378725.666 2823.388 1910958904553.068
7327.000 3956.000 32354566.000 1.000 1380.000 600.000 614.000 32346.441 2513136.002 343375.793 1569841.688 3967344.669 36579756471.103
7204.000 3832.000 32354576.000 1.000 1380.000 600.000 617.000 23869.974 2138284.312 504075.518 1534296.438 109585020.923 51439873004.243
7108.000 3746.000 32354586.000 1.000 1360.000 610.000 616.000 15585.436 1866741.140 633588.552 1352523.008 351668424.357 166935189499.977
7029.000 3717.000 32354596.000 1.000 1360.000 610.000 622.000 8282.396 1657108.738 680596.552 953904.084 678908071.548 651565308265.308
6985.000 3725.000 32354606.000 1.000 1360.000 610.000 617.000 13433.066 1545763.450 667460.828 2279762.737 437027154.440 269010995262.424
6966.000 3795.000 32354616.000 1.000 1350.000 620.000 616.000 25742.800 1498879.531 557983.242 1683936.000 73881940.120 5954288771.109
6966.000 3934.000 32354626.000 1.000 1350.000 620.000 619.000 34835.327 1498879.531 369643.035 2075241.562 247075.168 98684897057.712
6994.000 4120.000 32354636.000 1.000 1350.000 620.000 617.000 46040.735 1568223.623 178069.449 237180.825 136947910.903 2322329767960.737
7055.000 4361.000 32354646.000 1.000 1350.000 620.000 614.000 47321.409 1724723.680 32754.759 353686.441 168562146.615 1980813033214.605
7137.000 4603.000 32354656.000 1.000 1350.000 630.000 614.000 49231.163 1946826.807 3723.104 101751.102 221798546.758 2753438891633.209
7247.000 4845.000 32354666.000 1.000 1350.000 630.000 616.000 49780.575 2265890.025 91819.449 145280.510 238465079.069 2610872747289.016
7370.000 5084.000 32354676.000 1.000 1350.000 630.000 617.000 50565.027 2651319.715 293782.690 296855.413 263307953.097 2144012322043.357
7502.000 5323.000 32354686.000 1.000 1350.000 630.000 624.000 52167.918 3098611.577 609987.931 471647.729 317896688.822 1662687257363.288
7641.000 5568.000 32354696.000 1.000 1350.000 630.000 628.000 54714.612 3607292.462 1052711.380 425548.300 415195703.028 1783698445059.036
7800.000 5817.000 32354706.000 1.000 1350.000 620.000 647.000 52416.835 4236546.841 1625668.966 2067838.006 326834858.238 94088180970.460
7973.000 6041.000 32354716.000 1.000 1350.000 620.000 662.000 41251.403 4978643.266 2247052.690 1177689.578 47791540.099 340367764917.883
8130.000 6199.000 32354726.000 1.000 1350.000 620.000 670.000 34892.388 5703916.496 2745706.138 1369038.218 307057.356 153712470755.790
8280.000 6313.000 32354736.000 1.000 1360.000 610.000 668.000 27500.173 6442902.703 3136502.069 1054474.907 46759439.793 499319075858.233
8425.000 6345.000 32354746.000 1.000 1360.000 610.000 668.000 21806.464 7200031.037 3250871.173 137483.035 157045921.933 2636132172654.651
8535.000 6303.000 32354756.000 1.000 1380.000 600.000 668.000 22548.813 7802454.255 3101181.724 1978033.415 138991070.865 47060090026.702
8617.000 6213.000 32354766.000 1.000 1390.000 600.000 665.000 33229.339 8267277.381 2792298.621 869947.738 1229706.753 794152421918.208
8680.000 6045.000 32354776.000 1.000 1390.000 600.000 667.000 37926.681 8633532.588 2259060.828 704230.593 12876762.139 1116973023920.385
8707.000 5842.000 32354786.000 1.000 1410.000 590.000 671.000 41729.222 8792929.106 1690044.828 1211434.314 54626312.829 302132408216.261
8719.000 5617.000 32354796.000 1.000 1420.000 590.000 662.000 35188.000 8864240.002 1155662.069 755701.933 722057.325 1010825349676.268
8719.000 5427.000 32354806.000 1.000 1420.000 590.000 664.000 31107.536 8864240.002 783255.518 412004.624 10437580.386 1820058436261.915
8737.000 5260.000 32354816.000 1.000 1420.000 590.000 669.000 28882.889 8971746.347 515548.759 914840.774 29761077.513 716154742022.548
8776.000 5109.000 32354826.000 1.000 1420.000 590.000 687.000 23943.144 9206899.761 321508.552 635146.363 108058445.734 1267771678401.311
8831.000 4992.000 32354836.000 1.000 1440.000 600.000 700.000 27372.660 9543696.370 202515.518 381973.148 48519589.445 1901990978911.298
8920.000 4874.000 32354846.000 1.000 1440.000 600.000 700.000 29435.150 10101510.519 110235.449 144008.186 24040491.955 2614986058027.839
9010.000 4743.000 32354856.000 1.000 1440.000 600.000 711.000 28657.568 10681702.243 40407.931 377574.278 32270266.561 1914143528774.410
9080.000 4605.000 32354866.000 1.000 1450.000 600.000 719.000 30696.306 11144162.473 3971.173 26117.460 13263832.120 3010164546202.836
9136.000 4449.000 32354876.000 1.000 1440.000 610.000 719.000 30837.329 11521186.657 8645.793 260605.291 12256520.925 2251484485981.561
9149.000 4283.000 32354886.000 1.000 1460.000 620.000 713.000 32244.485 11609607.129 67072.069 38737.728 4383895.580 2966531927146.105
9122.000 4111.000 32354896.000 1.000 1440.000 620.000 705.000 32035.318 11426342.611 185746.138 155307.794 5303543.867 2578568731112.046
9067.000 3947.000 32354906.000 1.000 1460.000 630.000 700.000 32873.913 11057536.002 354004.483 678752.814 2144313.416 1171475513449.796
8969.000 3799.000 32354916.000 1.000 1450.000 640.000 685.000 36538.885 10415383.680 552023.380 263194.387 4842748.468 2243721339504.343
8828.000 3661.000 32354926.000 1.000 1460.000 640.000 681.000 35117.749 9525169.646 776130.621 354992.656 607602.420 1977137969908.841
8658.000 3577.000 32354936.000 1.000 1450.000 650.000 681.000 33200.942 8504731.945 931191.724 264854.335 1293493.227 2238751203952.345
8485.000 3530.000 32354946.000 1.000 1440.000 660.000 684.000 31770.843 7525625.519 1024109.104 92193.671 6591632.295 2785248462043.334
8315.000 3507.000 32354956.000 1.000 1440.000 660.000 691.000 31273.037 6621807.818 1071189.311 1672167.652 9395594.717 7908969291.920
8148.000 3532.000 32354966.000 1.000 1420.000 660.000 699.000 22244.054 5790218.841 1020065.173 673782.602 146269829.335 1182259206779.590
8047.000 3597.000 32354976.000 1.000 1440.000 670.000 717.000 18605.919 5314349.795 892992.414 1356049.401 247506567.083 164066018589.975
8009.000 3690.000 32354986.000 1.000 1420.000 680.000 731.000 25928.000 5140591.956 725874.621 1139397.441 70732480.614 386514119202.297
8009.000 3830.000 32354996.000 1.000 1420.000 680.000 733.000 32080.254 5140591.956 506919.449 1378267.845 5098593.069 146560488049.994
8080.000 3988.000 32355006.000 1.000 1420.000 680.000 740.000 39522.305 5467587.761 306896.897 1323282.706 26874318.033 191684016259.987
8209.000 4158.000 32355016.000 1.000 1420.000 680.000 739.000 46667.460 6087506.899 147442.759 416938.723 152009161.870 1806769640927.932
8379.000 4344.000 32355026.000 1.000 1400.000 670.000 728.000 48918.749 6955284.600 39197.173 93980.666 212590646.742 2779287000727.624
8582.000 4513.000 32355036.000 1.000 1400.000 670.000 655.000 48411.294 8067232.266 840.000 8965771.649 198050273.671 51907293021355.586
8791.000 4670.000 32355046.000 1.000 1390.000 680.000 473.000 0.000 9298153.381 16388.414 0.000 1179116129.824 3101473344086.514
