2871.000 4814.000 32424767.000 0.000 1390.000 670.000 186.000 0.000 17314681.191 52593.043 0.000 857499842.274 12426618134295.023
2871.000 4814.000 32424777.000 1.000 1380.000 640.000 205.000 0.000 17314681.191 52593.043 1754835.755 857499842.274 3133980190628.700
2871.000 4814.000 32424787.000 1.000 1400.000 620.000 220.000 7893.998 17314681.191 52593.043 2416170.919 457493608.888 1229814346228.235
2890.000 4784.000 32424797.000 1.000 1420.000 580.000 237.000 18762.963 17156920.720 39733.139 1618414.024 110673245.375 3635607254953.442
2910.000 4702.000 32424807.000 1.000 1420.000 570.000 257.000 26043.278 16991637.066 13766.735 1179118.102 10496435.159 5503822815296.827
2937.000 4588.000 32424817.000 1.000 1440.000 540.000 282.000 31347.453 16769773.133 11.100 272907.040 4261560.593 10577024867421.885
2966.000 4450.000 32424827.000 1.000 1430.000 530.000 301.000 32575.105 16533098.835 18135.543 225962.837 10837308.537 10884575675601.486
2998.000 4307.000 32424837.000 1.000 1430.000 510.000 324.000 33591.582 16273892.989 77099.668 1167333.980 18563032.348 5559253317790.237
3033.000 4160.000 32424847.000 1.000 1430.000 500.000 336.000 28340.417 15992731.595 180343.139 811195.152 888647.912 7365501345584.781
3070.000 4038.000 32424857.000 1.000 1440.000 490.000 353.000 24691.316 15698167.835 298846.197 511452.057 21084464.099 9082320245315.826
3109.000 3934.000 32424867.000 1.000 1450.000 480.000 366.000 22390.587 15390645.710 423369.197 1660573.664 47506711.133 3476610855614.805
3150.000 3842.000 32424877.000 1.000 1450.000 480.000 362.000 14920.620 15070633.220 551556.158 1534402.853 206280781.067 3963037841571.442
3182.000 3783.000 32424887.000 1.000 1450.000 480.000 381.000 8018.223 14823203.374 642672.014 794105.173 452194918.785 7458555963530.169
3207.000 3757.000 32424897.000 1.000 1450.000 480.000 407.000 4446.000 14631323.806 685034.764 587593.141 616881448.764 8629186644278.991
3227.000 3757.000 32424907.000 1.000 1450.000 480.000 444.000 7089.244 14478720.153 685034.764 3221612.059 492567165.830 92129737466.850
3251.000 3778.000 32424917.000 1.000 1440.000 490.000 443.000 21581.426 14296651.768 650713.697 2121575.625 59315755.224 1969995389387.254
3292.000 3866.000 32424927.000 1.000 1440.000 490.000 452.000 31125.176 13988283.278 516484.081 37220224.076 3393250.490 1135358632441346.250
3344.000 3996.000 32424937.000 1.000 1440.000 490.000 453.000 198557.583 13602017.778 346530.331 285187923.072 28653851192.261 79333922879293376.000
3377.000 4079.000 32424938.000 1.000 1435.000 495.000 454.000 70267.919 13359692.749 255700.399 6108455.730 1679755533.092 6673515679856.668
3483.000 4343.000 32424947.000 1.000 1430.000 500.000 461.000 45537.329 12596049.383 58403.552 3198000.464 264200017.743 107020843470.027
3562.000 4532.000 32424957.000 1.000 1420.000 490.000 458.000 31151.362 12041533.951 2773.947 2261620.624 3490409.493 1596483405224.027
3636.000 4651.000 32424967.000 1.000 1420.000 490.000 455.000 20977.630 11533436.431 4399.899 1351999.923 68980802.612 4722541563784.728
3697.000 4723.000 32424977.000 1.000 1420.000 490.000 447.000 14895.759 11122834.287 19135.668 1482887.496 206995530.280 4170798832578.353
3750.000 4764.000 32424987.000 1.000 1420.000 490.000 440.000 8225.100 10772123.604 32159.870 309679.239 443439289.690 10339193483057.307
3787.000 4764.000 32424997.000 1.000 1420.000 490.000 444.000 9618.169 10530617.845 32159.870 866598.537 386709441.840 7067847321986.719
3823.000 4740.000 32425007.000 1.000 1420.000 490.000 444.000 13516.498 10298267.268 24127.947 1780856.637 248585682.988 3042527476066.548
3859.000 4691.000 32425017.000 1.000 1410.000 500.000 455.000 21527.549 10068508.691 11306.437 1876235.786 60148543.945 2718887967130.612
3886.000 4598.000 32425027.000 1.000 1400.000 500.000 475.000 29967.656 9897890.758 177.735 1300510.130 468619.333 4948981917331.377
3908.000 4465.000 32425037.000 1.000 1400.000 500.000 489.000 35817.904 9759946.739 14320.495 753321.348 42703686.379 7682983447561.811
3927.000 4305.000 32425047.000 1.000 1400.000 500.000 510.000 32429.144 9641592.268 78214.341 1595185.898 9897603.952 3724726183518.333
3943.000 4160.000 32425057.000 1.000 1400.000 500.000 520.000 25253.319 9542485.345 180343.139 1010837.002 16239120.687 6321723927052.841
3962.000 4048.000 32425067.000 1.000 1400.000 500.000 522.000 20706.144 9425460.874 288012.831 1345180.649 73564143.959 4752226553362.189
3986.000 3958.000 32425077.000 1.000 1400.000 500.000 532.000 14654.949 9278672.489 392713.120 1440743.417 213982750.058 4344712730809.116
4011.000 3897.000 32425087.000 1.000 1400.000 500.000 541.000 8173.872 9126992.922 472887.649 532202.206 445599432.265 8957681830292.711
4037.000 3871.000 32425097.000 1.000 1400.000 500.000 561.000 5779.800 8970572.172 509322.399 106754.017 552405027.950 11685368658290.793
4063.000 3871.000 32425107.000 1.000 1400.000 500.000 588.000 6260.025 8815503.422 509322.399 2146135.996 530061901.211 1901654435063.821
4090.000 3879.000 32425117.000 1.000 1400.000 500.000 611.000 15914.258 8655901.489 497967.706 1233816.574 178725889.244 5250167017057.923
4137.000 3933.000 32425127.000 1.000 1400.000 500.000 624.000 21464.490 8381553.903 424671.533 2311245.218 61130634.741 1473542647384.794
4202.000 4017.000 32425138.000 1.000 1400.000 500.000 636.000 32901.151 8009417.028 322247.264 846064.463 13090305.806 7177450380066.703
4278.000 4144.000 32425148.000 1.000 1400.000 500.000 636.000 36707.109 7585019.143 194188.524 570242.182 55115935.830 8731426240376.292
4357.000 4289.000 32425158.000 1.000 1400.000 500.000 633.000 39272.301 7156113.710 87419.725 788795.537 99784171.869 7487585766644.081
4438.000 4446.000 32425168.000 1.000 1400.000 500.000 613.000 35723.963 6729309.912 19228.889 449541.062 41484738.914 9459314162349.557
4522.000 4583.000 32425178.000 1.000 1400.000 500.000 564.000 33701.736 6300558.566 2.783 130871.344 19524359.693 11521065596790.141
4612.000 4705.000 32425188.000 1.000 1380.000 500.000 463.000 34290.451 5856842.124 14479.725 565950.458 25073581.707 8756807878481.708
4717.000 4818.000 32425198.000 1.000 1380.000 500.000 324.000 31744.565 5359647.941 54443.697 3537948.515 6058818.632 164035839.657
4831.000 4904.000 32425208.000 1.000 1380.000 500.000 117.000 15829.367 4844803.114 101972.754 26822.559 181002884.159 12238230986173.506
5328.000 4942.000 32425278.000 0.000 1400.000 510.000 66.000 16673.982 2903927.316 127685.966 911162.128 158989812.242 6832884849502.354
5383.000 4891.000 32425288.000 1.000 1410.000 510.000 136.000 12575.187 2719502.268 93839.129 416659.780 279154297.856 9662654670089.820
5391.000 4835.000 32425298.000 1.000 1410.000 510.000 170.000 14449.500 2693180.806 62665.975 296503.740 220035636.615 10424097699767.564
5391.000 4770.000 32425308.000 1.000 1420.000 500.000 235.000 15783.300 2693180.806 34347.850 948801.075 182244552.401 6637526725378.487
5391.000 4699.000 32425318.000 1.000 1430.000 510.000 287.000 20051.411 2693180.806 13071.745 1472646.135 85224049.216 4212734626111.347
5397.000 4609.000 32425328.000 1.000 1430.000 510.000 339.000 26676.000 2673523.710 592.033 1072025.522 6796961.210 6017774897336.895
5397.000 4489.000 32425338.000 1.000 1430.000 510.000 367.000 31498.427 2673523.710 9152.418 631231.520 4907681.534 8374711310379.170
5411.000 4348.000 32425348.000 1.000 1440.000 510.000 412.000 34337.975 2627937.153 56011.870 588637.507 25551779.104 8623051985041.885
5423.000 4194.000 32425358.000 1.000 1440.000 510.000 415.000 31690.033 2589174.960 152621.697 447162.230 5793334.960 9473952491663.314
5444.000 4053.000 32425368.000 1.000 1440.000 510.000 430.000 29678.507 2522034.124 282671.149 1117780.642 156348.091 5795383254347.198
5464.000 3921.000 32425378.000 1.000 1440.000 510.000 444.000 24650.254 2458910.470 440455.572 1125137.660 21463245.711 5760015395041.046
5478.000 3811.000 32425388.000 1.000 1440.000 510.000 455.000 19588.906 2415199.912 598562.591 755284.257 93977363.100 7672105641611.940
5492.000 3724.000 32425398.000 1.000 1430.000 520.000 456.000 16191.316 2371881.354 740749.870 2112698.519 171394762.104 1994993387265.781
5503.000 3652.000 32425408.000 1.000 1430.000 520.000 456.000 6687.499 2338120.345 869870.100 997424.754 510561104.815 6389348749426.726
5511.000 3623.000 32425418.000 1.000 1430.000 520.000 455.000 2200.658 2313718.883 924805.860 74237.530 733458569.114 11908733843374.992
5518.000 3616.000 32425428.000 1.000 1420.000 530.000 448.000 2534.610 2292472.604 938318.216 2422113.221 715481622.889 1216669988497.871
5527.000 3623.000 32425438.000 1.000 1420.000 530.000 379.000 13430.306 2265299.960 924805.860 4278112.149 251311021.664 566965751067.840
5540.000 3682.000 32425448.000 1.000 1420.000 530.000 287.000 32675.075 2226336.585 814810.004 2877837.557 11505506.370 419001575522.846
5574.000 3825.000 32425458.000 1.000 1410.000 530.000 180.000 45620.813 2126030.374 577095.879 946299.533 266920923.724 6650422627484.276
5620.000 4025.000 32425468.000 1.000 1400.000 530.000 37.000 41363.955 1994001.970 313228.572 2360672.346 145947100.163 1355986937094.125
5710.000 4951.000 32425518.000 0.000 1400.000 530.000 5.000 94460.499 1747925.528 134198.937 11362830.933 4248093570.406 61429385566002.648
5682.000 5375.000 32425528.000 1.000 1400.000 530.000 144.000 43345.650 1822746.643 624624.245 3797591.803 197755362.127 74229512364.855
5648.000 5567.000 32425538.000 1.000 1400.000 530.000 255.000 26262.466 1915708.854 964975.629 2598768.362 9124219.103 858166018572.233
5617.000 5681.000 32425548.000 1.000 1400.000 530.000 354.000 14572.100 2002483.518 1201943.264 2330851.957 216413469.087 1426326001260.964
5593.000 5742.000 32425558.000 1.000 1390.000 520.000 394.000 4086.936 2070983.903 1339416.735 661439.423 634846591.402 8200785962074.881
5576.000 5749.000 32425568.000 1.000 1400.000 520.000 381.000 1111.500 2120202.008 1355668.379 247086.450 793638947.147 10745640762767.420
5571.000 5749.000 32425578.000 1.000 1400.000 520.000 372.000 0.000 2134787.922 1355668.379 1615726.195 857499842.274 3645864390787.165
5571.000 5749.000 32425588.000 1.000 1410.000 510.000 376.000 7268.224 2134787.922 1355668.379 478540.986 484654687.608 9281770836725.445
5584.000 5719.000 32425598.000 1.000 1420.000 500.000 381.000 9420.905 2096968.547 1286708.475 502845.268 394506720.127 9134270689536.510
5598.000 5679.000 32425608.000 1.000 1420.000 500.000 377.000 11682.917 2056617.989 1197561.937 479882.789 309766379.525 9273596763439.686
5617.000 5630.000 32425618.000 1.000 1420.000 500.000 372.000 13841.634 2002483.518 1092718.427 1188378.231 238438817.739 5460459618398.731
5648.000 5576.000 32425628.000 1.000 1430.000 500.000 292.000 19187.465 1915708.854 982738.600 1275109.688 101921810.427 5062640307813.485
5707.000 5513.000 32425638.000 1.000 1420.000 490.000 134.000 24923.451 1755867.076 861799.802 537811.668 19006524.019 8924135744978.877
6579.000 5303.000 32425718.000 0.000 1470.000 490.000 50.000 44277.897 205291.768 516000.475 8311040.513 224843989.986 22904835418729.805
6771.000 5250.000 32425728.000 1.000 1460.000 500.000 371.000 6891.300 68168.691 442666.312 988345.800 501392628.223 6435329213467.846
6771.000 5219.000 32425738.000 1.000 1460.000 500.000 399.000 11337.300 68168.691 402376.745 1828720.495 322051674.312 2877842079547.939
6720.000 5219.000 32425748.000 1.000 1460.000 500.000 417.000 19563.663 97401.008 402376.745 904127.667 94467421.299 6869710196136.758
6649.000 5167.000 32425758.000 1.000 1480.000 500.000 425.000 23630.814 146758.979 339110.245 381308.078 31948317.080 9883684607065.717
6579.000 5087.000 32425768.000 1.000 1480.000 500.000 427.000 25346.100 205291.768 252337.168 159199.256 15499955.107 11329562930667.881
6509.000 4997.000 32425778.000 1.000 1480.000 500.000 428.000 26062.246 273624.556 170017.456 251625.371 10373889.123 10715903704503.633
6453.000 4894.000 32425788.000 1.000 1500.000 500.000 423.000 24930.328 335346.787 95686.120 1410714.688 18946608.724 4470798067701.055
6437.000 4783.000 32425798.000 1.000 1490.000 510.000 423.000 18584.333 354133.710 39335.475 179635.517 114463577.566 11192406048873.045
6447.000 4700.000 32425808.000 1.000 1490.000 510.000 420.000 19392.410 342331.883 13301.408 626099.280 97825713.773 8404442124883.740
6484.000 4621.000 32425818.000 1.000 1490.000 510.000 430.000 22208.871 300404.124 1319.995 701954.932 50044690.981 7970378825264.866
6550.000 4546.000 32425828.000 1.000 1490.000 510.000 425.000 25366.563 232412.066 1495.235 785260.745 15339248.252 7506943084564.114
6636.000 4471.000 32425838.000 1.000 1490.000 510.000 436.000 28899.000 156888.354 12920.475 59782.917 147531.455 12008705723694.076
6740.000 4393.000 32425848.000 1.000 1490.000 520.000 430.000 29167.929 85317.354 36736.725 961220.087 13263.953 6573689767644.288
6844.000 4313.000 32425858.000 1.000 1490.000 520.000 443.000 24843.952 35378.354 73803.649 518959.128 19706019.301 9037128649689.199
6921.000 4232.000 32425868.000 1.000 1490.000 520.000 448.000 22509.453 12341.287 124374.908 1081164.275 45882269.777 5973021583700.911
6979.000 4149.000 32425878.000 1.000 1490.000 520.000 469.000 17645.916 2818.691 189806.841 512894.117 135424010.384 9073630484681.312
7005.000 4074.000 32425888.000 1.000 1500.000 520.000 509.000 15338.700 733.941 260782.081 1200869.268 194446242.152 5402238467303.631
7005.000 4005.000 32425898.000 1.000 1500.000 520.000 544.000 20740.721 733.941 336015.302 734634.810 72972208.835 7786924055817.247
6977.000 3916.000 32425908.000 1.000 1500.000 520.000 556.000 24045.421 3035.056 447117.254 1189193.628 27433262.824 5456649504784.298
6917.000 3826.000 32425918.000 1.000 1490.000 530.000 562.000 29394.920 13246.018 575577.543 99216.714 12504.107 11736956304151.131
6823.000 3733.000 32425928.000 1.000 1490.000 530.000 560.000 29841.239 43719.191 725338.841 962117.957 311521.113 6569086438712.814
6705.000 3669.000 32425938.000 1.000 1480.000 540.000 570.000 25513.223 106988.749 838448.379 625699.363 14211959.292 8406761036846.284
6599.000 3625.000 32425948.000 1.000 1480.000 540.000 570.000 22698.561 187568.114 920963.187 1318240.778 43356130.607 4870408004143.852
6498.000 3610.000 32425958.000 1.000 1470.000 550.000 575.000 16768.553 285253.566 949978.235 257865.777 156613842.453 10675086515682.295
6425.000 3629.000 32425968.000 1.000 1470.000 550.000 570.000 15608.563 368559.903 913301.841 942491.534 186992913.909 6670077578784.991
6368.000 3670.000 32425978.000 1.000 1470.000 550.000 551.000 19848.291 441017.316 836618.043 3186105.413 89015587.572 114945039271.102
6344.000 3756.000 32425988.000 1.000 1460.000 550.000 512.000 34180.749 473469.701 686691.100 2528426.862 23986983.010 993438808357.332
6373.000 3907.000 32425998.000 1.000 1460.000 550.000 473.000 45554.689 434401.403 459234.283 2937501.766 264764666.005 345319713374.409
6436.000 4102.000 32426008.000 1.000 1460.000 550.000 412.000 58768.822 355324.893 232968.658 1744478.798 869407905.912 3170757405036.902
6549.000 4341.000 32426018.000 1.000 1460.000 550.000 384.000 66616.230 233377.249 59374.225 1178297.371 1393762727.340 5507674396116.571
6698.000 4601.000 32426028.000 1.000 1460.000 550.000 364.000 71916.713 111617.028 266.725 996042.715 1817625107.881 6396337463957.538
6870.000 4875.000 32426038.000 1.000 1450.000 550.000 361.000 67436.089 26273.604 84292.514 39474.256 1455650704.270 12149871725118.205
7014.000 5142.000 32426048.000 1.000 1450.000 550.000 364.000 67258.517 327.297 310618.658 47942.774 1442132430.333 12090906580035.768
7160.000 5407.000 32426058.000 1.000 1450.000 550.000 367.000 67474.184 16360.624 676229.475 2015641.228 1458559031.866 2278589161041.018
7308.000 5672.000 32426068.000 1.000 1440.000 540.000 367.000 58406.972 76125.585 1182290.293 2316028.549 848200023.046 1461952598260.145
7442.000 5898.000 32426078.000 1.000 1450.000 540.000 376.000 47988.490 168025.104 1724840.235 1940546.509 349891681.061 2510939280350.088
7567.000 6074.000 32426088.000 1.000 1450.000 540.000 389.000 39259.086 286127.268 2218109.004 4067110.769 99520331.876 293731374350.794
7672.000 6216.000 32426098.000 1.000 1470.000 530.000 398.000 20963.491 409483.085 2661243.216 1661975.488 69215864.554 3471385230614.939
7750.000 6269.000 32426108.000 1.000 1480.000 530.000 398.000 13487.218 515392.835 2836973.379 426948.046 249509832.417 9598798757942.926
7810.000 6260.000 32426118.000 1.000 1480.000 530.000 399.000 15407.812 605141.874 2806736.408 2796321.259 192523568.119 531178021439.760
7858.000 6210.000 32426128.000 1.000 1490.000 520.000 427.000 27986.855 682125.104 2641703.235 3225500.308 1680246.526 89784464776.463
7873.000 6085.000 32426138.000 1.000 1500.000 510.000 463.000 42496.528 707127.364 2250995.302 2276173.715 174594726.139 1559918947519.563
7865.000 5894.000 32426148.000 1.000 1510.000 500.000 491.000 52735.726 693736.826 1714349.581 71441.663 550025749.057 11928038193769.154
7826.000 5660.000 32426158.000 1.000 1510.000 500.000 519.000 53057.101 630290.951 1156338.331 485677.483 565203207.443 9238337664488.707
7779.000 5426.000 32426168.000 1.000 1520.000 490.000 533.000 55241.885 557872.537 707839.081 280083.773 673858610.281 10530395545254.266
7727.000 5183.000 32426178.000 1.000 1530.000 500.000 537.000 56501.821 482898.037 358000.860 969287.354 740858868.927 6532387181438.111
7676.000 4934.000 32426188.000 1.000 1530.000 500.000 551.000 52141.554 414618.354 122032.658 2499897.769 522508999.934 1051123410607.837
7630.000 4704.000 32426198.000 1.000 1540.000 490.000 562.000 40895.950 357494.758 14240.062 1744761.342 134858326.102 3169751254100.599
7592.000 4524.000 32426208.000 1.000 1540.000 490.000 567.000 33047.271 313497.701 3680.639 1342461.920 14168996.600 4764087386978.233
7564.000 4378.000 32426218.000 1.000 1540.000 490.000 566.000 27008.306 282926.816 42711.774 2890657.154 5174679.715 402569582440.514
7545.000 4258.000 32426228.000 1.000 1530.000 500.000 566.000 14004.900 263075.287 106712.158 1877857.020 233423341.326 2713544073569.147
7545.000 4195.000 32426238.000 1.000 1530.000 500.000 569.000 5557.500 263075.287 151841.360 395338.320 562904011.636 9795663985073.520
7545.000 4170.000 32426248.000 1.000 1530.000 500.000 592.000 3779.100 263075.287 171949.774 3798292.048 650453926.000 74611567518.856
7562.000 4170.000 32426258.000 1.000 1520.000 510.000 586.000 20865.434 280803.181 171949.774 2409080.883 70857071.183 1245589888551.420
7621.000 4243.000 32426268.000 1.000 1520.000 510.000 589.000 31702.505 346813.403 116737.206 4101143.787 5853529.092 331779363505.142
7708.000 4356.000 32426278.000 1.000 1510.000 510.000 594.000 50151.195 456852.508 52289.177 646768.067 435477462.569 8285029977495.783
7844.000 4536.000 32426288.000 1.000 1500.000 520.000 595.000 47241.757 659195.662 2368.600 437929.222 322513424.617 9530875742864.047
7985.000 4695.000 32426298.000 1.000 1490.000 520.000 595.000 45271.765 908034.903 12173.091 3135263.847 255637464.904 152004090956.506
8128.000 4840.000 32426308.000 1.000 1480.000 530.000 585.000 31168.014 1201015.778 65194.293 2441733.641 3552907.439 1173771217994.889
8241.000 4923.000 32426318.000 1.000 1480.000 530.000 592.000 20184.057 1461460.133 114468.360 441634.518 82792551.407 9508011406161.541
8331.000 4935.000 32426328.000 1.000 1480.000 530.000 589.000 18197.397 1687163.691 122732.322 639988.584 122892771.884 8324103697820.097
8405.000 4900.000 32426338.000 1.000 1480.000 530.000 592.000 21076.338 1884878.172 99434.100 1181251.293 67350913.564 5493818336503.211
8447.000 4815.000 32426348.000 1.000 1480.000 530.000 589.000 26390.109 2001966.499 53052.706 1107622.421 8369386.717 5844395438191.458
8460.000 4697.000 32426358.000 1.000 1490.000 530.000 605.000 31372.666 2038923.124 12618.418 742869.024 4366293.442 7741036610009.267
8454.000 4556.000 32426368.000 1.000 1490.000 530.000 613.000 34714.407 2021824.220 821.870 267448.463 29499114.894 10612559801021.373
8435.000 4401.000 32426378.000 1.000 1480.000 540.000 642.000 33511.310 1968152.691 33734.033 176991.036 17877774.725 11210107292821.328
8420.000 4251.000 32426388.000 1.000 1480.000 540.000 661.000 32715.129 1926290.431 111334.514 1902434.730 11778835.168 2633175208024.839
8413.000 4104.000 32426398.000 1.000 1480.000 540.000 667.000 24157.168 1906908.710 231041.985 1248309.867 26275160.780 5183959403918.332
8441.000 3999.000 32426408.000 1.000 1480.000 540.000 684.000 18541.739 1985023.595 343007.322 790409.213 115376798.228 7478757221019.886
8492.000 3933.000 32426418.000 1.000 1480.000 540.000 697.000 22097.336 2131333.278 424671.533 1820131.268 51635178.906 2907057733698.582
8583.000 3893.000 32426428.000 1.000 1480.000 540.000 702.000 30285.061 2405317.653 478404.995 1927085.800 1003929.381 2553779998117.055
8719.000 3901.000 32426438.000 1.000 1480.000 540.000 694.000 38953.913 2845660.806 467402.302 1683762.222 93524658.208 3390675315359.774
8884.000 3960.000 32426448.000 1.000 1500.000 540.000 690.000 46528.192 3429565.662 390210.447 1417786.496 297393258.944 4440942446229.104
9072.000 4052.000 32426458.000 1.000 1500.000 540.000 694.000 52905.999 4161227.316 283735.485 1248139.140 558041440.526 5184736866118.419
9268.000 4187.000 32426468.000 1.000 1500.000 540.000 694.000 58520.660 4999287.508 158140.052 100231.513 854835017.928 11730004085158.459
9469.000 4357.000 32426478.000 1.000 1500.000 540.000 694.000 58971.544 5938523.787 51832.841 1957149.874 881403811.907 2458595755063.884
9651.000 4550.000 32426488.000 1.000 1490.000 550.000 702.000 50167.451 6858682.537 1201.889 422866.841 436156190.389 9624104134243.670
9791.000 4727.000 32426498.000 1.000 1490.000 550.000 690.000 48265.216 7611576.960 20258.322 696552.152 360320794.822 8000914120311.615
9903.000 4913.000 32426508.000 1.000 1490.000 550.000 688.000 45131.828 8242116.499 107801.725 3204451.610 251182235.146 102841599746.391
9966.000 5106.000 32426518.000 1.000 1490.000 550.000 685.000 30716.841 8607819.989 271786.774 2280620.382 2055618.315 1548831238326.557
9973.000 5244.000 32426528.000 1.000 1500.000 550.000 684.000 20457.640 8648943.710 434718.331 441337.970 77888713.068 9509840309384.004
9943.000 5331.000 32426538.000 1.000 1500.000 550.000 679.000 18472.314 8473389.191 557011.052 52004.195 116873055.788 12062678344461.748
9879.000 5384.000 32426548.000 1.000 1500.000 550.000 672.000 18706.251 8104888.883 638931.216 1419409.508 111869697.445 4434104557531.317
9795.000 5379.000 32426558.000 1.000 1500.000 550.000 670.000 25091.359 7633664.229 630962.899 1288527.271 17570677.819 5002440379145.410
9697.000 5323.000 32426568.000 1.000 1500.000 550.000 669.000 30887.703 7101738.133 545133.745 1185497.890 2574756.450 5473929261220.202
9592.000 5232.000 32426578.000 1.000 1500.000 550.000 669.000 36220.577 6553132.316 419038.370 1209393.139 48128611.607 5362687541117.695
9484.000 5110.000 32426588.000 1.000 1520.000 560.000 673.000 41660.942 6011856.047 275973.427 79048.102 153211016.256 11875555347039.734
9373.000 4959.000 32426598.000 1.000 1520.000 560.000 675.000 41305.350 5479853.326 140124.245 1607135.856 144534537.487 3678743223364.529
9298.000 4789.000 32426608.000 1.000 1520.000 560.000 684.000 34075.769 5134342.028 41751.456 691656.662 22969693.056 8028632741673.663
9262.000 4640.000 32426618.000 1.000 1520.000 560.000 690.000 30964.403 4972492.604 3061.600 263498.637 2826785.711 10638310038463.801
9253.000 4501.000 32426628.000 1.000 1530.000 550.000 693.000 29779.074 4932435.249 7000.379 119119.233 245991.959 11600983373306.529
9281.000 4370.000 32426638.000 1.000 1530.000 550.000 699.000 29243.225 5057590.133 46082.466 531086.704 1589.875 8964360332762.537
9350.000 4258.000 32426648.000 1.000 1530.000 550.000 700.000 26854.171 5372700.528 106712.158 781884.453 5899687.516 7525455754587.533
9447.000 4186.000 32426658.000 1.000 1530.000 550.000 702.000 30371.420 5831783.806 158936.389 1056365.154 1184444.263 6094853522570.419
9576.000 4141.000 32426668.000 1.000 1530.000 550.000 702.000 35123.400 6471471.239 196841.533 1205136.984 34109124.700 5382418018518.147
9734.000 4141.000 32426678.000 1.000 1530.000 550.000 691.000 40544.619 7300310.374 196841.533 1311361.038 126821849.928 4900821132607.016
9911.000 4185.000 32426688.000 1.000 1530.000 550.000 691.000 46443.679 8288115.037 159734.725 1353117.425 294485532.172 4717685833892.380
10104.000 4265.000 32426698.000 1.000 1530.000 550.000 697.000 52530.577 9436622.778 102187.802 498876.990 540445268.902 9158273055039.178
10300.000 4397.000 32426708.000 1.000 1530.000 550.000 699.000 54774.738 10679226.970 35219.379 174339.664 649823697.879 11227868704023.828
10497.000 4545.000 32426718.000 1.000 1530.000 550.000 699.000 55558.992 12005591.979 1573.572 188688.018 690422593.119 11131917615589.242
10689.000 4705.000 32426728.000 1.000 1520.000 560.000 699.000 54710.193 13372980.903 14479.725 617240.848 646537148.159 8455882522233.743
10860.000 4882.000 32426738.000 1.000 1530.000 560.000 699.000 51933.581 14652884.662 88406.158 3184545.312 513044369.461 116005332288.804
11017.000 5055.000 32426748.000 1.000 1530.000 560.000 702.000 37608.141 15879496.979 221211.937 2627032.251 69306337.029 806599086668.843
11131.000 5180.000 32426758.000 1.000 1530.000 560.000 702.000 25790.632 16801052.153 354419.870 2923850.768 12197320.407 361549783513.889
11199.000 5274.000 32426768.000 1.000 1540.000 560.000 702.000 12637.907 17363127.729 475178.235 2117564.666 277062391.269 1981270762460.720
11235.000 5318.000 32426778.000 1.000 1540.000 560.000 696.000 3112.200 17664441.153 537775.427 1993568.171 684915914.457 2345714924045.756
11235.000 5304.000 32426788.000 1.000 1540.000 560.000 690.000 12080.118 17664441.153 517438.139 1438174.296 295942528.986 4355429469715.644
11223.000 5251.000 32426798.000 1.000 1560.000 570.000 696.000 5610.598 17563715.345 443997.975 3007245.501 560387267.403 268215610433.017
11209.000 5272.000 32426808.000 1.000 1560.000 570.000 700.000 19138.468 17446565.903 472424.908 2809253.117 102913522.617 512495271026.839
11165.000 5198.000 32426818.000 1.000 1570.000 570.000 705.000 31775.684 17080933.941 376175.812 591390.025 6212983.793 8606894004684.665
11121.000 5062.000 32426828.000 1.000 1570.000 570.000 710.000 29115.360 16719173.979 227845.581 158049.076 28136.116 11337307131026.881
11076.000 4939.000 32426838.000 1.000 1600.000 560.000 724.000 29826.332 16353197.201 125550.975 49902.793 295102.923 12077279673050.992
11047.000 4808.000 32426848.000 1.000 1610.000 570.000 721.000 30050.816 16119491.499 49877.062 22296318.759 589390.566 352357119441919.125
11040.000 4673.000 32426858.000 1.000 1610.000 570.000 739.000 130349.146 16063331.778 7802.495 115232701.779 10214346010.721 12478579164841594.000
11048.000 4556.000 32426860.000 1.000 1630.000 570.000 761.000 26676.000 16127522.316 821.870 259724.427 6796961.210 10662944528568.951
11048.000 4436.000 32426870.000 1.000 1630.000 570.000 762.000 27844.351 16127522.316 22102.254 761989.714 2069993.608 7635004295972.481
11040.000 4311.000 32426880.000 1.000 1630.000 570.000 790.000 24416.597 16063331.778 74894.322 343589.325 23682834.276 10122270216299.258
11020.000 4203.000 32426890.000 1.000 1630.000 570.000 790.000 22870.986 15903415.431 145670.668 33009.327 41115183.322 12194982694744.605
10983.000 4107.000 32426900.000 1.000 1630.000 560.000 803.000 22722.496 15609679.191 228166.975 462848.162 43041501.693 9377636612921.803
10931.000 4019.000 32426910.000 1.000 1630.000 560.000 811.000 20640.408 15201488.691 319980.591 604213.401 74696094.508 8531817263374.491
10870.000 3949.000 32426920.000 1.000 1630.000 560.000 817.000 17922.399 14729542.835 404074.149 283457.398 129065487.121 10508511715120.402
10814.000 3891.000 32426930.000 1.000 1630.000 560.000 820.000 16647.287 14302833.066 481175.668 272328.393 159663725.581 10580788992949.164
10752.000 3849.000 32426940.000 1.000 1630.000 560.000 820.000 15422.238 13837720.393 541207.802 67987.787 192123446.470 11951907420614.469
10685.000 3831.000 32426950.000 1.000 1630.000 560.000 814.000 15116.400 13343741.633 568015.860 584659.448 200695338.898 8646430977237.223
10617.000 3831.000 32426960.000 1.000 1630.000 560.000 785.000 17746.447 12851570.056 568015.860 400315.617 133094321.731 9764532844900.426
10539.000 3848.000 32426970.000 1.000 1620.000 560.000 749.000 19547.237 12298408.306 542680.139 151572.365 94786993.998 11380964439697.676
10455.000 3874.000 32426980.000 1.000 1620.000 560.000 655.000 18865.400 11716303.653 505049.389 4193778.420 108528436.528 447076176883.219
10376.000 3905.000 32426990.000 1.000 1620.000 560.000 404.000 0.000 11181725.085 461948.956 0.000 857499842.274 12426618134295.023
