3990.000 5693.000 60397366.000 0.000 1390.000 370.000 309.000 17952.866 4295921.988 2308392.194 1767197.733 159811346.748 521612874940.403
4084.000 5685.000 60397376.000 1.000 1380.000 380.000 344.000 8666.488 3915097.794 2284146.764 1489925.305 480838467.520 197985209047.271
4091.000 5730.000 60397386.000 1.000 1390.000 380.000 339.000 16495.838 3887445.545 2422192.309 332858.107 198772757.064 507103371198.574
4066.000 5813.000 60397396.000 1.000 1390.000 380.000 349.000 14746.715 3986653.576 2687433.649 1878213.425 251152836.683 694294578338.943
4140.000 5790.000 60397406.000 1.000 1380.000 390.000 353.000 24616.465 3696623.806 2612553.036 1210713.529 35737108.903 27470912041.311
4258.000 5737.000 60397416.000 1.000 1380.000 400.000 356.000 30978.596 3256799.903 2444030.061 945011.151 147516.473 9991774728.437
4404.000 5665.000 60397426.000 1.000 1380.000 400.000 368.000 26012.694 2751155.006 2224093.188 42972.594 20993104.447 1003998834059.009
4506.000 5574.000 60397436.000 1.000 1370.000 400.000 371.000 25786.879 2423192.242 1960950.418 380510.178 23113385.703 441506876556.608
4567.000 5453.000 60397446.000 1.000 1370.000 410.000 379.000 27786.407 2237000.649 1636709.285 390274.471 7885483.270 428626256880.918
4601.000 5311.000 60397456.000 1.000 1380.000 420.000 389.000 25735.569 2136451.727 1293540.897 395356.433 23609378.258 421997807454.321
4593.000 5176.000 60397466.000 1.000 1370.000 420.000 418.000 27813.112 2159902.297 1004684.261 603837.314 7736215.257 194598060934.233
4537.000 5041.000 60397476.000 1.000 1370.000 430.000 436.000 30986.193 2327640.285 752277.624 133623.712 153409.880 830552086145.859
4449.000 4904.000 60397486.000 1.000 1370.000 430.000 455.000 30284.019 2603900.552 533395.630 73286.243 96409.174 944169355064.856
4339.000 4789.000 60397496.000 1.000 1370.000 440.000 473.000 29898.910 2971005.885 378642.570 490801.398 483869.469 307102857377.546
4217.000 4690.000 60397506.000 1.000 1360.000 450.000 467.000 27319.817 3406463.073 266606.370 2045006.998 10723661.837 1000073965004.018
4088.000 4627.000 60397516.000 1.000 1360.000 460.000 477.000 16573.590 3899284.509 205516.606 1777818.757 196586401.417 537067276918.794
4004.000 4604.000 60397526.000 1.000 1360.000 460.000 490.000 7231.400 4238083.491 185191.994 494264.668 545835248.416 303276380516.058
3966.000 4604.000 60397536.000 1.000 1360.000 470.000 496.000 4634.108 4395985.697 185191.994 1210413.807 673942849.293 27371647920.290
3958.000 4627.000 60397546.000 1.000 1360.000 470.000 496.000 10994.664 4429596.267 205516.606 1723965.760 384154248.075 461035220123.206
3981.000 4680.000 60397556.000 1.000 1350.000 470.000 498.000 20053.864 4333310.879 256379.582 1389643.295 111105371.288 118799669131.276
4054.000 4756.000 60397566.000 1.000 1350.000 470.000 489.000 27356.246 4034717.430 339119.170 857789.239 10486400.797 35036643346.390
4161.000 4852.000 60397576.000 1.000 1350.000 470.000 492.000 22848.683 3616313.061 460144.333 990919.503 59997948.487 2921457975.218
4265.000 4912.000 60397586.000 1.000 1350.000 470.000 494.000 17641.539 3231583.655 545145.061 678076.389 167779645.977 134610933666.631
4350.000 4949.000 60397596.000 1.000 1360.000 470.000 497.000 14078.342 2933206.352 601151.176 38458.108 272784045.439 1013066221311.805
4423.000 4937.000 60397606.000 1.000 1360.000 470.000 499.000 13876.250 2688486.903 582687.030 540629.169 279500460.400 254359690136.074
4472.000 4883.000 60397616.000 1.000 1360.000 470.000 504.000 16717.181 2530201.164 503162.376 1214967.876 192580461.858 28899272342.762
4506.000 4802.000 60397626.000 1.000 1350.000 470.000 515.000 23101.668 2423192.242 394810.394 1326610.035 56142790.133 79321100199.906
4530.000 4683.000 60397636.000 1.000 1350.000 470.000 513.000 30072.819 2349048.533 259426.618 916085.170 272169.081 16611303575.311
4548.000 4526.000 60397646.000 1.000 1350.000 470.000 524.000 34886.719 2294196.752 124143.049 823005.634 18422995.720 49268186957.356
4570.000 4344.000 60397656.000 1.000 1350.000 470.000 546.000 39211.499 2228035.685 29015.509 1118422.406 74252374.193 5395253570.002
4599.000 4140.000 60397666.000 1.000 1350.000 470.000 554.000 45088.653 2142302.370 1133.036 773315.830 210079970.656 73795996870.106
4642.000 3907.000 60397676.000 1.000 1350.000 470.000 564.000 49152.320 2018276.558 71107.879 452236.722 344392042.289 351332758031.630
4694.000 3654.000 60397686.000 1.000 1350.000 470.000 583.000 46775.879 1873231.855 270047.145 197011.500 261836467.545 719033645165.271
4731.000 3411.000 60397696.000 1.000 1350.000 470.000 592.000 47811.147 1773319.970 581651.200 175810.939 296412339.375 755437501447.550
4742.000 3160.000 60397706.000 1.000 1350.000 470.000 594.000 48735.009 1744144.436 1027507.824 1528688.654 329077440.327 233983720572.677
4735.000 2904.000 60397716.000 1.000 1350.000 490.000 588.000 40701.963 1762682.685 1612038.055 1920515.973 102160459.252 766580722500.665
4700.000 2693.000 60397726.000 1.000 1350.000 490.000 588.000 30609.919 1856843.927 2192355.830 943145.069 237.213 10368319868.580
4637.000 2545.000 60397736.000 1.000 1350.000 490.000 594.000 25653.823 2032508.164 2652535.370 534838.721 24410459.837 260233938323.880
4555.000 2438.000 60397746.000 1.000 1340.000 490.000 594.000 28464.326 2273040.503 3012517.739 171602.073 4537714.833 762771564177.640
4442.000 2340.000 60397756.000 1.000 1340.000 490.000 592.000 29366.071 2626540.800 3362311.218 420338.827 1509080.230 390164122498.693
4299.000 2282.000 60397766.000 1.000 1330.000 500.000 589.000 31574.893 3110498.733 3578379.849 142578.469 961136.579 814310504425.196
4136.000 2251.000 60397776.000 1.000 1330.000 500.000 595.000 32324.123 3712021.091 3696623.806 984365.571 2991535.993 3672898775.796
3970.000 2287.000 60397786.000 1.000 1330.000 500.000 589.000 37496.827 4379228.412 3559488.242 993509.676 47641879.655 2648166611.628
3810.000 2402.000 60397796.000 1.000 1330.000 500.000 584.000 42717.582 5074479.806 3138781.303 1846560.636 146968698.529 642547521780.496
3660.000 2569.000 60397806.000 1.000 1330.000 500.000 580.000 52421.001 5772777.988 2574935.661 267030.292 476395392.161 605190214460.084
3569.000 2829.000 60397816.000 1.000 1330.000 500.000 589.000 51017.794 6218343.218 1808112.145 82479.636 417110232.526 926387731942.542
3517.000 3092.000 60397826.000 1.000 1320.000 500.000 589.000 50584.375 6480387.921 1169989.667 2274657.042 399594412.199 1512130181465.565
3548.000 3356.000 60397836.000 1.000 1320.000 500.000 592.000 38631.369 6323517.964 668568.867 824468.280 64590985.784 48621015659.196
3627.000 3543.000 60397846.000 1.000 1320.000 500.000 592.000 34298.903 5932442.588 397732.800 989995.406 13722473.661 3022207764.643
3738.000 3685.000 60397856.000 1.000 1320.000 500.000 589.000 29096.615 5404046.933 238789.188 2132191.040 2243711.200 1182049554632.255
3841.000 3798.000 60397866.000 1.000 1330.000 500.000 589.000 17892.248 4935775.849 141120.891 788943.647 161347644.523 65549501716.425
3923.000 3844.000 60397876.000 1.000 1330.000 500.000 584.000 13746.459 4578147.509 108676.115 428833.438 283857067.357 379624282973.600
3990.000 3817.000 60397886.000 1.000 1330.000 500.000 591.000 15999.919 4295921.988 127206.788 1699261.204 213002298.565 428096958456.527
4028.000 3742.000 60397896.000 1.000 1330.000 500.000 585.000 24929.300 4139843.782 186330.879 2043077.546 32094686.679 996218641079.752
4028.000 3611.000 60397906.000 1.000 1330.000 500.000 595.000 35665.388 4139843.782 316586.958 1470006.794 25713729.994 180656262498.062
3998.000 3426.000 60397916.000 1.000 1340.000 490.000 585.000 43390.069 4262823.418 558996.382 815244.819 163726144.160 52773666220.225
3946.000 3204.000 60397926.000 1.000 1340.000 490.000 588.000 39106.071 4480252.121 940241.691 2087585.862 72446546.955 1087047801951.162
3891.000 3006.000 60397936.000 1.000 1340.000 490.000 588.000 28136.098 4716109.788 1363431.291 1814568.922 6043825.291 592282475836.542
3833.000 2870.000 60397946.000 1.000 1340.000 490.000 591.000 18600.791 4971386.418 1699530.976 2974048.363 143849469.760 3721343268162.768
3810.000 2775.000 60397956.000 1.000 1340.000 490.000 595.000 2972.581 5074479.806 1956251.491 1928887.841 762971363.120 781310721031.306
3820.000 2763.000 60397966.000 1.000 1340.000 490.000 594.000 13108.618 5029526.594 1989963.345 3294702.721 305756673.164 5061297243128.532
3852.000 2824.000 60397976.000 1.000 1360.000 490.000 591.000 30421.822 4887020.315 1821583.752 5121330.003 29823.655 16616710742132.332
3968.000 2934.000 60397986.000 1.000 1360.000 490.000 592.000 57333.698 4387603.055 1536758.418 2815254.050 714983786.290 3133905560391.572
4177.000 3151.000 60397996.000 1.000 1360.000 490.000 591.000 72127.466 3555715.921 1045834.715 2511185.860 1724985830.486 2149788900663.462
4447.000 3417.000 60398006.000 1.000 1360.000 490.000 585.000 85323.398 2610359.194 572535.273 2592353.948 2995250386.323 2394397032449.096
4782.000 3715.000 60398016.000 1.000 1360.000 490.000 589.000 71700.939 1640091.588 210369.552 3126318.811 1689737907.719 4332012805691.098
5063.000 3966.000 60398026.000 1.000 1360.000 490.000 592.000 55272.569 999321.327 43122.927 3816414.548 609006237.353 7680904792944.898
5308.000 4122.000 60398036.000 1.000 1360.000 490.000 595.000 35217.842 569512.630 2668.818 3365342.272 21375131.590 5384127405570.757
5468.000 4215.000 60398046.000 1.000 1370.000 500.000 600.000 17533.437 353621.236 1708.945 1265116.493 170591817.732 48464471255.458
5560.000 4220.000 60398056.000 1.000 1370.000 500.000 602.000 10885.426 252667.685 2147.339 374496.508 388448278.558 449534725173.635
5606.000 4186.000 60398066.000 1.000 1370.000 500.000 603.000 12853.353 208538.909 152.261 1509474.253 314748909.537 215764186022.041
5635.000 4125.000 60398076.000 1.000 1370.000 500.000 614.000 20785.430 182893.594 2367.855 942011.452 96218193.005 10600465938.382
5642.000 4016.000 60398086.000 1.000 1370.000 500.000 610.000 25735.569 176955.345 24856.867 650845.981 23609378.258 155333755107.999
5634.000 3881.000 60398096.000 1.000 1370.000 500.000 628.000 29155.674 183749.915 85650.230 1282895.271 2070269.946 56608426880.297
5642.000 3728.000 60398106.000 1.000 1380.000 500.000 639.000 22414.238 176955.345 198613.376 276949.299 66916968.881 589855822020.475
5689.000 3620.000 60398116.000 1.000 1380.000 500.000 640.000 23869.568 139622.249 306540.067 276136.908 45224942.639 591104348236.516
5762.000 3518.000 60398126.000 1.000 1380.000 500.000 646.000 25320.629 90396.800 429890.830 998830.465 27813897.449 2128858183.260
5852.000 3420.000 60398136.000 1.000 1400.000 510.000 650.000 20071.914 44377.891 568004.309 190679.268 110725179.508 729812682429.051
5923.000 3342.000 60398146.000 1.000 1400.000 510.000 652.000 19069.921 19505.085 691659.364 366319.507 132816319.110 460566513612.741
5982.000 3261.000 60398156.000 1.000 1400.000 510.000 653.000 17144.963 6506.133 832949.382 787143.409 180890509.972 66474559370.888
5996.000 3172.000 60398166.000 1.000 1410.000 510.000 647.000 21281.292 4443.636 1003323.970 738790.272 86736164.868 93746035747.244
5971.000 3063.000 60398176.000 1.000 1410.000 510.000 644.000 25163.532 8401.667 1233566.982 1191921.024 29495600.967 21594598698.779
5920.000 2941.000 60398186.000 1.000 1410.000 510.000 524.000 18900.153 20352.049 1519452.170 248027.695 136758155.601 635117063290.665
5878.000 2851.000 60398196.000 1.000 1410.000 520.000 85.000 20203.504 34099.539 1749431.079 123236.895 107973156.708 849591946683.577
6535.000 5663.000 60398468.000 0.000 1470.000 420.000 474.000 37818.026 223104.503 2218131.830 1355178.252 52179078.421 96229149569.428
6678.000 5801.000 60398478.000 1.000 1460.000 430.000 488.000 30696.753 378642.570 2648233.503 2039285.058 10452.145 988662402385.893
6726.000 5955.000 60398488.000 1.000 1440.000 440.000 489.000 19980.594 440019.152 3173170.036 270922.498 112655367.111 599149560403.432
6806.000 6023.000 60398498.000 1.000 1450.000 450.000 488.000 18556.934 552553.455 3420056.194 25905.539 144903410.902 1038492408653.853
6903.000 6033.000 60398508.000 1.000 1440.000 460.000 498.000 18420.804 706170.297 3457142.982 972931.776 148199294.699 5189508048.493
6984.000 5980.000 60398518.000 1.000 1440.000 460.000 493.000 23533.425 848866.279 3262862.006 1359251.052 49859023.998 98772569474.949
7021.000 5862.000 60398528.000 1.000 1450.000 460.000 491.000 30676.100 918414.394 2850489.909 813319.745 6655.742 53661848138.610
7029.000 5701.000 60398538.000 1.000 1460.000 470.000 496.000 34949.982 933811.824 2332765.624 679040.068 18970073.043 133904726976.348
6980.000 5524.000 60398548.000 1.000 1460.000 470.000 496.000 38518.243 841511.564 1823416.479 510977.004 62785429.497 285148537059.012
6905.000 5336.000 60398558.000 1.000 1470.000 470.000 491.000 41203.356 709535.655 1351032.867 3017450.465 112547459.270 3890679120969.975
6813.000 5140.000 60398568.000 1.000 1470.000 470.000 492.000 25347.074 563009.206 933811.824 1890206.892 27535660.837 714425376242.880
6767.000 5015.000 60398578.000 1.000 1470.000 470.000 492.000 15414.300 496093.982 707851.976 600973.870 230438996.263 197132577824.307
6767.000 4934.000 60398588.000 1.000 1470.000 470.000 494.000 12256.266 496093.982 578115.994 1225102.493 336291459.519 32447709204.653
6805.000 4882.000 60398598.000 1.000 1480.000 470.000 499.000 18694.009 551067.776 501744.697 130326.574 141622097.005 836572626326.205
6896.000 4845.000 60398608.000 1.000 1480.000 470.000 501.000 19378.857 694454.545 450696.582 66387.487 125791035.217 957623766419.885
6993.000 4814.000 60398618.000 1.000 1470.000 480.000 505.000 19030.000 865531.388 410034.539 87486.619 133738059.611 916774455878.836
7089.000 4786.000 60398628.000 1.000 1480.000 480.000 509.000 19489.730 1053372.552 374959.533 223113.048 123316300.238 675448876149.011
7181.000 4741.000 60398638.000 1.000 1490.000 490.000 514.000 18317.302 1250683.000 321873.988 333902.664 150730014.704 505616779338.862
7233.000 4660.000 60398648.000 1.000 1480.000 500.000 514.000 20071.914 1369694.297 236526.006 1363865.637 110725179.508 101694416977.013
7243.000 4555.000 60398658.000 1.000 1480.000 500.000 517.000 27238.838 1393201.085 145419.733 123141.798 11260583.341 849767263836.266
7225.000 4413.000 60398668.000 1.000 1480.000 500.000 515.000 27885.931 1351032.867 57283.345 5804.531 7336439.564 1079864905593.164
7193.000 4270.000 60398678.000 1.000 1480.000 500.000 522.000 27916.433 1277667.145 9281.279 2368222.604 7172135.339 1750997411167.515
7165.000 4126.000 60398688.000 1.000 1480.000 500.000 522.000 15471.753 1215152.139 2271.533 152969.230 228697999.065 795665402548.982
7172.000 4045.000 60398698.000 1.000 1480.000 500.000 515.000 14667.921 1230633.891 16553.552 312349.857 253656468.641 536732297639.593
7202.000 3974.000 60398708.000 1.000 1470.000 510.000 524.000 16309.276 1298094.255 39864.358 1449681.613 204068118.047 163791476599.122
7259.000 3910.000 60398718.000 1.000 1480.000 510.000 535.000 23927.151 1431227.945 69516.915 337710.947 44453772.934 500215390939.932
7339.000 3813.000 60398728.000 1.000 1480.000 510.000 546.000 25701.775 1629042.249 130076.073 697399.832 23938926.888 120805032932.183
7434.000 3717.000 60398738.000 1.000 1470.000 520.000 551.000 22037.036 1880571.733 208538.909 143818.083 73230485.629 812074806677.329
7503.000 3624.000 60398748.000 1.000 1480.000 530.000 560.000 21281.292 2074577.570 302126.782 371998.059 86736164.868 452891255153.127
7528.000 3515.000 60398758.000 1.000 1480.000 530.000 581.000 23236.090 2147219.539 433833.794 1120939.314 54146451.839 5771334210.988
7523.000 3393.000 60398768.000 1.000 1470.000 530.000 585.000 29126.470 2132591.145 609430.982 96639.859 2155162.777 899330087020.493
7474.000 3248.000 60398778.000 1.000 1470.000 530.000 594.000 29634.299 1991878.885 856847.558 226157.658 922019.120 670453677911.271
7393.000 3115.000 60398788.000 1.000 1460.000 540.000 606.000 30822.726 1769802.903 1120762.279 1075164.742 52079.226 911721467.235
7290.000 2990.000 60398798.000 1.000 1460.000 540.000 614.000 25172.885 1506361.988 1401052.430 709118.696 29394096.435 112796109267.870
7187.000 2907.000 60398808.000 1.000 1460.000 540.000 619.000 21446.565 1264139.073 1604429.091 449566.052 83685030.673 354505880563.424
7086.000 2857.000 60398818.000 1.000 1460.000 540.000 616.000 19084.158 1047223.515 1733595.152 1012006.836 132488370.448 1086571247.699
6990.000 2828.000 60398828.000 1.000 1460.000 540.000 620.000 13766.203 859958.352 1810802.467 368310.236 283192161.058 457868458115.707
6918.000 2835.000 60398838.000 1.000 1460.000 540.000 616.000 11830.784 731605.479 1792012.218 566372.573 352077686.103 229055512620.174
6862.000 2862.000 60398848.000 1.000 1460.000 550.000 631.000 8854.575 638943.467 1720453.545 1011647.740 472625089.758 1110374089.937
6840.000 2903.000 60398858.000 1.000 1460.000 550.000 633.000 14170.643 604256.533 1614578.376 2285232.584 269743645.927 1538251237130.950
6859.000 2975.000 60398868.000 1.000 1460.000 550.000 634.000 26179.222 634156.430 1436787.249 2331278.333 19494832.292 1654589085915.624
6904.000 3105.000 60398878.000 1.000 1460.000 550.000 636.000 38429.765 707851.976 1142035.491 2453615.542 61391107.043 1984282217407.581
7013.000 3275.000 60398888.000 1.000 1460.000 550.000 633.000 51323.173 903144.964 807590.885 1575786.191 429677168.511 281765811448.606
7169.000 3495.000 60398898.000 1.000 1450.000 550.000 627.000 59603.710 1223986.855 460580.218 836390.575 841533263.040 43505383283.720
7355.000 3747.000 60398908.000 1.000 1450.000 550.000 622.000 63998.826 1670141.109 182039.273 239964.875 1115847841.952 648033277329.159
7550.000 4021.000 60398918.000 1.000 1450.000 550.000 628.000 62737.844 2212178.473 23305.261 819162.906 1033193453.486 50988851008.664
7742.000 4289.000 60398928.000 1.000 1460.000 550.000 631.000 58433.257 2820180.800 13303.176 1245879.447 774995429.940 40364599391.686
7931.000 4531.000 60398938.000 1.000 1460.000 550.000 636.000 51886.334 3490692.091 127691.442 30700.148 453341459.806 1028743365501.563
8085.000 4756.000 60398948.000 1.000 1460.000 550.000 636.000 52047.659 4089856.624 339119.170 302197.732 460237290.230 551710666148.676
8233.000 4986.000 60398958.000 1.000 1460.000 550.000 645.000 50459.652 4710373.085 659895.291 706401.212 394623577.973 114628835165.106
8378.000 5208.000 60398968.000 1.000 1460.000 550.000 644.000 46747.612 5360796.509 1069857.982 129596.584 260922469.464 837908520344.322
8495.000 5424.000 60398978.000 1.000 1470.000 550.000 642.000 47428.624 5916274.927 1563348.600 263279.099 283387149.509 611040690004.553
8591.000 5654.000 60398988.000 1.000 1470.000 550.000 641.000 46045.129 6392500.091 2191404.721 1102826.560 238721402.934 3347379662.585
8672.000 5882.000 60398998.000 1.000 1470.000 550.000 641.000 40249.929 6808652.073 2918423.485 1937927.835 93226975.740 797373666188.524
8723.000 6109.000 60399009.000 1.000 1480.000 540.000 637.000 29048.034 7077405.691 3745538.570 2920175.004 2391610.494 3516393746338.186
8737.000 6261.000 60399019.000 1.000 1480.000 540.000 643.000 13702.921 7152091.194 4356985.745 899450.666 285326024.436 21175881277.339
8725.000 6332.000 60399029.000 1.000 1510.000 530.000 636.000 8976.433 7088051.049 4658428.939 1903221.129 467341567.361 736594972653.647
8681.000 6349.000 60399039.000 1.000 1520.000 530.000 636.000 18977.595 6855701.182 4732101.479 2081437.079 134952882.950 1074263972306.949
8588.000 6313.000 60399049.000 1.000 1520.000 530.000 647.000 29915.257 6377339.055 4576773.042 674424.532 461394.510 137303955847.538
8462.000 6219.000 60399059.000 1.000 1530.000 520.000 638.000 33459.264 5756829.527 4183413.236 129953.206 8206773.846 837255762915.310
8347.000 6086.000 60399069.000 1.000 1530.000 510.000 647.000 32776.378 5218206.467 3657041.958 271224.885 4760516.260 598681528027.569
8274.000 5930.000 60399079.000 1.000 1550.000 500.000 637.000 34201.627 4890021.915 3084728.067 277394.220 13011240.628 589172602884.153
8229.000 5756.000 60399089.000 1.000 1550.000 500.000 647.000 35659.295 4693026.370 2503797.958 1282954.835 25651973.488 56636773987.923
8217.000 5569.000 60399099.000 1.000 1550.000 500.000 658.000 42401.044 4641178.224 1946972.024 149285.593 139394073.505 802250585930.547
8236.000 5347.000 60399109.000 1.000 1560.000 500.000 668.000 41616.569 4723404.121 1376725.333 85319.292 121485624.412 920929512422.689
8276.000 5132.000 60399119.000 1.000 1560.000 500.000 663.000 42064.910 4898871.273 918414.394 229035.946 131569909.457 665748406883.469
8345.000 4922.000 60399129.000 1.000 1560.000 500.000 670.000 43268.462 5209073.109 560011.849 353449.518 160628875.104 478200599405.630
8416.000 4706.000 60399139.000 1.000 1560.000 500.000 688.000 41411.134 5538206.303 283385.230 598984.855 116999197.556 198902763994.373
8489.000 4501.000 60399149.000 1.000 1550.000 500.000 690.000 38263.552 5887122.855 107151.079 1187357.059 58814093.741 20274069962.507
8524.000 4303.000 60399159.000 1.000 1550.000 500.000 722.000 44502.948 6058191.612 16728.679 192391.016 193444445.464 726890951551.029
8544.000 4070.000 60399169.000 1.000 1550.000 500.000 749.000 45513.936 6157045.188 10745.521 198947.042 222589055.341 715754872843.450
8553.000 3831.000 60399179.000 1.000 1550.000 510.000 770.000 46559.375 6201790.297 117416.291 1089393.854 254876682.446 1973477366.496
8571.000 3587.000 60399189.000 1.000 1550.000 510.000 790.000 40834.762 6291766.515 344170.667 992730.017 104862612.199 2729017514.516
8597.000 3374.000 60399199.000 1.000 1540.000 520.000 811.000 46051.420 6422876.164 639457.085 543435.904 238915842.108 251536465682.005
8628.000 3134.000 60399209.000 1.000 1540.000 530.000 824.000 48907.100 6580966.206 1080894.176 96816.076 335350686.365 898995894282.307
8628.000 2877.000 60399219.000 1.000 1540.000 530.000 821.000 48398.345 6580966.206 1681328.727 930472.802 316976281.958 13109612055.397
8587.000 2626.000 60399229.000 1.000 1530.000 540.000 826.000 43508.840 6372289.376 2395253.352 258809.903 166779731.661 618047723558.050
8515.000 2409.000 60399239.000 1.000 1530.000 550.000 818.000 44868.850 6013968.503 3114027.055 928862.673 203756574.982 13480915140.741
8381.000 2215.000 60399249.000 1.000 1520.000 560.000 800.000 49749.894 5374697.545 3836351.370 383513.493 366928457.796 437524732059.779
8208.000 2019.000 60399259.000 1.000 1520.000 560.000 700.000 47734.584 4602481.115 4642562.327 9083891.335 293781887.623 64624255970149.469
8010.000 1865.000 60399269.000 1.000 1520.000 560.000 211.000 0.000 3792130.715 5329913.794 0.000 936024486.780 1091962334719.030
