2599.000 6987.000 33582992.000 0.000 1250.000 450.000 148.000 26166.442 6291853.755 812462.170 2669501.119 32052155.847 1422570124925.964
2679.000 7080.000 33583002.000 1.000 1260.000 460.000 203.000 13651.200 5896916.670 988765.401 907870.923 330392580.726 323663997633.357
2679.000 7144.000 33583012.000 1.000 1270.000 460.000 217.000 9394.890 5896916.670 1120140.356 10303.243 503240132.455 2150570730041.184
2707.000 7178.000 33583022.000 1.000 1280.000 470.000 256.000 9443.194 5761712.690 1193265.300 1529854.789 501075257.082 2816330619.134
2749.000 7192.000 33583032.000 1.000 1300.000 480.000 307.000 16615.509 5561846.720 1224047.572 942606.615 231416972.032 285347270574.475
2817.000 7230.000 33583042.000 1.000 1320.000 480.000 362.000 21034.668 5245734.198 1309575.451 667924.207 116493950.728 654256878097.671
2908.000 7268.000 33583052.000 1.000 1320.000 480.000 409.000 24166.052 4837170.263 1397991.331 1573077.475 58703981.306 9272110308.846
3014.000 7308.000 33583062.000 1.000 1330.000 480.000 425.000 31541.005 4382142.625 1494180.677 1409033.991 82311.232 4590290993.293
3159.000 7337.000 33583072.000 1.000 1340.000 480.000 422.000 24935.126 3796094.157 1565918.954 950960.936 47510393.268 276491658538.375
3274.000 7358.000 33583082.000 1.000 1340.000 480.000 433.000 20476.800 3361197.097 1618917.361 724255.457 128847569.776 566301732429.221
3370.000 7358.000 33583092.000 1.000 1340.000 480.000 433.000 17081.322 3018408.595 1618917.361 855856.225 217461690.761 385553384704.248
3447.000 7336.000 33583102.000 1.000 1340.000 480.000 433.000 13068.869 2756784.650 1563417.220 399111.389 351901406.951 1161381871612.008
3502.000 7309.000 33583112.000 1.000 1340.000 480.000 435.000 11197.742 2577170.404 1496626.411 512593.601 425603598.245 929666359954.161
3542.000 7275.000 33583122.000 1.000 1340.000 480.000 436.000 8794.584 2450341.861 1414593.466 1693229.578 530533845.964 46847962160.455
3558.000 7237.000 33583132.000 1.000 1340.000 470.000 427.000 16732.838 2400506.444 1325645.587 1415858.524 227861027.861 3712118006.364
3535.000 7162.000 33583142.000 1.000 1340.000 470.000 413.000 23370.712 2472305.856 1158565.562 2514289.321 71524102.305 1076413810739.783
3486.000 7064.000 33583152.000 1.000 1340.000 470.000 396.000 35158.285 2628797.821 957201.662 908804.324 11091435.329 322602817669.671
3399.000 6924.000 33583162.000 1.000 1340.000 470.000 377.000 39418.971 2918482.901 702858.949 691766.455 57624293.011 616255179343.416
3287.000 6777.000 33583172.000 1.000 1330.000 470.000 377.000 42662.133 3313698.821 477988.099 878413.980 117380510.620 358048688101.419
3157.000 6625.000 33583182.000 1.000 1330.000 470.000 382.000 46780.342 3803891.585 290916.582 2277973.824 223575391.925 641902446450.425
3007.000 6465.000 33583192.000 1.000 1330.000 470.000 399.000 36100.671 4411498.620 143919.195 1472515.057 18256534.916 18238197.545
2894.000 6339.000 33583202.000 1.000 1320.000 480.000 433.000 29197.178 4898948.253 64194.753 4158274.541 6920721.085 7190382526273.780
2805.000 6235.000 33583212.000 1.000 1320.000 480.000 463.000 9702.220 5300846.760 22310.451 1660011.516 489545907.589 33571707975.973
2767.000 6210.000 33583222.000 1.000 1320.000 480.000 488.000 1919.700 5477269.876 15467.109 842312.741 894500686.945 402555906867.175
2758.000 6210.000 33583232.000 1.000 1330.000 480.000 498.000 5868.658 5519477.298 15467.109 2100505.665 673882470.630 389026623085.950
2767.000 6236.000 33583242.000 1.000 1320.000 490.000 498.000 15716.317 5477269.876 22610.185 1592658.628 259583246.670 13426540709.398
2790.000 6306.000 33583252.000 1.000 1320.000 490.000 492.000 23183.071 5370142.464 48561.542 1122534.977 74733143.506 125493558646.307
2837.000 6404.000 33583262.000 1.000 1320.000 490.000 492.000 28445.776 5154519.926 101357.441 625354.433 11438792.120 724935163730.029
2901.000 6521.000 33583272.000 1.000 1320.000 490.000 502.000 31377.583 4868010.258 189544.280 1089097.429 202789.311 150302177851.610
3003.000 6627.000 33583282.000 1.000 1300.000 500.000 505.000 26271.641 4428317.474 293078.049 453591.564 30872062.322 1046926193443.443
3119.000 6697.000 33583293.000 1.000 1300.000 500.000 505.000 28610.838 3953562.700 373769.406 825052.505 10349515.847 424756127845.437
3245.000 6743.000 33583303.000 1.000 1300.000 500.000 505.000 24742.800 3468372.791 432131.155 589166.595 50198703.533 787867635221.167
3361.000 6743.000 33583313.000 1.000 1290.000 500.000 504.000 27504.950 3049762.017 432131.155 977112.156 18687934.240 249673627864.739
3479.000 6691.000 33583323.000 1.000 1290.000 500.000 515.000 32085.879 2651545.816 366469.004 2583055.108 66550.924 1223832053353.557
3601.000 6603.000 33583333.000 1.000 1290.000 500.000 526.000 44195.842 2269110.760 267668.441 1715307.195 152965881.919 56892514417.178
3725.000 6437.000 33583343.000 1.000 1290.000 500.000 536.000 52237.601 1910910.278 123458.652 1348086.929 416555717.683 16563367807.908
3824.000 6213.000 33583353.000 1.000 1290.000 500.000 561.000 58557.746 1647004.635 16222.310 1789134.591 714484435.077 97561843904.324
3906.000 5951.000 33583363.000 1.000 1290.000 500.000 580.000 66945.625 1443258.122 18126.089 129676.375 1233254304.234 1814703472279.562
3961.000 5642.000 33583373.000 1.000 1280.000 500.000 585.000 66337.672 1314133.876 196810.386 43955.158 1190924063.829 2053003296969.828
3986.000 5332.000 33583383.000 1.000 1280.000 500.000 600.000 66131.600 1257441.037 567962.949 1132599.750 1176743535.817 118463952535.103
3991.000 5022.000 33583393.000 1.000 1280.000 500.000 620.000 71441.491 1246252.469 1131315.511 1609740.119 1569236247.934 17676883574.039
3966.000 4688.000 33583403.000 1.000 1270.000 510.000 628.000 63894.655 1302695.308 1953378.466 990581.624 1028276497.781 236394381422.383
3920.000 4392.000 33583413.000 1.000 1260.000 510.000 647.000 59250.578 1409816.132 2868393.300 2516751.869 752003030.569 1081529679928.124
3859.000 4121.000 33583423.000 1.000 1260.000 510.000 644.000 47451.460 1558394.660 3859783.476 3859166.298 244095491.408 5675737421999.448
3810.000 3904.000 33583433.000 1.000 1240.000 520.000 613.000 29358.791 1683134.625 4759523.270 2267561.798 6096520.694 625326873106.693
3762.000 3775.000 33583443.000 1.000 1230.000 520.000 520.000 18727.934 1809984.876 5339025.627 2649162.964 171609222.954 1374468502425.432
3709.000 3705.000 33583453.000 1.000 1230.000 520.000 319.000 31147.826 1955401.695 5667414.270 4019438.691 462506.551 6465084348197.794
3301.000 4123.000 33583493.000 0.000 1180.000 540.000 148.000 106524.079 3262924.831 3851928.944 15034227.175 5579518508.582 183804219964198.438
3042.000 4550.000 33583503.000 1.000 1170.000 540.000 252.000 36040.126 4265698.645 2358169.220 1153523.840 17742811.299 104498215439.302
2952.000 4693.000 33583513.000 1.000 1170.000 540.000 302.000 30632.138 4645562.866 1939427.135 466351.015 1429857.144 1020978206729.587
2920.000 4833.000 33583523.000 1.000 1160.000 530.000 327.000 28445.776 4784529.700 1569089.848 83302.395 11438792.120 1941795657983.760
2901.000 4965.000 33583533.000 1.000 1160.000 530.000 353.000 28055.235 4868010.258 1255818.692 533317.403 14233033.962 890132384566.055
2921.000 5095.000 33583543.000 1.000 1160.000 530.000 376.000 30555.551 4780155.987 981354.069 791799.675 1618883.026 469205823314.580
2966.000 5231.000 33583553.000 1.000 1160.000 530.000 388.000 34267.692 4585408.876 730397.848 137195.413 5952563.818 1794502076144.068
3043.000 5372.000 33583563.000 1.000 1160.000 530.000 404.000 34910.896 4261568.931 509272.295 856508.710 9504837.565 384743516133.586
3145.000 5500.000 33583573.000 1.000 1170.000 530.000 414.000 30895.384 3850844.147 342966.205 953877.387 869594.188 273433080039.769
3263.000 5584.000 33583583.000 1.000 1170.000 530.000 431.000 26423.385 3401651.946 251635.833 1144110.911 29208829.315 110672500117.046
3374.000 5639.000 33583593.000 1.000 1160.000 520.000 444.000 21059.527 3004525.740 199481.185 247110.396 115957950.573 1512101297382.150
3472.000 5651.000 33583603.000 1.000 1170.000 520.000 450.000 19901.016 2674391.811 188905.989 416383.570 142250665.516 1124452629116.192
3560.000 5620.000 33583613.000 1.000 1170.000 520.000 460.000 17948.913 2394313.017 216814.245 879710.630 192626400.663 356498612080.094
3619.000 5560.000 33583623.000 1.000 1170.000 510.000 485.000 22073.201 2215205.916 276290.225 2234349.282 95154237.285 573902615201.841
3629.000 5457.000 33583633.000 1.000 1170.000 510.000 513.000 32548.350 2185538.781 395179.657 2014202.138 519041.947 288816452256.700
3607.000 5306.000 33583643.000 1.000 1180.000 510.000 550.000 41991.398 2251070.479 607827.873 1564925.576 103296603.342 7768641747.010
3537.000 5122.000 33583653.000 1.000 1180.000 510.000 561.000 49328.133 2466020.429 928588.878 618731.681 306258003.092 736256660525.870
3438.000 4913.000 33583663.000 1.000 1180.000 510.000 580.000 52228.891 2786752.072 1375068.542 50934.760 416200256.632 2033050838297.901
3319.000 4699.000 33583673.000 1.000 1180.000 510.000 592.000 51990.097 3198219.987 1922751.537 4791659.719 406514012.790 10988389912493.070
3208.000 4482.000 33583683.000 1.000 1180.000 510.000 592.000 29525.682 3607556.193 2571639.331 3691765.472 5300227.711 4906135491033.880
3139.000 4362.000 33583693.000 1.000 1180.000 510.000 577.000 12217.827 3874428.429 2970911.290 1886693.531 384555133.348 168024448544.303
3098.000 4322.000 33583703.000 1.000 1170.000 510.000 449.000 3372.569 4037514.685 3110401.944 6042700.267 809706109.409 20847576040651.000
3107.000 4335.000 33583713.000 1.000 1170.000 510.000 287.000 31702.153 4001427.263 3064716.481 4100841.434 15813.400 6885668614394.355
3527.000 4966.000 33583764.000 0.000 1170.000 510.000 50.000 129753.214 2497527.564 1253578.426 13113019.997 9589366271.672 135401949143513.797
3933.000 5419.000 33583774.000 1.000 1170.000 510.000 171.000 68276.327 1379113.856 444399.778 1491711.204 1328487514.277 222771347.977
4139.000 5664.000 33583784.000 1.000 1170.000 510.000 254.000 61282.838 937714.861 177774.527 2614666.168 867593116.814 1294772011169.421
4350.000 5859.000 33583794.000 1.000 1170.000 510.000 320.000 49024.675 573589.298 51362.592 1709956.778 295728921.074 54368762212.663
4525.000 6008.000 33583804.000 1.000 1180.000 510.000 391.000 41008.000 339139.424 6026.908 1565700.281 84274156.295 7905806755.328
4676.000 6127.000 33583814.000 1.000 1190.000 500.000 438.000 33667.633 186068.675 1711.215 3437268.709 3384601.536 3843493717676.226
4809.000 6212.000 33583824.000 1.000 1190.000 500.000 452.000 17552.918 89016.771 15968.577 2197143.149 203775235.056 518914887068.043
4883.000 6248.000 33583834.000 1.000 1210.000 510.000 461.000 7252.200 50335.966 26362.989 145324.276 603965243.891 1772789463088.868
4917.000 6248.000 33583844.000 1.000 1210.000 510.000 488.000 6570.886 36235.705 26362.989 3290127.971 637916975.513 3288210274206.832
4924.000 6218.000 33583854.000 1.000 1220.000 500.000 520.000 21995.771 33619.710 17520.979 2293074.824 96670846.049 666327971058.772
4889.000 6121.000 33583864.000 1.000 1240.000 500.000 513.000 32746.239 47679.685 1250.813 3047884.654 843338.545 2468351994661.997
4826.000 5981.000 33583874.000 1.000 1250.000 500.000 533.000 47035.431 79161.640 10948.099 1259776.249 231268867.063 47093091960.842
4731.000 5782.000 33583884.000 1.000 1250.000 500.000 551.000 41129.307 141644.429 92193.099 1721450.235 86516091.412 59860745806.093
4640.000 5612.000 33583894.000 1.000 1250.000 500.000 569.000 33058.748 218422.363 224328.376 2263653.289 1514976.111 619160638379.630
4601.000 5462.000 33583904.000 1.000 1260.000 490.000 594.000 22446.215 256397.193 388918.326 1111527.630 88016094.904 133413441100.156
4594.000 5357.000 33583914.000 1.000 1260.000 490.000 592.000 17235.115 263535.188 530906.290 413917.822 212949500.771 1129688077779.817
4642.000 5292.000 33583924.000 1.000 1260.000 490.000 603.000 19175.658 216556.936 629853.602 596011.819 160079337.491 775762589423.065
4723.000 5253.000 33583934.000 1.000 1260.000 490.000 619.000 21969.900 147730.137 693277.989 910122.731 97180249.601 321106894682.630
4826.000 5253.000 33583944.000 1.000 1260.000 500.000 617.000 26236.767 79161.640 693277.989 1596380.287 31260816.774 14302870674.944
4935.000 5310.000 33583954.000 1.000 1260.000 500.000 613.000 33720.969 29706.861 601606.808 962817.216 3583693.800 264163579186.812
5067.000 5397.000 33583964.000 1.000 1260.000 500.000 578.000 38234.880 1628.670 474215.637 718323.798 41049337.086 575264422315.462
5213.000 5501.000 33583974.000 1.000 1250.000 510.000 512.000 34867.211 11160.489 341795.939 409415.912 9237384.963 1139278215826.160
5333.000 5612.000 33583984.000 1.000 1250.000 510.000 381.000 32947.774 50914.861 224328.376 18058.405 1254108.052 2127885254882.895
5435.000 5728.000 33583994.000 1.000 1230.000 510.000 56.000 33032.436 107350.077 127901.481 99741.687 1450896.516 1896250151156.302
5582.000 7114.000 33584084.000 0.000 1260.000 500.000 296.000 28823.926 225286.183 1057538.346 4055286.476 9023885.877 6648666369018.334
5588.000 7249.000 33584094.000 1.000 1260.000 500.000 334.000 9811.800 231017.901 1353422.391 1000931.580 484708850.385 226437121894.721
5588.000 7295.000 33584104.000 1.000 1270.000 500.000 333.000 5119.200 231017.901 1462568.140 500465.790 713354887.613 953200522291.368
5588.000 7319.000 33584114.000 1.000 1280.000 490.000 346.000 2772.900 231017.901 1521193.748 254831.430 844193277.297 1493172182436.791
5593.000 7331.000 33584124.000 1.000 1290.000 490.000 358.000 3967.609 235849.333 1550938.552 90547.343 776196056.527 1921656719417.359
5608.000 7342.000 33584134.000 1.000 1310.000 480.000 371.000 4392.116 250643.630 1578457.622 575548.456 752722481.931 812228529013.975
5626.000 7332.000 33584144.000 1.000 1310.000 480.000 391.000 7090.421 268990.786 1553430.285 914350.977 611943082.081 316332792074.984
5649.000 7308.000 33584154.000 1.000 1320.000 480.000 407.000 11377.111 293377.374 1494180.677 509486.460 418234948.305 935667775743.502
5676.000 7262.000 33584164.000 1.000 1330.000 470.000 418.000 13765.702 323355.107 1383838.929 445575.168 326243153.433 1063395114442.056
5690.000 7199.000 33584174.000 1.000 1320.000 470.000 414.000 15854.662 339473.117 1239585.707 15029.545 255144470.907 2136730990247.609
5697.000 7125.000 33584184.000 1.000 1330.000 460.000 415.000 15784.200 347679.122 1080283.416 68471.220 257400449.004 1983349610573.672
5697.000 7051.000 33584194.000 1.000 1330.000 460.000 428.000 16105.209 347679.122 931933.125 858373.592 247203148.808 382433507215.884
5682.000 6977.000 33584204.000 1.000 1330.000 460.000 440.000 20129.464 330214.826 794534.833 1022517.327 136853506.429 206359734062.826
5657.000 6886.000 33584214.000 1.000 1340.000 460.000 449.000 24923.263 302107.665 640587.069 22729.888 47674072.058 2114278238328.163
5600.000 6784.000 33584224.000 1.000 1340.000 460.000 461.000 25029.826 242697.338 487716.235 342240.703 46213869.140 1287192298655.797
5537.000 6685.000 33584234.000 1.000 1330.000 460.000 495.000 26634.330 184593.293 359240.602 164710.260 26973214.443 1721541900620.993
5471.000 6579.000 33584244.000 1.000 1330.000 460.000 527.000 25862.130 132236.389 243410.833 3084541.965 35590463.496 2584880280714.827
5420.000 6469.000 33584254.000 1.000 1330.000 460.000 537.000 11401.080 97745.781 146970.130 1553159.521 417255152.687 5832964005.120
5404.000 6418.000 33584264.000 1.000 1330.000 460.000 537.000 4119.507 87997.198 110467.712 122240.737 767755283.246 1834791995228.349
5411.000 6400.000 33584274.000 1.000 1320.000 470.000 536.000 4692.600 92199.203 98826.506 737502.241 736324741.717 546539999152.616
5433.000 6400.000 33584284.000 1.000 1320.000 470.000 561.000 8150.182 106043.504 98826.506 3286861.921 560634535.291 3276376008092.601
5461.000 6426.000 33584294.000 1.000 1320.000 470.000 583.000 23559.755 125063.524 115849.582 2273800.823 68362293.537 635233142512.840
5535.000 6508.000 33584304.000 1.000 1310.000 470.000 594.000 34219.862 182878.720 178393.743 949026.518 5721461.439 278529730200.114
5638.000 6631.000 33584314.000 1.000 1310.000 470.000 595.000 38669.119 281582.223 297424.984 1386534.467 46802218.001 8145280956.352
5773.000 6752.000 33584324.000 1.000 1310.000 470.000 594.000 32168.723 443080.891 444044.758 1778545.526 116157.358 91059006301.700
5874.000 6864.000 33584334.000 1.000 1310.000 470.000 588.000 23830.488 587741.821 605854.929 1474706.501 63958668.143 4322973.988
5953.000 6943.000 33584344.000 1.000 1310.000 470.000 592.000 16916.721 715112.449 735077.888 1866928.727 222343388.650 152211599247.645
6006.000 7002.000 33584354.000 1.000 1310.000 470.000 589.000 8164.125 807559.630 839728.175 878165.059 559974452.733 358346644625.598
6038.000 7023.000 33584364.000 1.000 1320.000 480.000 588.000 4047.083 866096.796 878656.582 183185.666 771774034.420 1673400989174.257
6056.000 7017.000 33584374.000 1.000 1320.000 480.000 589.000 4905.900 899923.951 867444.180 2827492.215 724794317.775 1824408151049.322
6056.000 6994.000 33584384.000 1.000 1320.000 480.000 589.000 18161.841 899923.951 825130.305 2140623.555 186761287.260 440680727900.597
6037.000 6911.000 33584394.000 1.000 1320.000 480.000 592.000 28197.582 864236.509 681230.411 1614973.648 13179240.305 19095915252.711
5997.000 6785.000 33584404.000 1.000 1330.000 480.000 595.000 35768.954 791465.052 489113.969 2067618.857 15531872.409 349083846262.320
5933.000 6630.000 33584414.000 1.000 1330.000 480.000 605.000 45462.432 681686.720 296335.250 72413.217 185900344.465 1972262007182.740
5865.000 6428.000 33584424.000 1.000 1330.000 480.000 611.000 45801.922 574023.243 117215.049 997547.362 195273169.514 229669362828.945
5795.000 6225.000 33584434.000 1.000 1330.000 480.000 638.000 41125.188 472853.193 19423.114 1894508.882 86439483.423 174492675764.569
5737.000 6021.000 33584445.000 1.000 1330.000 480.000 666.000 31355.100 396450.580 4177.446 1966000.391 223543.946 239331036123.681
5737.000 5874.000 33584455.000 1.000 1330.000 480.000 679.000 22138.033 396450.580 44788.597 728151.382 93893606.619 560453308063.966
5781.000 5780.000 33584465.000 1.000 1330.000 500.000 691.000 18724.290 453795.183 93411.632 705501.268 171704708.816 594879639992.818
5846.000 5721.000 33584475.000 1.000 1330.000 500.000 690.000 15416.736 545593.801 132957.346 511622.020 269326446.340 931540885327.122
5916.000 5703.000 33584485.000 1.000 1330.000 500.000 699.000 17815.339 653903.851 146408.140 656129.357 196351987.456 673476796009.572
5996.000 5727.000 33584495.000 1.000 1320.000 500.000 705.000 20891.426 789686.765 128617.748 1949879.177 119606558.519 223817459480.740
6079.000 5779.000 33584505.000 1.000 1320.000 500.000 710.000 30032.913 944090.539 94023.898 458584.335 3221993.917 1036733973413.427
6163.000 5892.000 33584515.000 1.000 1300.000 510.000 713.000 32182.863 1114382.600 37493.803 108354.907 125995.649 1872602773039.214
6246.000 6018.000 33584525.000 1.000 1290.000 510.000 710.000 31674.870 1296508.374 4574.245 123866.936 23419.510 1830389120496.871
6310.000 6152.000 33584535.000 1.000 1290.000 510.000 696.000 32255.587 1446350.705 4404.557 107801.180 182912.456 1874118553783.070
6362.000 6294.000 33584545.000 1.000 1280.000 520.000 675.000 31750.190 1574129.600 43416.738 12849.405 6039.519 2143109409286.470
6391.000 6440.000 33584555.000 1.000 1280.000 520.000 661.000 31689.949 1647739.906 125575.853 4211640.282 19031.676 7479429708977.974
6404.000 6588.000 33584565.000 1.000 1280.000 520.000 656.000 11944.800 1681283.630 252372.436 2547825.840 395337838.263 1147127030167.033
6404.000 6644.000 33584575.000 1.000 1290.000 520.000 646.000 0.000 1681283.630 311773.522 1368692.775 1013015494.785 11684075522.532
6404.000 6644.000 33584585.000 1.000 1290.000 520.000 644.000 6416.750 1681283.630 311773.522 3837869.146 645726764.978 5574715146279.949
6393.000 6616.000 33584595.000 1.000 1290.000 520.000 652.000 24409.573 1652878.479 281288.979 2532725.267 55031639.895 1115008417145.682
6383.000 6502.000 33584605.000 1.000 1290.000 520.000 661.000 36283.578 1627265.615 173361.341 1726799.799 19853027.749 62507061061.232
6377.000 6332.000 33584615.000 1.000 1290.000 520.000 673.000 44379.217 1611993.896 60696.617 2733.866 157535449.446 2172828742327.184
6372.000 6124.000 33584625.000 1.000 1290.000 520.000 669.000 44366.400 1599322.464 1472.014 90993.780 157213873.373 1920419182556.876
6372.000 5916.000 33584635.000 1.000 1290.000 520.000 693.000 44793.000 1599322.464 28775.411 676738.830 168093705.429 640074957836.879
6372.000 5706.000 33584645.000 1.000 1300.000 520.000 700.000 41620.291 1599322.464 144121.341 496172.061 95890836.465 961603064426.644
6365.000 5511.000 33584655.000 1.000 1300.000 520.000 699.000 39294.121 1581666.459 330203.275 795452.011 55744391.189 464215564801.617
6356.000 5327.000 33584665.000 1.000 1300.000 520.000 719.000 35564.857 1559109.881 575524.280 1504698.827 13964815.170 779143927.493
6332.000 5162.000 33584675.000 1.000 1290.000 520.000 733.000 28510.479 1499751.007 853098.225 936111.843 11005310.898 292328195071.125
6297.000 5033.000 33584685.000 1.000 1290.000 520.000 728.000 24121.769 1415250.982 1108036.582 2167993.571 59384521.905 477768352345.840
6255.000 4928.000 33584695.000 1.000 1290.000 520.000 731.000 13957.711 1317084.951 1340114.547 1339291.716 319343810.070 18904589387.471
6214.000 4877.000 33584705.000 1.000 1280.000 530.000 746.000 7678.800 1224659.208 1460794.130 573279.584 583179240.507 816323260587.551
6178.000 4877.000 33584715.000 1.000 1280.000 530.000 736.000 10366.468 1146276.896 1460794.130 2937223.120 460593249.849 2132877524109.100
6149.000 4916.000 33584725.000 1.000 1280.000 530.000 721.000 24136.853 1085020.590 1368041.743 2740827.785 59152270.741 1597802450098.366
6127.000 5027.000 33584735.000 1.000 1270.000 530.000 722.000 36986.491 1039672.288 1120704.180 2119787.131 26611016.311 413450869490.686
6149.000 5199.000 33584745.000 1.000 1270.000 530.000 733.000 46924.546 1085020.590 786118.371 1062828.680 227908589.359 171360395594.079
6200.000 5413.000 33584755.000 1.000 1250.000 540.000 720.000 51907.334 1193869.198 452435.376 1021269.735 403183495.402 207494773667.941
6314.000 5628.000 33584765.000 1.000 1250.000 540.000 721.000 56695.284 1455987.851 209428.114 828733.637 618386571.070 419971446906.382
6473.000 5841.000 33584775.000 1.000 1250.000 540.000 721.000 60580.580 1864981.394 59845.386 88204.669 826716357.511 1928157216545.855
6662.000 6053.000 33584785.000 1.000 1250.000 540.000 725.000 60994.104 2416915.529 1064.924 835564.356 850667202.507 411164782859.430
6885.000 6232.000 33584795.000 1.000 1250.000 540.000 724.000 57076.784 3160015.404 21423.250 528340.474 637505923.999 899548303617.979
7083.000 6412.000 33584805.000 1.000 1250.000 540.000 733.000 54599.801 3903166.117 106515.310 692625.414 518559277.416 614907318501.685
7265.000 6592.000 33584815.000 1.000 1250.000 540.000 728.000 51352.612 4655424.248 256407.371 865403.959 381214209.142 373787605442.582
7444.000 6753.000 33584825.000 1.000 1250.000 540.000 722.000 47295.397 5459901.519 445378.491 524449.882 239243329.134 906943466964.700
7591.000 6919.000 33584835.000 1.000 1250.000 540.000 721.000 44836.654 6168483.625 694500.280 1989826.641 169227567.672 263211030458.458
7716.000 7088.000 33584845.000 1.000 1270.000 530.000 705.000 35507.884 6805019.429 1004739.270 972391.187 13542250.285 254413801821.172
7812.000 7224.000 33584855.000 1.000 1290.000 530.000 675.000 30949.088 7315094.926 1295879.049 598608.959 772318.162 771194348522.677
7870.000 7357.000 33584865.000 1.000 1290.000 530.000 638.000 28142.670 7632197.539 1616373.627 1505768.314 13580952.153 839993231.453
7902.000 7485.000 33584875.000 1.000 1300.000 530.000 605.000 21083.278 7810030.705 1958227.537 119657.034 115446995.223 1841798154401.195
7883.000 7582.000 33584885.000 1.000 1310.000 540.000 585.000 20522.298 7704195.263 2239113.702 125866.624 127816734.754 1824982288505.157
7824.000 7658.000 33584895.000 1.000 1330.000 530.000 581.000 21112.390 7380150.363 2472337.461 207007.437 114822247.607 1612336779479.387
7738.000 7707.000 33584905.000 1.000 1340.000 520.000 557.000 20141.891 6920283.730 2628830.411 371325.225 136562907.823 1222042811547.104
7644.000 7716.000 33584915.000 1.000 1340.000 520.000 548.000 21882.750 6434558.806 2658096.014 974940.975 98906094.880 251848105202.871
7543.000 7698.000 33584925.000 1.000 1350.000 520.000 551.000 26453.500 5932357.876 2599726.808 735476.957 28884222.028 549538618757.808
7438.000 7632.000 33584935.000 1.000 1350.000 520.000 564.000 29901.587 5431897.801 2391250.386 815681.383 3710698.501 437058887910.674
7344.000 7528.000 33584945.000 1.000 1360.000 510.000 583.000 33725.691 5002572.876 2080422.084 48323.115 3601594.200 2040505291825.208
7254.000 7398.000 33584955.000 1.000 1360.000 510.000 614.000 33952.241 4608077.097 1722306.707 975813.585 4512806.238 250973037239.776
7198.000 7249.000 33584965.000 1.000 1360.000 510.000 628.000 38527.082 4370789.057 1353422.391 706988.822 44878981.297 592587198393.408
7162.000 7072.000 33584975.000 1.000 1370.000 510.000 643.000 41841.610 4221558.745 972919.532 1084500.387 100274301.011 153887748967.226
7154.000 6876.000 33584985.000 1.000 1370.000 510.000 656.000 46926.000 4188748.454 624679.733 2183850.720 227952492.507 499940974641.751
7154.000 6656.000 33584995.000 1.000 1370.000 510.000 661.000 57164.400 4188748.454 325318.326 1489299.847 641938012.243 156604443.872
7154.000 6388.000 33585005.000 1.000 1370.000 510.000 673.000 64146.584 4188748.454 91425.702 1768601.693 1044497054.855 85156587032.807
7175.000 6088.000 33585015.000 1.000 1370.000 510.000 694.000 72438.200 4275148.469 5.602 355285.065 1649196113.454 1257763623336.301
7208.000 5750.000 33585025.000 1.000 1360.000 510.000 728.000 70772.541 4412701.921 112649.622 277130.878 1516684724.446 1439171637426.857
7251.000 5421.000 33585035.000 1.000 1360.000 510.000 740.000 69473.287 4595206.238 441737.245 2331020.255 1417174835.489 729716713778.647
7300.000 5099.000 33585045.000 1.000 1350.000 520.000 773.000 80401.652 4807684.273 973445.004 1979478.178 2359408961.571 252699750283.764
7347.000 4725.000 33585055.000 1.000 1340.000 520.000 805.000 71121.398 5016001.735 1851322.612 1248145.853 1543978643.874 52276169245.135
7364.000 4392.000 33585065.000 1.000 1340.000 540.000 823.000 65269.800 5092438.605 2868393.300 2150915.280 1118360385.220 454450721268.302
7364.000 4086.000 33585075.000 1.000 1330.000 540.000 836.000 75353.791 5092438.605 3998532.798 4274434.948 1894502809.390 7826841441980.390
7316.000 3736.000 33585085.000 1.000 1310.000 550.000 845.000 55314.246 4878104.856 5520776.014 2464677.874 551608244.490 975930992347.414
7237.000 3489.000 33585095.000 1.000 1290.000 560.000 837.000 43759.263 4535380.228 6742503.798 2390095.183 142357319.433 834134253245.119
7135.000 3311.000 33585105.000 1.000 1270.000 570.000 817.000 32553.941 4111337.012 7698589.205 1711613.265 527129.229 55143995956.093
7037.000 3194.000 33585115.000 1.000 1240.000 580.000 721.000 24529.500 3723522.941 8361542.366 5232142.350 53266705.935 14102703739369.799
6922.000 3194.000 33585125.000 1.000 1210.000 590.000 499.000 0.000 3292930.002 8361542.366 0.000 1013015494.785 2180895936608.664
