2791.000 5782.000 25755627.000 0.000 1310.000 520.000 282.000 8935.328 16386642.747 3198096.204 236834.662 169564776.916 1030179436763.075
2806.000 5812.000 25755637.000 1.000 1330.000 530.000 296.000 9824.347 16265426.491 3306295.535 1697916.917 147202047.035 199009403533.812
2782.000 5840.000 25755647.000 1.000 1330.000 530.000 322.000 16197.909 16459588.500 3408905.577 2682836.878 33167498.548 2047831580941.020
2733.000 5876.000 25755657.000 1.000 1330.000 530.000 317.000 6127.200 16859579.600 3543136.773 2849447.167 250583583.400 2552437434076.492
2733.000 5853.000 25755667.000 1.000 1340.000 540.000 315.000 16823.323 16859579.600 3457078.953 5800687.106 26354968.827 20692262757525.801
2745.000 5791.000 25755677.000 1.000 1350.000 530.000 327.000 38597.674 16761178.596 3230367.003 4365579.917 276910963.805 9695549290761.893
2761.000 5647.000 25755687.000 1.000 1350.000 530.000 341.000 54984.986 16630425.257 2733474.217 3039651.706 1090845740.728 3196370039115.989
2785.000 5442.000 25755697.000 1.000 1360.000 540.000 374.000 66395.090 16435255.249 2097637.125 5940002.851 1974740992.490 21979131422529.980
2825.000 5196.000 25755707.000 1.000 1370.000 530.000 397.000 88692.398 16112531.901 1445578.614 2093478.026 4453609065.660 708401334363.613
2876.000 4867.000 25755717.000 1.000 1390.000 540.000 417.000 96550.799 15705700.634 762691.623 1294187.717 5564230064.639 1795683016.562
2949.000 4512.000 25755727.000 1.000 1390.000 550.000 422.000 101408.861 15132425.525 268657.878 588744.000 6312593120.142 439659460140.319
3025.000 4139.000 25755737.000 1.000 1390.000 550.000 420.000 99198.861 14546915.165 21118.535 6359044.190 5966300136.277 26083818427999.441
3108.000 3776.000 25755747.000 1.000 1390.000 560.000 423.000 75328.575 13920673.219 47383.635 4513668.480 2848521594.608 10639706281727.939
3192.000 3506.000 25755757.000 1.000 1380.000 570.000 417.000 58385.375 13300914.190 237829.660 1996005.996 1327024168.543 553824380988.769
3264.000 3299.000 25755767.000 1.000 1390.000 570.000 420.000 50892.860 12780924.165 482577.280 3829155.012 837282137.929 6642695883930.528
3328.000 3119.000 25755777.000 1.000 1380.000 580.000 431.000 36519.155 12327414.809 765061.296 2219060.052 212055424.196 935568374684.517
3382.000 2993.000 25755787.000 1.000 1360.000 580.000 433.000 28189.350 11951138.290 1001356.108 1957257.050 38841786.767 497652412677.950
3436.000 2902.000 25755797.000 1.000 1350.000 590.000 438.000 20842.289 11580693.772 1191760.472 1063353.715 1242652.115 35516606903.539
3481.000 2838.000 25755807.000 1.000 1350.000 590.000 436.000 16850.721 11276445.006 1335591.234 817116.998 26074412.755 188959933254.127
3521.000 2789.000 25755817.000 1.000 1340.000 600.000 440.000 13783.465 11009401.659 1451248.660 1505326.766 66807198.666 64269626652.261
3555.000 2750.000 25755827.000 1.000 1320.000 600.000 441.000 8132.839 10784930.813 1546734.531 684713.002 191108314.068 321601519435.318
3581.000 2734.000 25755837.000 1.000 1310.000 610.000 441.000 5562.595 10614836.638 1586788.221 1076947.042 268777566.879 30577829360.468
3601.000 2740.000 25755847.000 1.000 1290.000 610.000 439.000 9605.189 10484914.964 1571708.087 3473539.250 152568027.254 4936071010018.209
3631.000 2760.000 25755857.000 1.000 1270.000 620.000 443.000 22644.000 10291532.454 1521960.974 5551025.018 471924.935 18483230709937.188
3667.000 2837.000 25755867.000 1.000 1270.000 620.000 449.000 43481.181 10061849.441 1337903.589 3703795.164 463288987.112 6012220373322.665
3715.000 2993.000 25755877.000 1.000 1260.000 620.000 442.000 57384.316 9759637.424 1001356.108 6469753.104 1255092446.577 27226907102234.922
3771.000 3201.000 25755887.000 1.000 1260.000 620.000 439.000 81670.176 9412880.738 628338.133 3855289.918 3565659557.870 6778096140606.422
3847.000 3498.000 25755897.000 1.000 1260.000 620.000 439.000 96141.985 8952314.378 245696.505 2496680.021 5503407241.059 1549695849914.978
3935.000 3848.000 25755907.000 1.000 1260.000 620.000 440.000 105513.907 8433459.014 21222.028 778600.354 6981751347.879 223929467101.774
4028.000 4233.000 25755917.000 1.000 1260.000 620.000 450.000 108436.581 7901956.232 57275.104 935733.730 7478712382.941 99905609822.539
4134.000 4626.000 25755927.000 1.000 1260.000 620.000 488.000 104924.067 7317251.362 399831.334 6678951.430 6883528884.888 29453840039371.367
4248.000 5003.000 25755937.000 1.000 1260.000 620.000 548.000 79852.928 6713497.822 1018731.254 4376840.911 3351934765.407 9765804339526.289
4355.000 5283.000 25755947.000 1.000 1270.000 620.000 584.000 63423.345 6170463.868 1662351.673 6190951.918 1719455107.915 24395100987895.625
4441.000 5505.000 25755957.000 1.000 1270.000 620.000 591.000 40184.036 5750604.671 2284094.719 4425577.459 332223672.223 10072785812549.020
4514.000 5637.000 25755967.000 1.000 1290.000 610.000 594.000 23571.508 5405819.562 2700507.773 2766665.498 2606532.525 2294780463539.589
4564.000 5710.000 25755977.000 1.000 1280.000 610.000 591.000 13186.127 5175815.378 2945761.811 1227407.364 76928775.767 595596840.557
4599.000 5745.000 25755987.000 1.000 1290.000 600.000 591.000 8578.742 5017787.449 3067129.363 776556.000 178978645.227 225868471614.207
4625.000 5764.000 25755997.000 1.000 1290.000 600.000 592.000 5663.742 4901981.274 3134040.606 954535.442 265471301.342 88373480839.968
4641.000 5778.000 25756007.000 1.000 1310.000 600.000 586.000 2080.651 4831387.935 3183805.627 554285.426 395070524.485 486543623894.253
4646.000 5784.000 25756017.000 1.000 1310.000 600.000 559.000 0.000 4809432.516 3205253.493 354844.800 482111257.373 804550546814.375
4646.000 5784.000 25756027.000 1.000 1310.000 580.000 440.000 1332.000 4809432.516 3205253.493 1180448.503 425391947.935 5092779648.403
4641.000 5784.000 25756037.000 1.000 1310.000 580.000 259.000 5763.113 4831387.935 3205253.493 6090822.281 262243014.882 23416018401356.004
4623.000 5772.000 25756047.000 1.000 1320.000 580.000 30.000 28626.560 4910841.441 3162429.761 27763.566 44482602.794 1498295099543.737
4581.000 3720.000 25756238.000 0.000 1320.000 600.000 170.000 26636.004 5098752.956 74899.551 6031297.066 21892778.311 22843475423660.363
4632.000 3634.000 25756248.000 1.000 1310.000 610.000 228.000 3996.000 4871033.688 129368.137 1561317.120 322598673.060 95793285100.180
4632.000 3619.000 25756258.000 1.000 1310.000 610.000 280.000 9856.800 4871033.688 140383.472 2593142.395 146415616.175 1799166646929.840
4632.000 3582.000 25756268.000 1.000 1290.000 610.000 294.000 19590.818 4871033.688 169478.631 1648880.402 5598969.030 157663143692.041
4660.000 3514.000 25756278.000 1.000 1290.000 610.000 304.000 25780.309 4748223.345 230090.815 350697.751 14617446.475 812007280487.592
4698.000 3425.000 25756288.000 1.000 1270.000 620.000 306.000 24463.876 4584060.165 323394.468 1236780.648 6284266.484 225948060.816
4755.000 3353.000 25756298.000 1.000 1270.000 620.000 312.000 19821.306 4343230.395 410468.075 363009.960 4561325.851 789969451706.161
4815.000 3309.000 25756308.000 1.000 1270.000 620.000 317.000 18458.656 4096745.374 468783.723 346291.495 12238635.135 819967777622.832
4880.000 3285.000 25756318.000 1.000 1260.000 620.000 353.000 19758.549 3837844.935 502224.259 417386.729 4833327.814 696265894702.836
4954.000 3280.000 25756328.000 1.000 1270.000 630.000 374.000 21325.316 3553382.742 509336.037 1188643.234 399065.195 3990320388.938
5032.000 3298.000 25756338.000 1.000 1250.000 640.000 384.000 25787.190 3265400.215 483967.635 1066767.631 14670109.760 34241498736.681
5123.000 3331.000 25756348.000 1.000 1250.000 640.000 389.000 29791.573 2944799.600 439141.899 677706.682 61380031.566 329597165096.641
5218.000 3390.000 25756358.000 1.000 1250.000 640.000 387.000 32335.517 2627776.650 364426.916 519057.490 107712949.419 536929489658.780
5311.000 3468.000 25756368.000 1.000 1240.000 640.000 389.000 34283.931 2334911.868 276337.175 55313.165 151952437.203 1431609980976.321
5402.000 3559.000 25756378.000 1.000 1240.000 640.000 377.000 34076.299 2065089.253 188944.811 598991.342 146876630.893 426175094584.470
5483.000 3658.000 25756388.000 1.000 1250.000 650.000 366.000 31827.833 1838849.475 112679.602 280560.758 97432710.977 943329396235.757
5540.000 3763.000 25756398.000 1.000 1250.000 650.000 358.000 30774.677 1687509.705 53212.259 1760898.672 77750862.092 259169018860.433
5581.000 3871.000 25756408.000 1.000 1250.000 650.000 356.000 24164.697 1582669.274 15049.849 1682554.961 4873784.438 185539311674.459
5603.000 3959.000 25756418.000 1.000 1250.000 650.000 356.000 17848.800 1527799.433 1202.551 898359.674 16877570.750 124928700017.110
5603.000 4026.000 25756428.000 1.000 1260.000 660.000 359.000 14476.579 1527799.433 1044.723 705027.334 55957178.149 298973708066.846
5591.000 4079.000 25756438.000 1.000 1280.000 650.000 363.000 11830.080 1557608.437 7279.874 802399.730 102555158.251 201971583298.529
5555.000 4105.000 25756448.000 1.000 1280.000 650.000 364.000 14842.091 1648763.449 12392.627 758961.612 50622386.446 242901718659.149
5503.000 4125.000 25756458.000 1.000 1280.000 650.000 367.000 17691.046 1785007.801 17245.514 709152.538 18198637.159 294479527003.493
5440.000 4104.000 25756468.000 1.000 1280.000 650.000 376.000 20353.030 1957318.073 12170.982 2235368.794 2572822.644 967383540538.565
5379.000 4058.000 25756478.000 1.000 1300.000 650.000 382.000 28744.054 2131722.177 4137.342 1455948.994 46063666.663 41671823802.528
5318.000 3969.000 25756488.000 1.000 1300.000 650.000 384.000 34209.328 2313568.282 608.995 403887.442 150118755.529 718976423732.402
5257.000 3856.000 25756498.000 1.000 1300.000 650.000 393.000 35725.422 2502856.387 18955.183 1511588.765 189568561.233 67483854990.794
5217.000 3728.000 25756508.000 1.000 1300.000 650.000 400.000 30051.290 2631019.734 70584.706 1108517.573 65517011.419 20533354943.927
5192.000 3618.000 25756518.000 1.000 1300.000 650.000 420.000 25890.188 2712746.826 141133.828 366073.560 15469715.561 784532968163.209
5198.000 3521.000 25756528.000 1.000 1320.000 640.000 427.000 24516.038 2693018.324 223424.326 140318.741 6548511.344 1235417746762.707
5228.000 3434.000 25756538.000 1.000 1320.000 640.000 444.000 23989.316 2595455.813 313239.267 272175.818 4130177.968 959687473868.588
5273.000 3356.000 25756548.000 1.000 1320.000 640.000 447.000 22967.635 2452487.048 406633.008 460516.356 1021318.280 626149139331.132
5341.000 3303.000 25756558.000 1.000 1300.000 650.000 465.000 24696.300 2244129.357 477035.857 328267.670 7503588.786 852934529937.928
5426.000 3266.000 25756568.000 1.000 1300.000 650.000 483.000 25928.536 1996687.244 529515.016 190953.122 15772843.457 1125422019035.854
5523.000 3258.000 25756578.000 1.000 1300.000 650.000 493.000 26645.327 1731966.127 541221.861 809550.706 21980109.340 195595243941.760
5621.000 3278.000 25756588.000 1.000 1280.000 650.000 498.000 29684.181 1483625.926 512194.748 1679512.673 59708830.569 182927680227.246
5725.000 3318.000 25756598.000 1.000 1280.000 650.000 489.000 35988.658 1241089.224 456540.522 676656.799 196886526.208 330803754633.356
5836.000 3395.000 25756608.000 1.000 1280.000 650.000 499.000 38528.661 1006092.935 358415.137 578657.030 274618885.356 453137905525.882
5950.000 3484.000 25756618.000 1.000 1260.000 660.000 501.000 36356.525 790395.395 259771.485 1096961.141 207345396.609 23978855678.750
6047.000 3580.000 25756628.000 1.000 1280.000 660.000 497.000 32238.803 627330.278 171129.342 673866.526 105714813.434 334021221522.995
6129.000 3669.000 25756638.000 1.000 1280.000 660.000 497.000 29709.274 504159.416 105415.690 632014.819 60097254.924 384148814328.987
6200.000 3755.000 25756648.000 1.000 1260.000 670.000 492.000 27336.846 408374.475 56967.104 1436312.916 28942397.909 34040508002.510
6263.000 3836.000 25756658.000 1.000 1260.000 670.000 489.000 21945.281 331824.203 24862.296 798937.596 138.088 205095422171.565
6308.000 3905.000 25756668.000 1.000 1260.000 670.000 485.000 18946.266 282005.437 7863.757 313065.022 9064712.335 881246295759.009
6341.000 3968.000 25756678.000 1.000 1280.000 680.000 464.000 17771.097 248045.675 659.351 1934766.763 17522052.420 466426912164.961
6368.000 4029.000 25756688.000 1.000 1300.000 670.000 467.000 10508.459 221880.416 1247.656 1190475.799 131069825.365 3762156149.460
6388.000 4063.000 25756698.000 1.000 1300.000 670.000 468.000 6039.706 203438.742 4805.564 1254132.878 253361269.255 5385468.370
6403.000 4080.000 25756708.000 1.000 1300.000 670.000 472.000 1332.000 190132.487 7451.518 0.000 425391947.935 1567033826148.585
6408.000 4080.000 25756718.000 1.000 1310.000 680.000 472.000 1332.000 185797.069 7451.518 141937.920 425391947.935 1231820954714.012
6413.000 4080.000 25756728.000 1.000 1330.000 670.000 472.000 1864.800 181511.650 7451.518 607235.090 403697789.600 415479672403.452
6420.000 4080.000 25756738.000 1.000 1330.000 670.000 480.000 4144.211 175596.065 7451.518 1574061.430 317296594.512 103844555403.165
6431.000 4069.000 25756748.000 1.000 1330.000 670.000 495.000 10052.850 166498.144 5673.430 940641.883 141709550.783 96826976641.890
6451.000 4037.000 25756758.000 1.000 1330.000 670.000 489.000 13583.788 150576.470 1876.811 2105179.646 70111216.275 728235969206.563
6473.000 3991.000 25756768.000 1.000 1350.000 670.000 499.000 21486.114 133986.629 7.171 203600.729 221763.830 1098747323171.678
6497.000 3914.000 25756778.000 1.000 1370.000 670.000 501.000 22250.381 116992.621 6348.556 253320.559 86053.594 996985590711.232
6521.000 3834.000 25756788.000 1.000 1370.000 670.000 501.000 23201.284 101150.613 25497.008 35959.205 1548162.862 1478298546321.444
6544.000 3750.000 25756798.000 1.000 1390.000 670.000 502.000 23066.302 87049.688 59378.882 800000.266 1230479.775 204134038892.507
6565.000 3666.000 25756808.000 1.000 1370.000 670.000 504.000 20063.298 75098.931 107372.757 417755.959 3586228.732 695649841187.903
6579.000 3592.000 25756818.000 1.000 1370.000 670.000 504.000 18495.145 67621.759 161345.075 723730.745 11984662.093 278870040866.408
6593.000 3524.000 25756828.000 1.000 1370.000 670.000 502.000 15778.438 60536.588 220597.259 1395837.965 38175024.696 20743416142.400
6605.000 3466.000 25756838.000 1.000 1350.000 680.000 501.000 10538.806 54775.583 278443.886 962344.958 130375886.611 83791293921.546
6616.000 3428.000 25756848.000 1.000 1350.000 680.000 489.000 6926.400 49747.663 319991.401 1290907.534 225919900.458 1528443826.380
6626.000 3404.000 25756858.000 1.000 1350.000 680.000 473.000 2080.651 45386.826 347719.936 128471.666 395070524.485 1261893993088.568
6632.000 3399.000 25756868.000 1.000 1330.000 690.000 463.000 1598.400 42866.324 353641.715 755345.232 414473899.808 246479467003.881
6638.000 3399.000 25756878.000 1.000 1330.000 690.000 449.000 4433.780 40417.822 353641.715 2455610.731 307064363.148 1449130862771.996
6647.000 3413.000 25756888.000 1.000 1330.000 690.000 404.000 13651.538 36880.069 337186.736 1443834.720 68981231.766 36872641732.302
6662.000 3462.000 25756898.000 1.000 1310.000 690.000 376.000 19071.338 31343.813 282681.309 893026.346 8327230.272 128727301091.119
6677.000 3532.000 25756908.000 1.000 1310.000 690.000 367.000 22423.539 26257.558 213146.413 38659.169 217628.715 1471740317404.702
6691.000 3615.000 25756918.000 1.000 1310.000 690.000 364.000 22568.656 21916.387 143396.895 101347.085 374083.830 1323570019504.920
6702.000 3699.000 25756928.000 1.000 1310.000 690.000 367.000 22949.088 18780.466 86835.020 67592.340 984174.966 1402376716626.044
6716.000 3784.000 25756938.000 1.000 1310.000 690.000 379.000 23202.813 15139.295 43964.790 839194.366 1551970.123 170253490805.026
6735.000 3869.000 25756948.000 1.000 1310.000 690.000 396.000 20052.684 10824.705 15544.560 1076635.620 3626541.576 30686840069.068
6760.000 3940.000 25756958.000 1.000 1310.000 690.000 400.000 24094.109 6247.613 2881.309 766038.528 4567097.800 235976076737.676
6812.000 4014.000 25756968.000 1.000 1310.000 690.000 428.000 26969.629 731.261 412.991 309505.385 25126127.971 887942165271.147
6880.000 4089.000 25756978.000 1.000 1310.000 690.000 468.000 25807.822 1677.571 9086.317 85510.138 14828583.076 1360260539030.769
6948.000 4158.000 25756988.000 1.000 1330.000 690.000 496.000 25486.838 11871.880 27001.777 237666.895 12459529.895 1028490733744.101
7020.000 4221.000 25756998.000 1.000 1350.000 690.000 522.000 26378.981 32745.855 51675.372 1006877.448 19553632.330 59993040970.799
7098.000 4282.000 25757008.000 1.000 1350.000 690.000 561.000 30158.551 67059.328 83129.677 72703.757 67264912.741 1390296759989.688
7194.000 4342.000 25757018.000 1.000 1350.000 690.000 614.000 30431.463 125995.295 121328.338 375259.298 71815979.568 768345019470.002
7301.000 4382.000 25757028.000 1.000 1370.000 690.000 644.000 31840.094 213405.341 150794.112 29443.327 97674913.090 1494185702769.296
7419.000 4401.000 25757038.000 1.000 1370.000 690.000 666.000 31729.571 336351.466 165911.355 63517.486 95502517.116 1412044367264.943
7538.000 4406.000 25757048.000 1.000 1390.000 690.000 697.000 31968.000 488542.508 170009.577 70968.960 100219478.873 1394390797147.817
7658.000 4406.000 25757058.000 1.000 1390.000 690.000 707.000 31701.600 670692.466 170009.577 567751.680 94956604.120 467938818017.408
7777.000 4406.000 25757068.000 1.000 1410.000 680.000 724.000 29570.400 879765.508 170009.577 425813.760 57963371.220 682273450648.423
7888.000 4406.000 25757078.000 1.000 1430.000 690.000 728.000 27972.000 1100313.219 170009.577 1125543.730 36179839.185 15943730760.664
7993.000 4406.000 25757088.000 1.000 1430.000 690.000 743.000 23746.986 1331619.433 170009.577 1062519.617 3203935.067 35831688341.894
8082.000 4411.000 25757098.000 1.000 1430.000 690.000 763.000 19758.549 1544944.985 174157.798 650695.054 4833327.814 361341843421.776
8156.000 4416.000 25757108.000 1.000 1450.000 700.000 777.000 17316.000 1734378.793 178356.020 1356133.442 21539178.685 10882918025.658
8221.000 4416.000 25757118.000 1.000 1450.000 700.000 794.000 12225.409 1909808.353 178356.020 971472.089 94704487.599 78590587259.143
8266.000 4407.000 25757128.000 1.000 1480.000 700.000 787.000 8578.742 2036209.588 170835.221 651548.599 178978645.227 360316410863.386
8295.000 4393.000 25757138.000 1.000 1480.000 700.000 790.000 6132.989 2119814.161 159458.200 1278983.470 250400339.117 738277000.049
8314.000 4380.000 25757148.000 1.000 1480.000 700.000 796.000 1332.000 2175501.571 149244.823 354844.800 425391947.935 804550546814.375
8314.000 4375.000 25757158.000 1.000 1480.000 700.000 796.000 0.000 2175501.571 145406.602 0.000 482111257.373 1567033826148.585
8314.000 4375.000 25757168.000 1.000 1500.000 710.000 794.000 0.000 2175501.571 145406.602 780658.560 482111257.373 221985768323.109
8314.000 4375.000 25757178.000 1.000 1500.000 710.000 788.000 2930.400 2175501.571 145406.602 589979.830 362012727.970 438022108227.354
8303.000 4375.000 25757188.000 1.000 1500.000 710.000 750.000 5145.039 2143173.491 145406.602 290702.340 282643111.024 923732195296.988
8285.000 4382.000 25757198.000 1.000 1500.000 710.000 678.000 6236.264 2090794.998 150794.112 148019.832 247142548.746 1218357628759.097
8263.000 4390.000 25757208.000 1.000 1530.000 710.000 532.000 6791.894 2027656.839 157071.267 8487.504 229981412.716 1545856341477.930
8238.000 4395.000 25757218.000 1.000 1530.000 710.000 306.000 6823.754 1957083.931 161059.489 221688.788 229016105.178 1061154278578.185
8092.000 4244.000 25757300.000 0.000 1500.000 710.000 49.000 0.000 1569904.148 62661.192 0.000 482111257.373 1567033826148.585
8092.000 4244.000 25757310.000 1.000 1500.000 710.000 249.000 0.000 1569904.148 62661.192 0.000 482111257.373 1567033826148.585
8092.000 4244.000 25757320.000 1.000 1500.000 710.000 281.000 0.000 1569904.148 62661.192 2117207.606 482111257.373 748909179635.585
8092.000 4244.000 25757330.000 1.000 1500.000 710.000 304.000 7947.476 1569904.148 62661.192 1005426.634 196267661.310 60705855415.407
8099.000 4215.000 25757340.000 1.000 1500.000 710.000 373.000 11721.600 1587494.562 48983.505 1277441.280 104764069.683 656848880.124
8099.000 4171.000 25757350.000 1.000 1500.000 710.000 417.000 16516.800 1587494.562 31443.154 1076043.146 29596124.988 30894766252.543
8099.000 4109.000 25757360.000 1.000 1500.000 710.000 463.000 20556.001 1587494.562 13299.204 967612.752 1962888.062 80769335796.887
8094.000 4032.000 25757370.000 1.000 1480.000 700.000 515.000 24188.181 1574919.981 1468.589 625432.608 4978025.543 392351414329.876
8082.000 3942.000 25757380.000 1.000 1480.000 700.000 545.000 26535.901 1544944.985 2670.598 1056874.068 20966040.668 38000881860.507
8071.000 3843.000 25757390.000 1.000 1480.000 700.000 568.000 22568.656 1517720.906 22703.807 1754152.358 374083.830 252345617453.270
8060.000 3759.000 25757400.000 1.000 1460.000 710.000 563.000 15984.000 1490738.826 55073.681 1206472.320 35677112.123 2055706242.518
8060.000 3699.000 25757410.000 1.000 1460.000 710.000 566.000 11455.200 1490738.826 86835.020 1519655.890 110288476.850 71740233269.234
8060.000 3656.000 25757420.000 1.000 1460.000 710.000 567.000 5750.786 1490738.826 114026.313 1106195.630 262642411.718 21204190353.475
8055.000 3635.000 25757430.000 1.000 1470.000 720.000 567.000 1598.400 1478554.244 128649.782 425813.760 414473899.808 682273450648.423
8055.000 3629.000 25757440.000 1.000 1470.000 720.000 567.000 0.000 1478554.244 132989.916 0.000 482111257.373 1567033826148.585
8055.000 3629.000 25757450.000 1.000 1450.000 730.000 566.000 0.000 1478554.244 132989.916 2058099.840 482111257.373 650099731313.361
8055.000 3629.000 25757460.000 1.000 1450.000 730.000 560.000 7725.600 1478554.244 132989.916 1184801.213 202533658.795 4490474631.293
8055.000 3658.000 25757470.000 1.000 1450.000 730.000 559.000 12173.052 1478554.244 112679.602 2801138.191 95726266.032 2400410974307.443
8073.000 3700.000 25757480.000 1.000 1450.000 730.000 561.000 22687.835 1522652.738 86246.664 941628.362 534072.921 96214023783.260
8096.000 3782.000 25757490.000 1.000 1450.000 730.000 557.000 26222.476 1579943.813 44807.501 638129.765 18194011.910 376606151656.503
8131.000 3874.000 25757500.000 1.000 1450.000 730.000 554.000 28617.858 1669155.885 14322.782 67685.846 44366602.055 1402155262041.815
8175.000 3972.000 25757510.000 1.000 1450.000 730.000 548.000 28363.782 1784784.203 469.928 168178.054 41046444.651 1174262998803.579
8225.000 4066.000 25757520.000 1.000 1450.000 730.000 548.000 27732.483 1920880.018 5230.497 2165080.752 33355833.432 834059417372.597
8279.000 4155.000 25757530.000 1.000 1450.000 730.000 557.000 19605.303 2073479.500 26024.844 1777384.570 5530629.624 276226298440.269
8333.000 4205.000 25757540.000 1.000 1450.000 730.000 560.000 12933.439 2231910.981 44657.062 1174461.430 81425231.913 5983144219.744
8374.000 4231.000 25757550.000 1.000 1450.000 730.000 570.000 8524.800 2356096.550 56321.815 512207.280 180424858.413 547015462550.072
8406.000 4231.000 25757560.000 1.000 1450.000 730.000 591.000 10447.500 2455357.872 56321.815 88179.998 132469328.496 1354039940646.938
8443.000 4218.000 25757570.000 1.000 1450.000 730.000 600.000 10778.506 2572681.776 50320.439 1002757.306 124959445.123 62028348597.347
8474.000 4192.000 25757580.000 1.000 1450.000 730.000 622.000 14542.610 2673088.182 39331.685 928722.614 54973654.649 104386891442.328
8500.000 4144.000 25757590.000 1.000 1450.000 730.000 647.000 18028.806 2758782.006 22596.757 566902.397 15430960.066 469101461268.785
8522.000 4080.000 25757600.000 1.000 1450.000 730.000 643.000 20156.818 2832348.165 7451.518 47104.315 3240770.702 1451321128677.504
8532.000 4005.000 25757610.000 1.000 1470.000 720.000 644.000 19980.000 2866107.328 128.192 638720.640 3908655.810 375881281552.345
8532.000 3930.000 25757620.000 1.000 1470.000 720.000 644.000 17582.400 2866107.328 4054.865 475186.738 19137405.758 603147134333.027
8532.000 3864.000 25757630.000 1.000 1470.000 720.000 646.000 15798.666 2866107.328 16816.338 1046860.625 37925472.666 42005154984.441
8526.000 3805.000 25757640.000 1.000 1440.000 720.000 647.000 11869.009 2845827.830 35599.321 2026400.638 101768209.484 599987222245.442
8519.000 3761.000 25757650.000 1.000 1460.000 710.000 646.000 4262.400 2822259.416 54138.970 1135503.360 313100004.133 13527750171.875
8519.000 3745.000 25757660.000 1.000 1460.000 710.000 646.000 0.000 2822259.416 61840.660 425813.760 482111257.373 682273450648.423
8519.000 3745.000 25757670.000 1.000 1460.000 710.000 644.000 1598.400 2822259.416 61840.660 1244597.090 414473899.808 52058054.849
8525.000 3745.000 25757680.000 1.000 1480.000 710.000 646.000 6270.311 2842454.914 61840.660 570455.906 246073217.963 464246422277.249
8530.000 3768.000 25757690.000 1.000 1480.000 710.000 641.000 8411.662 2859339.495 50930.480 3415764.550 183477050.364 4682689700329.129
8536.000 3799.000 25757700.000 1.000 1480.000 710.000 645.000 21233.601 2879666.993 37899.455 840420.871 523352.515 169242839405.332
8568.000 3872.000 25757710.000 1.000 1480.000 710.000 633.000 24388.334 2989296.316 14805.493 632767.932 5911229.069 383215826552.868
8602.000 3957.000 25757720.000 1.000 1480.000 710.000 622.000 26763.589 3108021.470 1345.263 46471.882 23102989.510 1452845322713.931
8640.000 4050.000 25757730.000 1.000 1480.000 710.000 624.000 26938.033 3243450.290 3172.187 2295918.050 24810370.253 1090156990906.539
8688.000 4139.000 25757740.000 1.000 1480.000 710.000 628.000 18319.722 3418646.274 21118.535 1238760.266 13230024.554 170353419.882
8733.000 4191.000 25757750.000 1.000 1460.000 710.000 638.000 13669.721 3587077.508 38936.041 873824.234 68679524.790 142874915146.906
8776.000 4219.000 25757760.000 1.000 1460.000 710.000 638.000 10389.600 3751806.910 50770.083 29270.167 133805484.720 1494609063547.600
8815.000 4219.000 25757770.000 1.000 1460.000 710.000 662.000 10279.727 3904410.646 50770.083 726627.046 136359453.724 275819463636.136
8848.000 4199.000 25757780.000 1.000 1480.000 710.000 687.000 13007.306 4035912.885 42157.196 2354308.402 80097596.748 1215497838363.946
8876.000 4159.000 25757790.000 1.000 1480.000 710.000 717.000 21844.800 4149198.541 27331.422 1006859.066 12596.038 60002046090.537
8894.000 4079.000 25757800.000 1.000 1480.000 710.000 721.000 25624.301 4222853.035 7279.874 696395.974 13448861.397 308487202774.434
8900.000 3983.000 25757810.000 1.000 1480.000 710.000 725.000 28238.400 4247548.533 114.016 1206472.320 39455583.058 2055706242.518
8900.000 3877.000 25757820.000 1.000 1480.000 710.000 725.000 23709.600 4247548.533 13613.715 2028631.471 3071494.345 603448153684.143
8900.000 3788.000 25757830.000 1.000 1480.000 710.000 721.000 16094.617 4247548.533 42303.367 1081410.840 34367910.466 29036629217.902
8913.000 3729.000 25757840.000 1.000 1480.000 710.000 725.000 12035.267 4301302.445 70054.351 847077.674 98441422.127 163810050141.621
8934.000 3689.000 25757850.000 1.000 1470.000 720.000 721.000 8855.546 4388849.688 92828.577 355579.265 171648937.272 803233503905.641
8958.000 3666.000 25757860.000 1.000 1470.000 720.000 662.000 7520.789 4489983.680 107372.757 125530.610 208405114.009 1268510257832.954
8984.000 3655.000 25757870.000 1.000 1470.000 720.000 568.000 7992.000 4600845.504 114702.669 1172323.037 195022120.748 6318529706.474
9014.000 3655.000 25757880.000 1.000 1480.000 740.000 393.000 12392.612 4730442.993 114702.669 789545.131 91478131.297 213690858620.987
9056.000 3675.000 25757890.000 1.000 1480.000 740.000 136.000 9428.854 4914903.479 101555.556 1003175.917 156955245.782 61820009581.981
9179.000 3752.000 25757931.000 0.000 1510.000 740.000 6.000 24868.123 5475404.186 58408.171 3191847.624 8474450.396 3763737381160.448
9246.000 3817.000 25757941.000 1.000 1510.000 740.000 91.000 12886.713 5793447.579 31215.054 27762.610 82270688.052 1498297439925.671
9270.000 3859.000 25757951.000 1.000 1510.000 740.000 146.000 12990.927 5909557.571 18138.116 87665.047 80391040.147 1355238632970.885
9283.000 3906.000 25757961.000 1.000 1510.000 740.000 180.000 13320.000 5972931.483 7687.401 24926.782 74598322.998 1505247870142.865
9283.000 3956.000 25757971.000 1.000 1510.000 740.000 225.000 13226.431 5972931.483 1419.618 624198.110 76223395.063 393899467063.815
9275.000 4005.000 25757981.000 1.000 1540.000 740.000 287.000 10883.345 5933892.152 128.192 259125.149 122626545.349 985427614592.314
9260.000 4043.000 25757991.000 1.000 1540.000 740.000 306.000 9910.653 5861038.408 2432.677 156284.359 145115248.725 1200181287232.358
9238.000 4073.000 25758001.000 1.000 1540.000 740.000 346.000 9324.000 5755000.249 6292.008 567751.680 159593499.310 467938818017.408
9210.000 4094.000 25758011.000 1.000 1540.000 740.000 414.000 7192.800 5621442.592 10064.539 631811.556 217982548.650 384400819401.775
9183.000 4094.000 25758021.000 1.000 1540.000 740.000 466.000 9564.465 5494139.851 10064.539 1367558.539 153575718.612 13397211101.083
9148.000 4086.000 25758031.000 1.000 1540.000 740.000 490.000 14697.943 5331287.780 8523.384 896247.122 52694374.143 126426536645.489
9108.000 4048.000 25758041.000 1.000 1540.000 740.000 521.000 18062.234 5148171.127 2950.899 507106.519 15169452.015 554586576347.002
9067.000 3994.000 25758051.000 1.000 1590.000 740.000 561.000 19965.787 4963797.558 0.104 554840.870 3965056.933 485769058270.704
9028.000 3930.000 25758061.000 1.000 1590.000 740.000 608.000 22048.523 4791537.822 4054.865 376036.387 8370.590 766983304075.070
8993.000 3855.000 25758071.000 1.000 1590.000 740.000 633.000 20636.975 4639535.751 19231.539 1239552.540 1742550.671 150299675.425
8978.000 3779.000 25758081.000 1.000 1600.000 730.000 647.000 15984.000 4575142.006 46086.568 486753.293 35677112.123 585315156897.538
8978.000 3719.000 25758091.000 1.000 1590.000 740.000 638.000 14156.848 4575142.006 75447.907 759590.050 60842871.544 242282661496.701
8996.000 3669.000 25758101.000 1.000 1590.000 740.000 646.000 11305.534 4652468.500 105415.690 333715.018 113454411.159 842902466458.236
9020.000 3634.000 25758111.000 1.000 1590.000 740.000 644.000 10052.850 4756578.491 129368.137 129458.678 141709550.783 1259677466073.788
9052.000 3614.000 25758121.000 1.000 1570.000 750.000 652.000 10538.806 4897183.813 144155.250 516659.090 130375886.611 540450119854.890
9090.000 3603.000 25758131.000 1.000 1540.000 740.000 647.000 12478.217 5066812.634 152629.162 1675967.954 89847935.153 179908089393.287
9135.000 3616.000 25758141.000 1.000 1540.000 740.000 646.000 18769.388 5271423.868 142640.539 1296905.796 10161074.724 2033430884.387
9193.000 3656.000 25758151.000 1.000 1540.000 740.000 638.000 23637.653 5541119.014 114026.313 1041613.877 2824486.707 44183342057.842
9261.000 3713.000 25758161.000 1.000 1520.000 750.000 617.000 27547.615 5865881.324 78780.041 141053.206 31254617.485 1233785580090.125
9324.000 3795.000 25758171.000 1.000 1520.000 750.000 588.000 28077.094 6175017.052 39472.878 211393.728 37455158.013 1082470631852.547
9382.000 3883.000 25758181.000 1.000 1490.000 750.000 584.000 27283.574 6466636.198 12249.581 1825436.736 28372048.920 329045089018.791
9427.000 3975.000 25758191.000 1.000 1490.000 750.000 589.000 20431.334 6697527.433 348.861 2808438.617 2327754.604 2423085749776.165
9456.000 4046.000 25758201.000 1.000 1490.000 750.000 611.000 9889.147 6848470.006 2737.610 1995748.121 145633850.090 553440629546.666
9473.000 4079.000 25758211.000 1.000 1490.000 750.000 641.000 2397.600 6937735.583 7279.874 700318.980 382571382.945 304144790244.448
9473.000 4088.000 25758221.000 1.000 1490.000 750.000 673.000 5026.425 6937735.583 8896.673 2948566.349 286645455.797 2878974585112.218
9483.000 4072.000 25758231.000 1.000 1490.000 750.000 711.000 16094.617 6990514.747 6134.363 1997856.410 34367910.466 556581938196.202
9496.000 4013.000 25758241.000 1.000 1490.000 750.000 727.000 23594.078 7059426.659 373.346 1418838.408 2679919.373 27897748544.263
9506.000 3925.000 25758251.000 1.000 1520.000 750.000 736.000 28920.048 7112665.822 4716.644 24476.299 48483590.826 1506353455140.455
9517.000 3817.000 25758261.000 1.000 1520.000 750.000 733.000 29011.926 7171459.901 31215.054 1915816.932 49771528.348 440902261797.831
9531.000 3709.000 25758271.000 1.000 1520.000 750.000 722.000 21820.421 7246638.730 81041.464 1145705.414 18662.585 11258653602.036
9556.000 3631.000 25758281.000 1.000 1520.000 750.000 637.000 17519.725 7381861.638 131535.204 4667254.740 19689694.043 11665247629231.340
9587.000 3573.000 25758291.000 1.000 1540.000 740.000 170.000 0.000 7551274.044 176969.832 0.000 482111257.373 1567033826148.585
