2984.000 7020.000 62963763.000 0.000 1400.000 500.000 119.000 52756.360 5300439.704 4138861.146 9898079.253 2394.518 19277021933531.219
3054.000 7127.000 62963773.000 1.000 1400.000 500.000 181.000 28766.832 4983022.131 4585675.837 8634658.443 577847646.488 31967505206755.383
3064.000 7196.000 62963783.000 1.000 1410.000 490.000 232.000 7839.400 4938476.763 4885952.676 1021432.560 2021931606.688 176018787999445.625
3064.000 7215.000 62963793.000 1.000 1420.000 490.000 240.000 5363.800 4938476.763 4970309.602 5107162.800 2250695335.510 84299519936364.547
3059.000 7203.000 62963803.000 1.000 1420.000 490.000 249.000 17741.800 4960724.447 4916947.543 18065865.942 1229448598.597 14267437313477.008
3059.000 7160.000 62963813.000 1.000 1430.000 490.000 272.000 61527.224 4960724.447 4728098.499 167435097.614 76072066.131 23453837540394228.000
3053.000 7011.000 62963823.000 1.000 1430.000 490.000 279.000 467332.114 4987487.668 4102322.602 1241189331.582 171832484651.712 1505285307490495232.000
3026.000 6901.000 62963824.000 1.000 1430.000 490.000 279.000 166510.657 5108813.160 3668830.396 19629999.718 12928909616.765 28530125753351.250
2922.000 6553.000 62963833.000 1.000 1430.000 490.000 285.000 123691.947 5589764.984 2456802.690 6471396.231 5024917599.604 61109297046731.320
2826.000 6269.000 62963843.000 1.000 1430.000 490.000 274.000 139376.378 6052920.513 1647164.632 2605815.322 7494552616.763 136488387828081.906
2704.000 5954.000 62963853.000 1.000 1430.000 500.000 281.000 133060.781 6668109.998 937835.587 3195076.201 6440943223.113 123067153367148.031
2565.000 5663.000 62963863.000 1.000 1430.000 500.000 296.000 125317.019 7405301.609 458896.661 3343610.138 5257950289.134 119793674343586.469
2408.000 5403.000 62963873.000 1.000 1420.000 500.000 314.000 117213.262 8284428.881 174238.720 6345279.264 4148386365.568 63096976635020.195
2256.000 5163.000 62963883.000 1.000 1420.000 500.000 317.000 101834.495 9182526.469 31477.543 15181753.983 2403862568.724 797652940487.183
2106.000 4967.000 62963893.000 1.000 1410.000 510.000 320.000 65039.163 10114106.984 345.249 12300915.592 149667555.207 3951047534610.869
2014.000 4839.000 62963903.000 1.000 1410.000 510.000 296.000 35225.989 10707740.366 21485.955 6334753.013 309031957.820 63264315050591.109
1994.000 4756.000 62963913.000 1.000 1400.000 520.000 170.000 19872.734 10839031.101 52707.382 5290708.316 1084553496.046 80962771024897.547
2274.000 4845.000 62963974.000 0.000 1350.000 550.000 217.000 98092.125 9073760.807 19762.984 14107778.464 2050897078.672 32710823545.912
2410.000 5040.000 62963984.000 1.000 1340.000 560.000 312.000 63899.739 8272919.807 2961.440 4096290.737 123086713.937 103883979460707.875
2491.000 5172.000 62963994.000 1.000 1320.000 550.000 356.000 73827.734 7813525.329 34752.087 3160293.196 441942991.282 123840098180980.484
2587.000 5323.000 62964004.000 1.000 1310.000 560.000 367.000 81487.194 7286049.800 113851.661 3126061.424 822651398.155 124603156042694.828
2720.000 5469.000 62964014.000 1.000 1310.000 560.000 372.000 73910.700 6585733.410 233694.043 1753423.332 445438170.184 157131651947178.375
2853.000 5589.000 62964024.000 1.000 1300.000 560.000 371.000 69661.007 5920795.021 364114.632 4986655.956 284115066.935 86526903469329.750
2986.000 5693.000 62964034.000 1.000 1300.000 560.000 364.000 57575.074 5291234.631 500441.808 9236194.997 22750803.002 25527198506531.223
3110.000 5757.000 62964044.000 1.000 1300.000 560.000 339.000 35189.725 4736144.072 595087.455 3092974.618 310308264.717 125342918909924.656
3195.000 5764.000 62964054.000 1.000 1300.000 560.000 342.000 27693.422 4373403.447 605936.323 2022556.123 630606106.112 150456808817704.719
3254.000 5732.000 62964064.000 1.000 1300.000 560.000 344.000 32595.400 4130114.778 557141.499 7990410.362 408439808.061 39667694077585.953
3254.000 5653.000 62964074.000 1.000 1300.000 560.000 333.000 51961.397 4130114.778 445448.279 6919153.051 712161.836 54309334971647.227
3210.000 5535.000 62964084.000 1.000 1300.000 560.000 338.000 68731.036 4310890.396 301861.367 1724261.589 253629264.106 157863599876722.188
3128.000 5390.000 62964094.000 1.000 1300.000 560.000 341.000 72910.051 4658122.410 163554.823 5499832.982 404201261.421 77243125317468.969
3027.000 5245.000 62964104.000 1.000 1300.000 560.000 344.000 59580.354 5104293.623 67298.279 3709332.589 45901440.494 111921741104855.656
2941.000 5129.000 62964114.000 1.000 1300.000 560.000 351.000 50590.212 5500283.785 20569.043 11168418.952 4906587.452 9735778152132.301
2866.000 5032.000 62964124.000 1.000 1300.000 560.000 371.000 23521.819 5857699.043 2154.734 8172953.679 857521897.310 37401616753795.609
2831.000 4987.000 62964134.000 1.000 1310.000 560.000 367.000 3713.400 6028342.829 2.014 3645460.871 2410014038.459 113277257755090.938
2831.000 4978.000 62964144.000 1.000 1310.000 560.000 384.000 12548.739 6028342.829 57.470 6862495.645 1620590205.668 55147617039016.273
2858.000 4992.000 62964154.000 1.000 1310.000 560.000 394.000 29181.060 5896487.337 41.205 4910409.951 558104423.401 87951195136256.594
2917.000 5031.000 62964164.000 1.000 1310.000 560.000 388.000 41082.199 5613432.668 2062.896 3399960.158 137430952.069 118563344387418.094
3000.000 5086.000 62964174.000 1.000 1310.000 560.000 398.000 49322.529 5227023.116 10083.999 6756934.410 12129650.765 56726586110331.164
3099.000 5153.000 62964184.000 1.000 1310.000 560.000 387.000 32946.052 4784142.976 28029.161 6893396.909 394389485.513 54689617444944.398
3173.000 5183.000 62964194.000 1.000 1310.000 560.000 368.000 16238.837 4465903.256 38974.308 1813496.241 1337105764.089 155629206864991.219
3208.000 5165.000 62964204.000 1.000 1320.000 550.000 340.000 20634.126 4319199.469 32191.220 15717740.775 1034984038.657 2042329591323.787
3218.000 5116.000 62964214.000 1.000 1320.000 550.000 307.000 58728.505 4277734.101 17009.146 7599625.349 35084430.728 44742914351065.688
3176.000 4980.000 62964224.000 1.000 1320.000 550.000 291.000 77147.374 4453232.646 31.146 5207564.884 592536867.676 82465921664459.000
3096.000 4811.000 62964234.000 1.000 1320.000 550.000 287.000 89768.714 4797275.587 30478.484 4827436.504 1366294431.686 89514367844138.125
2990.000 4621.000 62964244.000 1.000 1340.000 560.000 279.000 78068.674 5272848.484 132919.220 4928747.133 638238378.312 87607590773272.844
2889.000 4461.000 62964254.000 1.000 1340.000 560.000 149.000 66123.092 5746895.697 275185.102 9080332.047 177363748.465 27126469669720.793
2510.000 3944.000 62964294.000 0.000 1320.000 570.000 70.000 154153.456 7707666.131 1084890.734 49672192.775 10271449978.039 1251995821000382.000
2272.000 3656.000 62964304.000 1.000 1300.000 560.000 218.000 33765.204 9085813.881 1767785.323 13931523.170 362525020.208 127532288777.496
2221.000 3592.000 62964314.000 1.000 1300.000 560.000 254.000 0.000 9395870.256 1942067.676 7622819.658 2788399055.013 44433158190783.750
2221.000 3592.000 62964324.000 1.000 1300.000 560.000 312.000 18475.084 9395870.256 1942067.676 9924990.263 1178563306.023 19041437298316.473
2260.000 3614.000 62964334.000 1.000 1280.000 570.000 389.000 42529.835 9158300.322 1881234.117 17919506.407 105585053.883 13183192304051.799
2355.000 3654.000 62964344.000 1.000 1280.000 570.000 435.000 85960.534 8592334.329 1773107.646 12240862.075 1099269951.647 4193393618775.671
2517.000 3785.000 62964354.000 1.000 1270.000 570.000 439.000 115628.159 7668847.373 1441394.455 6006399.331 3946712389.905 68595507217765.062
2723.000 3975.000 62964364.000 1.000 1270.000 570.000 442.000 130185.598 6570344.800 1021273.720 703540.764 5987711475.581 184554915869471.469
2939.000 4205.000 62964374.000 1.000 1270.000 570.000 439.000 131890.738 5509668.859 609306.514 8181760.214 6254507481.753 37293978301073.703
3149.000 4446.000 62964384.000 1.000 1270.000 570.000 436.000 112060.975 4567916.138 291147.529 14212460.860 3511235752.559 5803231188.555
3355.000 4623.000 62964394.000 1.000 1270.000 570.000 415.000 77614.875 3729797.565 131464.896 7842801.474 615515318.517 41548831749386.703
3486.000 4758.000 62964404.000 1.000 1270.000 570.000 320.000 58606.631 3240966.248 51793.058 7950278.823 33655513.120 40174819898804.828
3562.000 4878.000 62964414.000 1.000 1270.000 570.000 170.000 39337.899 2973101.454 11573.646 4978305.344 181370723.135 86682327717905.266
3601.000 4965.000 62964424.000 1.000 1270.000 570.000 56.000 27272.205 2840129.521 423.573 65485.396 651938624.495 202298121253988.812
3589.000 5030.000 62964434.000 1.000 1270.000 570.000 41.000 27430.919 2880719.962 1973.058 1225492.142 643858897.312 170645826784273.906
3541.000 5076.000 62964444.000 1.000 1270.000 570.000 53.000 30401.089 3045961.726 8175.617 143581.912 501948393.445 200082662708538.906
3468.000 5086.000 62964454.000 1.000 1280.000 570.000 104.000 30749.082 3306099.910 10083.999 1408862.722 486476479.680 165888657627841.531
3395.000 5071.000 62964464.000 1.000 1280.000 570.000 153.000 34163.679 3576896.094 7296.426 854466.131 347509802.955 180477022219823.656
3329.000 5021.000 62964474.000 1.000 1280.000 570.000 191.000 32092.748 3830899.521 1254.514 7623026.784 429009554.187 44430396904358.680
3274.000 4966.000 62964484.000 1.000 1270.000 560.000 216.000 50568.334 4049224.043 383.411 5892792.810 5003989.219 70490246711346.812
3229.000 4852.000 62964494.000 1.000 1290.000 560.000 285.000 64850.430 4232353.197 17843.852 6362793.309 145085305.687 62819042628968.547
3189.000 4700.000 62964504.000 1.000 1290.000 560.000 332.000 80271.645 4398534.668 81556.440 6513754.984 754400447.353 60448833931566.109
3152.000 4509.000 62964514.000 1.000 1290.000 560.000 344.000 96058.739 4555101.528 227129.337 4165192.874 1870860520.270 102484177701948.312
3123.000 4278.000 62964524.000 1.000 1300.000 550.000 386.000 106153.729 4679730.094 500670.705 6516740.145 2846055536.563 60402424276876.562
3111.000 4021.000 62964534.000 1.000 1300.000 550.000 418.000 90359.400 4731792.535 930416.279 14939464.536 1410310891.266 423572834520.168
3111.000 3802.000 62964544.000 1.000 1300.000 550.000 439.000 54151.294 4731792.535 1400863.705 8008356.399 1811716.495 39441959620704.203
3140.000 3674.000 62964554.000 1.000 1300.000 550.000 468.000 34741.802 4606467.969 1720244.411 3204966.223 326289736.593 122847820003540.656
3191.000 3607.000 62964564.000 1.000 1300.000 550.000 513.000 26974.070 4390149.594 1900485.249 10738726.172 667252123.841 12601886779728.881
3256.000 3600.000 62964574.000 1.000 1300.000 550.000 530.000 53001.036 4121989.704 1919834.382 13588446.683 38315.003 490270403750.784
3361.000 3674.000 62964584.000 1.000 1300.000 560.000 468.000 85934.741 3706658.344 1720244.411 642708.520 1097560270.706 186211440550256.594
4253.000 6031.000 62964705.000 0.000 1280.000 530.000 211.000 67086.527 1067643.550 1092901.132 20357655.118 203953621.251 36832946907092.141
4412.000 5997.000 62964715.000 1.000 1290.000 520.000 216.000 17746.597 764345.204 1022968.632 3786403.794 1229112222.449 110296961165569.469
4371.000 6010.000 62964725.000 1.000 1300.000 520.000 223.000 26923.533 837716.212 1049434.529 8298568.924 669865542.946 35880949122230.391
4354.000 5947.000 62964735.000 1.000 1320.000 510.000 221.000 47036.400 869124.337 924326.720 7751066.466 33280135.862 42739865122232.141
4354.000 5833.000 62964745.000 1.000 1320.000 510.000 226.000 65822.310 869124.337 718119.161 2129214.461 169442710.330 147851624620849.438
4297.000 5684.000 62964755.000 1.000 1320.000 510.000 242.000 70982.791 978651.932 487789.264 6011087.705 330421403.868 68517868716844.820
4211.000 5535.000 62964765.000 1.000 1330.000 510.000 262.000 85551.593 1156202.094 301861.367 3154652.129 1072320110.236 123965681500223.594
4103.000 5358.000 62964775.000 1.000 1340.000 510.000 282.000 93197.381 1400124.065 138695.999 8513956.852 1631520707.066 33346963171831.750
3989.000 5163.000 62964785.000 1.000 1340.000 510.000 324.000 72562.488 1682905.256 31477.543 14581896.711 390346722.017 85999614736.613
3916.000 5003.000 62964795.000 1.000 1350.000 510.000 339.000 37221.003 1877635.440 303.426 11310856.724 242870120.243 8867192059010.047
3869.000 4926.000 62964805.000 1.000 1360.000 510.000 356.000 9807.390 2008649.668 3549.882 5146363.926 1848819732.585 83581208191009.234
3878.000 4904.000 62964815.000 1.000 1360.000 520.000 392.000 22280.400 1983219.837 6655.440 7948045.419 931769142.489 40203137128425.680
3932.000 4904.000 62964825.000 1.000 1360.000 520.000 436.000 41543.719 1834042.851 6655.440 12608010.884 126823067.340 2824513559671.819
4015.000 4961.000 62964835.000 1.000 1370.000 530.000 439.000 72101.186 1616123.300 604.220 5003115.808 372331455.170 86220955841237.906
4159.000 5060.000 62964845.000 1.000 1360.000 540.000 449.000 84227.012 1270734.006 5538.205 3416570.196 987324373.624 118201897515470.531
4313.000 5194.000 62964855.000 1.000 1360.000 540.000 444.000 75946.425 947251.344 43438.529 9310783.588 535511952.467 24779052486233.523
4473.000 5285.000 62964865.000 1.000 1350.000 540.000 438.000 53380.299 661405.462 89651.808 9098891.207 330630.961 26933490478235.949
4586.000 5348.000 62964875.000 1.000 1350.000 540.000 414.000 31327.727 490375.807 131347.617 3692308.301 461285876.343 112282241276903.203
4660.000 5331.000 62964885.000 1.000 1350.000 540.000 367.000 40276.608 392212.087 119314.367 6338869.523 156967968.280 63198847487234.969
4708.000 5246.000 62964895.000 1.000 1340.000 550.000 235.000 55639.840 334394.322 67818.117 19611203.129 8034652.068 28329680371021.184
4676.000 5115.000 62964905.000 1.000 1340.000 550.000 130.000 103170.628 372427.498 16749.308 3205769.555 2536666887.448 122830012909555.984
4569.000 4889.000 62964915.000 1.000 1340.000 550.000 129.000 110940.307 514473.932 9327.867 676260.890 3379679757.883 185296859641059.625
4413.000 4670.000 62964925.000 1.000 1340.000 550.000 141.000 112579.330 762597.668 99591.293 3313933.471 3572935401.705 120444179049431.875
4245.000 4455.000 62964935.000 1.000 1320.000 550.000 183.000 104547.499 1084239.844 281516.073 9053664.883 2677255797.285 27404962401481.227
4082.000 4261.000 62964945.000 1.000 1320.000 550.000 273.000 82604.540 1450262.337 525017.455 18714871.714 887995073.124 19591528939718.512
3921.000 4142.000 62964955.000 1.000 1320.000 550.000 310.000 37246.150 1863957.756 711628.705 14005851.410 242086956.292 79969274591.722
3864.000 4072.000 62964965.000 1.000 1320.000 550.000 351.000 3300.800 2022847.351 834630.029 15167914.141 2450694907.996 773123363404.920
3872.000 4072.000 62964975.000 1.000 1310.000 560.000 456.000 40062.589 2000155.057 834630.029 16942769.980 162376526.032 7044407002316.775
3924.000 4154.000 62964985.000 1.000 1310.000 560.000 536.000 81126.016 1855775.146 691526.764 21268101.991 802063305.013 48712892449117.688
4060.000 4296.000 62964995.000 1.000 1310.000 560.000 586.000 132672.555 1503734.146 475521.793 7644319.007 6378779409.005 44146998825501.422
4274.000 4536.000 62965005.000 1.000 1310.000 560.000 588.000 151199.746 1024687.278 202122.970 3186747.458 9681468220.555 123252013615480.016
4541.000 4787.000 62965015.000 1.000 1310.000 560.000 591.000 158923.322 555424.962 39434.367 11227188.045 11261035905.623 9372486859808.062
4827.000 5045.000 62965025.000 1.000 1310.000 560.000 537.000 131712.493 210927.447 3530.632 16896690.400 6226346083.036 6801927922265.124
5075.000 5246.000 62965035.000 1.000 1310.000 560.000 363.000 90760.747 44634.329 67818.117 23430988.738 1440616426.389 83582544069462.688
5243.000 5388.000 62965045.000 1.000 1310.000 560.000 94.000 33972.117 1872.153 161941.146 579416.944 354688548.989 187942791367487.094
4536.000 5810.000 62965145.000 0.000 1350.000 550.000 183.000 19929.050 562902.646 679666.882 4489098.728 1080847407.461 96031005258995.438
4579.000 5788.000 62965155.000 1.000 1350.000 550.000 306.000 9049.024 500228.565 643876.440 1443299.143 1914611148.226 165002776643113.781
4595.000 5773.000 62965165.000 1.000 1340.000 550.000 305.000 5550.965 477851.976 620028.867 22792607.004 2232971591.867 72317458174442.609
4605.000 5764.000 62965175.000 1.000 1350.000 540.000 336.000 60792.378 464126.609 605936.323 12339401.270 63793513.759 3799530854232.186
4615.000 5617.000 62965185.000 1.000 1350.000 540.000 362.000 90698.828 450601.241 398690.102 8345302.063 1435919932.941 35323263478597.961
4596.000 5398.000 62965195.000 1.000 1350.000 540.000 391.000 110924.960 476470.440 170089.529 7671064.976 3377895597.319 43792296576346.438
4557.000 5132.000 62965205.000 1.000 1340.000 540.000 440.000 129516.974 531832.373 21438.558 9123621.626 5884681876.625 26677412757346.934
4487.000 4826.000 62965215.000 1.000 1340.000 540.000 466.000 107404.464 638829.947 25466.058 6251202.751 2981069384.762 64600394347132.742
4418.000 4575.000 62965225.000 1.000 1340.000 540.000 464.000 92253.706 753889.984 168576.661 10961675.819 1556177223.825 11068689343494.232
4350.000 4362.000 62965235.000 1.000 1340.000 540.000 471.000 65686.387 876598.484 388853.117 10091100.134 165922561.610 17619339263569.316
4306.000 4209.000 62965245.000 1.000 1340.000 540.000 444.000 41229.043 960926.101 603077.867 8344899.778 134009582.959 35328045471675.758
4282.000 4112.000 62965255.000 1.000 1310.000 540.000 165.000 21003.886 1008554.984 763143.558 2026639.013 1011329539.091 150356663346911.969
4396.000 4561.000 62965346.000 0.000 1310.000 550.000 446.000 65701.935 792577.793 180268.926 22745056.504 166323353.824 71510983439605.672
4470.000 4420.000 62965356.000 1.000 1310.000 550.000 498.000 10575.768 666294.072 319881.734 2060554.932 1783332850.659 149526059585405.250
4479.000 4444.000 62965366.000 1.000 1310.000 550.000 496.000 15569.842 651682.241 293309.852 9546601.817 1386478871.955 22486924250206.520
4511.000 4424.000 62965376.000 1.000 1310.000 550.000 514.000 38707.510 601041.065 315373.087 6013822.831 198747508.528 68472595901845.898
4591.000 4375.000 62965386.000 1.000 1310.000 550.000 541.000 53282.941 483398.123 372809.014 7514451.506 228146.832 45889627068268.641
4702.000 4309.000 62965396.000 1.000 1300.000 540.000 559.000 71495.378 341369.543 457761.690 5540842.121 349319246.798 76523964265907.859
4853.000 4224.000 62965406.000 1.000 1300.000 540.000 560.000 84924.467 187721.491 580005.440 3724543.501 1031641286.012 111600130654626.828
5034.000 4126.000 62965416.000 1.000 1310.000 550.000 567.000 93951.475 63639.337 738879.293 5589271.459 1693008226.012 75679009565399.438
5235.000 4019.000 62965426.000 1.000 1310.000 550.000 536.000 107497.940 2628.447 934278.602 32587648.896 2991285546.589 334853733826062.125
5473.000 3913.000 62965436.000 1.000 1310.000 550.000 338.000 28516.726 34868.697 1150429.749 410878.220 589934526.561 192592266523977.812
6278.000 6047.000 62965766.000 0.000 1460.000 500.000 70.000 61379.017 983531.601 1126610.543 22050374.675 73508729.233 60244528240342.406
6225.000 5908.000 62965776.000 1.000 1460.000 500.000 91.000 7936.519 881217.050 850857.029 898846.624 2013206953.505 179286561346858.500
6216.000 5891.000 62965786.000 1.000 1460.000 500.000 94.000 10115.013 864400.881 819783.779 1485544.432 1822460076.164 163919251050679.406
6240.000 5896.000 62965796.000 1.000 1460.000 500.000 90.000 13715.460 909603.998 828862.970 3874371.764 1528015107.776 108456978765164.156
6271.000 5884.000 62965806.000 1.000 1460.000 500.000 136.000 23105.600 969696.359 807156.911 3496290.705 882071812.775 116474799029294.672
6327.000 5884.000 62965816.000 1.000 1460.000 500.000 228.000 31579.402 1083122.300 807156.911 4468531.443 450538483.392 96434528180479.797
6400.000 5907.000 62965826.000 1.000 1460.000 500.000 296.000 42409.580 1240398.116 849013.190 6413536.507 108070865.748 62017251905298.438
6497.000 5941.000 62965836.000 1.000 1460.000 500.000 342.000 57953.779 1465871.050 912825.690 4334056.851 26506899.688 99093721726290.312
6624.000 6001.000 62965846.000 1.000 1450.000 510.000 363.000 68458.037 1789525.881 1031075.984 2079657.900 245008369.179 149059239080849.812
6772.000 6076.000 62965856.000 1.000 1450.000 510.000 372.000 73498.410 2207398.440 1189013.852 5530707.840 428205057.397 76701372249218.000
6928.000 6162.000 62965866.000 1.000 1450.000 510.000 384.000 60093.883 2695282.704 1383961.940 4708005.308 53123532.291 91788557305650.062
7051.000 6240.000 62965876.000 1.000 1470.000 510.000 396.000 48683.303 3114277.682 1573567.323 4646535.335 16990808.289 92970178550556.156
7152.000 6301.000 62965886.000 1.000 1470.000 510.000 399.000 37421.705 3480954.469 1730327.455 3963274.686 236654804.865 106613164776583.781
7227.000 6352.000 62965896.000 1.000 1470.000 510.000 388.000 27816.095 3766439.212 1867101.205 2127727.863 624460057.474 147887779185608.906
7284.000 6388.000 62965906.000 1.000 1470.000 510.000 389.000 22659.217 3990931.616 1966779.382 6689978.507 908785947.407 57739653474566.578
7330.000 6418.000 62965916.000 1.000 1480.000 510.000 388.000 6445.018 4176838.925 2051824.529 2659214.427 2149275173.752 135243534550299.516
7342.000 6428.000 62965926.000 1.000 1480.000 510.000 388.000 0.000 4226032.484 2080572.911 1361910.080 2788399055.013 167100341302976.688
7342.000 6428.000 62965936.000 1.000 1470.000 520.000 398.000 3300.800 4226032.484 2080572.911 1361910.080 2450694907.996 167100341302976.688
7334.000 6428.000 62965946.000 1.000 1470.000 520.000 393.000 0.000 4193204.778 2080572.911 7238651.512 2788399055.013 49702334887685.594
7334.000 6428.000 62965956.000 1.000 1470.000 520.000 393.000 17543.993 4193204.778 2080572.911 3769097.699 1243359335.249 110660766054623.797
7306.000 6396.000 62965966.000 1.000 1470.000 520.000 398.000 26678.985 4079315.807 1989282.087 7728571.101 682584012.358 43034501360489.172
7265.000 6346.000 62965976.000 1.000 1480.000 530.000 391.000 45410.374 3915378.815 1850740.176 5175408.903 54684839.088 83050977416612.031
7213.000 6249.000 62965986.000 1.000 1480.000 530.000 396.000 57953.779 3712294.726 1596227.867 3364749.287 26506899.688 119331383981457.828
7153.000 6122.000 62965996.000 1.000 1480.000 530.000 397.000 66108.770 3484686.932 1291448.411 4401199.249 176982478.574 97761480687073.219
7087.000 5976.000 62966006.000 1.000 1480.000 530.000 397.000 76775.758 3242634.359 980930.029 6622487.875 574583153.188 58769885366267.422
7016.000 5804.000 62966016.000 1.000 1470.000 530.000 389.000 60725.133 2991971.469 669809.852 6210904.934 62723852.698 65249800596039.852
6947.000 5674.000 62966026.000 1.000 1470.000 530.000 363.000 45672.043 2758029.506 473920.882 16872890.806 50883267.206 6678353252207.071
6904.000 5572.000 62966036.000 1.000 1470.000 530.000 132.000 4777.979 2617055.587 343887.382 1650387.331 2306622968.452 159725425518135.500
6898.000 5654.000 62966107.000 0.000 1440.000 540.000 310.000 33177.761 2597678.807 446784.117 10077834.632 385240044.450 17730880178831.754
6869.000 5579.000 62966117.000 1.000 1430.000 550.000 312.000 8752.568 2505039.373 352146.249 6548964.205 1940642651.835 59902578345203.773
6854.000 5564.000 62966127.000 1.000 1430.000 550.000 307.000 24624.997 2457782.425 334568.676 4650498.358 794129128.648 92893770492565.984
6845.000 5505.000 62966137.000 1.000 1410.000 560.000 304.000 35896.200 2429644.256 269796.220 8864588.045 285917453.684 29420337461498.023
6845.000 5418.000 62966147.000 1.000 1410.000 560.000 280.000 14411.498 2429644.256 186986.293 2274849.883 1474083557.174 144331148215392.500
6859.000 5386.000 62966157.000 1.000 1410.000 560.000 220.000 19924.949 2473484.741 160335.470 3319413.624 1081117075.231 120323922941862.031
7008.000 5576.000 62966207.000 0.000 1400.000 560.000 56.000 60150.514 2964359.763 348594.734 19136104.544 53952259.549 23497914425931.172
7041.000 5718.000 62966217.000 1.000 1420.000 570.000 110.000 13771.201 3079083.050 536437.764 1822417.891 1523660401.982 155406688731729.781
7036.000 5751.000 62966227.000 1.000 1420.000 570.000 129.000 9354.289 3061560.734 585866.426 313874.722 1887989819.535 195294059038310.156
7019.000 5766.000 62966237.000 1.000 1400.000 580.000 125.000 10115.013 3002358.859 609053.999 315533.787 1822460076.164 195247691703552.219
6995.000 5771.000 62966247.000 1.000 1400.000 580.000 80.000 10879.758 2919763.741 616883.190 2667387.362 1757750553.473 135053508271813.250
6839.000 5913.000 62966327.000 0.000 1420.000 570.000 170.000 62598.369 2410975.476 860106.220 13881012.678 95904321.556 166159872136.585
6756.000 5786.000 62966337.000 1.000 1420.000 570.000 181.000 28955.585 2160111.028 640670.764 10812135.138 568808610.616 12086084678097.971
6703.000 5740.000 62966347.000 1.000 1420.000 570.000 196.000 55160.469 2007128.476 569148.205 4203622.025 5546850.146 101707583560329.594
6630.000 5628.000 62966357.000 1.000 1400.000 560.000 217.000 65348.598 1805614.660 412702.323 4676398.085 157334479.848 92395190824056.047
6544.000 5495.000 62966367.000 1.000 1400.000 560.000 221.000 76682.573 1581888.822 259507.837 2025513.640 570124461.222 150384263262603.969
6429.000 5349.000 62966377.000 1.000 1400.000 560.000 226.000 71773.427 1305835.550 132073.455 3029746.556 359790076.479 126762677122506.312
6305.000 5227.000 62966387.000 1.000 1400.000 550.000 223.000 64430.367 1037814.109 58283.190 6279830.177 135142326.529 64141031607843.695
6176.000 5139.000 62966397.000 1.000 1400.000 550.000 219.000 49210.226 791622.351 23537.426 6959114.187 12924512.603 53721945739432.031
6076.000 5074.000 62966407.000 1.000 1400.000 550.000 203.000 32343.735 623676.028 7817.940 9241425.528 418675389.188 25474371926630.180
6008.000 5035.000 62966417.000 1.000 1400.000 550.000 66.000 9945.709 520896.528 2442.249 442676.156 1836944010.615 191710709283502.875
6101.000 5231.000 62966507.000 0.000 1390.000 550.000 24.000 19601.757 663787.609 60230.543 5534103.538 1102474857.103 76641905195888.594
6132.000 5267.000 62966517.000 1.000 1390.000 550.000 29.000 6189.000 715261.969 79196.720 822234.231 2173078849.156 181344078999887.219
6132.000 5282.000 62966527.000 1.000 1390.000 550.000 13.000 8181.812 715261.969 87864.293 398977.716 1991255129.399 192922712860406.125
6020.000 5200.000 62966597.000 0.000 1370.000 540.000 65.000 14950.702 538362.087 45975.558 5317465.845 1432970121.569 80481962164907.938
5988.000 5183.000 62966607.000 1.000 1390.000 550.000 107.000 2063.000 492427.263 38974.308 851193.800 2574780381.727 180564955053899.125
5983.000 5183.000 62966617.000 1.000 1390.000 550.000 148.000 0.000 485434.947 38974.308 1191671.320 2788399055.013 171530583415804.844
5983.000 5183.000 62966627.000 1.000 1390.000 550.000 182.000 2888.200 485434.947 38974.308 1021432.560 2491716255.053 176018787999445.625
5990.000 5183.000 62966637.000 1.000 1390.000 550.000 225.000 5363.800 495238.190 38974.308 2329432.737 2250695335.510 143022633621083.625
6003.000 5183.000 62966647.000 1.000 1390.000 550.000 272.000 11009.541 513704.212 38974.308 1654247.908 1746884953.471 159627858528571.594
6029.000 5177.000 62966657.000 1.000 1390.000 550.000 296.000 15018.867 551650.256 36641.279 2928076.552 1427814051.534 129062397354911.547
6064.000 5167.000 62966667.000 1.000 1390.000 550.000 315.000 22115.514 604866.469 32912.896 1914436.768 941862585.165 153120900724107.031
6116.000 5154.000 62966677.000 1.000 1390.000 550.000 368.000 26755.448 688454.557 28364.999 5821216.199 678594467.047 71697262470898.156
6178.000 5135.000 62966687.000 1.000 1390.000 550.000 412.000 40864.067 795185.278 22326.073 8192940.849 142592897.875 37157545724350.250
6275.000 5115.000 62966697.000 1.000 1390.000 550.000 463.000 60720.928 977590.212 16749.308 5589521.907 62657264.532 75674652149318.172
6422.000 5108.000 62966707.000 1.000 1390.000 550.000 521.000 74268.000 1289886.307 14986.440 18577520.887 460647756.733 18394500962153.836
6602.000 5108.000 62966717.000 1.000 1390.000 550.000 588.000 119293.499 1731149.690 14986.440 4324937.566 4420681428.566 99275362245619.938
6889.000 5143.000 62966727.000 1.000 1390.000 550.000 624.000 129775.655 2568748.638 24780.779 3100856.516 5924436500.768 125166494852197.484
7200.000 5190.000 62966737.000 1.000 1390.000 550.000 644.000 137291.061 3662368.704 41787.176 8728087.587 7137844856.639 30919740934596.527
7528.000 5246.000 62966747.000 1.000 1390.000 550.000 636.000 116137.189 5025360.646 67818.117 13019258.381 4010928947.575 1611329191718.627
7805.000 5296.000 62966757.000 1.000 1400.000 550.000 645.000 84583.000 6344008.962 96360.029 8968950.264 1009822610.305 28299096779611.375
8005.000 5341.000 62966767.000 1.000 1400.000 550.000 641.000 62845.360 7391501.609 126322.749 11006162.351 100802928.976 10774658215647.627
8153.000 5377.000 62966777.000 1.000 1390.000 560.000 619.000 36170.221 8218150.168 153208.926 3213365.934 276725647.599 122661691248923.375
8239.000 5394.000 62966787.000 1.000 1400.000 560.000 504.000 43958.311 8718624.006 166806.176 1249851.738 78269104.950 170009994175224.312
6594.000 4908.000 62966948.000 0.000 1400.000 580.000 605.000 92728.580 1710161.984 6018.793 33381944.331 1593868779.715 364554277841063.000
6629.000 4686.000 62966958.000 1.000 1400.000 580.000 610.000 11822.268 1802928.197 89748.705 20277177.488 1679608405.049 35862583617875.195
6643.000 4661.000 62966968.000 1.000 1390.000 570.000 617.000 60967.148 1840720.682 105352.749 1494254.418 66615863.718 163696297351678.594
6658.000 4514.000 62966978.000 1.000 1400.000 560.000 611.000 64588.705 1881647.631 222388.529 3843659.058 138848779.127 109097622740380.266
6709.000 4366.000 62966988.000 1.000 1380.000 570.000 616.000 55273.002 2024165.256 383880.470 5784318.207 6089583.681 72323485789432.375
6784.000 4255.000 62966998.000 1.000 1380.000 570.000 603.000 41253.811 2243199.998 533748.426 8509384.419 133436755.252 33399792780744.582
6835.000 4169.000 62967008.000 1.000 1380.000 570.000 569.000 20630.000 2398569.623 666804.337 2873461.515 1035249532.157 130306295321645.953
6865.000 4129.000 62967018.000 1.000 1380.000 570.000 458.000 13665.721 2492393.521 733730.808 1631933.674 1531906160.233 160192210007946.844
6881.000 4100.000 62967028.000 1.000 1380.000 570.000 246.000 9710.477 2543168.932 784253.499 3349821.487 1857163236.420 119657746126327.234
6795.000 4212.000 62967088.000 0.000 1350.000 580.000 181.000 58423.344 2276271.094 598427.382 11216699.753 31562487.868 9436815664017.646
6768.000 4351.000 62967098.000 1.000 1350.000 580.000 327.000 31237.935 2195528.587 402692.896 546755.240 465150966.306 188839391312504.594
6784.000 4425.000 62967108.000 1.000 1350.000 580.000 436.000 29912.789 2243199.998 314250.926 2833124.089 524066776.759 131228840248431.312
6814.000 4491.000 62967118.000 1.000 1350.000 580.000 491.000 36779.304 2333963.896 244610.249 69088746.490 256832349.588 3003051693027464.500
6879.000 4552.000 62967128.000 1.000 1350.000 580.000 509.000 204226.581 2536794.006 187992.382 591341303.098 22928406212.406 332989776217125632.000
6914.000 4587.000 62967129.000 1.000 1355.000 580.000 509.000 60905.858 2649510.219 158866.720 13148538.752 65619140.096 1299830403976.365
7025.000 4660.000 62967138.000 1.000 1360.000 580.000 501.000 32225.090 3023187.638 106002.911 1939730.386 423544789.115 152495563762030.938
7101.000 4678.000 62967148.000 1.000 1360.000 580.000 474.000 27523.853 3293250.844 94605.999 2246789.782 639151249.742 145006151901694.688
7166.000 4663.000 62967158.000 1.000 1350.000 590.000 435.000 32969.296 3533390.954 104058.426 552300.584 393466809.363 188687015109136.656
7223.000 4607.000 62967168.000 1.000 1350.000 590.000 407.000 34307.882 3750929.359 143323.484 7753178.565 342154243.897 42712253578983.969
7228.000 4524.000 62967178.000 1.000 1350.000 590.000 396.000 53098.911 3770321.675 213056.911 3086358.577 86211.051 125491104641681.062
7179.000 4405.000 62967188.000 1.000 1350.000 590.000 412.000 60579.179 3582432.976 337074.161 3901157.343 60433290.851 107899791833893.984
7093.000 4286.000 62967198.000 1.000 1340.000 580.000 440.000 51124.120 3264279.138 489413.411 3030845.722 2826345.400 126737927545365.141
7010.000 4194.000 62967208.000 1.000 1350.000 590.000 486.000 43778.396 2971250.690 626600.293 11321855.402 81484884.184 8801809675472.521
6933.000 4121.000 62967218.000 1.000 1350.000 590.000 519.000 16338.126 2711725.021 747500.102 6741110.788 1329854328.533 56965194215617.852
6905.000 4093.000 62967228.000 1.000 1350.000 590.000 559.000 0.000 2620292.050 796700.632 5823061.347 2788399055.013 71666018576017.188
6905.000 4093.000 62967238.000 1.000 1360.000 600.000 584.000 14113.091 2620292.050 796700.632 10336175.457 1497086558.768 15621974397682.500
6932.000 4114.000 62967248.000 1.000 1380.000 590.000 594.000 39164.413 2708432.557 759653.234 6405588.181 186073629.441 62142502857727.680
7003.000 4177.000 62967258.000 1.000 1380.000 590.000 580.000 54689.348 2947167.447 653803.043 1996799.568 3549660.168 151089336335650.406
7103.000 4264.000 62967268.000 1.000 1380.000 590.000 522.000 59528.901 3300513.771 520678.970 2973497.211 45206893.562 128032451852332.484
7203.000 4368.000 62967278.000 1.000 1380.000 590.000 396.000 52322.170 3673860.094 381406.146 12670963.329 233408.622 2616877170964.649
7298.000 4452.000 62967288.000 1.000 1380.000 590.000 153.000 21612.128 4047064.101 284708.558 891716.401 973013593.635 179477556609503.094
6961.000 4853.000 62967388.000 0.000 1390.000 580.000 73.000 0.000 2804725.991 17577.690 0.000 2788399055.013 204165227388356.688
6961.000 4853.000 62967398.000 1.000 1390.000 580.000 139.000 0.000 2804725.991 17577.690 9669201.781 2788399055.013 21339207628909.301
6961.000 4853.000 62967408.000 1.000 1390.000 580.000 212.000 23434.808 2804725.991 17577.690 194368.021 862625437.078 198648497033791.031
6986.000 4802.000 62967418.000 1.000 1390.000 580.000 287.000 23905.889 2889087.572 33701.940 5041803.247 835175598.729 85503986272980.438
7007.000 4748.000 62967428.000 1.000 1400.000 580.000 358.000 36125.480 2960917.300 56444.676 4816623.908 278216188.942 89719085094238.422
7028.000 4663.000 62967438.000 1.000 1400.000 580.000 388.000 47799.314 3033629.028 104058.426 3323200.879 25059833.920 120240850771785.734
7042.000 4548.000 62967448.000 1.000 1400.000 580.000 412.000 55853.606 3082593.513 191477.029 522266.604 9292207.170 189513031023778.375
7052.000 4413.000 62967458.000 1.000 1400.000 580.000 415.000 57119.400 3117808.146 327848.867 2528680.990 18611512.165 138296631257515.172
7063.000 4275.000 62967468.000 1.000 1400.000 580.000 413.000 50990.750 3156775.241 504925.190 1693636.767 3292569.261 158634101449066.031
7075.000 4152.000 62967478.000 1.000 1400.000 580.000 404.000 46885.959 3199560.800 694857.087 913265.757 35038524.666 178900630840905.812
7087.000 4039.000 62967488.000 1.000 1400.000 580.000 377.000 49099.400 3242634.359 896015.367 750043.672 13733648.977 183293585168463.500
7087.000 3920.000 62967498.000 1.000 1420.000 580.000 322.000 50917.247 3242634.359 1135462.617 1408066.817 3564720.780 165909160419259.812
7077.000 3797.000 62967508.000 1.000 1410.000 590.000 284.000 47504.579 3206719.726 1412724.514 1097542.819 28097577.562 174005039612195.781
7043.000 3687.000 62967518.000 1.000 1410.000 590.000 244.000 44844.514 3086105.976 1686312.308 167570.888 63374015.282 199404587271029.719
6996.000 3589.000 62967528.000 1.000 1410.000 590.000 245.000 44438.380 2923182.204 1950438.161 6105306.153 70005246.807 66966949609170.781
6940.000 3497.000 62967538.000 1.000 1390.000 600.000 279.000 29641.225 2734828.263 2215873.043 6139322.547 536574084.121 66411371720962.859
6895.000 3441.000 62967548.000 1.000 1390.000 600.000 322.000 14761.626 2588017.418 2385730.102 4558498.048 1447320660.908 94675658550930.844
6879.000 3409.000 62967558.000 1.000 1380.000 600.000 400.000 3713.400 2536794.006 2485607.279 1742458.899 2410014038.459 157406655248218.750
6879.000 3400.000 62967568.000 1.000 1380.000 600.000 544.000 7936.519 2536794.006 2514066.734 6051307.128 2013206953.505 67853649580452.008
6896.000 3409.000 62967578.000 1.000 1360.000 610.000 619.000 22602.799 2591235.881 2485607.279 9212140.417 912190693.121 25770846004860.160
6947.000 3429.000 62967588.000 1.000 1360.000 610.000 637.000 44929.848 2758029.506 2422944.043 9174807.132 62022646.804 26151284575706.426
7024.000 3506.000 62967598.000 1.000 1350.000 620.000 638.000 67166.414 3019711.175 2189159.587 4723764.565 206241772.934 91486838297406.500
7134.000 3626.000 62967608.000 1.000 1350.000 620.000 639.000 78615.189 3414112.131 1848460.176 118153.374 666150689.400 200802685603214.625
7254.000 3774.000 62967618.000 1.000 1350.000 620.000 584.000 78328.826 3871967.719 1467928.234 26548171.423 651450695.139 150296115568823.031
7380.000 3916.000 62967628.000 1.000 1350.000 620.000 394.000 13985.221 4383712.087 1144003.264 160145.513 1506998053.453 199614350871396.688
7634.000 4399.000 62967789.000 0.000 1420.000 580.000 210.000 20234.234 5511843.748 344077.132 6135541.068 1060873937.549 66473018964673.758
7665.000 4361.000 62967799.000 1.000 1420.000 580.000 465.000 5363.800 5658364.109 390101.279 0.000 2250695335.510 204165227388356.688
7670.000 4349.000 62967809.000 1.000 1420.000 580.000 497.000 5363.800 5682176.425 405235.220 8955389.340 2250695335.510 28443560489325.148
7683.000 4349.000 62967819.000 1.000 1420.000 580.000 595.000 27068.573 5744322.447 405235.220 7252725.298 662378798.370 49504092906148.945
7735.000 4309.000 62967829.000 1.000 1420.000 580.000 619.000 44646.676 5996286.535 457761.690 5093924.942 66563044.670 84542781354811.719
7813.000 4234.000 62967839.000 1.000 1420.000 580.000 624.000 56992.592 6384372.668 564873.823 1456625.298 17533466.080 164660596228224.375
7891.000 4120.000 62967849.000 1.000 1420.000 580.000 625.000 60522.949 6784626.800 749230.264 983361.958 59562201.536 177030418503297.844
7957.000 3989.000 62967859.000 1.000 1420.000 580.000 624.000 62906.279 7132807.373 993173.455 4711407.195 102029901.684 91723384406612.141
8015.000 3848.000 62967869.000 1.000 1420.000 590.000 613.000 51487.454 7445976.241 1294090.264 10411132.912 1736701.781 15035059681199.125
8061.000 3732.000 62967879.000 1.000 1420.000 590.000 540.000 26254.461 7699135.550 1571465.029 10832590.609 704946723.233 11944276023724.375
8093.000 3677.000 62967889.000 1.000 1410.000 600.000 180.000 0.000 7877742.373 1712383.926 0.000 2788399055.013 204165227388356.688
