2994.000 7007.000 62992234.000 0.000 1350.000 470.000 260.000 63204.289 5131983.061 3577645.210 13014721.834 211535803.075 20766180948368.266
3091.000 7136.000 62992244.000 1.000 1360.000 470.000 273.000 29969.555 4701906.777 4082284.546 2744795.280 349333427.519 32637615125101.766
3082.000 7212.000 62992254.000 1.000 1360.000 470.000 284.000 36978.736 4741018.763 4395171.441 11456327.313 136452361.891 8991590039248.631
3043.000 7298.000 62992264.000 1.000 1370.000 460.000 275.000 7723.559 4912376.031 4763159.665 9338971.567 1675793720.061 776587931878.036
3053.000 7281.000 62992274.000 1.000 1380.000 470.000 274.000 31571.801 4868148.270 4689244.807 6191900.488 292007178.858 5133980208552.829
3063.000 7201.000 62992284.000 1.000 1380.000 470.000 275.000 47383.600 4824120.509 4349170.180 20126026.285 1629244.301 136149154513354.125
3063.000 7080.000 62992294.000 1.000 1380.000 470.000 277.000 98777.947 4824120.509 3859128.307 4353542.904 2511806752.643 16844345979022.771
3038.000 6829.000 62992304.000 1.000 1390.000 470.000 280.000 109895.268 4934564.912 2935967.165 3223534.112 3749755775.843 27396799273621.223
2993.000 6552.000 62992314.000 1.000 1390.000 470.000 285.000 118126.969 5136514.837 2063435.770 10126333.884 4825657205.549 2784241255342.503
2930.000 6257.000 62992324.000 1.000 1390.000 470.000 274.000 143985.840 5426048.733 1302945.583 1522848.206 9087012236.113 48092575797907.016
2842.000 5900.000 62992334.000 1.000 1390.000 480.000 282.000 140097.055 5843765.031 615387.561 865890.648 8360731635.714 57636014128935.781
2737.000 5558.000 62992344.000 1.000 1390.000 480.000 289.000 142308.216 6362441.524 195776.531 5593286.239 8769984886.613 8205034053836.736
2587.000 5227.000 62992354.000 1.000 1400.000 500.000 294.000 128025.054 7141657.942 12424.762 17832561.362 6298808852.809 87887476177200.500
2438.000 4936.000 62992364.000 1.000 1400.000 500.000 292.000 82487.359 7960230.583 32232.307 11855755.789 1144288962.274 11546584015051.459
2345.000 4747.000 62992374.000 1.000 1400.000 510.000 286.000 52212.191 8493657.763 135817.001 8376657.643 12617929.152 6572613685.494
2289.000 4626.000 62992384.000 1.000 1380.000 510.000 144.000 30821.339 8823205.225 239643.128 5289266.452 318218487.901 10039156823719.844
2733.000 5188.000 62992475.000 0.000 1300.000 550.000 221.000 153733.302 6382636.628 5251.382 33204421.888 11040394896.062 612398794009331.250
2959.000 5509.000 62992485.000 1.000 1290.000 560.000 226.000 68941.622 5291785.225 154815.822 20196115.636 411343438.715 137789713756284.578
3072.000 5644.000 62992495.000 1.000 1290.000 560.000 202.000 17368.293 4784666.524 279276.755 10308215.114 979172087.570 3424297745149.969
3268.000 5464.000 62992555.000 0.000 1260.000 560.000 98.000 175308.259 3965626.404 121428.844 47092003.284 16039776810.404 1492607126215133.500
3065.000 5065.000 62992565.000 1.000 1270.000 550.000 181.000 55052.888 4815338.957 2553.643 12223200.334 40868779.872 14178772102469.588
2957.000 4975.000 62992575.000 1.000 1270.000 550.000 239.000 23839.404 5300990.777 19749.688 8262056.686 616062906.380 38287772151.422
2912.000 4934.000 62992585.000 1.000 1270.000 550.000 247.000 2741.200 5510230.703 32954.441 6501504.931 2108537896.548 3826813784687.019
2912.000 4927.000 62992595.000 1.000 1290.000 550.000 249.000 19343.613 5510230.703 35544.912 10891530.465 859451634.066 5923388107249.927
2958.000 4945.000 62992605.000 1.000 1290.000 550.000 260.000 47156.510 5296387.001 29081.703 7500519.998 2260537.944 916249649214.006
3053.000 5019.000 62992615.000 1.000 1290.000 550.000 270.000 66310.034 4868148.270 9318.732 1012231.568 311523045.570 55435436487940.977
3180.000 5131.000 62992625.000 1.000 1290.000 550.000 272.000 68894.895 4323854.703 239.210 8852063.176 409450225.158 155499205193.221
3314.000 5245.000 62992635.000 1.000 1300.000 540.000 272.000 46290.035 3784534.703 16761.553 5146616.706 5616822.003 10963466614914.438
3417.000 5303.000 62992645.000 1.000 1300.000 540.000 267.000 33147.500 3394393.763 35143.658 4065101.700 240638231.602 19295177238608.508
3499.000 5324.000 62992655.000 1.000 1300.000 540.000 270.000 22766.750 3098966.121 43458.247 4511255.888 670461355.932 15574652397307.066
3537.000 5280.000 62992665.000 1.000 1300.000 540.000 279.000 34286.811 2966620.628 27049.203 6193168.881 206589095.125 5128233894563.125
3516.000 5195.000 62992675.000 1.000 1300.000 540.000 309.000 50101.849 3039401.927 6314.912 837908.478 2078875.062 58061669370359.664
3456.000 5082.000 62992685.000 1.000 1300.000 540.000 381.000 52241.554 3252208.494 1124.501 8080967.924 12827396.217 141949134988.067
3375.000 4976.000 62992695.000 1.000 1300.000 540.000 392.000 31605.783 3550918.360 19469.621 5175876.666 290846950.017 10770556716019.623
3330.000 4909.000 62992705.000 1.000 1300.000 540.000 388.000 18388.529 3722538.285 42656.121 3404166.660 916363079.259 25538495363682.469
3309.000 4867.000 62992715.000 1.000 1300.000 540.000 394.000 9695.560 3804013.583 61768.941 2377364.440 1518229029.688 36970836839480.438
3326.000 4849.000 62992725.000 1.000 1310.000 540.000 339.000 15766.460 3737989.389 71040.150 445070.630 1081986193.739 64202698973466.891
3365.000 4859.000 62992735.000 1.000 1310.000 540.000 153.000 14629.916 3588706.121 65809.479 9063232.928 1158047879.208 366634642649.048
3458.000 4697.000 62992785.000 0.000 1290.000 530.000 56.000 130350.459 3244998.942 175170.359 28196006.304 6673328061.768 389599579058206.000
3342.000 4385.000 62992795.000 1.000 1300.000 540.000 153.000 58348.400 3676376.971 533679.315 11258324.955 93864735.222 7843336018771.152
3291.000 4245.000 62992805.000 1.000 1300.000 540.000 191.000 29598.847 3874551.554 757828.718 7450443.365 363328260.659 1014624956299.628
3268.000 4173.000 62992815.000 1.000 1300.000 540.000 207.000 10573.200 3965626.404 888369.553 2367455.002 1450605746.863 37091441033651.273
3268.000 4146.000 62992825.000 1.000 1300.000 540.000 212.000 16618.795 3965626.404 939995.367 10302687.028 1026640006.246 3403869015449.606
3303.000 4170.000 62992835.000 1.000 1290.000 550.000 214.000 42928.006 3827454.240 894033.755 6859090.163 32855967.813 2555647092650.643
3367.000 4259.000 62992845.000 1.000 1290.000 550.000 209.000 60443.558 3581132.569 733649.777 608655.656 138851802.093 61607957080240.547
3447.000 4391.000 62992855.000 1.000 1290.000 550.000 222.000 61997.837 3284750.479 524948.912 1410601.548 177897401.145 49662009563158.617
3519.000 4532.000 62992865.000 1.000 1290.000 550.000 217.000 58395.688 3028950.598 340511.441 1231731.983 94783259.741 52215037235698.875
3573.000 4671.000 62992875.000 1.000 1270.000 550.000 170.000 55250.305 2843904.688 197610.106 7344767.364 43431875.562 1238684272587.879
3614.000 4806.000 62992885.000 1.000 1270.000 550.000 136.000 36494.515 2707301.867 95811.038 3876953.564 147999476.498 20983506350124.086
3620.000 4899.000 62992895.000 1.000 1270.000 550.000 146.000 26594.225 2687593.210 46886.792 4280276.110 486899244.761 17451115160658.002
3604.000 4965.000 62992905.000 1.000 1270.000 550.000 156.000 15664.000 2740309.628 22660.359 9845370.674 1088737239.807 1925548580837.975
3572.000 4941.000 62992915.000 1.000 1270.000 550.000 205.000 40805.396 2847278.464 30461.971 6434982.664 61695095.321 4091503956362.700
3525.000 4848.000 62992925.000 1.000 1270.000 550.000 274.000 57237.936 3008101.942 71574.218 6760946.196 73580667.869 2879072904463.768
3483.000 4708.000 62992935.000 1.000 1270.000 550.000 348.000 74502.865 3155554.539 166083.621 6508928.492 667852712.908 3797824592068.329
3443.000 4522.000 62992945.000 1.000 1270.000 550.000 393.000 91124.235 3299265.583 352282.113 4654234.530 1803209679.156 14466572470895.564
3425.000 4290.000 62992955.000 1.000 1270.000 550.000 427.000 103009.410 3364979.554 681505.695 4761155.036 2953856351.553 13664661294591.354
3420.000 4027.000 62992965.000 1.000 1270.000 550.000 488.000 90851.200 3383348.434 1184905.359 14387744.664 1780095792.588 35165082208735.000
3420.000 3795.000 62992975.000 1.000 1270.000 550.000 540.000 54110.279 3383348.434 1743808.941 9473562.138 29705339.030 1031916353296.020
3427.000 3657.000 62992985.000 1.000 1270.000 550.000 560.000 29918.343 3357646.001 2127320.210 6639216.162 351250402.226 3306990035697.829
3446.000 3583.000 62992995.000 1.000 1270.000 550.000 597.000 12964.267 3288376.255 2348659.180 5601722.870 1274186678.346 8156772732314.880
3476.000 3569.000 62993005.000 1.000 1250.000 550.000 617.000 27268.973 3180472.971 2391766.121 7762472.595 457576829.499 483381886848.843
3533.000 3609.000 62993015.000 1.000 1250.000 550.000 614.000 47091.426 2980415.733 2269643.434 16642441.970 2460482.572 66989521478670.016
3627.000 3684.000 62993025.000 1.000 1260.000 560.000 557.000 89590.001 2664690.777 2049288.397 1910776.956 1675263463.785 42862585004036.734
3745.000 3880.000 62993035.000 1.000 1260.000 560.000 287.000 84710.591 2293371.195 1526543.232 1310094.189 1299643774.349 51088687690294.789
4137.000 5787.000 62993125.000 0.000 1250.000 550.000 369.000 54601.174 1259754.957 450867.150 16934653.498 35297328.143 71858243846428.531
4208.000 5907.000 62993135.000 1.000 1260.000 540.000 371.000 11356.400 1105416.852 626419.091 1403244.559 1391559956.534 49765754971162.477
4208.000 5936.000 62993145.000 1.000 1260.000 540.000 367.000 7773.038 1105416.852 673165.143 5006617.748 1671745178.069 11910170949318.523
4221.000 5921.000 62993155.000 1.000 1280.000 540.000 362.000 20558.068 1078249.763 648776.150 3733530.847 789719624.421 22318051030131.906
4237.000 5871.000 62993165.000 1.000 1280.000 540.000 362.000 30092.110 1045277.345 570729.509 9630719.050 344767227.727 1375904951915.595
4213.000 5798.000 62993175.000 1.000 1290.000 530.000 367.000 54685.366 1094927.971 465760.412 1422605.263 36304811.956 49492970226107.938
4162.000 5668.000 62993185.000 1.000 1300.000 530.000 371.000 58318.168 1204260.554 305219.143 563016.634 93279850.899 62326488090071.672
4095.000 5535.000 62993195.000 1.000 1310.000 520.000 371.000 59755.902 1355799.554 175952.076 1353725.173 123118629.652 50466874646665.000
4022.000 5401.000 62993205.000 1.000 1310.000 520.000 376.000 63212.810 1531129.210 81491.076 8912217.920 211783739.139 206559905054.900
3945.000 5241.000 62993216.000 1.000 1330.000 520.000 386.000 38178.490 1727615.971 15741.822 9225152.636 109862440.635 588938575532.041
3901.000 5154.000 62993226.000 1.000 1340.000 520.000 393.000 14620.899 1845218.121 1479.665 2658532.848 1158661659.384 33630679497242.027
3896.000 5117.000 62993236.000 1.000 1340.000 520.000 394.000 7832.000 1858827.001 2.150 8459810.770 1666927098.293 4332514.363
3916.000 5117.000 62993246.000 1.000 1350.000 520.000 405.000 29435.194 1804691.479 2.150 7592862.803 369593878.777 747994058878.728
3979.000 5158.000 62993256.000 1.000 1350.000 530.000 410.000 48824.527 1639393.583 1803.397 5767556.854 27063.032 7237027793092.310
4086.000 5222.000 62993266.000 1.000 1350.000 530.000 404.000 63552.711 1376839.539 11335.098 4153701.592 221792288.566 18524654517430.867
4223.000 5309.000 62993276.000 1.000 1350.000 530.000 392.000 52945.710 1074100.210 37429.255 8756478.315 18367151.249 89250973533.179
4341.000 5375.000 62993286.000 1.000 1340.000 540.000 358.000 30584.938 843436.628 67322.822 876057.367 326708536.700 57481749310559.906
4417.000 5357.000 62993296.000 1.000 1340.000 540.000 259.000 32822.061 709617.643 58306.031 8439980.146 250840899.190 315032493.280
4466.000 5289.000 62993306.000 1.000 1340.000 540.000 226.000 54374.615 629464.613 30090.598 5547191.786 32656612.646 8471228624593.376
4438.000 5153.000 62993316.000 1.000 1330.000 540.000 226.000 68540.069 674678.345 1403.732 4596573.780 395216406.102 14908521955187.730
4353.000 5000.000 62993326.000 1.000 1330.000 540.000 281.000 80278.000 821539.315 13348.009 3447131.838 999696751.303 25106086933417.664
4230.000 4836.000 62993336.000 1.000 1330.000 540.000 364.000 71475.314 1059639.777 78139.024 9431780.767 520537706.709 948776258961.917
4105.000 4703.000 62993346.000 1.000 1310.000 550.000 423.000 47390.072 1332611.792 170183.956 6395792.902 1612764.227 4251581712367.040
4023.000 4614.000 62993356.000 1.000 1310.000 550.000 463.000 31057.608 1528655.434 251535.934 12162159.293 309844856.987 13722801567702.447
3970.000 4555.000 62993366.000 1.000 1310.000 550.000 496.000 0.000 1662521.569 314197.897 13015840.636 2367797404.778 20776378944806.609
3970.000 4555.000 62993376.000 1.000 1310.000 550.000 563.000 33237.591 1662521.569 314197.897 8394555.721 237851271.374 3990901174.659
4040.000 4603.000 62993386.000 1.000 1300.000 540.000 575.000 54674.148 1486907.240 262690.673 11666789.600 36169753.104 10298068004414.045
4153.000 4685.000 62993396.000 1.000 1290.000 550.000 572.000 84466.767 1224094.539 185359.165 646170.936 1282123234.936 61020444085429.430
4308.000 4835.000 62993406.000 1.000 1290.000 550.000 561.000 82816.688 905139.240 78699.091 298308.740 1166678068.273 66576143886702.812
4454.000 4988.000 62993416.000 1.000 1290.000 550.000 493.000 82054.919 648649.927 16264.815 17846790.148 1115219376.414 88154463593923.281
4595.000 5143.000 62993426.000 1.000 1290.000 550.000 267.000 36480.889 441411.494 754.404 1626795.000 148331196.468 46661663420755.156
4234.000 5795.000 62993506.000 0.000 1290.000 530.000 242.000 69714.699 1051420.673 461674.613 24447790.849 443299569.072 255682068317777.594
4231.000 5617.000 62993516.000 1.000 1300.000 530.000 289.000 7284.181 1057582.001 251468.568 90300880.212 1711959932.532 6698301351086529.000
4246.000 5606.000 62993526.000 1.000 1300.000 530.000 376.000 237878.870 1026955.360 240557.307 506938856.512 35803773746.034 248483434185828128.000
4267.000 5549.000 62993527.000 1.000 1300.000 530.000 395.000 108425.638 984834.061 187893.135 16627543.548 3571929268.867 66745864835056.742
4347.000 5313.000 62993536.000 1.000 1300.000 530.000 469.000 70211.161 832451.971 38992.986 170736.425 464451741.125 68674250922236.609
4386.000 5138.000 62993546.000 1.000 1310.000 520.000 532.000 69775.164 762806.703 504.740 5006839.394 445849367.595 11908641148303.047
4378.000 4960.000 62993556.000 1.000 1310.000 520.000 566.000 82560.760 776844.912 24190.695 3436724.676 1149260271.214 25210487441461.180
4338.000 4753.000 62993566.000 1.000 1310.000 520.000 581.000 91336.870 848955.957 131430.598 1073330.958 1821313650.131 54529338883968.180
4273.000 4529.000 62993576.000 1.000 1310.000 520.000 581.000 88595.984 972961.404 344021.643 5474969.390 1594881336.841 8896856684999.311
4194.000 4317.000 62993586.000 1.000 1310.000 520.000 572.000 74614.959 1135051.718 637655.882 5473637.558 673658934.034 8904803528970.617
4106.000 4148.000 62993596.000 1.000 1330.000 530.000 546.000 60637.335 1330304.016 936121.232 15994092.563 143456109.469 56796771221041.289
4042.000 4007.000 62993606.000 1.000 1310.000 540.000 242.000 19794.402 1482033.688 1228846.703 927318.707 833223818.510 56707083710012.734
4170.000 4496.000 62993706.000 0.000 1290.000 550.000 465.000 43474.655 1186766.345 383821.859 11810755.858 26887995.091 11242787093823.922
4280.000 4481.000 62993716.000 1.000 1280.000 540.000 494.000 13314.400 959200.971 402632.867 7240563.387 1249312750.313 1481492861522.220
4314.000 4481.000 62993726.000 1.000 1280.000 540.000 567.000 31804.092 893758.583 402632.867 6131959.843 284122259.683 5409203570463.907
4394.000 4495.000 62993736.000 1.000 1280.000 540.000 627.000 47462.825 748896.494 385061.927 7301203.430 1433272.384 1337552089645.014
4503.000 4442.000 62993746.000 1.000 1280.000 540.000 646.000 66107.369 572122.897 453647.486 5782122.416 304410037.907 7158872201561.893
4650.000 4359.000 62993756.000 1.000 1260.000 540.000 646.000 80872.748 371353.807 572343.061 3407308.076 1037659938.955 25506754547103.828
4829.000 4256.000 62993766.000 1.000 1260.000 540.000 647.000 89573.739 185233.882 738797.979 27704898.786 1673932521.488 370453533195087.562
5029.000 4145.000 62993776.000 1.000 1270.000 550.000 515.000 18825.785 53078.658 941935.434 204139.698 890081491.204 68121741330130.250
5585.000 6041.000 62994187.000 0.000 1370.000 450.000 379.000 40251.070 106023.136 856488.091 8914568.410 70710415.629 208701971767.602
5554.000 5943.000 62994197.000 1.000 1380.000 460.000 412.000 17486.595 86796.195 684700.673 6578964.586 971782335.502 3529756853277.506
5529.000 5980.000 62994207.000 1.000 1380.000 460.000 407.000 34286.811 72690.598 747302.188 1170614.971 206589095.125 53102035254412.828
5508.000 6065.000 62994217.000 1.000 1380.000 460.000 412.000 37276.124 61807.897 901486.479 10575060.492 129593055.007 4483091373566.529
5589.000 6115.000 62994227.000 1.000 1390.000 450.000 413.000 64280.875 108644.031 998933.121 6688010.305 244011156.395 3131905323812.756
5737.000 6186.000 62994237.000 1.000 1400.000 460.000 417.000 81359.553 228113.166 1145898.352 1236330.542 1069259553.588 52148600032444.992
5918.000 6288.000 62994247.000 1.000 1400.000 470.000 422.000 84516.679 433769.688 1374677.501 129419.884 1285700099.001 69360737740629.617
6100.000 6404.000 62994257.000 1.000 1420.000 470.000 423.000 84847.169 706628.434 1660145.710 3873636.320 1309509858.069 21013908455887.793
6283.000 6520.000 62994267.000 1.000 1430.000 480.000 414.000 74955.350 1047781.404 1972525.919 6515120.471 691444456.340 3773729065306.711
6454.000 6606.000 62994277.000 1.000 1440.000 480.000 418.000 58318.168 1427097.688 2221490.143 5424845.373 93279850.899 9198384919023.238
6587.000 6673.000 62994287.000 1.000 1440.000 490.000 420.000 44465.141 1762553.464 2425701.643 4706643.141 17596997.616 14070647377644.104
6694.000 6711.000 62994297.000 1.000 1440.000 490.000 422.000 32446.134 2058111.419 2545513.091 6491896.242 262890052.031 3864499614757.039
6770.000 6744.000 62994307.000 1.000 1440.000 490.000 422.000 15868.258 2281948.434 2651902.874 4220452.553 1075299559.626 17954514236769.895
6809.000 6755.000 62994317.000 1.000 1440.000 490.000 418.000 5090.800 2401297.166 2687850.135 1226804.480 1898276804.602 52286273762906.805
6822.000 6755.000 62994327.000 1.000 1440.000 490.000 418.000 1958.000 2441756.076 2687850.135 1512967.355 2181078536.157 48229718482722.789
6822.000 6750.000 62994337.000 1.000 1430.000 500.000 417.000 5821.553 2441756.076 2671480.471 2230455.308 1835134130.231 38778941380408.820
6808.000 6745.000 62994347.000 1.000 1430.000 500.000 415.000 11517.302 2398198.942 2655160.807 2659680.628 1379581392.326 33617368411231.949
6791.000 6721.000 62994357.000 1.000 1430.000 500.000 415.000 18309.132 2345835.136 2577522.419 115505.944 921176314.054 69592690533407.289
6760.000 6686.000 62994367.000 1.000 1430.000 500.000 415.000 18604.091 2251836.195 2466364.770 45051.230 903358780.577 70773152321575.781
6729.000 6650.000 62994377.000 1.000 1430.000 500.000 415.000 18719.135 2159759.255 2354587.188 1627149.691 896456507.442 46656817804724.750
6700.000 6612.000 62994387.000 1.000 1430.000 500.000 417.000 22874.267 2075362.763 2239411.740 5309809.349 664904982.729 9909400022437.828
6664.000 6566.000 62994397.000 1.000 1430.000 500.000 425.000 36433.535 1972934.703 2103852.829 3935539.274 149486899.871 20450202637767.238
6624.000 6482.000 62994407.000 1.000 1430.000 500.000 438.000 46483.431 1862165.748 1867230.471 2851399.764 4737533.340 31430930874300.824
6577.000 6373.000 62994417.000 1.000 1430.000 500.000 465.000 53764.840 1736101.225 1581221.792 144019.124 26059202.090 69117776902500.281
6530.000 6244.000 62994427.000 1.000 1430.000 500.000 486.000 53397.069 1614454.703 1273436.456 390520.359 22439647.015 65079860109369.625
6483.000 6116.000 62994437.000 1.000 1430.000 500.000 496.000 52399.826 1497226.180 1000933.053 802443.616 13986159.802 58603398914681.328
6444.000 5988.000 62994447.000 1.000 1430.000 500.000 488.000 50350.685 1403305.449 761197.650 5095048.860 2858353.063 11307619746401.895
6410.000 5864.000 62994457.000 1.000 1430.000 500.000 483.000 37339.835 1323907.837 560201.979 3389939.832 128146555.487 25682490099270.910
6394.000 5770.000 62994467.000 1.000 1430.000 500.000 472.000 28683.196 1287344.255 428326.292 3221332.145 399073438.985 27419855172434.137
6388.000 5697.000 62994477.000 1.000 1420.000 500.000 440.000 20457.118 1273764.912 338103.195 3769540.425 795403599.139 21979114934426.215
6383.000 5645.000 62994487.000 1.000 1420.000 500.000 320.000 10831.121 1262503.792 280334.688 337044.246 1431025489.453 65945525757955.289
6377.000 5618.000 62994497.000 1.000 1420.000 500.000 136.000 9970.436 1249056.449 252472.501 3879049.315 1496883797.489 20964310411634.324
6308.000 5728.000 62994548.000 0.000 1400.000 520.000 86.000 60489.209 1099587.001 375115.113 10513699.121 139929746.826 4227011901901.535
6296.000 5882.000 62994558.000 1.000 1400.000 520.000 222.000 33641.152 1074564.315 587470.770 9364726.316 225566352.290 822643585726.546
6314.000 5966.000 62994568.000 1.000 1400.000 520.000 249.000 9727.142 1112206.345 723293.128 3259962.702 1515768876.051 27016777614770.895
6330.000 5985.000 62994578.000 1.000 1400.000 520.000 274.000 18051.868 1146209.927 755971.852 5280131.943 936858879.772 10097124967790.113
6360.000 5950.000 62994588.000 1.000 1400.000 520.000 287.000 31535.351 1211346.643 696334.203 6692178.887 293254238.519 3117168263387.411
6398.000 5879.000 62994598.000 1.000 1400.000 520.000 322.000 48624.674 1296437.151 582880.971 163725.610 1249.237 68790497221679.555
6415.000 5756.000 62994608.000 1.000 1390.000 520.000 351.000 48206.580 1335438.957 410197.232 4140077.436 205606.514 18642117624921.430
6410.000 5633.000 62994618.000 1.000 1390.000 520.000 371.000 37634.370 1323907.837 267771.494 2982521.150 121564925.833 29977904293712.418
6390.000 5539.000 62994628.000 1.000 1390.000 520.000 371.000 30018.126 1278283.360 179323.807 7021059.448 347520157.651 2064020265714.953
6370.000 5465.000 62994638.000 1.000 1390.000 520.000 376.000 12088.965 1233458.882 122126.777 3287332.409 1337441957.375 26733004017909.441
6357.000 5437.000 62994648.000 1.000 1390.000 520.000 384.000 3694.347 1204751.971 103340.658 3616185.166 2021911617.473 23440549608443.133
6365.000 5442.000 62994658.000 1.000 1390.000 520.000 396.000 12928.732 1222377.763 106580.322 14247713.594 1276724838.145 33523918116427.309
6384.000 5469.000 62994668.000 1.000 1390.000 520.000 396.000 49312.066 1264752.016 124938.509 5283401.803 425165.884 10076355062782.301
6455.000 5573.000 62994678.000 1.000 1390.000 520.000 393.000 62803.899 1429487.912 209275.524 3389003.908 200049354.332 25691977106806.094
6540.000 5709.000 62994688.000 1.000 1390.000 520.000 384.000 71458.148 1639966.942 352202.389 3689164.917 519754706.657 22739206281684.391
6633.000 5866.000 62994698.000 1.000 1390.000 520.000 334.000 62037.400 1886809.763 563199.844 20542927.561 178954334.599 146052016990271.000
6709.000 6005.000 62994708.000 1.000 1390.000 520.000 178.000 9578.443 2101374.777 791150.509 8203650.721 1527369547.062 64555924672.611
6603.000 6066.000 62994758.000 0.000 1400.000 520.000 22.000 114323.728 1805293.046 903386.412 20284412.430 4311722739.420 139870433840392.500
6328.000 5968.000 62994768.000 1.000 1400.000 520.000 94.000 62524.922 1141931.479 726698.994 2977924.158 192235547.823 30028264402182.262
6186.000 5895.000 62994778.000 1.000 1400.000 520.000 193.000 54920.417 858609.688 607567.897 1987290.897 39192588.818 41866573136336.633
6076.000 5808.000 62994788.000 1.000 1400.000 520.000 292.000 49845.619 666855.061 479509.740 2792378.987 1405648.439 32096194177169.062
5985.000 5719.000 62994798.000 1.000 1400.000 520.000 374.000 42714.927 526512.688 364171.718 791080.558 35344113.476 58777502944252.531
5928.000 5626.000 62994808.000 1.000 1410.000 510.000 427.000 44735.051 447041.927 260575.964 4021367.420 15405370.228 19681306736706.875
5871.000 5527.000 62994818.000 1.000 1410.000 510.000 474.000 55004.120 374069.166 169304.613 4339855.309 40247623.274 16956886211685.289
5811.000 5400.000 62994828.000 1.000 1410.000 510.000 499.000 66086.488 304275.733 80921.143 834357.449 303681837.674 58115798389599.188
5723.000 5256.000 62994838.000 1.000 1410.000 510.000 512.000 68217.125 214936.031 19730.815 710210.851 382480412.901 60024042128754.203
5618.000 5117.000 62994848.000 1.000 1410.000 510.000 516.000 70030.738 128602.524 2.150 149229.362 456707650.034 69031171231712.828
5508.000 4976.000 62994858.000 1.000 1420.000 500.000 512.000 70411.814 61807.897 19469.621 5708573.671 473140605.526 7557856676422.022
5399.000 4833.000 62994868.000 1.000 1410.000 510.000 504.000 55834.251 19491.494 79825.225 15437212.692 51469611.322 48713188409151.203
5322.000 4713.000 62994878.000 1.000 1410.000 510.000 373.000 16413.381 3920.255 162033.285 938613.813 1039845632.944 56537097717673.109
5421.000 5077.000 62994968.000 0.000 1350.000 520.000 120.000 37985.200 26118.419 1484.837 6468651.649 113951750.964 3956429904572.566
5421.000 4980.000 62994978.000 1.000 1350.000 520.000 207.000 21466.682 26118.419 18369.352 5171419.084 739477552.437 10799834840519.275
5378.000 5014.000 62994988.000 1.000 1350.000 520.000 217.000 8260.811 14068.792 10309.068 2468180.788 1632095970.246 35874691386228.219
5360.000 5025.000 62994998.000 1.000 1340.000 510.000 220.000 1958.000 10122.763 8196.329 766752.800 2181078536.157 59151119534629.648
5360.000 5020.000 62995008.000 1.000 1340.000 510.000 212.000 0.000 10122.763 9126.665 920103.360 2367797404.778 56815804822217.398
5360.000 5020.000 62995018.000 1.000 1340.000 510.000 216.000 2349.600 10122.763 9126.665 2989584.048 2144654865.792 29900612504845.965
5360.000 5026.000 62995028.000 1.000 1340.000 510.000 225.000 9983.880 10122.763 8016.262 997530.512 1495843692.735 55654565967221.672
5385.000 5031.000 62995038.000 1.000 1340.000 510.000 232.000 12531.200 15778.360 7145.927 2760310.080 1305291529.441 32460585776631.461
5417.000 5031.000 62995048.000 1.000 1340.000 510.000 240.000 19580.000 24841.524 7145.927 496139.186 845647478.565 63386917154809.695
5467.000 5031.000 62995058.000 1.000 1340.000 510.000 262.000 20846.954 43102.718 7145.927 5706719.445 773566559.372 7568055226269.428
5520.000 5026.000 62995068.000 1.000 1350.000 510.000 315.000 35419.782 67918.583 8016.262 3438537.784 175303863.762 25192283481515.574
5610.000 5017.000 62995078.000 1.000 1350.000 510.000 399.000 44200.522 122928.733 9708.867 9742131.599 19887109.433 1649689263826.546
5722.000 5031.000 62995088.000 1.000 1360.000 510.000 452.000 69078.284 214009.807 7145.927 9643012.548 416905564.200 1404896376282.255
5896.000 5060.000 62995098.000 1.000 1360.000 510.000 489.000 93702.933 405274.763 3083.979 6974506.040 2028864142.621 2199951241141.330
6126.000 5126.000 62995108.000 1.000 1360.000 510.000 512.000 111513.214 751016.255 109.546 9315320.102 3950524178.933 735461982439.806
6393.000 5225.000 62995118.000 1.000 1360.000 510.000 524.000 135301.059 1285076.031 11982.897 6263286.427 7506669891.164 4815579526021.173
6717.000 5345.000 62995128.000 1.000 1370.000 520.000 518.000 119306.967 2124632.569 52654.837 6230252.226 4990991326.035 4961654118403.861
7003.000 5450.000 62995138.000 1.000 1370.000 520.000 516.000 103397.232 3040182.598 111867.785 10107976.067 2996162536.843 2723314389617.084
7263.000 5496.000 62995148.000 1.000 1360.000 520.000 520.000 77585.240 4014460.807 144754.695 12939470.020 836668436.234 20085999874851.016
7461.000 5503.000 62995158.000 1.000 1370.000 530.000 442.000 44542.671 4847095.136 150130.225 7342705.982 16952550.804 1243277001289.707
7574.000 5490.000 62995168.000 1.000 1370.000 530.000 334.000 25792.145 5357428.434 140225.098 7472376.490 522939640.460 970920161594.110
7631.000 5457.000 62995178.000 1.000 1370.000 530.000 165.000 44873.801 5624543.195 116599.315 2433083.424 14335443.296 36296357939881.164
6292.000 5097.000 62995299.000 0.000 1390.000 550.000 422.000 120053.345 1066287.419 343.494 39727527.866 5097007062.342 977800302313177.250
6323.000 4792.000 62995309.000 1.000 1390.000 550.000 438.000 18604.091 1131270.360 104673.979 12020980.052 903358780.577 12696755916496.387
6299.000 4751.000 62995319.000 1.000 1390.000 550.000 443.000 49301.180 1080792.986 132884.732 4574037.983 411088.012 15083058251334.916
6236.000 4642.000 62995329.000 1.000 1390.000 550.000 460.000 60981.563 953770.882 224234.053 8501681.426 151820457.762 1931789316.615
6251.000 4487.000 62995339.000 1.000 1390.000 550.000 448.000 39271.447 983294.240 395054.464 739896.872 88145275.651 59564937397804.461
6280.000 4391.000 62995349.000 1.000 1390.000 550.000 442.000 41160.867 1041648.733 524948.912 5213440.505 56237273.892 10525409790035.336
6318.000 4293.000 62995359.000 1.000 1390.000 550.000 440.000 27847.689 1120659.240 676561.494 3460147.055 433153061.080 24975828302737.312
6349.000 4229.000 62995369.000 1.000 1380.000 550.000 443.000 19011.767 1187254.180 785941.792 2673858.114 879018819.662 33453165904571.617
6375.000 4188.000 62995379.000 1.000 1380.000 550.000 427.000 12183.733 1244590.001 860318.546 3022684.430 1330519407.144 29539712746741.473
6397.000 4166.000 62995389.000 1.000 1360.000 550.000 393.000 4464.927 1294160.927 901614.024 1748465.413 1953206116.651 45014221915065.766
6404.000 4157.000 62995399.000 1.000 1360.000 550.000 384.000 0.000 1310136.494 918786.628 3833764.000 2367797404.778 21381055102264.035
6404.000 4157.000 62995409.000 1.000 1360.000 550.000 386.000 9790.000 1310136.494 918786.628 5763824.906 1510878341.671 7257120887892.563
6404.000 4182.000 62995419.000 1.000 1350.000 550.000 389.000 24508.654 1310136.494 871484.949 3726271.758 583288409.375 22386690478563.453
6418.000 4243.000 62995429.000 1.000 1350.000 550.000 399.000 34024.159 1342381.628 761314.852 5812421.292 214208384.614 6997654460998.991
6436.000 4328.000 62995439.000 1.000 1350.000 550.000 394.000 48866.910 1384415.658 620209.143 3016903.630 42804.074 29602583979167.430
6482.000 4444.000 62995449.000 1.000 1350.000 550.000 402.000 56570.954 1494779.957 450957.352 4230242.161 62582899.777 17871647516499.297
6545.000 4574.000 62995459.000 1.000 1350.000 550.000 404.000 67373.411 1652798.061 293258.621 5472573.190 350191057.183 8911157005369.881
6645.000 4714.000 62995469.000 1.000 1350.000 550.000 400.000 53398.505 1919920.449 161229.218 3343010.097 22453253.886 26160352532903.738
6750.000 4801.000 62995479.000 1.000 1350.000 550.000 394.000 44861.707 2221923.957 98931.374 5734982.783 14427170.591 7413348599757.232
6860.000 4833.000 62995489.000 1.000 1350.000 550.000 394.000 30216.705 2561958.583 79825.225 660268.928 340155814.511 60800388264141.141
6937.000 4828.000 62995499.000 1.000 1350.000 550.000 389.000 31902.785 2814381.822 82675.561 2688574.834 280804876.074 33283143260877.121
6991.000 4767.000 62995509.000 1.000 1350.000 550.000 391.000 38768.400 2998479.912 121475.658 5356967.387 97844117.435 9614724445577.479
6991.000 4668.000 62995519.000 1.000 1360.000 560.000 394.000 52448.092 2998479.912 200286.307 6938050.429 14349500.502 2309423873152.646
6938.000 4545.000 62995529.000 1.000 1360.000 560.000 400.000 70165.279 2817738.046 325508.568 391339.586 462476227.247 65066643029743.102
6840.000 4395.000 62995539.000 1.000 1360.000 560.000 417.000 71164.614 2498334.106 519168.643 5209511.974 506456816.603 10550915801605.035
6711.000 4267.000 62995549.000 1.000 1360.000 560.000 446.000 57861.468 2107177.225 720009.240 9388631.538 84666672.077 866578975372.618
6617.000 4153.000 62995559.000 1.000 1360.000 560.000 483.000 33886.413 1843110.180 926470.897 9772988.504 218259420.793 1729906771812.334
6545.000 4105.000 62995569.000 1.000 1360.000 560.000 517.000 8929.854 1652798.061 1021178.121 67908.139 1578485974.755 70389099125647.328
6527.000 4091.000 62995579.000 1.000 1360.000 560.000 527.000 8756.442 1606840.031 1049669.061 8072269.313 1592295421.065 148579402133.223
6547.000 4101.000 62995589.000 1.000 1360.000 560.000 533.000 29370.000 1657944.509 1029278.389 11868951.142 372104815.458 11636434450424.660
6592.000 4161.000 62995599.000 1.000 1360.000 560.000 535.000 59678.864 1775854.583 911134.359 6302991.143 121414955.166 4642896528335.252
6692.000 4276.000 62995609.000 1.000 1360.000 560.000 530.000 75774.347 2052376.971 704816.635 1571561.288 735186807.578 47419309899410.242
6813.000 4427.000 62995619.000 1.000 1360.000 560.000 518.000 71761.167 2413710.061 474078.494 6693473.516 533663059.950 3112598473918.531
6947.000 4552.000 62995629.000 1.000 1380.000 570.000 472.000 54668.538 2848034.061 317570.098 5258994.941 36102306.044 10231901504054.309
7039.000 4657.000 62995639.000 1.000 1380.000 570.000 389.000 41239.031 3167018.658 210253.046 3055904.249 55071056.140 29179713889391.461
7092.000 4748.000 62995649.000 1.000 1380.000 570.000 285.000 33435.394 3358466.524 135080.934 122707.077 231789192.529 69472595469908.891
7119.000 4829.000 62995659.000 1.000 1380.000 570.000 177.000 33122.046 3458156.569 82101.494 1995038.703 241428590.802 41766369761860.500
7084.000 4906.000 62995669.000 1.000 1380.000 570.000 91.000 38216.629 3329208.733 43904.322 2434082.609 109064385.184 36284319466671.172
7014.000 4974.000 62995679.000 1.000 1380.000 570.000 60.000 44432.366 3078663.061 20031.755 643593.425 17873046.039 61060719484216.797
6921.000 5039.000 62995689.000 1.000 1380.000 570.000 56.000 46075.863 2760954.240 5857.389 3545393.284 6677859.880 24131045141166.043
6821.000 5101.000 62995699.000 1.000 1380.000 570.000 101.000 37022.254 2438631.852 211.225 6805889.737 135437563.600 2728573944271.190
6734.000 5138.000 62995709.000 1.000 1380.000 570.000 171.000 19642.556 2174480.374 504.740 3017976.223 842013132.537 29590913546565.898
6688.000 5158.000 62995719.000 1.000 1380.000 550.000 216.000 11935.773 2040932.076 1803.397 3453530.973 1348670210.833 25042000903157.195
6665.000 5138.000 62995729.000 1.000 1380.000 550.000 282.000 20754.800 1975744.927 504.740 3394140.917 778701222.032 25639927319745.699
6665.000 5085.000 62995739.000 1.000 1380.000 550.000 362.000 29422.167 1975744.927 932.300 9515830.267 370094932.059 1119577654842.343
6678.000 5011.000 62995749.000 1.000 1380.000 550.000 430.000 53722.040 2012459.837 10927.270 497695.013 25624061.213 63362145861680.516
6696.000 4875.000 62995759.000 1.000 1380.000 550.000 456.000 54992.967 2063853.867 57856.404 91532.976 40106236.137 69993240943761.039
6716.000 4736.000 62995769.000 1.000 1380.000 550.000 485.000 55226.708 2121718.345 144045.740 22279.690 43121410.401 71156810134998.828
6733.000 4596.000 62995779.000 1.000 1380.000 550.000 498.000 55283.602 2171532.151 269915.143 126720.977 43871857.788 69405699689894.508
6740.000 4455.000 62995789.000 1.000 1380.000 550.000 498.000 55607.200 2192211.718 436304.613 739346.674 48263330.172 59573430372455.516
6740.000 4313.000 62995799.000 1.000 1380.000 550.000 495.000 53719.185 2192211.718 644060.150 2305052.759 25595165.222 37855428627033.492
6747.000 4176.000 62995809.000 1.000 1390.000 550.000 488.000 47832.942 2212989.285 882723.352 1072079.404 684055.611 54547824396922.438
6753.000 4054.000 62995819.000 1.000 1380.000 550.000 443.000 45095.252 2230876.628 1126853.546 3058600.807 12707560.519 29150588491700.871
6759.000 3939.000 62995829.000 1.000 1360.000 550.000 230.000 37284.729 2248835.971 1384231.270 75797.089 129397212.227 70256787601871.938
6422.000 3364.000 62995899.000 0.000 1340.000 560.000 309.000 38639.631 1351666.524 3067869.889 9405735.451 100408166.548 898715660968.411
6392.000 3270.000 62995909.000 1.000 1320.000 570.000 443.000 14620.899 1282809.807 3405994.203 4072104.683 1158661659.384 19233703287553.055
6387.000 3307.000 62995919.000 1.000 1320.000 570.000 469.000 25019.532 1271508.688 3270793.718 8235229.737 558872604.074 49506055855.659
6406.000 3368.000 62995929.000 1.000 1320.000 570.000 510.000 46049.230 1314718.942 3053873.621 10278891.062 6816216.826 3316630160747.909
6494.000 3446.000 62995939.000 1.000 1320.000 570.000 559.000 72297.675 1524266.643 2787342.382 12571904.079 558738802.695 16926434106234.023
6621.000 3580.000 62995949.000 1.000 1310.000 570.000 584.000 104401.618 1853987.076 2357863.382 5559018.890 3107125909.827 8402522045217.413
6812.000 3766.000 62995959.000 1.000 1320.000 580.000 591.000 118597.274 2410603.837 1821240.889 4264318.410 4891219700.609 17584694898410.404
7018.000 3988.000 62995969.000 1.000 1320.000 580.000 569.000 107707.799 3092715.957 1271331.979 35408963.066 3486640376.688 726369001470760.375
7235.000 4157.000 62995979.000 1.000 1320.000 580.000 386.000 17286.545 3903042.539 918786.628 865690.734 984294842.265 57639049598566.227
7373.000 4673.000 62996100.000 0.000 1410.000 560.000 402.000 44035.416 4467355.434 195835.971 10558114.002 21386948.697 4411615893370.424
7454.000 4595.000 62996110.000 1.000 1410.000 560.000 444.000 17073.940 4816321.569 270955.210 5701115.649 997680357.837 7598918824849.928
7489.000 4621.000 62996120.000 1.000 1410.000 560.000 517.000 31632.458 4971169.404 244563.464 6589202.968 289937818.106 3491390656068.634
7558.000 4579.000 62996130.000 1.000 1410.000 560.000 540.000 48458.819 5283616.852 287868.285 1212871.744 40481.257 52487961017165.141
7646.000 4492.000 62996140.000 1.000 1410.000 560.000 538.000 51556.040 5695916.554 388794.128 20189345.264 8386940.269 137630813109882.531
7728.000 4389.000 62996150.000 1.000 1410.000 560.000 522.000 0.000 6094044.912 527851.046 0.000 2367797404.778 71533184924260.250
