3252.000 6375.000 25826640.000 0.000 1470.000 550.000 1.000 36208.149 10903245.404 2844953.718 8819852.986 424485763.340 32641522468778.035
3257.000 6462.000 25826650.000 1.000 1470.000 550.000 49.000 14981.066 10870250.342 3146008.354 1857141.653 1749760217.721 160680654459473.219
3269.000 6496.000 25826660.000 1.000 1470.000 550.000 56.000 10511.411 10791266.191 3267775.890 1033254.181 2143670580.169 182246619317323.531
3277.000 6520.000 25826670.000 1.000 1470.000 550.000 75.000 8024.638 10738770.091 3355121.445 929636.792 2380128756.881 185054999435542.531
3284.000 6538.000 25826680.000 1.000 1470.000 550.000 106.000 5787.245 10692941.003 3421386.611 1023478.297 2603444114.681 182510661305134.094
3289.000 6551.000 25826690.000 1.000 1470.000 550.000 127.000 3324.000 10660265.940 3469647.786 1381122.000 2860880700.995 172975287337609.219
3289.000 6559.000 25826700.000 1.000 1470.000 550.000 148.000 0.000 10660265.940 3499514.971 0.000 3227512591.119 211211837657195.344
3289.000 6559.000 25826710.000 1.000 1470.000 550.000 134.000 0.000 10660265.940 3499514.971 1867389.960 3227512591.119 160420944668165.156
3289.000 6559.000 25826720.000 1.000 1470.000 550.000 148.000 4494.320 10660265.940 3499514.971 6655165.297 2737056067.089 62062311632317.352
3298.000 6553.000 25826730.000 1.000 1470.000 550.000 186.000 20511.565 10601576.828 3477102.583 4252823.243 1317663594.215 105684685839557.688
3304.000 6504.000 25826740.000 1.000 1470.000 550.000 205.000 30747.000 10562540.752 3296763.075 9710309.790 679342588.475 23259584842492.070
3304.000 6430.000 25826750.000 1.000 1470.000 550.000 230.000 54117.180 10562540.752 3033515.614 8266090.791 7257750.669 39275767536414.945
3296.000 6300.000 25826760.000 1.000 1470.000 550.000 256.000 74011.502 10614604.853 2597573.859 5333750.232 295850344.785 84628569164243.609
3276.000 6123.000 25826770.000 1.000 1470.000 550.000 252.000 86848.446 10745325.103 2058361.392 2059762.721 902236070.241 155584865580441.031
3247.000 5916.000 25826780.000 1.000 1470.000 550.000 259.000 91805.757 10936290.467 1507244.981 1705519.470 1224618929.891 164547565483203.406
3211.000 5698.000 25826790.000 1.000 1460.000 550.000 280.000 87701.017 11175690.919 1019492.191 414776.199 954180715.084 199327884964987.094
3165.000 5492.000 25826800.000 1.000 1460.000 550.000 304.000 88699.275 11485363.495 645932.178 1161602.547 1016849245.436 178797718879645.781
3109.000 5286.000 25826810.000 1.000 1450.000 550.000 338.000 91494.949 11868068.198 357244.166 2577771.141 1202962355.757 142930580818232.281
3046.000 5075.000 25826820.000 1.000 1440.000 560.000 381.000 85290.927 12306107.988 149536.163 5023793.049 811094776.965 90427469657467.000
2985.000 4879.000 25826830.000 1.000 1440.000 560.000 409.000 73199.969 12737805.752 36366.131 3761929.106 268591707.310 116018746509153.078
2926.000 4713.000 25826840.000 1.000 1440.000 570.000 418.000 64145.988 13162429.492 610.044 4808378.736 53799096.197 94570767112707.469
2873.000 4568.000 25826850.000 1.000 1430.000 570.000 418.000 52573.476 13549807.157 14472.316 2408636.464 17958315.567 147003318526833.875
2830.000 4449.000 25826860.000 1.000 1430.000 570.000 415.000 46776.517 13868222.696 57264.940 2064052.758 100694888.642 155477861579413.438
2795.000 4342.000 25826870.000 1.000 1420.000 580.000 417.000 41808.881 14130128.135 119924.341 4864998.506 225069613.848 93472746667954.953
2777.000 4243.000 25826880.000 1.000 1410.000 590.000 398.000 30100.100 14265776.361 198292.928 2819787.426 713482931.704 137202370125221.234
2769.000 4171.000 25826890.000 1.000 1390.000 600.000 275.000 23313.608 14326272.461 267600.263 3266698.924 1122088755.695 126932445980281.375
2896.000 4775.000 25827000.000 0.000 1310.000 610.000 294.000 109796.612 13381009.868 7516.727 14882769.570 2807453748.941 122248549203.435
3071.000 4973.000 25827010.000 1.000 1310.000 610.000 376.000 73977.672 12131332.674 81053.555 5851014.907 294687716.907 75379104602071.375
3181.000 5113.000 25827020.000 1.000 1290.000 600.000 427.000 88059.537 11377171.295 180369.291 6229077.111 976458485.137 68957277276128.312
3302.000 5287.000 25827030.000 1.000 1310.000 600.000 461.000 73067.775 10575544.777 358440.564 1315022.598 264276189.044 174718336060181.031
3440.000 5396.000 25827040.000 1.000 1310.000 600.000 471.000 69902.859 9697035.047 500837.959 1224077.543 171391501.802 177130849885195.625
3588.000 5476.000 25827050.000 1.000 1310.000 600.000 474.000 72848.894 8797193.191 620469.808 3735981.546 257207587.713 116578392494506.703
3752.000 5538.000 25827060.000 1.000 1320.000 590.000 470.000 63857.362 7851239.135 721988.492 6142904.488 49648380.862 70395866857510.484
3898.000 5586.000 25827070.000 1.000 1320.000 590.000 473.000 49072.995 7054369.304 805863.602 3516066.537 59879836.465 121375664651514.672
4008.000 5629.000 25827080.000 1.000 1310.000 580.000 467.000 40610.741 6482147.925 884914.721 5768283.872 262454913.353 76822509591055.344
4100.000 5662.000 25827090.000 1.000 1310.000 580.000 466.000 26727.988 6022146.771 948089.859 4890430.014 904999721.378 92981643155076.188
4163.000 5675.000 25827100.000 1.000 1340.000 580.000 450.000 14958.000 5716910.981 973575.034 1452555.591 1751690457.563 171101399922091.281
4199.000 5675.000 25827110.000 1.000 1340.000 580.000 394.000 11462.078 5546054.530 973575.034 5413034.695 2056542982.458 83176119583972.875
4218.000 5655.000 25827120.000 1.000 1340.000 580.000 267.000 24489.839 5456925.292 934507.072 26574544.014 1044670459.773 144995676263077.531
4203.000 5598.000 25827130.000 1.000 1340.000 580.000 13.000 88447.827 5527230.480 827552.379 626010.166 1000876086.812 193407953427175.281
2995.000 4111.000 25827220.000 0.000 1320.000 590.000 379.000 74888.040 12666525.627 333276.376 26637305.289 326772098.032 146511084362654.656
2916.000 3949.000 25827230.000 1.000 1320.000 590.000 464.000 10779.002 13235089.618 546565.881 4928238.436 2118963370.750 92253922169159.266
2893.000 3961.000 25827240.000 1.000 1320.000 590.000 467.000 22639.985 13402966.906 528966.658 5341454.849 1167672022.200 84486873145739.047
2930.000 4001.000 25827250.000 1.000 1310.000 600.000 467.000 35495.472 13133421.442 472382.583 15101924.214 454360314.829 323528029654.081
3007.000 4038.000 25827260.000 1.000 1310.000 600.000 468.000 71841.860 12581253.477 422891.313 6302488.067 225920701.493 67743449673310.969
3157.000 4124.000 25827270.000 1.000 1310.000 600.000 470.000 87010.303 11539651.596 318435.551 1107128.835 911985744.566 180257479623673.125
3330.000 4242.000 25827280.000 1.000 1290.000 600.000 477.000 89674.873 10394216.426 199184.529 1850556.809 1080020918.780 160847636617699.938
3518.000 4348.000 25827290.000 1.000 1290.000 600.000 485.000 85221.066 9217334.069 115804.730 7833349.203 807120413.288 44887048925630.477
3706.000 4430.000 25827300.000 1.000 1290.000 600.000 488.000 66368.240 8111139.712 66719.376 6974588.817 91336989.055 57131529243755.000
3851.000 4497.000 25827310.000 1.000 1290.000 600.000 488.000 49582.226 7306242.893 36596.050 7107837.174 52258083.630 55134958255000.031
3967.000 4525.000 25827320.000 1.000 1290.000 600.000 488.000 32475.518 6692601.439 26667.197 4922202.468 592225480.808 92369908225881.812
4045.000 4520.000 25827330.000 1.000 1280.000 610.000 486.000 20629.062 6295112.461 28325.207 4125607.945 1309147203.032 108316493884773.000
4086.000 4492.000 25827340.000 1.000 1280.000 610.000 485.000 30558.323 6091054.947 38534.059 10073866.473 689213618.096 19885022016703.340
4101.000 4420.000 25827350.000 1.000 1280.000 610.000 486.000 54803.489 6017239.759 71985.395 8190050.551 4030908.608 40234643828947.219
4062.000 4294.000 25827360.000 1.000 1290.000 610.000 485.000 74514.802 6210095.248 155473.232 4272094.548 313417478.378 105288827408439.516
3983.000 4133.000 25827370.000 1.000 1290.000 610.000 478.000 84796.618 6610073.238 308359.134 6653173.390 783183548.873 62093699941982.648
3878.000 3958.000 25827380.000 1.000 1290.000 610.000 477.000 100809.069 7161009.555 533339.464 5196218.070 1935812363.719 87177905153602.156
3735.000 3762.000 25827390.000 1.000 1290.000 610.000 478.000 113315.009 7946796.348 858033.432 1140613.149 3192680286.618 179359480014391.812
3561.000 3552.000 25827400.000 1.000 1290.000 610.000 496.000 110569.851 8958086.530 1291179.827 7675953.648 2889992419.488 47020853395957.922
3365.000 3372.000 25827410.000 1.000 1290.000 610.000 520.000 92095.835 10169760.988 1732648.166 9032466.830 1245005376.604 30257283977877.570
3200.000 3224.000 25827420.000 1.000 1270.000 620.000 526.000 70357.046 11249358.056 2144177.244 13836397.223 183489909.121 485435127207.779
3088.000 3097.000 25827430.000 1.000 1270.000 620.000 527.000 37056.451 12013199.461 2532238.683 12979991.890 390250158.709 2412234789115.119
3011.000 3052.000 25827440.000 1.000 1290.000 630.000 541.000 5817.000 12552893.426 2677480.768 1557513.384 2600408564.403 168366599834344.469
2997.000 3052.000 25827450.000 1.000 1290.000 630.000 535.000 9565.528 12652293.602 2677480.768 18594563.199 2232153643.882 16495247996900.264
3010.000 3071.000 25827460.000 1.000 1270.000 630.000 529.000 54317.786 12559980.439 2615662.332 11801981.664 6217119.769 7459165606797.072
3041.000 3198.000 25827470.000 1.000 1270.000 630.000 514.000 82722.074 12341213.050 2220996.893 2658182.440 671373325.002 141014355089167.781
3112.000 3384.000 25827480.000 1.000 1270.000 630.000 468.000 89119.625 11847407.160 1701200.943 2823160.833 1043834243.133 137123353768380.531
3183.000 3609.000 25827491.000 1.000 1270.000 630.000 418.000 96593.697 11363683.270 1164890.520 4315261.258 1582646965.542 104404820578907.062
3252.000 3831.000 25827501.000 1.000 1270.000 630.000 422.000 86207.990 10903245.404 734964.902 15712203.135 864171186.923 1390215886688.728
3314.000 4029.000 25827511.000 1.000 1270.000 630.000 422.000 48392.820 10497640.627 434677.730 10815064.874 70869143.411 13824000621591.299
3372.000 4130.000 25827521.000 1.000 1270.000 630.000 415.000 22363.783 10125163.900 311699.940 4455143.073 1186624626.304 101565799739119.922
3403.000 4174.000 25827531.000 1.000 1270.000 630.000 420.000 11641.417 9928840.511 264505.457 10669891.666 2040309412.094 14924602466629.631
3426.000 4158.000 25827541.000 1.000 1270.000 630.000 433.000 37321.060 9784423.223 281219.087 7972173.570 379865607.197 43046135760130.984
3444.000 4070.000 25827551.000 1.000 1270.000 630.000 440.000 56508.000 9672138.997 382296.053 14329140.750 91931.017 41611193878.305
3444.000 3934.000 25827561.000 1.000 1270.000 630.000 456.000 90994.500 9672138.997 568969.909 517920.750 1168497911.235 196426061448549.594
3444.000 3715.000 25827571.000 1.000 1270.000 630.000 473.000 92241.000 9672138.997 947314.721 1045305.343 1255270637.189 181921386191706.375
3444.000 3493.000 25827581.000 1.000 1270.000 630.000 485.000 94756.777 9672138.997 1428744.338 6224512.843 1439866716.560 69033101945010.992
3439.000 3265.000 25827591.000 1.000 1270.000 630.000 509.000 79776.000 9703264.060 2025785.567 4214873.965 527381980.152 106466386347172.453
3439.000 3073.000 25827601.000 1.000 1270.000 630.000 538.000 69631.899 9703264.060 2609197.128 11349850.353 164370289.973 10133262753130.096
3462.000 2907.000 25827611.000 1.000 1270.000 630.000 554.000 42315.773 9560502.771 3173033.040 6716834.639 210117441.082 61094457068038.641
3496.000 2811.000 25827621.000 1.000 1270.000 630.000 564.000 26150.106 9351402.345 3524258.821 1147713.213 940102763.900 179169354986401.125
3541.000 2767.000 25827631.000 1.000 1270.000 630.000 561.000 28912.352 9078206.781 3691397.304 3697180.494 778345791.267 117417779373439.719
3610.000 2758.000 25827641.000 1.000 1270.000 630.000 563.000 37810.500 8667172.915 3726061.721 12001051.869 361026649.213 6411414445154.550
3694.000 2793.000 25827651.000 1.000 1270.000 630.000 560.000 66693.898 8179635.862 3592165.655 7349960.658 97667694.417 51597906997800.336
3807.000 2907.000 25827661.000 1.000 1250.000 640.000 551.000 84383.334 7546043.445 3173033.040 13348540.806 760222502.612 1403249118170.057
3924.000 3073.000 25827671.000 1.000 1250.000 640.000 492.000 116509.786 6916932.978 2609197.128 8490273.401 3563921017.317 36516103427188.109
4051.000 3323.000 25827681.000 1.000 1250.000 640.000 427.000 136943.657 6265040.386 1864046.658 5396493.640 6421210459.376 83478105152487.641
4183.000 3625.000 25827691.000 1.000 1240.000 640.000 394.000 149931.608 5621670.730 1130608.890 8257539.385 8671410147.301 39383024638730.930
4312.000 3962.000 25827701.000 1.000 1240.000 640.000 386.000 169805.349 5026592.113 527513.056 1209882.816 12767677418.487 177508888078739.250
4413.000 4358.000 25827711.000 1.000 1240.000 640.000 393.000 166893.477 4583907.846 109098.711 16377153.130 12118107427.225 3400425102848.696
4496.000 4751.000 25827721.000 1.000 1220.000 630.000 418.000 127477.946 4235389.806 3931.172 11963664.348 4993788809.020 6602148443451.846
4587.000 5044.000 25827731.000 1.000 1220.000 630.000 491.000 98684.530 3869113.665 126521.821 24711999.200 1753375657.915 103609399160201.344
4650.000 5273.000 25827741.000 1.000 1240.000 630.000 521.000 39209.201 3625239.875 341872.990 12501192.958 309830413.932 4128763956658.632
4693.000 5357.000 25827751.000 1.000 1240.000 630.000 527.000 9122.094 3463344.335 447158.432 3705220.419 2274250953.367 117243603587732.703
4712.000 5368.000 25827761.000 1.000 1260.000 620.000 544.000 18039.592 3392987.097 461990.812 5869402.860 1503237686.326 75060150108226.625
4733.000 5330.000 25827771.000 1.000 1260.000 620.000 537.000 32165.712 3316063.834 411777.683 6733467.519 607400141.956 60834718749433.000
4725.000 5253.000 25827781.000 1.000 1270.000 620.000 557.000 48371.410 3345263.934 318885.028 5300926.563 71230076.886 85233561282890.422
4697.000 5140.000 25827791.000 1.000 1270.000 620.000 557.000 61129.356 3448472.285 204032.040 4081318.554 18646460.167 109240340970957.609
4646.000 5002.000 25827801.000 1.000 1270.000 620.000 559.000 70952.024 3640487.925 98407.100 382205.154 199962867.138 200248644844816.438
4592.000 4840.000 25827811.000 1.000 1290.000 610.000 545.000 71871.892 3849468.602 23012.605 8060146.139 226824404.899 41899506729771.430
4537.000 4676.000 25827821.000 1.000 1290.000 610.000 539.000 52473.225 4068314.292 151.313 6786892.509 18818038.224 60004179308948.734
4492.000 4558.000 25827831.000 1.000 1310.000 610.000 544.000 36138.947 4251869.856 16978.335 10865179.575 427342097.105 13453852763912.914
4479.000 4472.000 25827841.000 1.000 1310.000 610.000 538.000 9989.297 4305651.019 46786.097 4116373.873 2192290720.605 108508786749830.516
4486.000 4449.000 25827851.000 1.000 1320.000 600.000 538.000 19896.334 4276649.931 57264.940 9066876.462 1362707426.457 29879916480667.918
4528.000 4472.000 25827861.000 1.000 1320.000 600.000 537.000 41717.938 4104701.404 46786.097 10997087.945 227806596.504 12503586130128.324
4612.000 4527.000 25827871.000 1.000 1320.000 600.000 538.000 68185.057 3771388.351 26017.993 5361833.877 129364593.891 84112653681965.828
4725.000 4646.000 25827881.000 1.000 1320.000 600.000 537.000 81089.591 3345263.934 1789.370 2100474.657 589440207.293 154570893265310.312
4863.000 4784.000 25827891.000 1.000 1320.000 600.000 546.000 86144.885 2859502.204 9158.310 3571849.905 860465000.460 120149638739707.688
5004.000 4936.000 25827901.000 1.000 1320.000 600.000 550.000 77548.375 2402519.436 61354.824 2032498.026 430030373.805 156265773996836.281
5151.000 5051.000 25827911.000 1.000 1340.000 610.000 565.000 72656.683 1968426.593 131550.608 6561723.087 251079290.871 63543311750727.336
5308.000 5128.000 25827921.000 1.000 1340.000 610.000 567.000 56864.329 1552531.624 193335.263 4834700.246 2822.554 94059519713535.359
5435.000 5179.000 25827931.000 1.000 1340.000 610.000 569.000 45228.468 1252175.031 240785.567 8088732.954 134159710.285 41530240010390.188
5542.000 5199.000 25827941.000 1.000 1340.000 610.000 566.000 25761.000 1024156.690 260813.529 4095834.877 964114999.661 108937107982725.641
5604.000 5199.000 25827951.000 1.000 1340.000 610.000 564.000 15903.395 902511.912 260813.529 1389688.363 1673448614.816 172750030988418.031
5636.000 5178.000 25827961.000 1.000 1340.000 610.000 563.000 19248.012 842735.511 239805.169 9827086.480 1410993189.045 22146835917213.301
5647.000 5133.000 25827971.000 1.000 1350.000 620.000 565.000 42899.243 822660.373 197757.254 9324381.756 193542583.244 27131047538830.227
5609.000 5037.000 25827981.000 1.000 1350.000 620.000 551.000 65340.595 893036.850 121591.034 10725751.487 72750557.194 14496123297673.473
5522.000 4906.000 25827991.000 1.000 1350.000 620.000 524.000 91154.678 1065036.940 47392.881 6571295.376 1179474393.071 63390794177748.250
5401.000 4723.000 25828001.000 1.000 1370.000 620.000 510.000 106970.070 1329423.458 1204.025 5117024.601 2515912111.056 88663021486956.297
5223.000 4537.000 25828011.000 1.000 1370.000 620.000 510.000 119285.412 1771577.690 22891.975 3187477.919 3903027004.821 128723797769919.250
5019.000 4335.000 25828021.000 1.000 1370.000 620.000 515.000 126956.839 2356244.248 124821.555 8172928.628 4920410490.846 40452148389738.883
4798.000 4124.000 25828031.000 1.000 1370.000 620.000 518.000 107286.734 3083558.019 318435.551 18708661.576 2547779403.153 17435072544188.008
4590.000 3971.000 25828041.000 1.000 1370.000 620.000 545.000 62259.871 3857320.627 514520.639 12269789.374 29688001.694 5122706126594.384
4468.000 3884.000 25828051.000 1.000 1370.000 620.000 567.000 32729.692 4351422.157 646900.003 13599187.026 579919089.305 872247554668.811
4402.000 3841.000 25828061.000 1.000 1370.000 620.000 570.000 0.000 4631130.984 717918.884 9193802.571 3227512591.119 28508406394522.676
4402.000 3841.000 25828071.000 1.000 1350.000 630.000 561.000 22127.082 4631130.984 717918.884 8046900.414 1202988130.377 42071160880019.164
4446.000 3871.000 25828081.000 1.000 1350.000 630.000 567.000 41493.870 4443690.433 667980.827 17703065.568 234620637.607 10048498035657.812
4528.000 3928.000 25828091.000 1.000 1350.000 630.000 577.000 84100.526 4104701.404 578057.520 8976128.354 744707243.557 30880255845666.914
4691.000 4048.000 25828101.000 1.000 1350.000 630.000 586.000 105703.723 3470792.361 409985.294 5766014.826 2390478679.932 76862290413045.344
4895.000 4200.000 25828111.000 1.000 1330.000 630.000 600.000 119581.015 2752301.803 238437.808 643680.966 3940049514.176 192916765854426.250
5125.000 4373.000 25828121.000 1.000 1330.000 630.000 613.000 121130.187 2042058.919 99414.683 7425798.549 4136931923.775 50514145712559.055
5370.000 4531.000 25828131.000 1.000 1330.000 630.000 606.000 103258.229 1401870.846 24743.586 5029025.440 2157326383.824 90327983908005.016
5578.000 4667.000 25828141.000 1.000 1330.000 630.000 600.000 91154.678 952588.238 453.730 5708966.676 1179474393.071 77865840189966.141
5761.000 4788.000 25828151.000 1.000 1330.000 630.000 594.000 77414.686 628858.944 9939.902 9692046.072 424503582.519 23436083624822.430
5906.000 4905.000 25828161.000 1.000 1330.000 630.000 540.000 54088.462 419912.125 46958.482 5948918.342 7413309.198 73688672105007.016
5995.000 5000.000 25828171.000 1.000 1350.000 640.000 443.000 39770.969 312488.009 97156.304 3019116.903 290369516.229 132572473877866.547
6046.000 5081.000 25828181.000 1.000 1350.000 640.000 337.000 32504.743 258070.370 154212.551 3787628.196 590803914.221 115465786882956.625
6040.000 5159.000 25828191.000 1.000 1350.000 640.000 270.000 41620.575 264202.445 221557.605 3834460.448 230755126.843 114461508142560.391
5987.000 5244.000 25828201.000 1.000 1350.000 640.000 257.000 50849.120 321496.110 308801.445 261459548.084 35546413.215 60972656456487568.000
5903.000 5333.000 25828211.000 1.000 1370.000 650.000 249.000 680113.977 423809.163 415636.877 2536820998.350 388506350217.599 6361936096021752832.000
5780.000 5441.000 25828212.000 1.000 1380.000 640.000 223.000 69567.407 599085.705 566555.874 2576628.932 162720784.317 142957893157494.562
5648.000 5544.000 25828222.000 1.000 1400.000 650.000 242.000 63366.134 820847.361 732220.881 7011426.632 42967142.936 56576006060720.109
5511.000 5611.000 25828232.000 1.000 1400.000 650.000 281.000 46491.461 1087862.078 851373.555 4560751.954 106497039.491 99448303348244.672
5409.000 5657.000 25828242.000 1.000 1400.000 650.000 322.000 35514.922 1311039.357 938377.868 768327.642 453531511.263 189469755597929.688
5324.000 5666.000 25828252.000 1.000 1410.000 640.000 334.000 33665.758 1512915.423 955895.451 76496.458 535711544.726 208994223585565.156
5250.000 5633.000 25828262.000 1.000 1430.000 640.000 351.000 33849.865 1700432.351 892456.313 10056257.583 527222963.861 20042377415290.211
5196.000 5572.000 25828272.000 1.000 1450.000 640.000 388.000 58052.651 1844181.028 780924.028 11169172.255 1541197.402 11316204780056.123
5160.000 5437.000 25828282.000 1.000 1450.000 640.000 441.000 84933.932 1943253.480 560550.282 7739299.947 790887983.030 46156112793075.586
5136.000 5234.000 25828292.000 1.000 1450.000 640.000 465.000 103560.406 2010741.781 297787.464 10177748.952 2185488141.753 18969335100756.766
5125.000 4985.000 25828302.000 1.000 1460.000 630.000 513.000 128055.590 2042058.919 88030.332 1718608.135 5075762923.783 164211944229363.594
5114.000 4677.000 25828312.000 1.000 1460.000 630.000 557.000 123919.349 2073618.056 127.711 1220522.109 4503503490.123 177225501434208.750
5102.000 4379.000 25828322.000 1.000 1460.000 630.000 583.000 120981.871 2108322.207 95667.072 5187700.320 4117874852.040 87337036651303.312
5092.000 4088.000 25828332.000 1.000 1440.000 620.000 595.000 108496.431 2137462.332 360361.219 10191556.017 2671362970.989 18849255705785.598
5084.000 3827.000 25828342.000 1.000 1430.000 630.000 585.000 83968.017 2160918.433 741839.310 6901814.823 737492639.934 58236955609436.789
5078.000 3625.000 25828352.000 1.000 1430.000 630.000 588.000 67357.151 2178594.508 1130608.890 5683539.738 111217055.452 78315229574242.594
5072.000 3463.000 25828362.000 1.000 1410.000 630.000 585.000 53678.355 2196342.583 1501362.395 6718808.264 9814725.827 61063608095436.438
5065.000 3334.000 25828372.000 1.000 1400.000 630.000 574.000 37507.938 2217139.671 1834131.037 4708212.489 372615973.339 96528983857639.812
5058.000 3244.000 25828382.000 1.000 1380.000 640.000 496.000 26176.500 2238034.759 2086005.207 4901639.373 938484922.645 92765591856153.031
5058.000 3181.000 25828392.000 1.000 1380.000 640.000 180.000 37973.466 2238034.759 2271956.125 2149812.071 354860270.560 153346537419816.719
5299.000 4157.000 25828502.000 0.000 1300.000 660.000 546.000 94887.865 1575040.737 282280.689 25415431.143 1449832319.884 118424500585572.266
5527.000 4144.000 25828512.000 1.000 1300.000 660.000 606.000 33719.559 1054741.878 296263.514 9540842.713 533223943.286 24922922071330.262
5608.000 4149.000 25828522.000 1.000 1300.000 660.000 622.000 56681.876 894927.862 290845.504 7054734.197 16725.029 55926388380083.500
5731.000 4090.000 25828532.000 1.000 1320.000 650.000 620.000 73660.779 677339.320 357964.015 4660339.410 283908269.270 97471973695054.578
5876.000 3988.000 25828542.000 1.000 1320.000 650.000 624.000 84876.999 459692.502 490421.407 2838638.245 787689001.540 136761113315937.844
6036.000 3861.000 25828552.000 1.000 1320.000 650.000 627.000 91708.860 268330.495 684426.846 4135772.738 1217846583.989 108105016614066.203
6225.000 3747.000 25828562.000 1.000 1320.000 650.000 638.000 101662.585 108245.125 886047.460 2040326.461 2011646621.407 156070114527623.469
6446.000 3642.000 25828572.000 1.000 1320.000 650.000 658.000 106573.118 11665.354 1094745.658 60871.581 2476248355.436 209446233932013.281
6688.000 3557.000 25828582.000 1.000 1310.000 670.000 665.000 106719.620 17954.320 1279841.818 4418781.006 2490850258.918 102300034735856.281
6937.000 3494.000 25828592.000 1.000 1310.000 670.000 671.000 96084.768 146684.198 1426354.736 3079591.266 1542413042.743 131183525935800.594
7163.000 3445.000 25828602.000 1.000 1330.000 670.000 662.000 88672.996 370873.364 1545797.228 3199593.068 1015173962.644 128449036040786.016
7374.000 3413.000 25828612.000 1.000 1310.000 680.000 673.000 80972.411 672389.718 1626392.489 4346014.906 583764055.031 103777292951924.672
7567.000 3386.000 25828622.000 1.000 1330.000 690.000 667.000 70512.688 1026156.298 1695987.739 3064655.703 187730738.280 131525879074743.172
7735.000 3362.000 25828632.000 1.000 1350.000 690.000 644.000 63136.862 1394746.191 1759074.185 5516536.161 40013983.518 81298945882405.984
7886.000 3345.000 25828642.000 1.000 1330.000 700.000 544.000 49860.000 1774207.298 1804457.417 6898955.768 48319199.265 58280600477369.109
8006.000 3345.000 25828652.000 1.000 1350.000 710.000 228.000 33256.015 2108285.793 1804457.417 31918.694 554846800.786 210285099467313.281
8001.000 5434.000 25828913.000 0.000 1530.000 650.000 249.000 31251.014 2093790.856 556067.087 7978229.067 653323173.898 42966712737691.828
7957.000 5495.000 25828923.000 1.000 1530.000 650.000 322.000 12049.500 1968391.408 650763.373 8079973.799 2003609901.671 41643211660356.680
7957.000 5524.000 25828933.000 1.000 1530.000 650.000 339.000 31495.887 1968391.408 698392.918 2830103.460 640865137.203 136960806086536.734
8002.000 5585.000 25828943.000 1.000 1520.000 650.000 368.000 38307.207 2096685.843 804069.203 5933091.946 342397804.393 73960636813308.031
8072.000 5645.000 25828953.000 1.000 1520.000 650.000 377.000 52586.610 2304304.966 915273.091 5829292.983 17847171.501 75756760887723.141
8185.000 5702.000 25828963.000 1.000 1510.000 660.000 409.000 66616.196 2660140.549 1027585.783 3995163.798 96137921.417 111048709965227.844
8332.000 5766.000 25828973.000 1.000 1510.000 660.000 443.000 76231.512 3161261.705 1161435.263 63921.766 377148468.379 209357957110833.969
8502.000 5835.000 25828983.000 1.000 1510.000 660.000 496.000 76385.355 3794679.574 1314918.733 385963.352 383147493.771 200142295021702.125
8668.000 5914.000 25828993.000 1.000 1510.000 660.000 530.000 77314.268 4468969.492 1502338.185 305187.658 420375744.837 202434313976288.969
8836.000 5994.000 25829003.000 1.000 1530.000 670.000 567.000 78048.775 5207495.386 1704850.034 5792827.872 451034537.422 76392863282823.188
9005.000 6076.000 25829013.000 1.000 1530.000 670.000 613.000 64106.951 6007370.266 1925708.680 7146432.138 53227963.946 54563290087137.836
9143.000 6145.000 25829023.000 1.000 1530.000 670.000 643.000 46907.355 6702888.536 2121972.150 4248697.328 98086171.180 105769534197939.125
9250.000 6181.000 25829033.000 1.000 1550.000 670.000 659.000 36681.850 7268382.194 2228150.482 4604651.607 405190783.039 98574662746607.422
9337.000 6196.000 25829043.000 1.000 1550.000 670.000 668.000 25599.656 7745054.103 2273156.454 1229743.301 974160558.899 176980070256820.062
9397.000 6182.000 25829053.000 1.000 1590.000 670.000 664.000 22639.985 8082613.351 2231136.881 555490.676 1167672022.200 195374372276493.062
9437.000 6145.000 25829063.000 1.000 1590.000 670.000 676.000 23976.906 8311652.850 2121972.150 2074224.198 1078090946.674 155224308116514.500
9464.000 6094.000 25829073.000 1.000 1610.000 670.000 682.000 28969.022 8468063.511 1975989.846 5339250.206 775186947.178 84527406726207.859
9454.000 6025.000 25829083.000 1.000 1620.000 660.000 679.000 41819.203 8409963.636 1786764.376 3938026.731 224760012.491 112256191453799.938
9407.000 5936.000 25829093.000 1.000 1620.000 660.000 676.000 51297.005 8139573.226 1556752.943 430143.051 30406360.638 198894211830097.469
9336.000 5835.000 25829103.000 1.000 1620.000 660.000 666.000 50261.763 7739489.116 1314918.733 525384.792 42895141.811 196216896954887.688
9253.000 5747.000 25829113.000 1.000 1620.000 660.000 611.000 48997.299 7284567.157 1120843.699 10402519.910 61057068.875 17061931206139.713
9162.000 5672.000 25829123.000 1.000 1620.000 650.000 409.000 23961.150 6801631.298 967663.840 1409510.674 1079125869.239 172229357177789.406
8716.000 5790.000 25829203.000 0.000 1600.000 680.000 388.000 51099.743 4674216.890 1213740.818 14326333.216 32620755.709 42764483851.684
8771.000 5680.000 25829213.000 1.000 1580.000 670.000 498.000 16620.000 4915061.201 983467.025 9109041.402 1615332660.501 29420725944788.020
8771.000 5640.000 25829223.000 1.000 1580.000 670.000 564.000 38543.084 4915061.201 905731.100 10337738.889 333724109.034 17601297931332.312
8753.000 5549.000 25829233.000 1.000 1560.000 680.000 583.000 63423.322 4835573.426 740802.871 4032293.709 43720140.388 110267541177607.547
8739.000 5397.000 25829243.000 1.000 1540.000 680.000 578.000 73128.000 4774197.602 502254.357 9460998.987 266237920.399 25726502563938.762
8739.000 5221.000 25829253.000 1.000 1540.000 680.000 564.000 50357.846 4774197.602 283768.288 7310259.633 41645794.397 52169841458650.250
8756.000 5101.000 25829263.000 1.000 1540.000 680.000 494.000 32763.960 4848776.389 170320.514 5182286.355 578269813.281 87438257609561.984
8773.000 5024.000 25829273.000 1.000 1540.000 680.000 431.000 20291.550 4923933.176 112693.859 3251931.525 1333684929.768 127265415791942.828
8782.000 4976.000 25829283.000 1.000 1520.000 680.000 361.000 12465.000 4963956.063 82770.749 2541255.339 1966585568.155 143805033180670.156
8782.000 4946.000 25829293.000 1.000 1520.000 680.000 211.000 6348.862 4963956.063 66408.805 7375110.125 2546447685.825 51237233784657.062
8843.000 4992.000 25829343.000 0.000 1510.000 680.000 115.000 95098.683 5239492.298 92233.119 16073813.616 1465931256.296 2373709178574.698
8994.000 5164.000 25829353.000 1.000 1490.000 690.000 297.000 56413.211 5953569.404 226289.595 611272.797 158396.265 193818079300301.594
9091.000 5259.000 25829363.000 1.000 1490.000 690.000 415.000 57884.385 6436337.188 325697.417 2401984.725 1151723.292 147164660691779.656
9199.000 5347.000 25829373.000 1.000 1490.000 690.000 493.000 52103.435 6995991.834 433884.451 997710.234 22163063.367 183207560357502.031
9308.000 5409.000 25829383.000 1.000 1490.000 690.000 524.000 49702.207 7584481.467 519407.134 2602308.909 50537799.703 142344467326763.188
9418.000 5456.000 25829393.000 1.000 1510.000 680.000 537.000 43439.129 8202460.088 589361.846 4835492.604 178812317.119 94044151086192.875
9519.000 5483.000 25829403.000 1.000 1510.000 680.000 544.000 31801.361 8791187.821 631546.595 3537907.294 625492110.938 120894899703277.250
9592.000 5506.000 25829413.000 1.000 1530.000 690.000 524.000 23286.542 9229405.906 668631.752 4810900.406 1123902779.983 94521728249682.203
9646.000 5521.000 25829423.000 1.000 1530.000 690.000 438.000 11707.961 9560425.229 693387.724 15562634.353 2034302283.948 1059881333729.254
9671.000 5534.000 25829433.000 1.000 1530.000 690.000 103.000 49163.158 9715649.915 715206.899 2574918.031 58492566.045 142998808860419.656
8715.000 5602.000 25829514.000 0.000 1530.000 690.000 431.000 99360.116 4669893.903 834845.971 22006310.567 1810410143.668 55848443182489.125
8519.000 5465.000 25829524.000 1.000 1540.000 680.000 575.000 46396.673 3861200.361 603261.429 9829348.878 108462399.339 22125547153423.672
8449.000 5378.000 25829534.000 1.000 1540.000 680.000 636.000 70053.349 3591001.238 475684.793 4138971.256 175354476.182 108038514582462.969
8314.000 5277.000 25829544.000 1.000 1540.000 680.000 656.000 80014.772 3097577.931 346566.583 3829335.671 538405694.059 114571190986643.531
8192.000 5128.000 25829554.000 1.000 1540.000 680.000 649.000 89230.983 2683023.461 193335.263 9664246.214 1051042246.634 23706019291185.727
8078.000 4946.000 25829564.000 1.000 1540.000 680.000 647.000 65971.666 2322556.890 66408.805 11890878.304 83914113.847 6981488581712.373
8009.000 4803.000 25829574.000 1.000 1540.000 680.000 622.000 37353.427 2117006.756 13155.874 7947756.297 378604980.014 43367133241634.539
7970.000 4722.000 25829584.000 1.000 1510.000 680.000 592.000 18225.253 2005038.245 1135.627 5155629.122 1488875404.831 87937503398299.312
7952.000 4682.000 25829594.000 1.000 1510.000 680.000 530.000 5817.000 1954386.470 39.702 1381122.000 2600408564.403 172975287337609.219
7952.000 4668.000 25829604.000 1.000 1510.000 680.000 384.000 2493.000 1954386.470 412.128 4377530.997 2950466990.526 103136170188182.938
7958.000 4668.000 25829614.000 1.000 1510.000 680.000 144.000 13028.574 1971198.395 412.128 10255946.468 1916918451.726 18294290154985.902
8023.000 4736.000 25829644.000 0.000 1490.000 690.000 27.000 87078.729 2157942.580 2275.200 19678935.099 916123234.152 26479320717770.172
8132.000 4915.000 25829654.000 1.000 1490.000 690.000 171.000 39716.671 2490064.213 51392.464 3992527.866 292222965.567 111104271632588.609
8196.000 4986.000 25829664.000 1.000 1490.000 690.000 317.000 49325.643 2696143.411 88624.730 2513030.840 56033582.795 144482759053623.688
8294.000 5053.000 25829674.000 1.000 1490.000 690.000 418.000 55373.852 3027578.182 133005.404 5162694.699 2065972.959 87805038426191.266
8413.000 5113.000 25829684.000 1.000 1490.000 690.000 521.000 67799.110 3455857.690 180369.291 5822505.790 120734137.992 75874956183079.500
8568.000 5164.000 25829694.000 1.000 1470.000 690.000 588.000 81812.361 4056170.746 226289.595 3644914.334 625057987.238 118553217958512.359
8761.000 5203.000 25829704.000 1.000 1470.000 690.000 636.000 90584.718 4870821.326 264915.122 1687302.288 1140650431.492 165015263142694.469
8978.000 5224.000 25829714.000 1.000 1470.000 690.000 658.000 86523.822 5875745.605 286973.482 362947.145 882839829.924 200794052952138.844
9186.000 5234.000 25829724.000 1.000 1490.000 690.000 682.000 87397.341 6927390.997 297787.464 852606.831 935511942.841 187156685994296.750
9396.000 5246.000 25829734.000 1.000 1490.000 690.000 710.000 89449.343 8076928.364 311028.241 3629527.953 1065248294.796 118888515136829.625
9611.000 5257.000 25829744.000 1.000 1490.000 690.000 725.000 80714.017 9345210.668 323418.620 2430752.699 571344599.242 146467511403649.781
9805.000 5267.000 25829754.000 1.000 1520.000 700.000 751.000 74863.830 10568960.235 334892.602 5900444.865 325897403.625 74523234855853.641
9985.000 5275.000 25829764.000 1.000 1520.000 700.000 750.000 60663.000 11771717.978 344215.786 3798085.500 14836353.363 115241158301712.734
10131.000 5275.000 25829774.000 1.000 1520.000 700.000 753.000 51522.000 12794884.147 344215.786 2762244.000 27975650.203 138553732975791.078
10255.000 5275.000 25829784.000 1.000 1540.000 700.000 754.000 44874.000 13697354.593 344215.786 2934884.250 142496774.450 134519280583844.375
10363.000 5275.000 25829794.000 1.000 1540.000 700.000 750.000 37810.500 14508433.238 344215.786 4143366.000 361026649.213 107947174571740.953
10454.000 5275.000 25829804.000 1.000 1570.000 710.000 758.000 27838.500 15209951.097 344215.786 2679695.784 839417419.584 140503878293777.016
10521.000 5275.000 25829814.000 1.000 1570.000 710.000 746.000 21389.172 15737039.257 344215.786 6815517.966 1254720158.464 59561519608287.680
10572.000 5282.000 25829824.000 1.000 1590.000 710.000 714.000 4986.000 16144273.618 352478.573 400149.353 2685851487.933 199741112853119.688
10584.000 5282.000 25829834.000 1.000 1580.000 720.000 616.000 5949.055 16240849.467 352478.573 3014760.801 2586957924.425 132672805275476.906
10571.000 5288.000 25829844.000 1.000 1610.000 720.000 475.000 13204.797 16136238.630 359638.962 15161936.957 1901518494.417 395399484578.073
10540.000 5295.000 25829854.000 1.000 1610.000 720.000 168.000 49695.620 15888146.019 368083.749 597128.664 50631496.983 194212104527434.062
8593.000 4709.000 25830024.000 0.000 1530.000 710.000 272.000 74126.877 4157495.433 428.451 28210113.644 299832625.566 187059909774202.969
8605.000 4531.000 25830034.000 1.000 1500.000 710.000 359.000 6232.500 4206575.282 24743.586 9149933.250 2558205023.387 28978796159286.293
8620.000 4531.000 25830044.000 1.000 1500.000 710.000 399.000 28254.000 4268330.094 24743.586 7768811.250 815513745.068 45755994216427.422
8620.000 4463.000 25830054.000 1.000 1500.000 710.000 420.000 46951.500 4268330.094 50760.514 8637494.607 97213709.373 34758504541594.973
8620.000 4350.000 25830064.000 1.000 1460.000 710.000 433.000 26163.306 4268330.094 114447.526 606802.017 939293485.225 193942582400457.188
8631.000 4288.000 25830074.000 1.000 1460.000 710.000 438.000 27623.720 4313902.956 160240.843 2824951.260 851909063.595 137081425287766.312
8649.000 4224.000 25830084.000 1.000 1460.000 710.000 448.000 20824.800 4388998.730 215575.363 1080111.778 1295021077.239 180983671566897.969
8673.000 4180.000 25830094.000 1.000 1460.000 710.000 440.000 18225.253 4490134.430 258369.846 666982.622 1488875404.831 192270014542762.750
8705.000 4150.000 25830104.000 1.000 1440.000 720.000 438.000 16620.000 4626774.028 289767.902 1761465.298 1615332660.501 163115392949403.312
8745.000 4150.000 25830114.000 1.000 1440.000 720.000 280.000 20859.387 4800453.527 289767.902 2898662.071 1292532950.177 135360820022759.531
9020.000 4576.000 25830215.000 0.000 1480.000 710.000 400.000 91320.246 6081125.078 12611.501 21069799.327 1190874167.340 42728059356738.242
9228.000 4647.000 25830225.000 1.000 1510.000 720.000 498.000 40610.741 7150242.470 1705.768 4562927.097 262454913.353 99404925387372.547
9320.000 4680.000 25830235.000 1.000 1510.000 720.000 519.000 29628.967 7650721.317 68.906 2044281.606 738873860.569 155971308480036.875
9386.000 4707.000 25830245.000 1.000 1510.000 720.000 536.000 34549.019 8020188.489 349.655 2103756.276 495604759.963 154489305565105.938
9469.000 4702.000 25830255.000 1.000 1510.000 720.000 556.000 39612.211 8497188.448 187.664 4303970.046 295805266.725 104635692291422.672
9564.000 4694.000 25830265.000 1.000 1510.000 720.000 557.000 29253.679 9060062.257 32.479 5823453.546 759417034.330 75858445990555.844
9633.000 4680.000 25830275.000 1.000 1510.000 720.000 567.000 15238.147 9480202.392 68.906 3010648.597 1728318842.345 132767553945014.344
9666.000 4664.000 25830285.000 1.000 1510.000 720.000 565.000 7992.302 9684504.978 590.536 7176236.784 2383284927.119 54123862635689.836
9675.000 4647.000 25830295.000 1.000 1510.000 720.000 567.000 25263.630 9740601.865 1705.768 8269997.322 995249253.801 39226818039550.891
9639.000 4598.000 25830305.000 1.000 1510.000 720.000 567.000 45167.354 9517186.317 8154.260 9432574.632 135579179.530 26015654554378.934
9555.000 4529.000 25830315.000 1.000 1490.000 730.000 570.000 67869.098 9005963.370 25376.790 1667652.047 122277079.823 165520496454954.906
9439.000 4414.000 25830325.000 1.000 1490.000 730.000 570.000 71882.701 8323188.824 75241.006 1325698.455 227150103.746 174436220807228.219
9300.000 4311.000 25830335.000 1.000 1490.000 730.000 565.000 68692.091 7540481.567 142356.000 1860405.405 141155540.488 160597922553635.031
9164.000 4217.000 25830345.000 1.000 1490.000 730.000 561.000 64214.581 6812067.273 222124.576 7449003.393 54810031.247 50184835189994.938
9030.000 4140.000 25830355.000 1.000 1480.000 740.000 557.000 46286.775 6130544.953 300633.921 9046380.262 110763548.568 30104411384189.254
8923.000 4109.000 25830365.000 1.000 1480.000 740.000 556.000 24514.500 5612131.295 335589.580 2036862.438 1043076913.707 156156677237529.688
8864.000 4109.000 25830375.000 1.000 1480.000 740.000 521.000 19612.304 5336071.035 335589.580 5256022.232 1383757959.007 86064709427314.328
8836.000 4147.000 25830385.000 1.000 1480.000 740.000 420.000 32262.177 5207495.386 293006.708 5831869.083 602654593.205 75711923620242.359
8846.000 4224.000 25830395.000 1.000 1480.000 740.000 312.000 46297.963 5253235.260 215575.363 5252567.349 110528179.177 86128824000247.156
8886.000 4328.000 25830405.000 1.000 1480.000 740.000 207.000 58939.521 5438194.759 129816.768 1515775.578 4529744.821 169451489330908.062
8945.000 4457.000 25830415.000 1.000 1490.000 730.000 148.000 62587.597 5716851.019 53500.125 916216.973 33366747.489 185420292332676.531
8998.000 4598.000 25830425.000 1.000 1490.000 730.000 160.000 64792.692 5973105.354 8154.260 7237346.446 63704194.079 53228442636771.914
9044.000 4747.000 25830435.000 1.000 1490.000 730.000 251.000 47374.289 6200068.777 3445.580 11974900.299 89055313.421 6544533932869.789
9086.000 4853.000 25830445.000 1.000 1490.000 730.000 304.000 18553.831 6410992.251 27125.780 3121951.491 1463626380.904 130214971456092.047
9111.000 4890.000 25830455.000 1.000 1490.000 730.000 348.000 11040.109 6538216.937 40682.511 5300163.705 2094992888.699 85247647583770.297
9136.000 4881.000 25830465.000 1.000 1490.000 730.000 414.000 23796.219 6666691.624 37132.928 10112878.184 1089989055.089 19538617010690.188
9160.000 4829.000 25830475.000 1.000 1510.000 720.000 467.000 48135.276 6791203.323 19796.225 7104312.072 75271679.501 55187320503265.094
9174.000 4714.000 25830485.000 1.000 1510.000 720.000 522.000 65233.500 6864367.147 660.442 3749341.117 70935115.693 116290080457428.547
9174.000 4557.000 25830495.000 1.000 1510.000 720.000 544.000 74257.185 6864367.147 17239.937 1056577.859 304362347.884 181617429846043.375
9158.000 4379.000 25830505.000 1.000 1510.000 720.000 564.000 76800.092 6780783.348 95667.072 512853.312 399555752.131 196568129524900.844
9132.000 4196.000 25830515.000 1.000 1510.000 720.000 583.000 78034.396 6646051.674 242360.216 5147771.186 450423994.033 88084940732747.859
9106.000 4010.000 25830525.000 1.000 1510.000 720.000 595.000 65645.055 6512672.000 460092.166 7533294.216 78036971.509 48997686582604.039
9081.000 3854.000 25830535.000 1.000 1510.000 720.000 616.000 47514.383 6385697.314 696058.059 4498962.118 86430830.171 100684504412768.984
9072.000 3740.000 25830545.000 1.000 1490.000 730.000 622.000 36686.556 6340292.426 899274.674 6196519.362 405001347.732 69499059755361.602
9092.000 3654.000 25830555.000 1.000 1490.000 730.000 636.000 21773.152 6441412.176 1069778.435 1484310.594 1227664897.497 170271661008526.250
9131.000 3619.000 25830565.000 1.000 1490.000 730.000 641.000 25345.500 6640896.687 1143404.501 5180156.086 990090357.176 87478101767901.031
9192.000 3619.000 25830575.000 1.000 1480.000 740.000 634.000 37812.783 6959010.922 1143404.501 5552293.260 360939897.223 80655410049110.281
9281.000 3638.000 25830585.000 1.000 1480.000 740.000 636.000 51175.703 7436494.806 1103132.065 5838265.290 31758840.888 75600654412910.922
9388.000 3699.000 25830595.000 1.000 1460.000 740.000 633.000 65226.883 8031520.464 978716.351 167193.461 70823698.776 206380103047305.969
9518.000 3787.000 25830605.000 1.000 1460.000 740.000 627.000 65629.274 8785258.834 812343.385 1370623.977 77758406.458 173251537689429.500
9636.000 3892.000 25830615.000 1.000 1460.000 740.000 610.000 62330.540 9498685.354 634095.188 1846757.892 30463099.883 160944011127442.188
9746.000 3994.000 25830625.000 1.000 1470.000 760.000 617.000 57885.876 10188823.975 482053.796 1333803.613 1154925.749 174222189878619.062
9843.000 4094.000 25830635.000 1.000 1470.000 760.000 620.000 54675.759 10817479.759 353193.608 1595611.826 4560113.740 167379349849996.094
9933.000 4190.000 25830645.000 1.000 1470.000 760.000 611.000 50835.538 11417598.630 248303.827 3736855.758 35708551.661 116559515267065.766
10018.000 4278.000 25830655.000 1.000 1470.000 760.000 605.000 41841.902 11999252.564 168346.862 5663558.343 224079920.998 78669283106451.438
10072.000 4363.000 25830665.000 1.000 1470.000 760.000 605.000 28211.196 12376279.887 105820.702 3101832.565 817960302.138 130674537497819.188
10119.000 4412.000 25830675.000 1.000 1470.000 760.000 613.000 20745.895 12709180.298 76342.210 1466277.478 1300706317.224 170742607912671.781
10161.000 4439.000 25830685.000 1.000 1500.000 760.000 631.000 17216.948 13010403.771 62150.959 6680218.701 1567704892.970 61668199692177.867
10200.000 4425.000 25830695.000 1.000 1500.000 760.000 691.000 33294.490 13293270.282 69327.385 5827431.128 553035709.527 75789174915330.156
10239.000 4355.000 25830705.000 1.000 1500.000 760.000 752.000 47319.595 13579178.793 111089.517 8186816.715 90090589.815 40275679237326.547
10278.000 4248.000 25830715.000 1.000 1540.000 770.000 780.000 67023.125 13868129.304 193864.918 1195450.424 104283386.020 177893668995090.656
10326.000 4094.000 25830725.000 1.000 1560.000 760.000 783.000 64145.988 14227936.702 353193.608 356878.352 53799096.197 200966081582923.250
10379.000 3949.000 25830735.000 1.000 1560.000 760.000 799.000 63287.075 14630577.038 546565.881 3960374.399 41936940.410 111783139217540.766
10439.000 3809.000 25830745.000 1.000 1590.000 760.000 817.000 53755.488 15093176.285 773170.144 5688372.834 9337383.663 78229711104422.391
10502.000 3696.000 25830755.000 1.000 1590.000 760.000 824.000 40065.060 15586654.495 984661.156 5532163.947 280433247.841 81017371344366.422
10565.000 3623.000 25830765.000 1.000 1590.000 760.000 821.000 26750.586 16088070.705 1134866.094 3753831.426 903640591.140 116193255541003.062
10609.000 3576.000 25830775.000 1.000 1620.000 770.000 815.000 17716.094 16442974.154 1237213.382 4794555.051 1528427413.401 94839821974850.094
10642.000 3549.000 25830785.000 1.000 1620.000 770.000 730.000 6176.852 16711692.740 1298006.633 2566482.006 2563837327.225 143200639559809.938
10653.000 3539.000 25830795.000 1.000 1620.000 770.000 371.000 0.000 16801749.602 1320892.652 0.000 3227512591.119 211211837657195.344
