2039.000 8869.000 17589759.000 0.000 1470.000 430.000 75.000 11106.902 2604334.885 6267286.032 213066.562 1265979175.666 36690854687544.422
2029.000 8844.000 17589769.000 1.000 1470.000 430.000 132.000 11623.427 2636710.789 6142738.291 370601.137 1229489433.760 34807204211445.266
2004.000 8857.000 17589779.000 1.000 1460.000 440.000 134.000 10725.000 2718525.548 6207347.116 4424062.500 1293301630.257 3408829971148.853
2004.000 8883.000 17589789.000 1.000 1470.000 440.000 148.000 0.000 2718525.548 6337578.767 0.000 2179722947.063 39317467213295.664
2004.000 8883.000 17589799.000 1.000 1470.000 450.000 110.000 0.000 2718525.548 6337578.767 0.000 2179722947.063 39317467213295.664
2004.000 8883.000 17589809.000 1.000 1470.000 450.000 105.000 0.000 2718525.548 6337578.767 2077021.650 2179722947.063 17584121750102.955
2004.000 8883.000 17589819.000 1.000 1470.000 460.000 105.000 5035.204 2718525.548 6337578.767 1226240.400 1734914021.520 25443184919905.832
2011.000 8873.000 17589829.000 1.000 1470.000 460.000 120.000 2062.500 2695491.415 6287329.671 1191093.750 1991390902.965 25798988314493.516
2011.000 8868.000 17589839.000 1.000 1470.000 470.000 149.000 4950.000 2695491.415 6262280.123 850781.250 1742019166.229 29371879362867.793
2011.000 8856.000 17589849.000 1.000 1460.000 480.000 180.000 7012.500 2695491.415 6202365.207 680625.000 1574105872.132 31245184335297.117
2011.000 8839.000 17589859.000 1.000 1460.000 480.000 183.000 8662.500 2695491.415 6117978.743 510468.750 1445900861.855 33176395606554.566
2011.000 8818.000 17589869.000 1.000 1460.000 490.000 198.000 9900.000 2695491.415 6014534.641 1191093.750 1353320385.396 25798988314493.516
2011.000 8794.000 17589879.000 1.000 1450.000 500.000 218.000 12787.500 2695491.415 5897392.809 8742148.387 1149210211.160 6109717062115.022
2011.000 8763.000 17589889.000 1.000 1460.000 500.000 225.000 33980.587 2695491.415 5747789.610 6013802.850 161465717.140 65823726831.581
1996.000 8682.000 17589899.000 1.000 1450.000 510.000 251.000 48559.503 2744970.271 5365962.930 23728483.350 3504383.571 304785924220365.062
1963.000 8569.000 17589909.000 1.000 1450.000 510.000 274.000 106083.099 2855407.753 4855213.141 19344836.362 3527836810.599 170941822288527.750
1907.000 8318.000 17589919.000 1.000 1440.000 510.000 292.000 152979.672 3047800.813 3812079.821 13349078.738 11298025166.393 50108199496207.219
1836.000 7954.000 17589929.000 1.000 1440.000 510.000 304.000 185341.075 3300744.729 2523188.713 5566531.575 19224812996.619 495380365434.773
1745.000 7514.000 17589939.000 1.000 1440.000 510.000 307.000 198835.697 3639682.452 1318948.472 3562192.837 23149072902.633 7334192136838.554
1638.000 7044.000 17589949.000 1.000 1430.000 520.000 307.000 190200.078 4059399.620 460300.942 2749472.963 20595859150.278 12396675109888.789
1521.000 6598.000 17589959.000 1.000 1430.000 520.000 309.000 183534.689 4544550.693 54035.243 23003551.312 18727152284.792 279999550891434.125
1403.000 6169.000 17589969.000 1.000 1420.000 520.000 305.000 127768.504 5061578.355 38630.008 28277157.150 6574128704.601 484298935899758.375
1289.000 5881.000 17589979.000 1.000 1410.000 520.000 310.000 59217.820 5587527.656 234784.032 17482140.225 157008841.252 125703921612138.688
1224.000 5753.000 17589989.000 1.000 1400.000 520.000 317.000 16836.874 5899046.030 375211.598 6945210.525 891060058.529 455417561004.120
1189.000 5732.000 17589999.000 1.000 1370.000 520.000 222.000 0.000 6070286.693 401379.496 9987171.562 2179722947.063 13814656958716.635
1189.000 5732.000 17590009.000 1.000 1350.000 520.000 10.000 24211.325 6070286.693 401379.496 6453510.731 505178582.633 33542651447.732
1225.000 5964.000 17590049.000 0.000 1290.000 510.000 54.000 86790.823 5894189.440 161238.532 17424339.488 1608276265.842 124411164702805.141
1238.000 6174.000 17590059.000 1.000 1290.000 510.000 171.000 44550.000 5831235.765 36689.556 6584530.838 4568919.564 98700675798.213
1238.000 6282.000 17590069.000 1.000 1270.000 510.000 282.000 60512.499 5831235.765 6979.797 5656318.800 191130511.235 377051754500.346
1266.000 6426.000 17590079.000 1.000 1260.000 500.000 332.000 74224.787 5696791.235 3654.785 1926631.988 758302003.793 18868009538332.363
1333.000 6593.000 17590089.000 1.000 1240.000 500.000 339.000 78895.410 5381449.681 51735.695 5488515.450 1037349265.948 611287469454.386
1428.000 6759.000 17590099.000 1.000 1240.000 500.000 344.000 92200.902 4949713.596 154806.695 6750026.250 2071469478.114 230075681242.212
1582.000 6921.000 17590109.000 1.000 1240.000 500.000 338.000 75837.202 4288192.681 308530.056 6685407.713 849704945.118 172261116845.795
1740.000 7015.000 17590119.000 1.000 1240.000 500.000 301.000 59630.153 3658785.403 421791.562 4092374.550 167512186.060 4743638919902.455
1876.000 7064.000 17590129.000 1.000 1250.000 510.000 235.000 49709.245 3157001.114 487839.135 394207.275 9130924.023 34529220219083.938
1995.000 7045.000 17590139.000 1.000 1250.000 510.000 181.000 48753.591 2748284.861 461658.851 648206.213 4268719.151 31608660442133.785
2082.000 6965.000 17590149.000 1.000 1270.000 510.000 186.000 50325.000 2467397.500 359346.080 197596.575 13231383.592 36878506639503.398
2104.000 6845.000 17590159.000 1.000 1270.000 510.000 180.000 49845.978 2398766.512 229876.924 4262692.500 9975963.603 4030745659032.509
2083.000 6726.000 17590169.000 1.000 1280.000 520.000 254.000 60179.778 2464256.909 129927.677 2414131.912 182041481.587 14870527466795.855
2003.000 6604.000 17590179.000 1.000 1300.000 520.000 337.000 66032.219 2721824.138 56860.701 1674255.825 374218032.692 21124212204020.398
1903.000 6479.000 17590189.000 1.000 1300.000 520.000 392.000 70091.021 3061783.174 12871.996 6146555.662 547724649.419 15328554331.551
1789.000 6353.000 17590199.000 1.000 1310.000 520.000 441.000 55190.280 3473732.476 157.382 8979133.350 72297214.765 7337430302525.239
1690.000 6263.000 17590209.000 1.000 1310.000 520.000 474.000 33422.684 3852564.921 10515.514 11350590.488 175955426.139 25808699127034.016
1643.000 6197.000 17590219.000 1.000 1330.000 530.000 465.000 5906.101 4039276.668 28407.478 2145330.413 1663122758.421 17015903752216.160
1630.000 6191.000 17590229.000 1.000 1340.000 540.000 465.000 11106.902 4091700.343 30466.020 10001299.687 1265979175.666 13919879600626.650
1653.000 6205.000 17590239.000 1.000 1350.000 540.000 475.000 35352.477 3999180.765 25774.755 10940540.738 128482817.015 21810548886660.930
1734.000 6233.000 17590249.000 1.000 1360.000 550.000 475.000 61875.000 3681774.946 17568.225 1803995.325 230660061.648 19948450936582.203
1854.000 6323.000 17590259.000 1.000 1360.000 550.000 477.000 66248.322 3235664.102 1810.092 1310770.312 382625635.473 24597571543895.758
1982.000 6420.000 17590269.000 1.000 1380.000 550.000 472.000 63070.697 2791556.536 2965.327 6148415.625 268409041.891 14871455190.631
2095.000 6523.000 17590279.000 1.000 1380.000 550.000 466.000 48165.447 2426725.825 24792.020 9805982.588 2184318.129 12500597378428.596
2198.000 6578.000 17590289.000 1.000 1360.000 560.000 417.000 24393.368 2116429.018 45137.050 7470521.437 497028460.502 1440377391101.477
2254.000 6597.000 17590299.000 1.000 1360.000 560.000 304.000 6283.013 1956627.958 53571.333 9054952.087 1632522821.409 7753929694807.643
2268.000 6591.000 17590309.000 1.000 1360.000 560.000 198.000 28234.412 1917657.693 50829.876 15858757.613 340516571.678 91937288223111.766
2254.000 6524.000 17590319.000 1.000 1360.000 560.000 20.000 66679.885 1956627.958 25107.930 14022254.368 399695333.457 60091801161091.203
1785.000 5846.000 17590370.000 0.000 1360.000 560.000 75.000 240045.939 3488658.837 269927.195 48187493.475 37387484728.103 1757045726572470.500
1394.000 5415.000 17590380.000 1.000 1350.000 550.000 260.000 123227.773 5102155.668 903536.141 6133446.413 5858412914.152 18746480673.287
1193.000 5194.000 17590390.000 1.000 1320.000 550.000 414.000 108358.812 6050592.331 1372518.110 19180245.150 3803350339.656 166665026117119.812
1051.000 4973.000 17590400.000 1.000 1310.000 550.000 455.000 61861.248 6769338.162 1939182.080 18707262.337 230242533.852 154676435245015.562
948.000 4864.000 17590410.000 1.000 1310.000 550.000 455.000 16510.309 7315916.970 2254637.930 6023610.863 910663044.622 60887209818.601
939.000 4825.000 17590420.000 1.000 1300.000 540.000 465.000 31113.002 7364684.283 2373279.454 14265105.938 242565084.964 63915895441185.312
1014.000 4833.000 17590430.000 1.000 1280.000 540.000 465.000 65695.077 6963240.006 2348694.731 18754970.025 361287865.014 155865382580429.094
1144.000 4925.000 17590440.000 1.000 1280.000 540.000 452.000 111161.671 6294053.259 2075170.418 9701240.175 4156918324.533 11770909948908.463
1339.000 5111.000 17590450.000 1.000 1280.000 540.000 443.000 134679.829 5353648.138 1573883.610 2767471.163 7742649414.747 12270259635732.160
1549.000 5361.000 17590460.000 1.000 1270.000 530.000 443.000 141388.850 4425954.162 1009111.020 14509400.813 8968345101.936 67881724293727.562
1770.000 5623.000 17590470.000 1.000 1250.000 540.000 440.000 106214.545 3544917.693 551373.345 8407504.462 3543468715.643 4567368495148.539
1919.000 5833.000 17590480.000 1.000 1250.000 540.000 444.000 85832.716 3006045.729 283604.370 10146530.625 1532347691.854 15024666146474.912
2030.000 6009.000 17590490.000 1.000 1250.000 540.000 444.000 61235.066 2633464.199 127124.466 9213270.412 211631585.909 8660696966689.206
2116.000 6130.000 17590500.000 1.000 1250.000 540.000 436.000 38899.865 2361739.427 55481.532 6818452.987 60647307.402 300401317329.051
2169.000 6208.000 17590510.000 1.000 1250.000 540.000 427.000 22370.282 2201648.138 24820.484 9227741.325 591327242.729 8746079453505.072
2190.000 6258.000 17590520.000 1.000 1250.000 540.000 418.000 0.000 2139769.741 11565.966 5007337.500 2179722947.063 1595236447461.764
2190.000 6258.000 17590530.000 1.000 1260.000 540.000 392.000 12139.000 2139769.741 11565.966 6115468.425 1193599067.450 23992701425.441
2161.000 6253.000 17590540.000 1.000 1260.000 540.000 399.000 26964.378 2225452.861 12666.418 4263873.487 389001664.281 4026004985404.485
2104.000 6221.000 17590550.000 1.000 1280.000 540.000 391.000 37301.041 2398766.512 20893.309 676280.550 88105671.026 31293771894486.566
2028.000 6172.000 17590560.000 1.000 1290.000 550.000 396.000 35661.573 2639959.379 37459.737 3600975.263 121571134.889 7125637302364.998
1963.000 6115.000 17590570.000 1.000 1310.000 550.000 409.000 44391.210 2855407.753 62772.888 2356131.937 5272962.068 15321214216609.291
1904.000 6025.000 17590580.000 1.000 1310.000 550.000 428.000 50103.045 3058284.584 115971.020 12567019.575 11665926.372 39647868898809.297
1857.000 5913.000 17590590.000 1.000 1320.000 550.000 463.000 80568.547 3224880.331 204797.141 6713074.087 1147925134.774 195992043154.134
1827.000 5720.000 17590600.000 1.000 1350.000 550.000 489.000 96842.666 3333528.042 416728.580 4463181.525 2515540364.075 3265909224467.172
1808.000 5486.000 17590610.000 1.000 1350.000 550.000 522.000 107662.500 3403269.259 773599.725 4369784.100 3717950245.192 3612204720351.512
1808.000 5225.000 17590620.000 1.000 1350.000 550.000 530.000 118255.916 3403269.259 1300843.309 20797750.462 5122037722.955 211044951576029.094
1839.000 4940.000 17590630.000 1.000 1350.000 550.000 550.000 67837.127 3289852.958 2032179.062 12503271.413 447306590.500 38849132313288.977
1881.000 4781.000 17590640.000 1.000 1340.000 560.000 589.000 37526.166 3139258.162 2510783.430 6151938.375 83930097.725 14024676265.922
1931.000 4705.000 17590650.000 1.000 1340.000 560.000 641.000 22612.376 2964578.644 2757410.297 17326707.337 579611745.577 122242723540774.547
1984.000 4719.000 17590660.000 1.000 1340.000 560.000 647.000 64616.515 2784877.355 2711111.032 12666510.863 321449467.192 40910692121698.172
2081.000 4842.000 17590670.000 1.000 1320.000 570.000 636.000 95323.208 2470540.090 2321189.918 8192700.862 2365431789.714 3695378238189.898
2205.000 5037.000 17590680.000 1.000 1320.000 570.000 568.000 115184.301 2096110.885 1765032.297 1822848.225 4691811320.573 19780398356855.586
2321.000 5291.000 17590690.000 1.000 1310.000 570.000 448.000 110765.275 1773678.403 1154647.345 4601660.662 4105960849.816 2784571501101.277
2419.000 5541.000 17590700.000 1.000 1310.000 570.000 218.000 99609.734 1522250.548 679874.755 3910082.845 2800762521.903 5570928079523.844
2631.000 7218.000 17590770.000 0.000 1310.000 570.000 212.000 33256.813 1044065.391 726679.219 8310785.175 180383436.951 4163317751102.241
2663.000 7292.000 17590780.000 1.000 1320.000 570.000 309.000 13109.455 979694.500 858318.532 3025462.688 1127485315.177 10529385829128.318
2650.000 7321.000 17590790.000 1.000 1340.000 560.000 342.000 5775.000 1005598.174 912893.912 680625.000 1673832911.091 31245184335297.117
2636.000 7321.000 17590800.000 1.000 1350.000 550.000 342.000 4125.000 1033872.440 912893.912 6511892.062 1811566671.368 58335707634.872
2626.000 7321.000 17590810.000 1.000 1360.000 550.000 342.000 19911.405 1054308.343 912893.912 4267248.150 716959430.235 4012473913810.026
2615.000 7274.000 17590820.000 1.000 1370.000 540.000 333.000 30256.249 1077018.837 825290.159 8503088.550 269986111.774 4985058018577.136
2601.000 7202.000 17590830.000 1.000 1390.000 540.000 334.000 50869.797 1106273.102 699656.665 6961750.537 17491582.145 478015065595.013
2583.000 7080.000 17590840.000 1.000 1390.000 540.000 338.000 67746.768 1144461.729 510445.689 4532913.825 443492637.519 3018733809093.934
2556.000 6918.000 17590850.000 1.000 1400.000 530.000 363.000 78735.650 1202959.668 305206.327 2607169.125 1027083718.797 13418998164896.834
2523.000 6730.000 17590860.000 1.000 1410.000 520.000 392.000 85056.060 1276437.150 132827.315 189900.562 1472146157.479 36972038065310.984
2477.000 6529.000 17590870.000 1.000 1410.000 520.000 438.000 84595.695 1382494.307 26717.478 243120.900 1437031012.031 36327661809558.273
2420.000 6332.000 17590880.000 1.000 1420.000 520.000 473.000 84006.311 1519783.958 1125.279 21286940.812 1392693421.998 225497573113760.875
2355.000 6139.000 17590890.000 1.000 1420.000 520.000 494.000 32401.606 1684272.331 51322.719 10302849.975 204086856.365 16260941517439.516
2326.000 6066.000 17590900.000 1.000 1420.000 520.000 497.000 7425.000 1760385.452 89727.315 1773936.863 1541544150.813 20217858805995.012
2326.000 6048.000 17590910.000 1.000 1410.000 520.000 510.000 11725.453 1760385.452 100834.942 8266386.562 1222344948.206 3984105265575.953
2348.000 6066.000 17590920.000 1.000 1410.000 520.000 504.000 31765.178 1702490.464 89727.315 13039532.137 222675786.822 45821634545648.195
2409.000 6113.000 17590930.000 1.000 1410.000 520.000 498.000 63376.165 1547026.452 63779.068 9151528.238 278511435.530 8301106208050.079
2512.000 6227.000 17590940.000 1.000 1410.000 520.000 478.000 85561.688 1301413.644 19194.767 4573570.238 1511202250.515 2879109752903.904
2644.000 6387.000 17590950.000 1.000 1400.000 530.000 475.000 74474.245 1017667.717 460.309 13464231.825 772103024.614 51751731391505.414
2758.000 6527.000 17590960.000 1.000 1400.000 530.000 472.000 41833.683 800658.415 26067.659 7732203.188 23559569.704 2136973223886.771
2835.000 6593.000 17590970.000 1.000 1400.000 530.000 468.000 23088.948 668788.958 51735.695 607613.737 556891803.490 32066742817634.535
2888.000 6611.000 17590980.000 1.000 1390.000 540.000 473.000 21615.945 584911.668 60248.068 10821547.688 628583026.287 20713271132259.238
2927.000 6576.000 17590990.000 1.000 1390.000 540.000 452.000 47850.000 526778.644 44291.231 9719062.237 1351399.009 11893518143447.943
2927.000 6460.000 17591000.000 1.000 1390.000 540.000 440.000 71411.363 526778.644 8921.713 7860215.962 611269247.640 2527628621926.076
2900.000 6289.000 17591010.000 1.000 1390.000 540.000 428.000 90466.432 566700.584 5859.165 227634.000 1916594614.365 36514588282186.680
2817.000 6086.000 17591020.000 1.000 1390.000 540.000 430.000 89914.592 698553.584 78145.508 106402.725 1868581213.519 37994421077723.477
2705.000 5899.000 17591030.000 1.000 1370.000 540.000 452.000 90172.538 898315.705 217664.406 15842409.825 1890948258.997 91624057427764.562
2574.000 5724.000 17591040.000 1.000 1370.000 540.000 510.000 51766.696 1163799.042 411580.219 12420964.050 25798200.369 37829878502407.703
2479.000 5642.000 17591050.000 1.000 1370.000 540.000 565.000 21655.268 1377795.126 523517.629 8932798.050 626612794.825 7088554000252.853
2439.000 5608.000 17591060.000 1.000 1360.000 550.000 583.000 0.000 1473298.741 573874.701 3972337.462 2179722947.063 5280926893200.496
2439.000 5608.000 17591070.000 1.000 1360.000 550.000 586.000 9629.909 1473298.741 573874.701 20168271.337 1373265281.552 193151822760628.625
2456.000 5624.000 17591080.000 1.000 1350.000 550.000 591.000 58522.688 1432318.705 549889.255 12900730.425 140071601.275 43961756264240.227
2564.000 5716.000 17591090.000 1.000 1350.000 550.000 578.000 89797.186 1185474.946 421908.942 5932799.812 1858444758.492 113949716727.042
2729.000 5858.000 17591100.000 1.000 1350.000 550.000 546.000 104179.731 853397.536 257602.110 821845.200 3305356267.243 29686359304356.480
2902.000 6042.000 17591110.000 1.000 1350.000 550.000 488.000 106172.083 563693.403 104681.484 487159.200 3538415244.159 33445460083695.902
3084.000 6224.000 17591120.000 1.000 1350.000 550.000 412.000 107353.075 323527.958 20035.038 14121298.125 3680311612.200 61637163478872.188
3271.000 6405.000 17591130.000 1.000 1350.000 550.000 306.000 73119.625 145767.560 1556.683 18153107.775 698657067.372 141199594845223.531
3381.000 6544.000 17591140.000 1.000 1350.000 550.000 175.000 29112.091 73872.620 31846.123 1901880.808 308895110.993 19083647154995.723
3012.000 6883.000 17591211.000 0.000 1350.000 540.000 289.000 61847.494 410618.464 267759.490 19527523.950 229825323.650 175752284610266.156
2864.000 6907.000 17591221.000 1.000 1360.000 540.000 346.000 14508.042 622197.837 293173.321 4593897.825 1035517717.617 2810539509888.864
2830.000 6898.000 17591231.000 1.000 1370.000 530.000 361.000 25644.764 676991.909 283508.135 5586378.600 442796869.439 467836302387.690
2818.000 6837.000 17591241.000 1.000 1370.000 530.000 376.000 39187.500 696882.994 222269.647 12905991.862 56250046.717 44031554455308.430
2818.000 6742.000 17591251.000 1.000 1390.000 520.000 399.000 70474.753 696882.994 141718.231 7002289.388 565833257.117 535714479351.759
2835.000 6572.000 17591261.000 1.000 1390.000 520.000 405.000 87450.000 668788.958 42623.592 4594218.750 1661581152.344 2809463572938.279
2835.000 6360.000 17591271.000 1.000 1410.000 520.000 420.000 98587.500 668788.958 30.749 3203.475 2693609676.719 39277303565630.086
2835.000 6121.000 17591281.000 1.000 1410.000 520.000 453.000 98595.266 668788.958 59802.345 1746026.700 2694415847.782 20469629823036.672
2804.000 5884.000 17591291.000 1.000 1410.000 520.000 491.000 94362.474 720453.259 231885.761 9538678.875 2272902848.937 10681880808224.674
2753.000 5661.000 17591301.000 1.000 1400.000 530.000 499.000 71238.404 809631.367 496383.912 7298275.875 602746734.292 1056602409526.910
2688.000 5501.000 17591311.000 1.000 1400.000 530.000 499.000 53545.614 930829.741 747438.370 11648233.575 47033684.918 28921479003709.973
2641.000 5380.000 17591321.000 1.000 1400.000 530.000 469.000 25307.472 1023729.488 971299.303 7206363.450 457105730.455 876094594111.652
2621.000 5322.000 17591331.000 1.000 1390.000 540.000 309.000 7837.500 1064601.295 1088986.544 6603534.300 1509322741.993 111002314861.650
2621.000 5303.000 17591341.000 1.000 1390.000 540.000 47.000 23846.068 1064601.295 1129002.261 3116129.858 521731158.088 9949194290617.633
2616.000 5592.000 17591391.000 0.000 1340.000 560.000 55.000 61617.339 1074944.247 598372.147 18761454.113 222899999.569 156027327189442.406
2684.000 5725.000 17591401.000 1.000 1340.000 560.000 186.000 16135.026 938564.102 410298.129 5464604.475 933453857.829 649248736058.154
2705.000 5758.000 17591411.000 1.000 1320.000 570.000 221.000 2887.500 898315.705 369111.147 2382187.500 1918440272.827 15117918058269.496
2712.000 5758.000 17591421.000 1.000 1310.000 570.000 274.000 8662.500 885095.572 369111.147 774868.462 1445900861.855 30200473417466.449
2733.000 5758.000 17591431.000 1.000 1310.000 570.000 309.000 10540.969 846023.174 369111.147 1798707.900 1306571928.488 19995710074353.805
2755.000 5745.000 17591441.000 1.000 1300.000 580.000 359.000 14901.473 806036.187 385076.321 1193565.450 1010351710.437 25773885558246.887
2782.000 5721.000 17591451.000 1.000 1300.000 580.000 423.000 17794.965 758284.247 415438.490 5285583.600 834778758.695 969792832123.715
2813.000 5691.000 17591461.000 1.000 1300.000 580.000 509.000 30608.501 705255.946 455011.201 3712537.950 258534308.997 6542475130350.930
2872.000 5646.000 17591471.000 1.000 1300.000 580.000 583.000 39608.593 609641.114 517745.267 10752126.000 50110968.409 20086188822894.738
2950.000 5590.000 17591481.000 1.000 1300.000 580.000 624.000 65674.353 493921.066 601470.327 10170828.525 360500468.576 15213621942726.305
3092.000 5518.000 17591491.000 1.000 1300.000 580.000 628.000 90330.907 314491.235 718332.833 7354819.313 1904746702.717 1176042889923.336
3297.000 5441.000 17591501.000 1.000 1300.000 580.000 625.000 108160.772 126590.211 854783.791 3219382.238 3778962787.474 9308490938606.461
3544.000 5353.000 17591511.000 1.000 1280.000 580.000 561.000 115965.335 11836.391 1025247.743 37842219.525 4799417990.761 996782048599016.500
3821.000 5305.000 17591521.000 1.000 1280.000 580.000 382.000 24226.621 28292.861 1124756.080 751817.681 504491225.360 30454355693503.824
4266.000 7137.000 17591842.000 0.000 1380.000 480.000 67.000 82731.706 376020.150 595142.538 21311905.312 1299184561.654 226247958993631.281
4066.000 7122.000 17591852.000 1.000 1380.000 480.000 163.000 31066.481 170738.223 572223.894 6500773.537 244016331.900 53088462111.798
3992.000 7108.000 17591862.000 1.000 1390.000 470.000 291.000 15307.030 115059.909 551239.159 3944147.625 984734092.887 5411283558499.194
3956.000 7099.000 17591872.000 1.000 1400.000 480.000 384.000 5745.460 91933.162 537955.972 1519221.000 1676250894.386 22573361716494.371
3943.000 7104.000 17591882.000 1.000 1400.000 480.000 394.000 2062.500 84218.837 545315.520 13028170.650 1991390902.965 45667948002023.891
3943.000 7109.000 17591892.000 1.000 1400.000 480.000 402.000 33645.944 84218.837 552725.068 7811799.188 170082264.136 2376021819119.836
4005.000 7162.000 17591902.000 1.000 1420.000 480.000 413.000 52583.639 124048.235 634340.279 10373206.800 34764418.381 16833317392094.949
4100.000 7247.000 17591912.000 1.000 1420.000 480.000 415.000 77730.807 199992.150 776962.598 2911327.238 963686716.130 11283129318860.957
4253.000 7357.000 17591922.000 1.000 1420.000 480.000 413.000 84788.570 360245.825 982982.659 1968610.875 1451691297.817 18505081677829.789
4426.000 7468.000 17591932.000 1.000 1420.000 480.000 407.000 89560.960 597845.693 1215406.629 3983615.625 1838133305.316 5229219049879.346
4612.000 7580.000 17591942.000 1.000 1400.000 480.000 394.000 79903.710 920073.885 1474900.508 10941640.875 1103316399.863 21820825764972.102
4793.000 7649.000 17591952.000 1.000 1400.000 480.000 394.000 53378.520 1300067.030 1647256.273 7102039.725 44769706.963 691684177205.647
4917.000 7686.000 17591962.000 1.000 1390.000 480.000 387.000 36161.454 1598213.825 1743600.930 5047537.275 110797709.960 1495305690972.703
5003.000 7703.000 17591972.000 1.000 1390.000 480.000 387.000 23925.000 1823053.054 1788785.394 4271982.413 518131548.036 3993529770646.186
5061.000 7703.000 17591982.000 1.000 1390.000 480.000 387.000 13568.679 1983040.813 1788785.394 2219575.050 1096856510.724 16408892745932.494
5092.000 7692.000 17591992.000 1.000 1390.000 480.000 391.000 8187.891 2071310.512 1759482.388 314692.537 1482220132.964 35470024969480.141
5105.000 7677.000 17592002.000 1.000 1390.000 480.000 394.000 7425.000 2108898.837 1719913.743 6264792.600 1541544150.813 31042737.804
5105.000 7659.000 17592012.000 1.000 1390.000 480.000 418.000 22612.376 2108898.837 1673025.370 4135185.038 579611745.577 4558990058147.959
5091.000 7606.000 17592022.000 1.000 1410.000 490.000 422.000 32637.067 2068433.102 1538728.159 10644213.113 197414755.006 19130554304924.555
5069.000 7530.000 17592032.000 1.000 1410.000 490.000 425.000 58441.220 2005636.090 1355955.026 1234284.150 138149860.625 25362102280171.160
5023.000 7396.000 17592042.000 1.000 1410.000 490.000 425.000 61433.424 1877461.247 1061837.135 1316826.637 217442182.763 24537534398048.555
4967.000 7258.000 17592052.000 1.000 1410.000 490.000 423.000 64625.731 1727134.307 796475.604 1500295.087 321780019.674 22753559352422.930
4903.000 7115.000 17592062.000 1.000 1410.000 490.000 415.000 60988.652 1563012.090 561682.526 1017210.150 204522859.446 27595627483632.621
4845.000 6979.000 17592072.000 1.000 1400.000 500.000 382.000 58522.688 1421352.331 376326.815 11532960.862 140071601.275 27694923616273.258
4793.000 6847.000 17592082.000 1.000 1400.000 500.000 312.000 30563.995 1300067.030 231798.743 8492117.287 259967513.917 4936186775110.382
4766.000 6778.000 17592092.000 1.000 1400.000 500.000 218.000 9977.044 1239224.970 170118.978 376723.050 1347657808.394 34735006016867.094
4754.000 6757.000 17592102.000 1.000 1400.000 500.000 185.000 10890.312 1212652.054 153236.876 4878706.800 1281438891.685 1936710321783.220
4778.000 6768.000 17592112.000 1.000 1400.000 500.000 183.000 22717.480 1266085.885 161969.882 6206470.050 574562008.108 4082462533.165
4805.000 6816.000 17592122.000 1.000 1400.000 500.000 240.000 37763.468 1327575.946 202909.544 4121049.487 79638402.724 4619553739855.737
4839.000 6901.000 17592132.000 1.000 1400.000 500.000 361.000 47753.891 1407081.873 286711.863 6490803.412 1137183.122 48593445742.320
4878.000 7010.000 17592142.000 1.000 1400.000 500.000 453.000 32018.610 1501126.849 415322.014 4536383.362 215176425.203 3006689550050.475
4898.000 7085.000 17592152.000 1.000 1400.000 500.000 519.000 21021.317 1550535.042 517615.237 2803986.075 658753109.662 12015777312473.902
4912.000 7134.000 17592162.000 1.000 1400.000 500.000 532.000 14223.775 1585596.777 590522.809 4846369.688 1053893643.089 2027760373079.836
4922.000 7167.000 17592172.000 1.000 1400.000 500.000 527.000 2475.000 1610880.873 642329.827 1020937.500 1954745431.646 27556480689266.594
4922.000 7173.000 17592182.000 1.000 1400.000 500.000 512.000 0.000 1610880.873 651983.285 0.000 2179722947.063 39317467213295.664
4922.000 7173.000 17592192.000 1.000 1400.000 500.000 490.000 0.000 1610880.873 651983.285 0.000 2179722947.063 39317467213295.664
4922.000 7173.000 17592202.000 1.000 1400.000 500.000 443.000 0.000 1610880.873 651983.285 3972337.462 2179722947.063 5280926893200.496
4922.000 7173.000 17592212.000 1.000 1400.000 500.000 402.000 9629.909 1610880.873 651983.285 1213940.062 1373265281.552 25567425073553.254
4905.000 7189.000 17592222.000 1.000 1400.000 500.000 372.000 12572.794 1568016.909 678077.839 1808779.500 1163813377.964 19905738044277.871
4882.000 7209.000 17592232.000 1.000 1400.000 500.000 373.000 16957.714 1510944.488 711416.032 257213.138 883860360.790 36157985706566.672
4851.000 7236.000 17592242.000 1.000 1410.000 490.000 364.000 16334.167 1435694.789 757691.592 110481.937 921325013.277 37944149506453.062
4823.000 7264.000 17592252.000 1.000 1410.000 490.000 376.000 16066.332 1369379.319 807221.062 4408795.875 937656120.421 3465436632400.078
4797.000 7293.000 17592262.000 1.000 1410.000 490.000 387.000 5378.342 1309204.668 860172.442 689065.163 1706446791.980 31150898951680.574
4790.000 7304.000 17592272.000 1.000 1410.000 490.000 381.000 7048.803 1293234.801 880697.448 3165779.100 1571226546.764 9638448649407.273
4784.000 7288.000 17592282.000 1.000 1410.000 490.000 382.000 14723.419 1279624.343 850922.894 15751740.675 1021702673.276 89896499841549.359
4777.000 7253.000 17592292.000 1.000 1420.000 480.000 387.000 52909.457 1263836.476 787576.056 5877415.087 38712710.154 154409006200.485
4753.000 7127.000 17592302.000 1.000 1420.000 480.000 399.000 67157.736 1210450.644 579813.442 3732620.925 419030434.388 6440140934929.066
4718.000 6968.000 17592312.000 1.000 1410.000 490.000 391.000 76206.514 1134661.307 362951.809 12602341.125 871372003.661 40093931765954.094
4681.000 6787.000 17592322.000 1.000 1410.000 490.000 394.000 45655.384 1057205.150 177624.165 9460340.588 1065269.866 10175949349559.934
4646.000 6682.000 17592332.000 1.000 1410.000 490.000 392.000 22721.225 986455.813 100143.653 6309692.812 574382486.660 1546739642.479
4631.000 6629.000 17592342.000 1.000 1410.000 490.000 392.000 7425.000 956884.668 69408.442 3062812.500 1541544150.813 10288387914645.949
4631.000 6611.000 17592352.000 1.000 1410.000 490.000 394.000 0.000 956884.668 60248.068 4466399.025 2179722947.063 3254290356253.304
4631.000 6611.000 17592362.000 1.000 1380.000 490.000 396.000 10827.634 956884.668 60248.068 4677817.650 1285930212.906 2536204517130.769
4639.000 6636.000 17592372.000 1.000 1380.000 490.000 391.000 22167.798 972599.946 73145.809 7227078.375 601215938.900 915302010715.216
4677.000 6674.000 17592382.000 1.000 1380.000 490.000 386.000 39687.988 1048995.512 95144.376 938582.700 48993211.838 28427893974502.148
4736.000 6750.000 17592392.000 1.000 1380.000 490.000 374.000 37412.636 1173332.681 147805.508 5801207.362 86023159.991 220108139588.948
4787.000 6825.000 17592402.000 1.000 1380.000 490.000 363.000 23349.103 1286420.572 211098.731 3771604.237 544680919.903 6243801357734.431
4817.000 6873.000 17592412.000 1.000 1380.000 490.000 312.000 14205.820 1355372.861 257510.394 1167822.562 1055059737.948 26035931177821.000
4832.000 6904.000 17592422.000 1.000 1380.000 490.000 191.000 11374.735 1390524.006 289933.592 3023865.352 1246991591.905 10539754776616.984
4605.000 7185.000 17592553.000 0.000 1420.000 480.000 95.000 107405.368 906694.018 671506.201 24775994.925 3686659116.259 342458368492718.375
4495.000 6949.000 17592563.000 1.000 1420.000 480.000 214.000 47342.350 709308.958 340419.526 608034.488 428824.444 32061977778824.973
4409.000 6873.000 17592573.000 1.000 1420.000 480.000 316.000 48816.373 571845.729 257510.394 5592874.237 4532086.990 458992651332.962
4320.000 6795.000 17592583.000 1.000 1420.000 480.000 336.000 62374.856 445162.271 184431.442 3530321.025 246093040.556 7507836606393.676
4204.000 6698.000 17592593.000 1.000 1390.000 480.000 356.000 70933.210 303826.753 110526.207 3829645.050 587854302.380 5957109974102.262
4071.000 6589.000 17592603.000 1.000 1390.000 480.000 361.000 80217.198 174895.271 49932.056 986292.450 1124240439.118 27921414269811.680
3932.000 6453.000 17592613.000 1.000 1390.000 480.000 363.000 82608.210 77955.331 7648.345 403328.887 1290297183.157 34422103375829.086
3785.000 6317.000 17592623.000 1.000 1390.000 480.000 363.000 83585.977 17478.114 2356.635 8805913.463 1361497375.082 6429010059982.929
3633.000 6183.000 17592633.000 1.000 1390.000 480.000 364.000 62238.308 391.849 33322.743 12163281.488 241827532.588 34726474151316.965
3507.000 6100.000 17592643.000 1.000 1380.000 490.000 348.000 32751.565 21256.235 70514.243 10313075.025 194210371.130 16343510806413.717
3447.000 6048.000 17592653.000 1.000 1380.000 490.000 284.000 7750.171 42351.656 100834.942 10562525.325 1516115832.192 18422647114299.383
3430.000 6040.000 17592663.000 1.000 1380.000 490.000 27.000 33356.293 49637.693 105979.665 971164.081 177721163.116 28081521911903.758
3691.000 6449.000 17592723.000 0.000 1360.000 490.000 61.000 47482.316 1459.608 6964.707 17884892.850 631727.523 134897275738231.922
3764.000 6538.000 17592733.000 1.000 1360.000 490.000 109.000 4125.000 12366.512 29740.665 510468.750 1811566671.368 33176395606554.566
3764.000 6548.000 17592743.000 1.000 1360.000 490.000 112.000 2887.500 12366.512 33289.761 510468.750 1918440272.827 33176395606554.566
3771.000 6548.000 17592753.000 1.000 1360.000 490.000 132.000 4125.000 13972.379 33289.761 132799.425 1811566671.368 37669701379706.828
3771.000 6538.000 17592763.000 1.000 1360.000 490.000 158.000 3803.062 13972.379 29740.665 960791.288 1839075289.699 28191564518559.242
3778.000 6532.000 17592773.000 1.000 1360.000 490.000 175.000 6132.253 15676.247 27707.207 1350605.025 1644728311.846 24204030349925.098
3788.000 6521.000 17592783.000 1.000 1360.000 490.000 187.000 9406.447 18280.343 24166.201 1607214.675 1389877145.009 21744963501918.281
3806.000 6507.000 17592793.000 1.000 1350.000 500.000 181.000 13302.725 23471.717 20009.466 3020438.438 1114543409.752 10562017465069.852
3834.000 6491.000 17592803.000 1.000 1350.000 500.000 212.000 20625.000 32835.187 15738.912 2070652.650 679254068.591 17637577111678.711
3882.000 6477.000 17592813.000 1.000 1350.000 500.000 237.000 25644.764 52534.849 12422.177 3837696.225 442796869.439 5917873481499.891
3943.000 6465.000 17592823.000 1.000 1350.000 500.000 280.000 34948.270 84218.837 9891.261 6256947.675 137809594.116 180003170.151
4026.000 6448.000 17592833.000 1.000 1340.000 490.000 305.000 50116.628 139281.837 6798.797 4014211.575 11758897.481 5090224671847.460
4146.000 6429.000 17592843.000 1.000 1340.000 490.000 361.000 59848.050 243250.994 4026.514 5442350.100 173199994.327 685607351469.800
4291.000 6424.000 17592853.000 1.000 1340.000 490.000 420.000 73041.626 407305.391 3416.966 11053766.213 694539793.066 22880934808319.215
4468.000 6429.000 17592863.000 1.000 1340.000 490.000 465.000 99838.635 664558.897 4026.514 7395799.950 2825042820.714 1266605625106.857
4706.000 6473.000 17592873.000 1.000 1340.000 490.000 480.000 117767.847 1109240.391 11546.538 6308485.425 5052415286.887 1453227718.569
4984.000 6538.000 17592883.000 1.000 1340.000 490.000 499.000 133061.145 1772106.271 29740.665 2354114.813 7460406012.572 15337009269081.135
5297.000 6616.000 17592893.000 1.000 1340.000 490.000 502.000 138768.090 2703409.488 62727.616 367048.688 8478834481.186 34849134046133.117
5624.000 6695.000 17592903.000 1.000 1340.000 500.000 491.000 139657.905 3885648.440 108540.478 19322216.925 8643495626.759 170350859528750.375
5959.000 6744.000 17592913.000 1.000 1340.000 500.000 453.000 92816.167 5318580.668 143228.050 10645834.650 2127853631.865 19144741649993.207
6182.000 6774.000 17592923.000 1.000 1350.000 510.000 433.000 67008.083 6396877.018 166835.339 6995053.312 412925966.885 525174307588.878
6344.000 6786.000 17592933.000 1.000 1340.000 510.000 409.000 50050.378 7242583.379 176782.255 14690312.175 11308927.496 70895523884714.562
6465.000 6795.000 17592943.000 1.000 1350.000 520.000 361.000 14437.500 7908495.946 184431.442 24862553.925 1040062700.883 345669518732875.250
6500.000 6795.000 17592953.000 1.000 1350.000 520.000 259.000 74710.358 8106575.283 184431.442 1533576.596 785280395.936 22437156814967.223
4962.000 6255.000 17593043.000 0.000 1370.000 530.000 237.000 108170.211 1714017.259 12220.237 33285966.450 3780123368.939 729842764875685.625
4796.000 6052.000 17593053.000 1.000 1370.000 530.000 287.000 27476.959 1306917.259 98310.580 5008728.450 369045005.174 1591724768224.129
4757.000 5998.000 17593063.000 1.000 1370.000 530.000 359.000 39619.331 1219268.283 135089.460 3963447.262 49959057.040 5321865763486.812
4733.000 5905.000 17593073.000 1.000 1370.000 530.000 394.000 49227.688 1166842.452 212101.863 1718846.662 6452539.253 20716311907906.859
4742.000 5786.000 17593083.000 1.000 1370.000 530.000 423.000 45060.787 1186367.138 335872.616 531356.100 2646205.317 32936213983447.324
4764.000 5679.000 17593093.000 1.000 1370.000 530.000 425.000 46348.923 1234776.150 471344.285 5069958.712 114636.494 1440973338043.018
4795.000 5571.000 17593103.000 1.000 1370.000 530.000 428.000 34058.114 1304631.849 631302.044 3232333.088 159501469.404 9229633043610.910
4819.000 5492.000 17593113.000 1.000 1370.000 530.000 427.000 26222.155 1360033.681 763081.183 5740390.012 418830473.446 280872641015.783
4840.000 5432.000 17593123.000 1.000 1360.000 540.000 428.000 12306.058 1409455.283 871506.604 3885155.175 1182083768.158 5689222097754.967
4859.000 5409.000 17593133.000 1.000 1350.000 530.000 428.000 2887.500 1454930.066 914978.683 1191093.750 1918440272.827 25798988314493.516
4859.000 5402.000 17593143.000 1.000 1350.000 530.000 430.000 0.000 1454930.066 928419.315 4565771.100 2179722947.063 2905637640007.597
4859.000 5402.000 17593153.000 1.000 1340.000 540.000 428.000 11068.536 1454930.066 928419.315 4743191.062 1268710818.301 2332257796510.707
4847.000 5426.000 17593163.000 1.000 1350.000 540.000 433.000 22567.181 1426125.150 882745.147 3444813.487 581789938.905 7983736837436.965
4830.000 5478.000 17593173.000 1.000 1350.000 540.000 431.000 30918.244 1385811.187 787736.448 3314056.763 248669533.019 8739753668027.538
4813.000 5551.000 17593183.000 1.000 1340.000 550.000 444.000 38952.321 1346075.223 663483.851 318488.362 59833042.344 35424826002979.500
4822.000 5645.000 17593193.000 1.000 1320.000 550.000 450.000 39724.414 1367039.909 519185.357 5314439.213 48484610.016 913792582700.071
4847.000 5738.000 17593203.000 1.000 1320.000 550.000 452.000 52607.903 1426125.150 393812.954 5460356.550 35051134.805 656112394693.174
4908.000 5850.000 17593213.000 1.000 1320.000 550.000 455.000 65845.131 1575539.138 265786.833 1664350.875 367014706.201 21215358759372.805
5006.000 5976.000 17593223.000 1.000 1320.000 550.000 452.000 61810.341 1831163.283 151745.448 3526173.750 228700225.712 7530581231409.166
5128.000 6063.000 17593233.000 1.000 1320.000 550.000 433.000 53262.041 2176229.259 91533.586 5635591.912 43224548.408 402935858893.768
5252.000 6099.000 17593243.000 1.000 1320.000 550.000 422.000 39600.000 2557456.054 71046.333 2918527.837 50232700.397 11234807011093.305
5348.000 6099.000 17593253.000 1.000 1320.000 550.000 407.000 32524.781 2873719.379 71046.333 2910787.688 200582697.691 11286754346761.941
5424.000 6078.000 17593263.000 1.000 1320.000 550.000 404.000 25468.326 3137166.512 82682.231 4041431.212 450253477.415 4968142269492.748
5450.000 6022.000 17593273.000 1.000 1320.000 550.000 414.000 35265.735 3229945.162 118023.291 10304190.600 130456786.860 16271755417196.420
5415.000 5944.000 17593283.000 1.000 1340.000 550.000 447.000 60245.591 3105365.825 177700.339 3886138.125 183821747.112 5684533981521.437
5338.000 5803.000 17593294.000 1.000 1340.000 550.000 489.000 70608.626 2839915.283 316457.080 3234896.362 572220120.105 9214065001658.178
5220.000 5679.000 17593304.000 1.000 1340.000 550.000 554.000 62766.453 2456130.946 471344.285 6249351.487 258532629.422 441534150.025
5117.000 5567.000 17593314.000 1.000 1350.000 540.000 588.000 47616.510 2143895.753 637674.406 14400003.750 863053.793 66091039196518.031
5023.000 5500.000 17593324.000 1.000 1350.000 540.000 585.000 12707.410 1877461.247 749168.460 3540244.125 1154646728.067 7453555629427.574
5005.000 5475.000 17593334.000 1.000 1350.000 540.000 578.000 4125.000 1828457.873 793070.719 4573489.800 1811566671.368 2879382732799.769
5015.000 5475.000 17593344.000 1.000 1350.000 540.000 574.000 15212.248 1855601.970 793070.719 14756287.838 990691684.520 72010899972841.953
5043.000 5499.000 17593354.000 1.000 1350.000 540.000 565.000 50985.067 1932669.440 750900.550 6170253.375 18469055.350 10022177484.211
5142.000 5573.000 17593364.000 1.000 1340.000 540.000 522.000 65943.257 2217730.994 628127.863 2405593.988 370784057.701 14936448799361.896
5258.000 5683.000 17593374.000 1.000 1340.000 540.000 495.000 71775.000 2576682.512 465867.924 5172726.487 629382499.982 1204808551214.979
5384.000 5803.000 17593384.000 1.000 1340.000 540.000 468.000 59235.057 2997070.126 316457.080 3700518.938 157441108.511 6604104675809.972
5470.000 5918.000 17593394.000 1.000 1340.000 540.000 449.000 50264.102 3302233.355 200296.689 7760713.537 12792059.588 2221141143288.714
5518.000 6030.000 17593404.000 1.000 1340.000 540.000 415.000 31450.251 3478989.018 112590.568 973894.763 232173852.000 28052588507763.730
5540.000 6103.000 17593414.000 1.000 1340.000 540.000 384.000 29089.294 3561542.030 68929.972 596826.863 309696964.036 32189025925782.641
5518.000 6170.000 17593424.000 1.000 1340.000 540.000 363.000 30536.147 3478989.018 38237.918 2351462.850 260866304.336 15357787798940.432
5460.000 6216.000 17593434.000 1.000 1350.000 540.000 356.000 36236.663 3265989.259 22363.761 366439.012 109220059.098 34856332637415.359
5379.000 6250.000 17593444.000 1.000 1350.000 540.000 371.000 37125.000 2979783.078 13350.689 617447.325 91441465.814 31955469207067.734
5289.000 6250.000 17593454.000 1.000 1350.000 540.000 402.000 35628.158 2677166.211 13350.689 4898215.162 122309114.361 1882792985253.417
5203.000 6242.000 17593464.000 1.000 1350.000 540.000 440.000 23753.697 2403134.982 15263.412 2276800.763 525959462.896 15948548933402.535
5149.000 6222.000 17593474.000 1.000 1360.000 540.000 452.000 18234.180 2238628.861 20605.219 4625221.425 809591596.256 2706494753454.712
5114.000 6195.000 17593484.000 1.000 1350.000 530.000 469.000 29446.838 2135119.524 29085.659 4615081.350 297240533.589 2739961316844.598
5100.000 6125.000 17593494.000 1.000 1360.000 520.000 480.000 40634.914 2094401.789 57861.984 8442483.637 36633834.988 4718102844209.712
5110.000 6027.000 17593504.000 1.000 1360.000 520.000 496.000 61101.541 2123445.885 114612.839 342295.800 207764488.166 35141994967041.809
5135.000 5881.000 17593514.000 1.000 1360.000 520.000 491.000 61931.349 2196931.126 234784.032 165498.712 232374837.382 37269382638893.508
5170.000 5735.000 17593524.000 1.000 1370.000 520.000 486.000 62332.558 2301910.464 397587.225 252346.875 244767742.372 36216532536144.930
5205.000 5588.000 17593534.000 1.000 1370.000 520.000 447.000 61720.808 2409339.801 604576.508 2011312.463 226000255.782 18139521707037.770
5227.000 5440.000 17593544.000 1.000 1370.000 520.000 391.000 66596.717 2478120.813 856633.882 5426223.000 396376797.540 712574367240.975
5239.000 5279.000 17593554.000 1.000 1360.000 520.000 348.000 53442.237 2516045.729 1180580.430 3204391.575 45626429.864 9400188143436.732
5227.000 5150.000 17593564.000 1.000 1360.000 520.000 341.000 45674.015 2478120.813 1477550.086 6214524.525 1027158.158 3118069416.794
5195.000 5044.000 17593574.000 1.000 1360.000 520.000 399.000 30608.501 2378395.705 1746481.665 5766788.775 258534308.997 253588209680.180
5150.000 4985.000 17593584.000 1.000 1350.000 530.000 485.000 16628.407 2241622.271 1905904.996 4576332.338 903549259.218 2869743952889.857
5121.000 4957.000 17593594.000 1.000 1350.000 530.000 548.000 5534.268 2155625.391 1983999.526 2282885.550 1693588760.386 15899985992252.828
5109.000 4951.000 17593604.000 1.000 1350.000 530.000 574.000 0.000 2120532.476 2000938.068 1463739.338 2179722947.063 23103642573696.613
5109.000 4951.000 17593614.000 1.000 1340.000 540.000 580.000 3548.459 2120532.476 2000938.068 7738867.125 1860977127.109 2156500837770.016
5114.000 4958.000 17593624.000 1.000 1340.000 540.000 592.000 22309.349 2135119.524 1981183.436 9580978.688 594294398.028 10960168281474.449
5165.000 4976.000 17593634.000 1.000 1340.000 540.000 592.000 45535.964 2286763.415 1930835.809 8675437.237 1326042.332 5784376308450.800
5246.000 5051.000 17593644.000 1.000 1330.000 540.000 550.000 66567.327 2538301.596 1728029.032 925977.937 395207397.720 28562464538928.441
5365.000 5160.000 17593654.000 1.000 1330.000 540.000 452.000 68812.122 2931645.343 1453339.183 2213552.963 489498760.830 16457717420836.393
5467.000 5292.000 17593664.000 1.000 1340.000 550.000 339.000 63445.933 3291339.126 1152499.255 6094451.962 280844972.229 30945115833.171
5558.000 5416.000 17593674.000 1.000 1320.000 550.000 225.000 48671.504 3629805.403 901636.050 10073087.887 3936259.514 14460707431996.719
5619.000 5517.000 17593684.000 1.000 1320.000 550.000 65.000 24251.897 3865961.391 720028.924 3334635.837 503356421.723 8618501027247.161
5641.000 5692.000 17593714.000 0.000 1310.000 550.000 29.000 0.000 3952958.403 453663.110 5612577.713 2179722947.063 432683063807.260
5641.000 5692.000 17593724.000 1.000 1310.000 550.000 51.000 13606.249 3952958.403 453663.110 4251327.713 1094369373.785 4076508339911.853
5633.000 5724.000 17593734.000 1.000 1300.000 550.000 103.000 3300.000 3921211.126 411580.219 340312.500 1882475426.507 35165513176640.141
5633.000 5732.000 17593744.000 1.000 1300.000 550.000 151.000 4125.000 3921211.126 401379.496 372599.700 1811566671.368 34783626109362.340
5633.000 5742.000 17593754.000 1.000 1300.000 550.000 240.000 3221.728 3921211.126 388808.592 1328962.800 1889273606.301 24417447805894.047
5639.000 5747.000 17593764.000 1.000 1300.000 550.000 317.000 0.000 3945009.584 382598.141 0.000 2179722947.063 39317467213295.664
5639.000 5747.000 17593774.000 1.000 1290.000 560.000 394.000 0.000 3945009.584 382598.141 0.000 2179722947.063 39317467213295.664
5639.000 5747.000 17593784.000 1.000 1290.000 560.000 448.000 0.000 3945009.584 382598.141 0.000 2179722947.063 39317467213295.664
5639.000 5747.000 17593794.000 1.000 1290.000 560.000 489.000 0.000 3945009.584 382598.141 850781.250 2179722947.063 29371879362867.793
5639.000 5747.000 17593804.000 1.000 1290.000 560.000 521.000 2062.500 3945009.584 382598.141 0.000 1991390902.965 39317467213295.664
5644.000 5747.000 17593814.000 1.000 1290.000 560.000 567.000 2062.500 3964896.632 382598.141 7362673.312 1991390902.965 1193139193953.876
5649.000 5747.000 17593824.000 1.000 1290.000 560.000 634.000 19911.405 3984833.681 382598.141 3727829.325 716959430.235 6464483595722.273
5680.000 5710.000 17593834.000 1.000 1290.000 560.000 664.000 28948.567 4109559.379 429739.484 7899985.500 314669854.473 2655665578125.003
5726.000 5657.000 17593844.000 1.000 1290.000 560.000 684.000 48100.047 4298178.223 502036.273 199459.012 1995280.229 36855889813936.812
5795.000 5563.000 17593854.000 1.000 1300.000 560.000 690.000 47616.510 4589041.488 644078.767 375794.100 863053.793 34745956675709.660
5862.000 5469.000 17593864.000 1.000 1300.000 560.000 665.000 46705.494 4880585.934 803793.261 2862918.300 323.672 11610687568303.270
5928.000 5377.000 17593874.000 1.000 1300.000 560.000 515.000 39765.086 5176556.970 977221.574 16403097.975 47919858.707 102672293734577.219
6005.000 5319.000 17593884.000 1.000 1300.000 560.000 42.000 0.000 5532867.512 1095256.815 0.000 2179722947.063 39317467213295.664
